Scan Date:,2025-05-26 15:51:59Z
Integration Time:,1000
Number of Averages:,100

Pixel Number,Wavelength (nm),Sum Spectrum,Averaged Spectrum
0,464.9839,59676,596.76
1,465.068515076491,58730,587.3
2,465.153129906126,58798,587.98
3,465.237744489151,58534,585.34
4,465.322358825812,58593,585.93
5,465.406972916352,58740,587.4
6,465.491586761018,59005,590.05
7,465.576200360054,59111,591.11
8,465.660813713705,59116,591.16
9,465.745426822218,59356,593.56
10,465.830039685836,59231,592.31
11,465.914652304805,59301,593.01
12,465.99926467937,59597,595.97
13,466.083876809776,59450,594.5
14,466.168488696269,59262,592.62
15,466.253100339093,194239,1942.39
16,466.337711738494,232698,2326.98
17,466.422322894716,161389,1613.89
18,466.506933808006,119283,1192.83
19,466.591544478607,94779,947.79
20,466.676154906766,80657,806.57
21,466.760765092726,72697,726.97
22,466.845375036735,71284,712.84
23,466.929984739036,70235,702.35
24,467.014594199874,67678,676.78
25,467.099203419495,65770,657.7
26,467.183812398145,64345,643.45
27,467.268421136067,63641,636.41
28,467.353029633508,92023,920.23
29,467.437637890711,101773,1017.73
30,467.522245907924,90157,901.57
31,467.60685368539,80893,808.93
32,467.691461223355,73152,731.52
33,467.776068522063,68927,689.27
34,467.860675581761,66463,664.63
35,467.945282402693,69780,697.8
36,468.029888985104,76352,763.52
37,468.11449532924,75546,755.46
38,468.199101435345,73788,737.88
39,468.283707303665,71609,716.09
40,468.368312934445,68093,680.93
41,468.45291832793,69355,693.55
42,468.537523484364,72171,721.71
43,468.622128403994,95109,951.09
44,468.706733087065,105370,1053.7
45,468.791337533821,92305,923.05
46,468.875941744507,79829,798.29
47,468.96054571937,73412,734.12
48,469.045149458653,70146,701.46
49,469.129752962602,67972,679.72
50,469.214356231462,66157,661.57
51,469.298959265479,65257,652.57
52,469.383562064897,65149,651.49
53,469.468164629962,64871,648.71
54,469.552766960919,67363,673.63
55,469.637369058012,71576,715.76
56,469.721970921487,70586,705.86
57,469.80657255159,68272,682.72
58,469.891173948565,69781,697.81
59,469.975775112657,69205,692.05
60,470.060376044111,66569,665.69
61,470.144976743173,65354,653.54
62,470.229577210088,68168,681.68
63,470.314177445101,68821,688.21
64,470.398777448457,70142,701.42
65,470.483377220402,92941,929.41
66,470.567976761179,100206,1002.06
67,470.652576071035,88983,889.83
68,470.737175150215,79108,791.08
69,470.821773998963,72506,725.06
70,470.906372617525,71981,719.81
71,470.990971006146,70548,705.48
72,471.075569165072,100679,1006.79
73,471.160167094546,108916,1089.16
74,471.244764794815,94072,940.72
75,471.329362266123,83688,836.88
76,471.413959508717,78438,784.38
77,471.498556522839,81035,810.35
78,471.583153308737,81911,819.11
79,471.667749866655,78772,787.72
80,471.752346196838,77620,776.2
81,471.836942299532,77380,773.8
82,471.921538174981,80912,809.12
83,472.00613382343,78717,787.17
84,472.090729245126,72446,724.46
85,472.175324440312,68519,685.19
86,472.259919409234,69531,695.31
87,472.344514152137,69030,690.3
88,472.429108669267,66194,661.94
89,472.513702960868,65970,659.7
90,472.598297027185,68086,680.86
91,472.682890868465,67903,679.03
92,472.767484484951,66010,660.1
93,472.852077876889,64524,645.24
94,472.936671044524,67259,672.59
95,473.021263988101,68274,682.74
96,473.105856707865,66863,668.63
97,473.190449204062,71542,715.42
98,473.275041476937,86807,868.07
99,473.359633526735,93678,936.78
100,473.4442253537,85679,856.79
101,473.528816958078,79338,793.38
102,473.613408340115,77686,776.86
103,473.697999500055,74233,742.33
104,473.782590438143,69858,698.58
105,473.867181154625,67651,676.51
106,473.951771649745,70329,703.29
107,474.03636192375,70357,703.57
108,474.120951976883,68009,680.09
109,474.20554180939,66683,666.83
110,474.290131421517,65746,657.46
111,474.374720813508,68591,685.91
112,474.459309985608,69006,690.06
113,474.543898938063,66753,667.53
114,474.628487671118,65709,657.09
115,474.713076185018,65142,651.42
116,474.797664480008,68449,684.49
117,474.882252556332,99206,992.06
118,474.966840414238,108292,1082.92
119,475.051428053968,125906,1259.06
120,475.13601547577,123472,1234.72
121,475.220602679887,98176,981.76
122,475.305189666564,83024,830.24
123,475.389776436048,74528,745.28
124,475.474362988583,69835,698.35
125,475.558949324414,66792,667.92
126,475.643535443787,65477,654.77
127,475.728121346946,65004,650.04
128,475.812707034136,64360,643.6
129,475.897292505604,87565,875.65
130,475.981877761593,98248,982.48
131,476.066462802349,89771,897.71
132,476.151047628118,83518,835.18
133,476.235632239144,76797,767.97
134,476.320216635672,70898,708.98
135,476.404800817948,71089,710.89
136,476.489384786216,70496,704.96
137,476.573968540723,71999,719.99
138,476.658552081712,91461,914.61
139,476.74313540943,94234,942.34
140,476.827718524121,82015,820.15
141,476.91230142603,74180,741.8
142,476.996884115403,72670,726.7
143,477.081466592484,70976,709.76
144,477.166048857519,67679,676.79
145,477.250630910753,69292,692.92
146,477.335212752432,69401,694.01
147,477.419794382799,67216,672.16
148,477.504375802101,68769,687.69
149,477.588957010582,69210,692.1
150,477.673538008487,67027,670.27
151,477.758118796063,109054,1090.54
152,477.842699373553,120456,1204.56
153,477.927279741204,96605,966.05
154,478.011859899259,82134,821.34
155,478.096439847965,73535,735.35
156,478.181019587566,69639,696.39
157,478.265599118308,67826,678.26
158,478.350178440435,65983,659.83
159,478.434757554193,65246,652.46
160,478.519336459827,77229,772.29
161,478.603915157582,80135,801.35
162,478.688493647704,72898,728.98
163,478.773071930436,130157,1301.57
164,478.857650006026,144937,1449.37
165,478.942227874716,111690,1116.9
166,479.026805536754,103501,1035.01
167,479.111382992383,97057,970.57
168,479.19596024185,87396,873.96
169,479.280537285398,79519,795.19
170,479.365114123274,72655,726.55
171,479.449690755722,68254,682.54
172,479.534267182988,65742,657.42
173,479.618843405317,64424,644.24
174,479.703419422953,67014,670.14
175,479.787995236142,71864,718.64
176,479.87257084513,71371,713.71
177,479.95714625016,68597,685.97
178,480.041721451479,66576,665.76
179,480.126296449331,65299,652.99
180,480.210871243962,67814,678.14
181,480.295445835617,68319,683.19
182,480.380020224541,69484,694.84
183,480.464594410979,69196,691.96
184,480.549168395175,70247,702.47
185,480.633742177377,70009,700.09
186,480.718315757827,67532,675.32
187,480.802889136772,66165,661.65
188,480.887462314457,65377,653.77
189,480.972035291127,64758,647.58
190,481.056608067026,68005,680.05
191,481.141180642401,80783,807.83
192,481.225753017496,81763,817.63
193,481.310325192556,73745,737.45
194,481.394897167827,72110,721.1
195,481.479468943554,70662,706.62
196,481.564040519981,67871,678.71
197,481.648611897354,66174,661.74
198,481.733183075918,64631,646.31
199,481.817754055918,67089,670.89
200,481.9023248376,67566,675.66
201,481.986895421208,68442,684.42
202,482.071465806988,102898,1028.98
203,482.156035995184,110837,1108.37
204,482.240605986042,94360,943.6
205,482.325175779807,83342,833.42
206,482.409745376725,74902,749.02
207,482.494314777039,69844,698.44
208,482.578883980996,67141,671.41
209,482.663452988841,65848,658.48
210,482.748021800818,64639,646.39
211,482.832590417173,63922,639.22
212,482.91715883815,67379,673.79
213,483.001727063996,71219,712.19
214,483.086295094955,70150,701.5
215,483.170862931273,67665,676.65
216,483.255430573193,66784,667.84
217,483.339998020963,69314,693.14
218,483.424565274826,69755,697.55
219,483.509132335028,67318,673.18
220,483.593699201814,65712,657.12
221,483.678265875429,68111,681.11
222,483.762832356118,68055,680.55
223,483.847398644127,65649,656.49
224,483.9319647397,68076,680.76
225,484.016530643083,79957,799.57
226,484.101096354521,81418,814.18
227,484.185661874258,74805,748.05
228,484.270227202541,70119,701.19
229,484.354792339614,67297,672.97
230,484.439357285722,66554,665.54
231,484.523922041111,69373,693.73
232,484.608486606025,72587,725.87
233,484.69305098071,71142,711.42
234,484.777615165411,69742,697.42
235,484.862179160373,71443,714.43
236,484.946742965841,70066,700.66
237,485.03130658206,69806,698.06
238,485.115870009276,72393,723.93
239,485.200433247733,71254,712.54
240,485.284996297677,68707,687.07
241,485.369559159353,91457,914.57
242,485.454121833005,100065,1000.65
243,485.53868431888,87255,872.55
244,485.623246617222,78717,787.17
245,485.707808728276,73312,733.12
246,485.792370652288,69022,690.22
247,485.876932389502,69465,694.65
248,485.961493940164,69080,690.8
249,486.046055304519,66516,665.16
250,486.130616482813,65807,658.07
251,486.215177475289,65566,655.66
252,486.299738282193,71704,717.04
253,486.384298903771,73577,735.77
254,486.468859340268,69517,695.17
255,486.553419591928,66608,666.08
256,486.637979658997,65544,655.44
257,486.722539541719,64763,647.63
258,486.807099240341,66978,669.78
259,486.891658755108,67669,676.69
260,486.976218086263,65935,659.35
261,487.060777234053,64945,649.45
262,487.145336198723,64258,642.58
263,487.229894980517,63574,635.74
264,487.314453579682,63679,636.79
265,487.399011996461,63754,637.54
266,487.483570231101,63538,635.38
267,487.568128283845,63534,635.34
268,487.652686154941,63224,632.24
269,487.737243844632,63370,633.7
270,487.821801353163,67763,677.63
271,487.906358680781,68608,686.08
272,487.990915827729,66081,660.81
273,488.075472794253,65090,650.9
274,488.160029580599,69412,694.12
275,488.244586187011,70381,703.81
276,488.329142613735,67553,675.53
277,488.413698861015,72383,723.83
278,488.498254929097,73269,732.69
279,488.582810818225,72909,729.09
280,488.667366528646,72591,725.91
281,488.751922060605,69407,694.07
282,488.836477414345,67280,672.8
283,488.921032590113,66449,664.49
284,489.005587588153,67563,675.63
285,489.090142408711,95696,956.96
286,489.174697052032,105367,1053.67
287,489.259251518361,93211,932.11
288,489.343805807943,82772,827.72
289,489.428359921024,74497,744.97
290,489.512913857847,69636,696.36
291,489.597467618659,67432,674.32
292,489.682021203705,77849,778.49
293,489.76657461323,80237,802.37
294,489.851127847479,72963,729.63
295,489.935680906696,70481,704.81
296,490.020233791128,68637,686.37
297,490.104786501019,66165,661.65
298,490.189339036615,68435,684.35
299,490.27389139816,68822,688.22
300,490.3584435859,66834,668.34
301,490.44299560008,65513,655.13
302,490.527547440945,64539,645.39
303,490.612099108739,63766,637.66
304,490.69665060371,63170,631.7
305,490.7812019261,63203,632.03
306,490.865753076156,66668,666.68
307,490.950304054123,67766,677.66
308,491.034854860246,66041,660.41
309,491.119405494769,65070,650.7
310,491.203955957939,64681,646.81
311,491.288506249999,64828,648.28
312,491.373056371197,64269,642.69
313,491.457606321775,67700,677
314,491.54215610198,69707,697.07
315,491.626705712057,67592,675.92
316,491.711255152251,65507,655.07
317,491.795804422807,64275,642.75
318,491.88035352397,63582,635.82
319,491.964902455985,63934,639.34
320,492.049451219098,67781,677.81
321,492.133999813553,68397,683.97
322,492.218548239596,66184,661.84
323,492.303096497471,68043,680.43
324,492.387644587425,70610,706.1
325,492.472192509702,72357,723.57
326,492.556740264546,78906,789.06
327,492.641287852205,77923,779.23
328,492.725835272921,71537,715.37
329,492.810382526942,68780,687.8
330,492.894929614511,77513,775.13
331,492.979476535874,78693,786.93
332,493.064023291276,72274,722.74
333,493.148569880962,70913,709.13
334,493.233116305178,69431,694.31
335,493.317662564167,66697,666.97
336,493.402208658177,65874,658.74
337,493.486754587451,65133,651.33
338,493.571300352235,64398,643.98
339,493.655845952774,63518,635.18
340,493.740391389313,66588,665.88
341,493.824936662097,67414,674.14
342,493.909481771372,67752,677.52
343,493.994026717382,67320,673.2
344,494.078571500372,65435,654.35
345,494.163116120589,64790,647.9
346,494.247660578276,64644,646.44
347,494.33220487368,93103,931.03
348,494.416749007044,101142,1011.42
349,494.501292978615,86054,860.54
350,494.585836788637,76636,766.36
351,494.670380437356,71005,710.05
352,494.754923925017,68273,682.73
353,494.839467251864,70280,702.8
354,494.924010418144,69873,698.73
355,495.0085534241,67436,674.36
356,495.093096269979,81067,810.67
357,495.177638956025,84098,840.98
358,495.262181482484,78736,787.36
359,495.3467238496,77276,772.76
360,495.431266057619,73162,731.62
361,495.515808106786,72557,725.57
362,495.600349997346,71358,713.58
363,495.684891729544,68259,682.59
364,495.769433303626,67645,676.45
365,495.853974719836,66570,665.7
366,495.938515978419,64854,648.54
367,496.023057079622,64033,640.33
368,496.107598023688,63813,638.13
369,496.192138810863,66892,668.92
370,496.276679441392,67530,675.3
371,496.361219915521,67297,672.97
372,496.445760233493,97601,976.01
373,496.530300395556,105075,1050.75
374,496.614840401953,88182,881.82
375,496.69938025293,83369,833.69
376,496.783919948731,78975,789.75
377,496.868459489603,75733,757.33
378,496.95299887579,72707,727.07
379,497.037538107538,76013,760.13
380,497.12207718509,75671,756.71
381,497.206616108694,73664,736.64
382,497.291154878593,71474,714.74
383,497.375693495033,68395,683.95
384,497.460231958259,66273,662.73
385,497.544770268516,65398,653.98
386,497.629308426049,65384,653.84
387,497.713846431104,64822,648.22
388,497.798384283926,67275,672.75
389,497.882921984759,67491,674.91
390,497.967459533848,65808,658.08
391,498.05199693144,68331,683.31
392,498.136534177779,72541,725.41
393,498.22107127311,71632,716.32
394,498.305608217678,68190,681.9
395,498.390145011729,66277,662.77
396,498.474681655507,65139,651.39
397,498.559218149259,64664,646.64
398,498.643754493228,64701,647.01
399,498.72829068766,64132,641.32
400,498.8128267328,63411,634.11
401,498.897362628894,63395,633.95
402,498.981898376185,63613,636.13
403,499.066433974921,64088,640.88
404,499.150969425345,67680,676.8
405,499.235504727703,82941,829.41
406,499.32003988224,84932,849.32
407,499.404574889201,78728,787.28
408,499.489109748831,74799,747.99
409,499.573644461376,70368,703.68
410,499.65817902708,67337,673.37
411,499.742713446188,65849,658.49
412,499.827247718947,65097,650.97
413,499.9117818456,64613,646.13
414,499.996315826393,64064,640.64
415,500.080849661572,64066,640.66
416,500.165383351381,64221,642.21
417,500.249916896065,63950,639.5
418,500.33445029587,64085,640.85
419,500.41898355104,81930,819.3
420,500.503516661822,86770,867.7
421,500.588049628459,76880,768.8
422,500.672582451197,71816,718.16
423,500.757115130282,68701,687.01
424,500.841647665958,66531,665.31
425,500.92618005847,65208,652.08
426,501.010712308064,89493,894.93
427,501.095244414985,99187,991.87
428,501.179776379478,89458,894.58
429,501.264308201788,80471,804.71
430,501.34883988216,77100,771
431,501.433371420839,73997,739.97
432,501.517902818071,69190,691.9
433,501.6024340741,70413,704.13
434,501.686965189172,72624,726.24
435,501.771496163532,70704,707.04
436,501.856026997425,67658,676.58
437,501.940557691096,65760,657.6
438,502.02508824479,64745,647.45
439,502.109618658753,68199,681.99
440,502.194148933229,68776,687.76
441,502.278679068464,66252,662.52
442,502.363209064702,65203,652.03
443,502.44773892219,64508,645.08
444,502.532268641171,67299,672.99
445,502.616798221892,68433,684.33
446,502.701327664597,67146,671.46
447,502.785856969531,66202,662.02
448,502.87038613694,68334,683.34
449,502.954915167069,71429,714.29
450,503.039444060163,69952,699.52
451,503.123972816466,67198,671.98
452,503.208501436225,69376,693.76
453,503.293029919684,70221,702.21
454,503.377558267088,71455,714.55
455,503.462086478683,74379,743.79
456,503.546614554714,76506,765.06
457,503.631142495425,73758,737.58
458,503.715670301062,69443,694.43
459,503.800197971871,66943,669.43
460,503.884725508095,65691,656.91
461,503.969252909981,67757,677.57
462,504.053780177773,71660,716.6
463,504.138307311717,71245,712.45
464,504.222834312058,72007,720.07
465,504.307361179041,71742,717.42
466,504.39188791291,72421,724.21
467,504.476414513912,73183,731.83
468,504.560940982291,86460,864.6
469,504.645467318292,87994,879.94
470,504.729993522161,77640,776.4
471,504.814519594143,74776,747.76
472,504.899045534482,74547,745.47
473,504.983571343424,76316,763.16
474,505.068097021215,77373,773.73
475,505.152622568098,76697,766.97
476,505.23714798432,87276,872.76
477,505.321673270126,87063,870.63
478,505.40619842576,77470,774.7
479,505.490723451468,71496,714.96
480,505.575248347494,71193,711.93
481,505.659773114085,70023,700.23
482,505.744297751485,94430,944.3
483,505.828822259939,103899,1038.99
484,505.913346639693,89340,893.4
485,505.997870890991,78492,784.92
486,506.082395014079,72094,720.94
487,506.166919009201,68557,685.57
488,506.251442876604,66361,663.61
489,506.335966616531,67878,678.78
490,506.420490229229,67872,678.72
491,506.505013714942,66550,665.5
492,506.589537073916,66211,662.11
493,506.674060306396,68653,686.53
494,506.758583412626,69440,694.4
495,506.843106392852,67486,674.86
496,506.927629247319,66229,662.29
497,507.012151976272,65188,651.88
498,507.096674579957,67973,679.73
499,507.181197058618,69672,696.72
500,507.2657194125,68075,680.75
501,507.350241641849,94491,944.91
502,507.43476374691,104998,1049.98
503,507.519285727928,90375,903.75
504,507.603807585148,79007,790.07
505,507.688329318816,73236,732.36
506,507.772850929175,72952,729.52
507,507.857372416473,74780,747.8
508,507.941893780953,72686,726.86
509,508.02641502286,69541,695.41
510,508.110936142441,67387,673.87
511,508.195457139939,68871,688.71
512,508.279978015601,68798,687.98
513,508.364498769671,67233,672.33
514,508.449019402395,66373,663.73
515,508.533539914017,65442,654.42
516,508.618060304783,67768,677.68
517,508.702580574937,68004,680.04
518,508.787100724726,66486,664.86
519,508.871620754394,67464,674.64
520,508.956140664186,81961,819.61
521,509.040660454347,89415,894.15
522,509.125180125123,96885,968.85
523,509.209699676758,93689,936.89
524,509.294219109499,99698,996.98
525,509.378738423589,96978,969.78
526,509.463257619274,86367,863.67
527,509.5477766968,79175,791.75
528,509.632295656411,72498,724.98
529,509.716814498352,68727,687.27
530,509.801333222869,66541,665.41
531,509.885851830207,65380,653.8
532,509.97037032061,65213,652.13
533,510.054888694324,64881,648.81
534,510.139406951595,68508,685.08
535,510.223925092667,69496,694.96
536,510.308443117785,67479,674.79
537,510.392961027195,66861,668.61
538,510.477478821141,69511,695.11
539,510.56199649987,72887,728.87
540,510.646514063625,75258,752.58
541,510.731031512652,77257,772.57
542,510.815548847197,74573,745.73
543,510.900066067503,71028,710.28
544,510.984583173818,68937,689.37
545,511.069100166384,70305,703.05
546,511.153617045449,70010,700.1
547,511.238133811256,71202,712.02
548,511.322650464052,70979,709.79
549,511.407167004081,67894,678.94
550,511.491683431587,73201,732.01
551,511.576199746818,74257,742.57
552,511.660715950017,73510,735.1
553,511.745232041429,72421,724.21
554,511.829748021301,69308,693.08
555,511.914263889876,67737,677.37
556,511.9987796474,67757,677.57
557,512.083295294119,67264,672.64
558,512.167810830277,66811,668.11
559,512.252326256119,68831,688.31
560,512.336841571891,71760,717.6
561,512.421356777838,85327,853.27
562,512.505871874205,87095,870.95
563,512.590386861236,81682,816.82
564,512.674901739178,76931,769.31
565,512.759416508275,71845,718.45
566,512.843931168773,68863,688.63
567,512.928445720916,70545,705.45
568,513.01296016495,73868,738.68
569,513.097474501119,72302,723.02
570,513.18198872967,69169,691.69
571,513.266502850847,67770,677.7
572,513.351016864895,70240,702.4
573,513.435530772059,70926,709.26
574,513.520044572585,68677,686.77
575,513.604558266717,67403,674.03
576,513.689071854701,73558,735.58
577,513.773585336782,76973,769.73
578,513.858098713206,77516,775.16
579,513.942611984216,78424,784.24
580,514.027125150058,81630,816.3
581,514.111638210978,83120,831.2
582,514.196151167221,78606,786.06
583,514.280664019031,73029,730.29
584,514.365176766654,70173,701.73
585,514.449689410336,71441,714.41
586,514.53420195032,74460,744.6
587,514.618714386852,72984,729.84
588,514.703226720178,69865,698.65
589,514.787738950542,68376,683.76
590,514.87225107819,67134,671.34
591,514.956763103367,66262,662.62
592,515.041275026318,66095,660.95
593,515.125786847287,73666,736.66
594,515.210298566521,75669,756.69
595,515.294810184265,71659,716.59
596,515.379321700762,69461,694.61
597,515.463833116259,68815,688.15
598,515.548344431001,68032,680.32
599,515.632855645233,70869,708.69
600,515.7173667592,71598,715.98
601,515.801877773147,70927,709.27
602,515.886388687319,72938,729.38
603,515.970899501962,72000,720
604,516.05541021732,69491,694.91
605,516.139920833639,68407,684.07
606,516.224431351163,67933,679.33
607,516.308941770138,67722,677.22
608,516.39345209081,67296,672.96
609,516.477962313423,66699,666.99
610,516.562472438222,69504,695.04
611,516.646982465452,73789,737.89
612,516.731492395359,78135,781.35
613,516.816002228188,77249,772.49
614,516.900511964184,73010,730.1
615,516.985021603591,76433,764.33
616,517.069531146656,83042,830.42
617,517.154040593623,90459,904.59
618,517.238549944738,87023,870.23
619,517.323059200245,81321,813.21
620,517.40756836039,77551,775.51
621,517.492077425417,73222,732.22
622,517.576586395573,70648,706.48
623,517.661095271101,96543,965.43
624,517.745604052248,103315,1033.15
625,517.830112739258,88051,880.51
626,517.914621332376,85924,859.24
627,517.999129831848,83283,832.83
628,518.083638237919,77174,771.74
629,518.168146550834,73421,734.21
630,518.252654770838,70777,707.77
631,518.337162898176,69488,694.88
632,518.421670933093,68827,688.27
633,518.506178875835,68379,683.79
634,518.590686726646,67972,679.72
635,518.675194485772,68503,685.03
636,518.759702153457,71979,719.79
637,518.844209729948,72743,727.43
638,518.928717215489,70797,707.97
639,519.013224610325,72724,727.24
640,519.097731914701,73645,736.45
641,519.182239128863,72098,720.98
642,519.266746253055,71041,710.41
643,519.351253287523,70408,704.08
644,519.435760232512,69858,698.58
645,519.520267088267,69707,697.07
646,519.604773855033,69400,694
647,519.689280533056,68884,688.84
648,519.77378712258,69143,691.43
649,519.85829362385,69174,691.74
650,519.942800037113,72597,725.97
651,520.027306362612,73574,735.74
652,520.111812600593,71673,716.73
653,520.196318751301,70313,703.13
654,520.280824814981,69477,694.77
655,520.365330791879,69202,692.02
656,520.449836682239,69692,696.92
657,520.534342486307,70481,704.81
658,520.618848204327,70225,702.25
659,520.703353836546,73000,730
660,520.787859383207,73809,738.09
661,520.872364844557,78498,784.98
662,520.95687022084,97193,971.93
663,521.041375512301,98064,980.64
664,521.125880719186,86052,860.52
665,521.21038584174,79339,793.39
666,521.294890880208,88035,880.35
667,521.379395834834,89403,894.03
668,521.463900705865,84568,845.68
669,521.548405493545,80969,809.69
670,521.632910198119,76816,768.16
671,521.717414819833,74469,744.69
672,521.801919358931,73070,730.7
673,521.88642381566,72235,722.35
674,521.970928190263,75260,752.6
675,522.055432482986,220880,2208.8
676,522.139936694074,259483,2594.83
677,522.224440823773,184200,1842
678,522.308944872327,139023,1390.23
679,522.393448839982,110870,1108.7
680,522.477952726982,97856,978.56
681,522.562456533574,105643,1056.43
682,522.646960260001,103204,1032.04
683,522.731463906509,94790,947.9
684,522.815967473344,91639,916.39
685,522.90047096075,86003,860.03
686,522.984974368973,80501,805.01
687,523.069477698257,77313,773.13
688,523.153980948848,75886,758.86
689,523.238484120991,75146,751.46
690,523.322987214931,74951,749.51
691,523.407490230914,78272,782.72
692,523.491993169183,82890,828.9
693,523.576496029985,115954,1159.54
694,523.660998813565,122435,1224.35
695,523.745501520167,130383,1303.83
696,523.830004150038,126634,1266.34
697,523.914506703421,105705,1057.05
698,523.999009180562,93415,934.15
699,524.083511581707,86125,861.25
700,524.1680139071,81804,818.04
701,524.252516156987,79474,794.74
702,524.337018331612,78239,782.39
703,524.421520431221,81006,810.06
704,524.506022456059,82059,820.59
705,524.590524406371,80245,802.45
706,524.675026282403,98959,989.59
707,524.759528084398,104303,1043.03
708,524.844029812603,93316,933.16
709,524.928531467263,86826,868.26
710,525.013033048623,99637,996.37
711,525.097534556927,102771,1027.71
712,525.182035992421,93256,932.56
713,525.266537355351,87363,873.63
714,525.351038645961,84019,840.19
715,525.435539864496,86044,860.44
716,525.520041011202,86417,864.17
717,525.604542086324,84788,847.88
718,525.689043090106,91719,917.19
719,525.773544022794,92956,929.56
720,525.858044884634,91991,919.91
721,525.942545675869,90800,908
722,526.027046396746,87374,873.74
723,526.11154704751,85622,856.22
724,526.196047628405,84849,848.49
725,526.280548139677,87652,876.52
726,526.36504858157,88339,883.39
727,526.449548954331,86501,865.01
728,526.534049258204,85992,859.92
729,526.618549493434,89096,890.96
730,526.703049660267,89447,894.47
731,526.787549758947,87891,878.91
732,526.87204978972,90059,900.59
733,526.956549752831,91039,910.39
734,527.041049648525,89588,895.88
735,527.125549477046,88163,881.63
736,527.210049238641,105054,1050.54
737,527.294548933555,112011,1120.11
738,527.379048562032,103292,1032.92
739,527.463548124317,96881,968.81
740,527.548047620657,94577,945.77
741,527.632547051295,92870,928.7
742,527.717046416477,91528,915.28
743,527.801545716449,97055,970.55
744,527.886044951455,98983,989.83
745,527.97054412174,103355,1033.55
746,528.05504322755,103100,1031
747,528.139542269129,98436,984.36
748,528.224041246724,97821,978.21
749,528.308540160578,99314,993.14
750,528.393039010938,98757,987.57
751,528.477537798047,96543,965.43
752,528.562036522152,97942,979.42
753,528.646535183498,101333,1013.33
754,528.731033782329,103414,1034.14
755,528.815532318891,101854,1018.54
756,528.900030793429,99493,994.93
757,528.984529206188,97875,978.75
758,529.069027557414,97254,972.54
759,529.15352584735,97020,970.2
760,529.238024076243,97050,970.5
761,529.322522244338,97192,971.92
762,529.407020351879,97578,975.78
763,529.491518399112,98217,982.17
764,529.576016386283,98644,986.44
765,529.660514313635,98895,988.95
766,529.745012181415,99197,991.97
767,529.829509989866,99452,994.52
768,529.914007739236,99904,999.04
769,529.998505429768,103723,1037.23
770,530.083003061708,105572,1055.72
771,530.167500635301,104462,1044.62
772,530.251998150792,104016,1040.16
773,530.336495608426,104553,1045.53
774,530.420993008449,107757,1077.57
775,530.505490351105,111904,1119.04
776,530.589987636639,114206,1142.06
777,530.674484865298,115606,1156.06
778,530.758982037325,113545,1135.45
779,530.843479152966,110263,1102.63
780,530.927976212466,108512,1085.12
781,531.012473216071,108662,1086.62
782,531.096970164025,156659,1566.59
783,531.181467056574,172882,1728.82
784,531.265963893962,148013,1480.13
785,531.350460676435,131465,1314.65
786,531.434957404238,122190,1221.9
787,531.519454077616,117250,1172.5
788,531.603950696814,116674,1166.74
789,531.688447262078,116704,1167.04
790,531.772943773652,115296,1152.96
791,531.857440231782,113538,1135.38
792,531.941936636713,112062,1120.62
793,532.026432988689,113982,1139.82
794,532.110929287956,114200,1142
795,532.19542553476,114729,1147.29
796,532.279921729345,112793,1127.93
797,532.364417871956,108140,1081.4
798,532.448913962839,103917,1039.17
799,532.533410002239,100318,1003.18
800,532.6179059904,97303,973.03
801,532.702401927568,93956,939.56
802,532.786897813989,91221,912.21
803,532.871393649906,95177,951.77
804,532.955889435567,97586,975.86
805,533.040385171214,92747,927.47
806,533.124880857094,114691,1146.91
807,533.209376493452,117731,1177.31
808,533.293872080533,99708,997.08
809,533.378367618582,88082,880.82
810,533.462863107844,102534,1025.34
811,533.547358548564,103676,1036.76
812,533.631853940988,91913,919.13
813,533.71634928536,84047,840.47
814,533.800844581926,87332,873.32
815,533.885339830931,85448,854.48
816,533.96983503262,77441,774.41
817,534.054330187238,72313,723.13
818,534.13882529503,71923,719.23
819,534.223320356242,70711,707.11
820,534.307815371118,67912,679.12
821,534.392310339903,66323,663.23
822,534.476805262844,65301,653.01
823,534.561300140184,64778,647.78
824,534.64579497217,70845,708.45
825,534.730289759045,72340,723.4
826,534.814784501056,72031,720.31
827,534.899279198448,71521,715.21
828,534.983773851465,68832,688.32
829,535.068268460352,69927,699.27
830,535.152763025356,78921,789.21
831,535.23725754672,96924,969.24
832,535.321752024691,96741,967.41
833,535.406246459513,83955,839.55
834,535.490740851431,75500,755
835,535.575235200691,70434,704.34
836,535.659729507538,67903,679.03
837,535.744223772216,460033,4600.33
838,535.828717994971,571289,5712.89
839,535.913212176048,359344,3593.44
840,535.997706315693,233020,2330.2
841,536.08220041415,170142,1701.42
842,536.166694471664,131660,1316.6
843,536.251188488481,103532,1035.32
844,536.335682464845,86941,869.41
845,536.420176401003,77556,775.56
846,536.504670297198,71892,718.92
847,536.589164153677,68255,682.55
848,536.673657970684,66271,662.71
849,536.758151748464,66141,661.41
850,536.842645487263,65721,657.21
851,536.927139187325,64845,648.45
852,537.011632848896,67772,677.72
853,537.096126472221,69128,691.28
854,537.180620057546,71628,716.28
855,537.265113605114,74188,741.88
856,537.349607115172,72008,720.08
857,537.434100587964,69724,697.24
858,537.518594023736,68062,680.62
859,537.603087422733,66751,667.51
860,537.687580785199,66492,664.92
861,537.772074111381,68865,688.65
862,537.856567401522,79438,794.38
863,537.941060655869,91475,914.75
864,538.025553874667,88372,883.72
865,538.11004705816,80453,804.53
866,538.194540206593,78370,783.7
867,538.279033320213,81561,815.61
868,538.363526399263,90523,905.23
869,538.44801944399,103418,1034.18
870,538.532512454637,116310,1163.1
871,538.617005431451,129298,1292.98
872,538.701498374677,135649,1356.49
873,538.785991284559,134812,1348.12
874,538.870484161343,130057,1300.57
875,538.954977005273,125633,1256.33
876,539.039469816596,118208,1182.08
877,539.123962595556,109780,1097.8
878,539.208455342398,109775,1097.75
879,539.292948057368,110020,1100.2
880,539.37744074071,104173,1041.73
881,539.46193339267,101740,1017.4
882,539.546426013493,101551,1015.51
883,539.630918603424,103234,1032.34
884,539.715411162708,99977,999.77
885,539.79990369159,96141,961.41
886,539.884396190315,92260,922.6
887,539.968888659129,111367,1113.67
888,540.053381098277,119429,1194.29
889,540.137873508003,104570,1045.7
890,540.222365888553,91177,911.77
891,540.306858240173,82630,826.3
892,540.391350563106,76684,766.84
893,540.475842857599,78756,787.56
894,540.560335123896,77817,778.17
895,540.644827362243,75766,757.66
896,540.729319572884,76910,769.1
897,540.813811756066,74271,742.71
898,540.898303912032,69995,699.95
899,540.982796041028,67497,674.97
900,541.0672881433,66113,661.13
901,541.151780219092,65528,655.28
902,541.23627226865,64999,649.99
903,541.320764292218,64473,644.73
904,541.405256290042,64835,648.35
905,541.489748262367,67438,674.38
906,541.574240209438,72386,723.86
907,541.6587321315,72040,720.4
908,541.743224028798,72102,721.02
909,541.827715901578,71218,712.18
910,541.912207750085,68431,684.31
911,541.996699574563,67477,674.77
912,542.081191375258,66853,668.53
913,542.165683152415,69555,695.55
914,542.250174906279,69821,698.21
915,542.334666637096,67349,673.49
916,542.41915834511,65965,659.65
917,542.503650030566,85726,857.26
918,542.58814169371,94374,943.74
919,542.672633334787,90871,908.71
920,542.757124954042,84693,846.93
921,542.841616551719,76780,767.8
922,542.926108128065,75324,753.24
923,543.010599683325,74356,743.56
924,543.095091217743,72460,724.6
925,543.179582731564,97402,974.02
926,543.264074225034,104929,1049.29
927,543.348565698398,92978,929.78
928,543.433057151901,88603,886.03
929,543.517548585789,89673,896.73
930,543.602040000305,100999,1009.99
931,543.686531395696,114351,1143.51
932,543.771022772206,122920,1229.2
933,543.855514130081,134981,1349.81
934,543.940005469566,149534,1495.34
935,544.024496790906,158929,1589.29
936,544.108988094346,172891,1728.91
937,544.193479380131,185782,1857.82
938,544.277970648506,191232,1912.32
939,544.362461899717,195759,1957.59
940,544.446953134009,205049,2050.49
941,544.531444351626,212478,2124.78
942,544.615935552814,218280,2182.8
943,544.700426737818,225064,2250.64
944,544.784917906884,229788,2297.88
945,544.869409060255,236697,2366.97
946,544.953900198178,241787,2417.87
947,545.038391320898,243657,2436.57
948,545.122882428659,245950,2459.5
949,545.207373521708,248468,2484.68
950,545.291864600288,251267,2512.67
951,545.376355664645,253951,2539.51
952,545.460846715024,287204,2872.04
953,545.545337751671,298348,2983.48
954,545.62982877483,284389,2843.89
955,545.714319784747,279365,2793.65
956,545.798810781666,278719,2787.19
957,545.883301765834,276006,2760.06
958,545.967792737495,275074,2750.74
959,546.052283696893,273330,2733.3
960,546.136774644275,272911,2729.11
961,546.221265579886,271568,2715.68
962,546.30575650397,267827,2678.27
963,546.390247416772,265581,2655.81
964,546.474738318539,264277,2642.77
965,546.559229209514,264037,2640.37
966,546.643720089944,264460,2644.6
967,546.728210960073,265290,2652.9
968,546.812701820146,268954,2689.54
969,546.897192670409,275458,2754.58
970,546.981683511106,277154,2771.54
971,547.066174342483,275418,2754.18
972,547.150665164785,276693,2766.93
973,547.235155978257,281008,2810.08
974,547.319646783145,281779,2817.79
975,547.404137579692,280720,2807.2
976,547.488628368145,280196,2801.96
977,547.573119148749,279879,2798.79
978,547.657609921748,279857,2798.57
979,547.742100687388,283101,2831.01
980,547.826591445914,284622,2846.22
981,547.911082197572,283949,2839.49
982,547.995572942605,283704,2837.04
983,548.08006368126,283036,2830.36
984,548.164554413782,282462,2824.62
985,548.249045140415,282151,2821.51
986,548.333535861404,282623,2826.23
987,548.418026576996,299619,2996.19
988,548.502517287435,305052,3050.52
989,548.587007992966,297800,2978
990,548.671498693834,293384,2933.84
991,548.755989390285,296893,2968.93
992,548.840480082563,301112,3011.12
993,548.924970770915,299116,2991.16
994,549.009461455584,296874,2968.74
995,549.093952136815,299042,2990.42
996,549.178442814856,299078,2990.78
997,549.262933489949,296946,2969.46
998,549.347424162341,303403,3034.03
999,549.431914832276,305017,3050.17
1000,549.5164055,301055,3010.55
1001,549.600896165758,301162,3011.62
1002,549.685386829794,300930,3009.3
1003,549.769877492355,299128,2991.28
1004,549.854368153685,298952,2989.52
1005,549.938858814029,316264,3162.64
1006,550.023349473633,324138,3241.38
1007,550.107840132742,319591,3195.91
1008,550.1923307916,313859,3138.59
1009,550.276821450453,307841,3078.41
1010,550.361312109546,304932,3049.32
1011,550.445802769124,307173,3071.73
1012,550.530293429432,308255,3082.55
1013,550.614784090716,306634,3066.34
1014,550.69927475322,306100,3061
1015,550.78376541719,306075,3060.75
1016,550.868256082871,305827,3058.27
1017,550.952746750508,306989,3069.89
1018,551.037237420346,311146,3111.46
1019,551.12172809263,312977,3129.77
1020,551.206218767606,312199,3121.99
1021,551.290709445518,311153,3111.53
1022,551.375200126611,310607,3106.07
1023,551.459690811131,314318,3143.18
1024,551.544181499323,315195,3151.95
1025,551.628672191433,313841,3138.41
1026,551.713162887704,313004,3130.04
1027,551.797653588383,312406,3124.06
1028,551.882144293714,312396,3123.96
1029,551.966635003943,312429,3124.29
1030,552.051125719314,315975,3159.75
1031,552.135616440073,323047,3230.47
1032,552.220107166465,322867,3228.67
1033,552.304597898735,321307,3213.07
1034,552.389088637129,320641,3206.41
1035,552.473579381891,338922,3389.22
1036,552.558070133266,343493,3434.93
1037,552.6425608915,333018,3330.18
1038,552.727051656838,327825,3278.25
1039,552.811542429524,348704,3487.04
1040,552.896033209805,353075,3530.75
1041,552.980523997925,342975,3429.75
1042,553.065014794129,336251,3362.51
1043,553.149505598662,330292,3302.92
1044,553.23399641177,326692,3266.92
1045,553.318487233698,327423,3274.23
1046,553.402978064691,340202,3402.02
1047,553.487468904993,351907,3519.07
1048,553.571959754851,346521,3465.21
1049,553.656450614509,336072,3360.72
1050,553.740941484213,329668,3296.68
1051,553.825432364206,332580,3325.8
1052,553.909923254736,333326,3333.26
1053,553.994414156046,335471,3354.71
1054,554.078905068382,334768,3347.68
1055,554.16339599199,330673,3306.73
1056,554.247886927113,328468,3284.68
1057,554.332377873998,349420,3494.2
1058,554.416868832889,355057,3550.57
1059,554.501359804032,342789,3427.89
1060,554.585850787671,335635,3356.35
1061,554.670341784053,332301,3323.01
1062,554.754832793421,330929,3309.29
1063,554.839323816021,330307,3303.07
1064,554.923814852099,329912,3299.12
1065,555.008305901899,329996,3299.96
1066,555.092796965667,337334,3373.34
1067,555.177288043647,339919,3399.19
1068,555.261779136085,362074,3620.74
1069,555.346270243226,367858,3678.58
1070,555.430761365315,356845,3568.45
1071,555.515252502597,352011,3520.11
1072,555.599743655318,346696,3466.96
1073,555.684234823722,341331,3413.31
1074,555.768726008055,341842,3418.42
1075,555.853217208561,344389,3443.89
1076,555.937708425486,342309,3423.09
1077,556.022199659075,361409,3614.09
1078,556.106690909574,366071,3660.71
1079,556.191182177226,356368,3563.68
1080,556.275673462278,348969,3489.69
1081,556.360164764975,345742,3457.42
1082,556.444656085561,348510,3485.1
1083,556.529147424282,346820,3468.2
1084,556.613638781383,343173,3431.73
1085,556.698130157109,341231,3412.31
1086,556.782621551706,343457,3434.57
1087,556.867112965417,344425,3444.25
1088,556.951604398489,348447,3484.47
1089,557.036095851167,355498,3554.98
1090,557.120587323695,354027,3540.27
1091,557.20507881632,348668,3486.68
1092,557.289570329285,345602,3456.02
1093,557.374061862836,347492,3474.92
1094,557.458553417219,348162,3481.62
1095,557.543044992678,348806,3488.06
1096,557.627536589459,348190,3481.9
1097,557.712028207806,349518,3495.18
1098,557.796519847966,348966,3489.66
1099,557.881011510182,352074,3520.74
1100,557.9655031947,354902,3549.02
1101,558.049994901765,351247,3512.47
1102,558.134486631623,346735,3467.35
1103,558.218978384519,344235,3442.35
1104,558.303470160697,345733,3457.33
1105,558.387961960402,345355,3453.55
1106,558.472453783881,345517,3455.17
1107,558.556945631378,346627,3466.27
1108,558.641437503137,373573,3735.73
1109,558.725929399405,389650,3896.5
1110,558.810421320427,377244,3772.44
1111,558.894913266447,363153,3631.53
1112,558.97940523771,355549,3555.49
1113,559.063897234463,354200,3542
1114,559.14838925695,356172,3561.72
1115,559.232881305415,354448,3544.48
1116,559.317373380105,350839,3508.39
1117,559.401865481264,353098,3530.98
1118,559.486357609138,353817,3538.17
1119,559.570849763971,351332,3513.32
1120,559.65534194601,350702,3507.02
1121,559.739834155498,353985,3539.85
1122,559.824326392681,354501,3545.01
1123,559.908818657804,355792,3557.92
1124,559.993310951113,355294,3552.94
1125,560.077803272852,352551,3525.51
1126,560.162295623266,351116,3511.16
1127,560.246788002602,350180,3501.8
1128,560.331280411103,353085,3530.85
1129,560.415772849015,356849,3568.49
1130,560.500265316583,359093,3590.93
1131,560.584757814052,364049,3640.49
1132,560.669250341668,363044,3630.44
1133,560.753742899676,357588,3575.88
1134,560.83823548832,357768,3577.68
1135,560.922728107845,357579,3575.79
1136,561.007220758498,355377,3553.77
1137,561.091713440523,354701,3547.01
1138,561.176206154165,354157,3541.57
1139,561.260698899669,354895,3548.95
1140,561.345191677281,355147,3551.47
1141,561.429684487245,354955,3549.55
1142,561.514177329807,355464,3554.64
1143,561.598670205212,356223,3562.23
1144,561.683163113705,357785,3577.85
1145,561.767656055531,357702,3577.02
1146,561.852149030935,360882,3608.82
1147,561.936642040163,365842,3658.42
1148,562.021135083459,364554,3645.54
1149,562.105628161069,361415,3614.15
1150,562.190121273237,362875,3628.75
1151,562.27461442021,362030,3620.3
1152,562.359107602232,370104,3701.04
1153,562.443600819547,370938,3709.38
1154,562.528094072403,367452,3674.52
1155,562.612587361042,373296,3732.96
1156,562.697080685712,374658,3746.58
1157,562.781574046656,371351,3713.51
1158,562.866067444119,384063,3840.63
1159,562.950560878348,384356,3843.56
1160,563.035054349587,371710,3717.1
1161,563.119547858082,367810,3678.1
1162,563.204041404076,365814,3658.14
1163,563.288534987816,363475,3634.75
1164,563.373028609547,361230,3612.3
1165,563.457522269514,359339,3593.39
1166,563.542015967961,358739,3587.39
1167,563.626509705135,361859,3618.59
1168,563.71100348128,366132,3661.32
1169,563.795497296641,365315,3653.15
1170,563.879991151464,362492,3624.92
1171,563.964485045993,361370,3613.7
1172,564.048978980475,361154,3611.54
1173,564.133472955153,361697,3616.97
1174,564.217966970273,361869,3618.69
1175,564.30246102608,365329,3653.29
1176,564.386955122819,369974,3699.74
1177,564.471449260736,372203,3722.03
1178,564.555943440075,369621,3696.21
1179,564.640437661083,365935,3659.35
1180,564.724931924002,432635,4326.35
1181,564.80942622908,453965,4539.65
1182,564.893920576561,417282,4172.82
1183,564.97841496669,396422,3964.22
1184,565.062909399713,384128,3841.28
1185,565.147403875874,385090,3850.9
1186,565.231898395419,382347,3823.47
1187,565.316392958592,372990,3729.9
1188,565.400887565639,367179,3671.79
1189,565.485382216806,364605,3646.05
1190,565.569876912336,363769,3637.69
1191,565.654371652476,363755,3637.55
1192,565.73886643747,366607,3666.07
1193,565.823361267564,367748,3677.48
1194,565.907856143003,385849,3858.49
1195,565.992351064031,390630,3906.3
1196,566.076846030894,380470,3804.7
1197,566.161341043838,374342,3743.42
1198,566.245836103106,370646,3706.46
1199,566.330331208945,369427,3694.27
1200,566.4148263616,368616,3686.16
1201,566.499321561315,371286,3712.86
1202,566.583816808336,372256,3722.56
1203,566.668312102908,374020,3740.2
1204,566.752807445276,374101,3741.01
1205,566.837302835685,373871,3738.71
1206,566.92179827438,375987,3759.87
1207,567.006293761607,376121,3761.21
1208,567.090789297611,374621,3746.21
1209,567.175284882636,377893,3778.93
1210,567.259780516928,378299,3782.99
1211,567.344276200732,374983,3749.83
1212,567.428771934293,373645,3736.45
1213,567.513267717856,375950,3759.5
1214,567.597763551667,375400,3754
1215,567.68225943597,372879,3728.79
1216,567.766755371011,391103,3911.03
1217,567.851251357034,395778,3957.78
1218,567.935747394286,384379,3843.79
1219,568.020243483011,383834,3838.34
1220,568.104739623454,381802,3818.02
1221,568.18923581586,397514,3975.14
1222,568.273732060474,400221,4002.21
1223,568.358228357543,387107,3871.07
1224,568.442724707309,379514,3795.14
1225,568.52722111002,375348,3753.48
1226,568.61171756592,372687,3726.87
1227,568.696214075254,371188,3711.88
1228,568.780710638267,370434,3704.34
1229,568.865207255205,369816,3698.16
1230,568.949703926312,369765,3697.65
1231,569.034200651834,373531,3735.31
1232,569.118697432015,374586,3745.86
1233,569.203194267102,372871,3728.71
1234,569.287691157338,375040,3750.4
1235,569.37218810297,380776,3807.76
1236,569.456685104242,389711,3897.11
1237,569.5411821614,389231,3892.31
1238,569.625679274688,382495,3824.95
1239,569.710176444352,381234,3812.34
1240,569.794673670637,378776,3787.76
1241,569.879170953788,374458,3744.58
1242,569.96366829405,375339,3753.39
1243,570.048165691668,381667,3816.67
1244,570.132663146887,380925,3809.25
1245,570.217160659954,383765,3837.65
1246,570.301658231112,383822,3838.22
1247,570.386155860606,379156,3791.56
1248,570.470653548683,376709,3767.09
1249,570.555151295587,375306,3753.06
1250,570.639649101562,374612,3746.12
1251,570.724146966856,374371,3743.71
1252,570.808644891712,376718,3767.18
1253,570.893142876375,381971,3819.71
1254,570.977640921091,383280,3832.8
1255,571.062139026105,382945,3829.45
1256,571.146637191662,399245,3992.45
1257,571.231135418007,401615,4016.15
1258,571.315633705386,389894,3898.94
1259,571.400132054043,386488,3864.88
1260,571.484630464223,386879,3868.79
1261,571.569128936172,383052,3830.52
1262,571.653627470135,377989,3779.89
1263,571.738126066357,381290,3812.9
1264,571.822624725083,384352,3843.52
1265,571.907123446559,379765,3797.65
1266,571.991622231028,380752,3807.52
1267,572.076121078737,385425,3854.25
1268,572.160619989931,382502,3825.02
1269,572.245118964855,378787,3787.87
1270,572.329618003753,374969,3749.69
1271,572.414117106872,374264,3742.64
1272,572.498616274455,377929,3779.29
1273,572.583115506749,374452,3744.52
1274,572.667614803999,367619,3676.19
1275,572.752114166448,363717,3637.17
1276,572.836613594344,362479,3624.79
1277,572.921113087931,362256,3622.56
1278,573.005612647453,361475,3614.75
1279,573.090112273157,361254,3612.54
1280,573.174611965286,364858,3648.58
1281,573.259111724088,371528,3715.28
1282,573.343611549805,378084,3780.84
1283,573.428111442685,400781,4007.81
1284,573.512611402971,404381,4043.81
1285,573.597111430909,430836,4308.36
1286,573.681611526744,434320,4343.2
1287,573.766111690721,415581,4155.81
1288,573.850611923086,399397,3993.97
1289,573.935112224083,383792,3837.92
1290,574.019612593957,375236,3752.36
1291,574.104113032955,371500,3715
1292,574.18861354132,372555,3725.55
1293,574.273114119298,372382,3723.82
1294,574.357614767134,372612,3726.12
1295,574.442115485074,371186,3711.86
1296,574.526616273362,413904,4139.04
1297,574.611117132243,424475,4244.75
1298,574.695618061963,413936,4139.36
1299,574.780119062767,405277,4052.77
1300,574.8646201349,388957,3889.57
1301,574.949121278607,381082,3810.82
1302,575.033622494133,378050,3780.5
1303,575.118123781723,376036,3760.36
1304,575.202625141623,371287,3712.87
1305,575.287126574078,366171,3661.71
1306,575.371628079332,363690,3636.9
1307,575.456129657631,362514,3625.14
1308,575.54063130922,361800,3618
1309,575.625133034344,364776,3647.76
1310,575.709634833249,370631,3706.31
1311,575.794136706179,369434,3694.34
1312,575.878638653379,364681,3646.81
1313,575.963140675095,361154,3611.54
1314,576.047642771572,359064,3590.64
1315,576.132144943055,358423,3584.23
1316,576.216647189789,362967,3629.67
1317,576.301149512019,363727,3637.27
1318,576.38565190999,360783,3607.83
1319,576.470154383948,358829,3588.29
1320,576.554656934138,358331,3583.31
1321,576.639159560804,362213,3622.13
1322,576.723662264192,363324,3633.24
1323,576.808165044547,390837,3908.37
1324,576.892667902114,400064,4000.64
1325,576.977170837139,383523,3835.23
1326,577.061673849866,370776,3707.76
1327,577.146176940541,363437,3634.37
1328,577.230680109408,359903,3599.03
1329,577.315183356713,358266,3582.66
1330,577.399686682701,359976,3599.76
1331,577.484190087617,381921,3819.21
1332,577.568693571706,385046,3850.46
1333,577.653197135214,371452,3714.52
1334,577.737700778385,366687,3666.87
1335,577.822204501465,362119,3621.19
1336,577.906708304698,356670,3566.7
1337,577.991212188331,385097,3850.97
1338,578.075716152607,391778,3917.78
1339,578.160220197773,377276,3772.76
1340,578.244724324073,367513,3675.13
1341,578.329228531752,366212,3662.12
1342,578.413732821056,366220,3662.2
1343,578.49823719223,359872,3598.72
1344,578.582741645518,353967,3539.67
1345,578.667246181166,353239,3532.39
1346,578.75175079942,351848,3518.48
1347,578.836255500524,352412,3524.12
1348,578.920760284723,358894,3588.94
1349,579.005265152262,357754,3577.54
1350,579.089770103388,352582,3525.82
1351,579.174275138344,348846,3488.46
1352,579.258780257375,345993,3459.93
1353,579.343285460728,344748,3447.48
1354,579.427790748647,343825,3438.25
1355,579.512296121378,342717,3427.17
1356,579.596801579165,342268,3422.68
1357,579.681307122253,343136,3431.36
1358,579.765812750888,343011,3430.11
1359,579.850318465315,341794,3417.94
1360,579.934824265779,341268,3412.68
1361,580.019330152525,340537,3405.37
1362,580.103836125799,357479,3574.79
1363,580.188342185844,361752,3617.52
1364,580.272848332908,354715,3547.15
1365,580.357354567233,349841,3498.41
1366,580.441860889067,345201,3452.01
1367,580.526367298654,342171,3421.71
1368,580.610873796238,346385,3463.85
1369,580.695380382066,346460,3464.6
1370,580.779887056382,341858,3418.58
1371,580.864393819432,342685,3426.85
1372,580.94890067146,342059,3420.59
1373,581.033407612712,338166,3381.66
1374,581.117914643433,336338,3363.38
1375,581.202421763867,335511,3355.11
1376,581.286928974261,334209,3342.09
1377,581.371436274859,336255,3362.55
1378,581.455943665907,336128,3361.28
1379,581.540451147649,336986,3369.86
1380,581.62495872033,335829,3358.29
1381,581.709466384197,332150,3321.5
1382,581.793974139493,330572,3305.72
1383,581.878481986465,335938,3359.38
1384,581.962989925357,336362,3363.62
1385,582.047497956414,339171,3391.71
1386,582.132006079881,341528,3415.28
1387,582.216514296004,336894,3368.94
1388,582.301022605028,332266,3322.66
1389,582.385531007198,338898,3388.98
1390,582.470039502758,340274,3402.74
1391,582.554548091955,334794,3347.94
1392,582.639056775033,331582,3315.82
1393,582.723565552238,328950,3289.5
1394,582.808074423814,327296,3272.96
1395,582.892583390007,326353,3263.53
1396,582.977092451061,332671,3326.71
1397,583.061601607223,334560,3345.6
1398,583.146110858736,331817,3318.17
1399,583.230620205847,331126,3311.26
1400,583.3151296488,328421,3284.21
1401,583.399639187841,328907,3289.07
1402,583.484148823214,328833,3288.33
1403,583.568658555165,326331,3263.31
1404,583.653168383939,324263,3242.63
1405,583.73767830978,329276,3292.76
1406,583.822188332935,330562,3305.62
1407,583.906698453649,329469,3294.69
1408,583.991208672165,327255,3272.55
1409,584.075718988731,323308,3233.08
1410,584.16022940359,324062,3240.62
1411,584.244739916987,323410,3234.1
1412,584.329250529169,320689,3206.89
1413,584.41376124038,318733,3187.33
1414,584.498272050865,317933,3179.33
1415,584.58278296087,317795,3177.95
1416,584.667293970638,325617,3256.17
1417,584.751805080417,333916,3339.16
1418,584.83631629045,330510,3305.1
1419,584.920827600983,323968,3239.68
1420,585.005339012262,320457,3204.57
1421,585.08985052453,320976,3209.76
1422,585.174362138034,323254,3232.54
1423,585.258873853018,324078,3240.78
1424,585.343385669727,321320,3213.2
1425,585.427897588408,317292,3172.92
1426,585.512409609304,314580,3145.8
1427,585.596921732661,313016,3130.16
1428,585.681433958724,314378,3143.78
1429,585.765946287739,314452,3144.52
1430,585.85045871995,315949,3159.49
1431,585.934971255602,319289,3192.89
1432,586.019483894941,324921,3249.21
1433,586.103996638212,326199,3261.99
1434,586.18850948566,320522,3205.22
1435,586.27302243753,316230,3162.3
1436,586.357535494067,313178,3131.78
1437,586.442048655516,333614,3336.14
1438,586.526561922122,358231,3582.31
1439,586.611075294132,350338,3503.38
1440,586.695588771789,332784,3327.84
1441,586.780102355339,322148,3221.48
1442,586.864616045027,318703,3187.03
1443,586.949129841097,315255,3152.55
1444,587.033643743797,310973,3109.73
1445,587.118157753369,308626,3086.26
1446,587.20267187006,306836,3068.36
1447,587.287186094115,305244,3052.44
1448,587.371700425779,304668,3046.68
1449,587.456214865296,303730,3037.3
1450,587.540729412912,302751,3027.51
1451,587.625244068873,302800,3028
1452,587.709758833423,305541,3055.41
1453,587.794273706808,306340,3063.4
1454,587.878788689272,305318,3053.18
1455,587.963303781061,304143,3041.43
1456,588.047818982419,302935,3029.35
1457,588.132334293593,304523,3045.23
1458,588.216849714827,307922,3079.22
1459,588.301365246366,306678,3066.78
1460,588.385880888455,303669,3036.69
1461,588.47039664134,301392,3013.92
1462,588.554912505266,299324,2993.24
1463,588.639428480477,301672,3016.72
1464,588.72394456722,306579,3065.79
1465,588.808460765738,312233,3122.33
1466,588.892977076278,309910,3099.1
1467,588.977493499084,303840,3038.4
1468,589.062010034401,299951,2999.51
1469,589.146526682475,297593,2975.93
1470,589.231043443551,295705,2957.05
1471,589.315560317874,294027,2940.27
1472,589.400077305689,293040,2930.4
1473,589.48459440724,292794,2927.94
1474,589.569111622774,295282,2952.82
1475,589.653628952536,300407,3004.07
1476,589.73814639677,300525,3005.25
1477,589.822663955722,297330,2973.3
1478,589.907181629636,379624,3796.24
1479,589.991699418759,408319,4083.19
1480,590.076217323334,371002,3710.02
1481,590.160735343608,342223,3422.23
1482,590.245253479825,320294,3202.94
1483,590.329771732231,307504,3075.04
1484,590.41429010107,330649,3306.49
1485,590.498808586588,334650,3346.5
1486,590.58332718903,316010,3160.1
1487,590.667845908641,306398,3063.98
1488,590.752364745666,300081,3000.81
1489,590.83688370035,295056,2950.56
1490,590.921402772939,294951,2949.51
1491,591.005921963678,299863,2998.63
1492,591.090441272811,298222,2982.22
1493,591.174960700584,296064,2960.64
1494,591.259480247241,296877,2968.77
1495,591.343999913029,297296,2972.96
1496,591.428519698192,294793,2947.93
1497,591.513039602976,291174,2911.74
1498,591.597559627625,289250,2892.5
1499,591.682079772385,287953,2879.53
1500,591.7666000375,286406,2864.06
1501,591.851120423216,286003,2860.03
1502,591.935640929779,286113,2861.13
1503,592.020161557432,287753,2877.53
1504,592.104682306422,287652,2876.52
1505,592.189203176993,285887,2858.87
1506,592.273724169391,284841,2848.41
1507,592.35824528386,284045,2840.45
1508,592.442766520647,283397,2833.97
1509,592.527287879995,286299,2862.99
1510,592.611809362151,287256,2872.56
1511,592.696330967358,312009,3120.09
1512,592.780852695863,318014,3180.14
1513,592.865374547911,302922,3029.22
1514,592.949896523746,293979,2939.79
1515,593.034418623614,288909,2889.09
1516,593.11894084776,320677,3206.77
1517,593.203463196429,328210,3282.1
1518,593.287985669866,308346,3083.46
1519,593.372508268317,296465,2964.65
1520,593.457030992026,289755,2897.55
1521,593.541553841238,285724,2857.24
1522,593.626076816199,283822,2838.22
1523,593.710599917154,282432,2824.32
1524,593.795123144348,280835,2808.35
1525,593.879646498027,279571,2795.71
1526,593.964169978434,285440,2854.4
1527,594.048693585816,287710,2877.1
1528,594.133217320417,283792,2837.92
1529,594.217741182483,284284,2842.84
1530,594.302265172259,282928,2829.28
1531,594.38678928999,282739,2827.39
1532,594.47131353592,282003,2820.03
1533,594.555837910296,282167,2821.67
1534,594.640362413363,280935,2809.35
1535,594.724887045364,298351,2983.51
1536,594.809411806547,302225,3022.25
1537,594.893936697155,290766,2907.66
1538,594.978461717434,290053,2900.53
1539,595.062986867629,287494,2874.94
1540,595.147512147985,281925,2819.25
1541,595.232037558747,284963,2849.63
1542,595.316563100161,290877,2908.77
1543,595.401088772471,288269,2882.69
1544,595.485614575923,282182,2821.82
1545,595.570140510762,278458,2784.58
1546,595.654666577233,275928,2759.28
1547,595.73919277558,277610,2776.1
1548,595.82371910605,279309,2793.09
1549,595.908245568888,277696,2776.96
1550,595.992772164338,282017,2820.17
1551,596.077298892645,289709,2897.09
1552,596.161825754055,287209,2872.09
1553,596.246352748813,280537,2805.37
1554,596.330879877164,276614,2766.14
1555,596.415407139353,287890,2878.9
1556,596.499934535626,290437,2904.37
1557,596.584462066227,283575,2835.75
1558,596.668989731401,281946,2819.46
1559,596.753517531394,282198,2821.98
1560,596.838045466451,281981,2819.81
1561,596.922573536817,278348,2783.48
1562,597.007101742737,274079,2740.79
1563,597.091630084456,300878,3008.78
1564,597.17615856222,322118,3221.18
1565,597.260687176273,310520,3105.2
1566,597.345215926861,296434,2964.34
1567,597.429744814228,293288,2932.88
1568,597.51427383862,286833,2868.33
1569,597.598803000283,278452,2784.52
1570,597.68333229946,280335,2803.35
1571,597.767861736398,279038,2790.38
1572,597.852391311341,279694,2796.94
1573,597.936921024535,278157,2781.57
1574,598.021450876224,276174,2761.74
1575,598.105980866655,277625,2776.25
1576,598.190510996071,275004,2750.04
1577,598.275041264718,274546,2745.46
1578,598.359571672842,276191,2761.91
1579,598.444102220687,278378,2783.78
1580,598.528632908498,276094,2760.94
1581,598.613163736522,274449,2744.49
1582,598.697694705001,279720,2797.2
1583,598.782225814183,280680,2806.8
1584,598.866757064312,278455,2784.55
1585,598.951288455633,274039,2740.39
1586,599.035819988391,272332,2723.32
1587,599.120351662832,274002,2740.02
1588,599.2048834792,271364,2713.64
1589,599.289415437741,267524,2675.24
1590,599.3739475387,265826,2658.26
1591,599.458479782322,268408,2684.08
1592,599.543012168852,271869,2718.69
1593,599.627544698535,273220,2732.2
1594,599.712077371617,270496,2704.96
1595,599.796610188342,266862,2668.62
1596,599.881143148956,268201,2682.01
1597,599.965676253703,271214,2712.14
1598,600.05020950283,269645,2696.45
1599,600.13474289658,265990,2659.9
1600,600.2192764352,263948,2639.48
1601,600.303810118934,266156,2661.56
1602,600.388343948028,266053,2660.53
1603,600.472877922726,263374,2633.74
1604,600.557412043273,265261,2652.61
1605,600.641946309916,265057,2650.57
1606,600.726480722899,263013,2630.13
1607,600.811015282466,261533,2615.33
1608,600.895549988864,260444,2604.44
1609,600.980084842338,259017,2590.17
1610,601.064619843132,260491,2604.91
1611,601.149154991491,261482,2614.82
1612,601.233690287662,263877,2638.77
1613,601.318225731888,264151,2641.51
1614,601.402761324415,261764,2617.64
1615,601.487297065489,263036,2630.36
1616,601.571832955354,263541,2635.41
1617,601.656368994255,264912,2649.12
1618,601.740905182438,263811,2638.11
1619,601.825441520148,261179,2611.79
1620,601.90997800763,263695,2636.95
1621,601.994514645128,267025,2670.25
1622,602.079051432889,267940,2679.4
1623,602.163588371157,265394,2653.94
1624,602.248125460177,264697,2646.97
1625,602.332662700195,263501,2635.01
1626,602.417200091456,263892,2638.92
1627,602.501737634204,262684,2626.84
1628,602.586275328686,259738,2597.38
1629,602.670813175145,258307,2583.07
1630,602.755351173828,266806,2668.06
1631,602.839889324979,268770,2687.7
1632,602.924427628843,266359,2663.59
1633,603.008966085667,266512,2665.12
1634,603.093504695693,263815,2638.15
1635,603.178043459169,259787,2597.87
1636,603.262582376339,261258,2612.58
1637,603.347121447448,263665,2636.65
1638,603.431660672741,262654,2626.54
1639,603.516200052464,259857,2598.57
1640,603.600739586861,257376,2573.76
1641,603.685279276178,255904,2559.04
1642,603.769819120659,256076,2560.76
1643,603.854359120551,255445,2554.45
1644,603.938899276098,257855,2578.55
1645,604.023439587545,261846,2618.46
1646,604.107980055137,260617,2606.17
1647,604.19252067912,259806,2598.06
1648,604.277061459738,261304,2613.04
1649,604.361602397237,259423,2594.23
1650,604.446143491862,256528,2565.28
1651,604.530684743859,266653,2666.53
1652,604.615226153471,279995,2799.95
1653,604.699767720944,278940,2789.4
1654,604.784309446525,270311,2703.11
1655,604.868851330456,266177,2661.77
1656,604.953393372984,268950,2689.5
1657,605.037935574354,272115,2721.15
1658,605.122477934812,267334,2673.34
1659,605.207020454601,282622,2826.22
1660,605.291563133967,284893,2848.93
1661,605.376105973156,271943,2719.43
1662,605.460648972412,263804,2638.04
1663,605.545192131981,257899,2578.99
1664,605.629735452108,254608,2546.08
1665,605.714278933038,252190,2521.9
1666,605.798822575015,258782,2587.82
1667,605.883366378286,261022,2610.22
1668,605.967910343095,256716,2567.16
1669,606.052454469688,253888,2538.88
1670,606.136998758309,252802,2528.02
1671,606.221543209204,255816,2558.16
1672,606.306087822618,256164,2561.64
1673,606.390632598795,253926,2539.26
1674,606.475177537982,255553,2555.53
1675,606.559722640423,258547,2585.47
1676,606.644267906364,260212,2602.12
1677,606.728813336049,260969,2609.69
1678,606.813358929724,258101,2581.01
1679,606.897904687633,254071,2540.71
1680,606.982450610022,251838,2518.38
1681,607.066996697137,250417,2504.17
1682,607.151542949221,253100,2531
1683,607.236089366521,256728,2567.28
1684,607.320635949282,255253,2552.53
1685,607.405182697748,252207,2522.07
1686,607.489729612165,254636,2546.36
1687,607.574276692777,255064,2550.64
1688,607.658823939831,252261,2522.61
1689,607.74337135357,253697,2536.97
1690,607.827918934241,256732,2567.32
1691,607.912466682089,254985,2549.85
1692,607.997014597358,251644,2516.44
1693,608.081562680293,260123,2601.23
1694,608.16611093114,261789,2617.89
1695,608.250659350145,258764,2587.64
1696,608.335207937551,258651,2586.51
1697,608.419756693605,257876,2578.76
1698,608.504305618551,254589,2545.89
1699,608.588854712634,254333,2543.33
1700,608.6734039761,253126,2531.26
1701,608.757953409194,260661,2606.61
1702,608.84250301216,265785,2657.85
1703,608.927052785245,260504,2605.04
1704,609.011602728693,255235,2552.35
1705,609.096152842749,251754,2517.54
1706,609.180703127658,248721,2487.21
1707,609.265253583666,246590,2465.9
1708,609.349804211018,246000,2460
1709,609.434355009958,248707,2487.07
1710,609.518905980733,249201,2492.01
1711,609.603457123586,253840,2538.4
1712,609.688008438764,286325,2863.25
1713,609.772559926511,291048,2910.48
1714,609.857111587073,271101,2711.01
1715,609.941663420694,259359,2593.59
1716,610.02621542762,252412,2524.12
1717,610.110767608096,252336,2523.36
1718,610.195319962366,251264,2512.64
1719,610.279872490677,247591,2475.91
1720,610.364425193274,245790,2457.9
1721,610.4489780704,245022,2450.22
1722,610.533531122303,244194,2441.94
1723,610.618084349226,244720,2447.2
1724,610.702637751414,248026,2480.26
1725,610.787191329114,251112,2511.12
1726,610.87174508257,249524,2495.24
1727,610.956299012027,252746,2527.46
1728,611.04085311773,253048,2530.48
1729,611.125407399925,249276,2492.76
1730,611.209961858857,246427,2464.27
1731,611.29451649477,268903,2689.03
1732,611.37907130791,282565,2825.65
1733,611.463626298523,271018,2710.18
1734,611.548181466852,261565,2615.65
1735,611.632736813144,261762,2617.62
1736,611.717292337643,258105,2581.05
1737,611.801848040595,251690,2516.9
1738,611.886403922244,247972,2479.72
1739,611.970959982837,248724,2487.24
1740,612.055516222617,250570,2505.7
1741,612.14007264183,251940,2519.4
1742,612.224629240722,252741,2527.41
1743,612.309186019537,250472,2504.72
1744,612.39374297852,259807,2598.07
1745,612.478300117917,261278,2612.78
1746,612.562857437973,269235,2692.35
1747,612.647414938933,270881,2708.81
1748,612.731972621042,258511,2585.11
1749,612.816530484545,248926,2489.26
1750,612.901088529688,260250,2602.5
1751,612.985646756714,261349,2613.49
1752,613.070205165871,253015,2530.15
1753,613.154763757402,247184,2471.84
1754,613.239322531553,241616,2416.16
1755,613.323881488569,241365,2413.65
1756,613.408440628695,239740,2397.4
1757,613.492999952176,236179,2361.79
1758,613.577559459258,237194,2371.94
1759,613.662119150185,239364,2393.64
1760,613.746679025203,237186,2371.86
1761,613.831239084557,233594,2335.94
1762,613.915799328492,234737,2347.37
1763,614.000359757252,234372,2343.72
1764,614.084920371084,231465,2314.65
1765,614.169481170232,229664,2296.64
1766,614.254042154942,228728,2287.28
1767,614.338603325458,227475,2274.75
1768,614.423164682026,229761,2297.61
1769,614.507726224891,233146,2331.46
1770,614.592287954298,231347,2313.47
1771,614.676849870492,245504,2455.04
1772,614.761411973718,248357,2483.57
1773,614.845974264222,237877,2378.77
1774,614.930536742248,232206,2322.06
1775,615.015099408042,232290,2322.9
1776,615.099662261849,230945,2309.45
1777,615.184225303914,227428,2274.28
1778,615.268788534481,228278,2282.78
1779,615.353351953797,227816,2278.16
1780,615.437915562106,231660,2316.6
1781,615.522479359654,232361,2323.61
1782,615.607043346685,228038,2280.38
1783,615.691607523446,241212,2412.12
1784,615.776171890179,243568,2435.68
1785,615.860736447132,233971,2339.71
1786,615.94530119455,228362,2283.62
1787,616.029866132676,227857,2278.57
1788,616.114431261757,226926,2269.26
1789,616.198996582037,227573,2275.73
1790,616.283562093762,229394,2293.94
1791,616.368127797177,230679,2306.79
1792,616.452693692527,228028,2280.28
1793,616.537259780057,224023,2240.23
1794,616.621826060012,225343,2253.43
1795,616.706392532638,228592,2285.92
1796,616.790959198179,226920,2269.2
1797,616.87552605688,222800,2228
1798,616.960093108988,242451,2424.51
1799,617.044660354746,247446,2474.46
1800,617.1292277944,243824,2438.24
1801,617.213795428195,247479,2474.79
1802,617.298363256377,241408,2414.08
1803,617.38293127919,231644,2316.44
1804,617.46749949688,225702,2257.02
1805,617.552067909691,222426,2224.26
1806,617.63663651787,220441,2204.41
1807,617.72120532166,631727,6317.27
1808,617.805774321307,752682,7526.82
1809,617.890343517057,532097,5320.97
1810,617.974912909154,399023,3990.23
1811,618.059482497843,322629,3226.29
1812,618.14405228337,279736,2797.36
1813,618.22862226598,255452,2554.52
1814,618.313192445918,241159,2411.59
1815,618.397762823429,247748,2477.48
1816,618.482333398757,251426,2514.26
1817,618.56690417215,242256,2422.56
1818,618.65147514385,237886,2378.86
1819,618.736046314105,234583,2345.83
1820,618.820617683158,230501,2305.01
1821,618.905189251254,228441,2284.41
1822,618.98976101864,227706,2277.06
1823,619.07433298556,226271,2262.71
1824,619.158905152259,230073,2300.73
1825,619.243477518983,252658,2526.58
1826,619.328050085976,255538,2555.38
1827,619.412622853484,245804,2458.04
1828,619.497195821751,242533,2425.33
1829,619.581768991023,244545,2445.45
1830,619.666342361546,240648,2406.48
1831,619.750915933564,233436,2334.36
1832,619.835489707321,229772,2297.72
1833,619.920063683065,234508,2345.08
1834,620.004637861039,237953,2379.53
1835,620.089212241489,234044,2340.44
1836,620.173786824659,230067,2300.67
1837,620.258361610796,229110,2291.1
1838,620.342936600144,228442,2284.42
1839,620.427511792947,227624,2276.24
1840,620.512087189453,233038,2330.38
1841,620.596662789905,261208,2612.08
1842,620.681238594548,274662,2746.62
1843,620.765814603629,260771,2607.71
1844,620.850390817391,245665,2456.65
1845,620.93496723608,239429,2394.29
1846,621.019543859942,241567,2415.67
1847,621.104120689221,238764,2387.64
1848,621.188697724162,234243,2342.43
1849,621.273274965011,230665,2306.65
1850,621.357852412012,226824,2268.24
1851,621.442430065412,225813,2258.13
1852,621.527007925454,224504,2245.04
1853,621.611585992385,225740,2257.4
1854,621.696164266449,226823,2268.23
1855,621.780742747892,225149,2251.49
1856,621.865321436958,223220,2232.2
1857,621.949900333892,222019,2220.19
1858,622.03447943894,224517,2245.17
1859,622.119058752348,224909,2249.09
1860,622.203638274359,222318,2223.18
1861,622.28821800522,224106,2241.06
1862,622.372797945175,223995,2239.95
1863,622.457378094469,221653,2216.53
1864,622.541958453348,219539,2195.39
1865,622.626539022057,218765,2187.65
1866,622.711119800841,218096,2180.96
1867,622.795700789945,216468,2164.68
1868,622.880281989613,227763,2277.63
1869,622.964863400093,229856,2298.56
1870,623.049445021627,221627,2216.27
1871,623.134026854462,217269,2172.69
1872,623.218608898843,214001,2140.01
1873,623.303191155015,215933,2159.33
1874,623.387773623222,216912,2169.12
1875,623.472356303711,217669,2176.69
1876,623.556939196726,219344,2193.44
1877,623.641522302512,216367,2163.67
1878,623.726105621315,211887,2118.87
1879,623.810689153379,212064,2120.64
1880,623.89527289895,211315,2113.15
1881,623.979856858273,212389,2123.89
1882,624.064441031593,217304,2173.04
1883,624.149025419156,218931,2189.31
1884,624.233610021205,220701,2207.01
1885,624.318194837987,220440,2204.4
1886,624.402779869747,217987,2179.87
1887,624.487365116729,218989,2189.89
1888,624.571950579179,218769,2187.69
1889,624.656536257342,213001,2130.01
1890,624.741122151463,207033,2070.33
1891,624.825708261788,206284,2062.84
1892,624.91029458856,211602,2116.02
1893,624.994881132027,210541,2105.41
1894,625.079467892432,208089,2080.89
1895,625.16405487002,205224,2052.24
1896,625.248642065038,201783,2017.83
1897,625.33322947773,233251,2332.51
1898,625.41781710834,244149,2441.49
1899,625.502404957115,364984,3649.84
1900,625.5869930243,394608,3946.08
1901,625.671581310139,313220,3132.2
1902,625.756169814878,687696,6876.96
1903,625.840758538762,777721,7777.21
1904,625.925347482035,531374,5313.74
1905,626.009936644944,396634,3966.34
1906,626.094526027733,316219,3162.19
1907,626.179115630648,262986,2629.86
1908,626.263705453933,233475,2334.75
1909,626.348295497833,219277,2192.77
1910,626.432885762595,209434,2094.34
1911,626.517476248462,201488,2014.88
1912,626.60206695568,210857,2108.57
1913,626.686657884495,211690,2116.9
1914,626.771249035151,202039,2020.39
1915,626.855840407893,202641,2026.41
1916,626.940432002967,201132,2011.32
1917,627.025023820618,199614,1996.14
1918,627.10961586109,212581,2125.81
1919,627.19420812463,212023,2120.23
1920,627.278800611482,211157,2111.57
1921,627.363393321891,210021,2100.21
1922,627.447986256102,236402,2364.02
1923,627.532579414361,239267,2392.67
1924,627.617172796912,216952,2169.52
1925,627.701766404002,203228,2032.28
1926,627.786360235874,195403,1954.03
1927,627.870954292774,194686,1946.86
1928,627.955548574948,192502,1925.02
1929,628.04014308264,203009,2030.09
1930,628.124737816095,204874,2048.74
1931,628.209332775559,199124,1991.24
1932,628.293927961276,194458,1944.58
1933,628.378523373493,189195,1891.95
1934,628.463119012454,186087,1860.87
1935,628.547714878403,184475,1844.75
1936,628.632310971587,186966,1869.66
1937,628.716907292251,189930,1899.3
1938,628.801503840639,191403,1914.03
1939,628.886100616996,189239,1892.39
1940,628.970697621569,185744,1857.44
1941,629.055294854601,183616,1836.16
1942,629.139892316339,185495,1854.95
1943,629.224490007026,188525,1885.25
1944,629.309087926909,187128,1871.28
1945,629.393686076233,186927,1869.27
1946,629.478284455242,185408,1854.08
1947,629.562883064182,182337,1823.37
1948,629.647481903298,180591,1805.91
1949,629.732080972835,179840,1798.4
1950,629.816680273037,182006,1820.06
1951,629.901279804152,181761,1817.61
1952,629.985879566422,182692,1826.92
1953,630.070479560095,185851,1858.51
1954,630.155079785414,187035,1870.35
1955,630.239680242624,184048,1840.48
1956,630.324280931972,180320,1803.2
1957,630.408881853702,186047,1860.47
1958,630.493483008059,188380,1883.8
1959,630.578084395288,183499,1834.99
1960,630.662686015635,178973,1789.73
1961,630.747287869345,181780,1817.8
1962,630.831889956662,182289,1822.89
1963,630.916492277832,178493,1784.93
1964,631.001094833101,175844,1758.44
1965,631.085697622712,174754,1747.54
1966,631.170300646912,178030,1780.3
1967,631.254903905945,178732,1787.32
1968,631.339507400056,183004,1830.04
1969,631.424111129492,185854,1858.54
1970,631.508715094496,189437,1894.37
1971,631.593319295314,198624,1986.24
1972,631.677923732192,198081,1980.81
1973,631.762528405373,191988,1919.88
1974,631.847133315104,187355,1873.55
1975,631.93173846163,181779,1817.79
1976,632.016343845195,180379,1803.79
1977,632.100949466045,178485,1784.85
1978,632.185555324425,174928,1749.28
1979,632.270161420579,173061,1730.61
1980,632.354767754754,172437,1724.37
1981,632.439374327195,174188,1741.88
1982,632.523981138146,174007,1740.07
1983,632.608588187852,171688,1716.88
1984,632.693195476559,172159,1721.59
1985,632.777803004512,171953,1719.53
1986,632.862410771956,171520,1715.2
1987,632.947018779136,171448,1714.48
1988,633.031627026297,171569,1715.69
1989,633.116235513685,173872,1738.72
1990,633.200844241544,179995,1799.95
1991,633.28545321012,179291,1792.91
1992,633.370062419658,174167,1741.67
1993,633.454671870403,171396,1713.96
1994,633.539281562599,169883,1698.83
1995,633.623891496493,168368,1683.68
1996,633.708501672329,167647,1676.47
1997,633.793112090353,170505,1705.05
1998,633.877722750809,170685,1706.85
1999,633.962333653943,168911,1689.11
2000,634.0469448,167499,1674.99
2001,634.131556189225,166513,1665.13
2002,634.216167821863,168956,1689.56
2003,634.300779698159,169427,1694.27
2004,634.385391818359,167664,1676.64
2005,634.470004182707,166631,1666.31
2006,634.554616791449,165819,1658.19
2007,634.639229644829,168128,1681.28
2008,634.723842743094,185027,1850.27
2009,634.808456086488,190821,1908.21
2010,634.893069675256,181577,1815.77
2011,634.977683509643,176606,1766.06
2012,635.062297589895,176465,1764.65
2013,635.146911916256,176621,1766.21
2014,635.231526488972,173292,1732.92
2015,635.316141308288,336156,3361.56
2016,635.400756374449,379809,3798.09
2017,635.4853716877,294982,2949.82
2018,635.569987248286,246193,2461.93
2019,635.654603056453,212392,2123.92
2020,635.739219112446,191566,1915.66
2021,635.823835416509,180243,1802.43
2022,635.908451968888,179365,1793.65
2023,635.993068769827,196570,1965.7
2024,636.077685819573,195554,1955.54
2025,636.16230311837,202392,2023.92
2026,636.246920666464,199579,1995.79
2027,636.331538464099,302716,3027.16
2028,636.41615651152,326423,3264.23
2029,636.500774808974,256728,2567.28
2030,636.585393356704,215655,2156.55
2031,636.670012154956,215932,2159.32
2032,636.754631203976,212229,2122.29
2033,636.839250504007,192714,1927.14
2034,636.923870055296,178838,1788.38
2035,637.008489858088,172738,1727.38
2036,637.093109912628,169097,1690.97
2037,637.17773021916,165179,1651.79
2038,637.26235077793,162613,1626.13
2039,637.346971589183,170291,1702.91
2040,637.431592653165,175471,1754.71
2041,637.51621397012,170909,1709.09
2042,637.600835540293,167653,1676.53
2043,637.68545736393,166465,1664.65
2044,637.770079441276,166951,1669.51
2045,637.854701772576,165050,1650.5
2046,637.939324358074,161626,1616.26
2047,638.023947198017,159761,1597.61
