464.9839,57506
465.068515076491,57028
465.153129906126,57448
465.237744489151,57402
465.322358825812,57086
465.406972916352,56719
465.491586761018,56904
465.576200360054,57194
465.660813713705,57100
465.745426822218,57123
465.830039685836,57251
465.914652304805,57282
465.99926467937,57396
466.083876809776,57400
466.168488696269,57408
466.253100339093,193616
466.337711738494,232235
466.422322894716,160010
466.506933808006,117192
466.591544478607,92859
466.676154906766,78860
466.760765092726,70689
466.845375036735,69449
466.929984739036,68519
467.014594199874,65675
467.099203419495,63751
467.183812398145,62370
467.268421136067,61651
467.353029633508,90545
467.437637890711,100484
467.522245907924,88728
467.60685368539,78908
467.691461223355,70591
467.776068522063,66376
467.860675581761,64033
467.945282402693,67097
468.029888985104,73645
468.11449532924,72713
468.199101435345,70879
468.283707303665,68714
468.368312934445,65294
468.45291832793,66504
468.537523484364,69577
468.622128403994,92863
468.706733087065,103327
468.791337533821,90076
468.875941744507,77449
468.96054571937,70871
469.045149458653,67410
469.129752962602,65104
469.214356231462,63083
469.298959265479,62134
469.383562064897,62026
469.468164629962,61902
469.552766960919,64711
469.637369058012,69161
469.721970921487,68363
469.80657255159,65725
469.891173948565,67091
469.975775112657,66393
470.060376044111,63599
470.144976743173,62573
470.229577210088,65498
470.314177445101,66141
470.398777448457,67793
470.483377220402,90725
470.567976761179,97520
470.652576071035,86170
470.737175150215,76645
470.821773998963,70176
470.906372617525,69576
470.990971006146,68026
471.075569165072,98328
471.160167094546,106233
471.244764794815,91106
471.329362266123,80614
471.413959508717,75603
471.498556522839,78371
471.583153308737,79048
471.667749866655,75736
471.752346196838,74719
471.836942299532,74613
471.921538174981,78173
472.00613382343,76030
472.090729245126,69899
472.175324440312,66119
472.259919409234,67154
472.344514152137,66992
472.429108669267,64202
472.513702960868,63420
472.598297027185,65093
472.682890868465,64791
472.767484484951,62875
472.852077876889,61662
472.936671044524,64588
473.021263988101,65593
473.105856707865,64465
473.190449204062,69318
473.275041476937,84804
473.359633526735,91467
473.4442253537,82743
473.528816958078,76641
473.613408340115,75558
473.697999500055,71754
473.782590438143,67345
473.867181154625,65168
473.951771649745,67783
474.03636192375,67716
474.120951976883,65494
474.20554180939,64220
474.290131421517,63036
474.374720813508,66029
474.459309985608,66292
474.543898938063,63784
474.628487671118,62524
474.713076185018,62001
474.797664480008,65504
474.882252556332,96427
474.966840414238,105606
475.051428053968,123648
475.13601547577,121481
475.220602679887,96014
475.305189666564,80765
475.389776436048,72092
475.474362988583,67258
475.558949324414,64551
475.643535443787,63068
475.728121346946,62254
475.812707034136,61478
475.897292505604,84977
475.981877761593,96038
476.066462802349,87232
476.151047628118,80886
476.235632239144,74506
476.320216635672,68392
476.404800817948,68632
476.489384786216,68424
476.573968540723,70149
476.658552081712,89961
476.74313540943,92679
476.827718524121,80287
476.91230142603,72432
476.996884115403,70830
477.081466592484,69002
477.166048857519,65333
477.250630910753,66849
477.335212752432,67199
477.419794382799,65059
477.504375802101,66660
477.588957010582,67021
477.673538008487,64515
477.758118796063,106921
477.842699373553,118743
477.927279741204,94733
478.011859899259,80017
478.096439847965,71494
478.181019587566,67550
478.265599118308,65465
478.350178440435,63632
478.434757554193,62722
478.519336459827,74789
478.603915157582,77698
478.688493647704,70477
478.773071930436,128623
478.857650006026,143406
478.942227874716,109521
479.026805536754,100955
479.111382992383,94594
479.19596024185,85108
479.280537285398,77047
479.365114123274,70182
479.449690755722,65639
479.534267182988,63163
479.618843405317,61786
479.703419422953,64538
479.787995236142,69532
479.87257084513,68831
479.95714625016,65720
480.041721451479,63532
480.126296449331,62456
480.210871243962,64938
480.295445835617,65688
480.380020224541,67019
480.464594410979,66646
480.549168395175,67844
480.633742177377,67857
480.718315757827,64987
480.802889136772,63230
480.887462314457,62374
480.972035291127,61642
481.056608067026,65416
481.141180642401,78688
481.225753017496,79450
481.310325192556,71104
481.394897167827,69581
481.479468943554,68295
481.564040519981,65523
481.648611897354,63744
481.733183075918,62333
481.817754055918,65031
481.9023248376,65392
481.986895421208,66124
482.071465806988,101135
482.156035995184,108750
482.240605986042,91630
482.325175779807,80354
482.409745376725,71779
482.494314777039,66972
482.578883980996,64503
482.663452988841,63216
482.748021800818,62110
482.832590417173,61508
482.91715883815,64808
483.001727063996,68741
483.086295094955,67729
483.170862931273,65033
483.255430573193,63872
483.339998020963,66477
483.424565274826,67120
483.509132335028,64801
483.593699201814,63016
483.678265875429,65246
483.762832356118,65345
483.847398644127,62835
483.9319647397,65208
484.016530643083,77200
484.101096354521,78677
484.185661874258,71900
484.270227202541,67550
484.354792339614,65084
484.439357285722,64074
484.523922041111,66702
484.608486606025,69815
484.69305098071,68328
484.777615165411,67422
484.862179160373,69360
484.946742965841,67909
485.03130658206,67749
485.115870009276,70560
485.200433247733,69261
485.284996297677,66118
485.369559159353,88895
485.454121833005,97894
485.53868431888,84850
485.623246617222,76096
485.707808728276,70569
485.792370652288,65880
485.876932389502,66605
485.961493940164,66448
486.046055304519,64114
486.130616482813,63653
486.215177475289,63431
486.299738282193,69361
486.384298903771,70784
486.468859340268,66589
486.553419591928,63603
486.637979658997,62467
486.722539541719,61980
486.807099240341,64470
486.891658755108,65212
486.976218086263,63277
487.060777234053,62019
487.145336198723,61303
487.229894980517,60802
487.314453579682,61378
487.399011996461,61870
487.483570231101,61563
487.568128283845,61183
487.652686154941,60460
487.737243844632,60457
487.821801353163,64554
487.906358680781,65521
487.990915827729,63399
488.075472794253,62373
488.160029580599,66659
488.244586187011,67783
488.329142613735,65489
488.413698861015,70254
488.498254929097,70653
488.582810818225,70319
488.667366528646,70137
488.751922060605,66418
488.836477414345,64151
488.921032590113,63667
489.005587588153,64623
489.090142408711,93142
489.174697052032,103107
489.259251518361,90924
489.343805807943,80198
489.428359921024,71657
489.512913857847,66654
489.597467618659,64509
489.682021203705,75373
489.76657461323,77653
489.851127847479,70344
489.935680906696,67855
490.020233791128,65865
490.104786501019,63344
490.189339036615,65752
490.27389139816,66193
490.3584435859,63696
490.44299560008,61986
490.527547440945,61144
490.612099108739,60729
490.69665060371,60547
490.7812019261,60494
490.865753076156,63526
490.950304054123,64962
491.034854860246,63727
491.119405494769,62750
491.203955957939,62133
491.288506249999,61893
491.373056371197,61194
491.457606321775,64745
491.54215610198,66605
491.626705712057,64485
491.711255152251,62461
491.795804422807,61323
491.88035352397,60479
491.964902455985,60768
492.049451219098,64851
492.133999813553,65560
492.218548239596,63523
492.303096497471,65424
492.387644587425,67735
492.472192509702,69371
492.556740264546,76712
492.641287852205,75949
492.725835272921,69285
492.810382526942,66402
492.894929614511,75184
492.979476535874,76614
493.064023291276,70047
493.148569880962,68417
493.233116305178,66691
493.317662564167,63906
493.402208658177,63176
493.486754587451,62550
493.571300352235,61626
493.655845952774,60935
493.740391389313,64068
493.824936662097,64666
493.909481771372,65282
493.994026717382,65132
494.078571500372,63139
494.163116120589,62282
494.247660578276,61877
494.33220487368,92819
494.416749007044,101786
494.501292978615,85252
494.585836788637,74950
494.670380437356,68911
494.754923925017,65658
494.839467251864,67372
494.924010418144,66868
495.0085534241,64050
495.093096269979,78189
495.177638956025,81870
495.262181482484,76447
495.3467238496,74838
495.431266057619,70759
495.515808106786,70123
495.600349997346,68541
495.684891729544,65324
495.769433303626,64809
495.853974719836,63798
495.938515978419,61976
496.023057079622,61177
496.107598023688,61162
496.192138810863,64349
496.276679441392,64876
496.361219915521,64692
496.445760233493,95721
496.530300395556,103269
496.614840401953,85569
496.69938025293,80414
496.783919948731,76042
496.868459489603,72990
496.95299887579,69723
497.037538107538,72757
497.12207718509,72444
497.206616108694,70505
497.291154878593,68623
497.375693495033,65764
497.460231958259,63796
497.544770268516,63004
497.629308426049,62853
497.713846431104,62228
497.798384283926,64763
497.882921984759,65080
497.967459533848,63384
498.05199693144,65838
498.136534177779,70200
498.22107127311,69364
498.305608217678,65706
498.390145011729,63702
498.474681655507,62526
498.559218149259,62084
498.643754493228,62301
498.72829068766,61913
498.8128267328,61094
498.897362628894,60841
498.981898376185,61023
499.066433974921,61535
499.150969425345,65032
499.235504727703,80240
499.32003988224,82276
499.404574889201,76397
499.489109748831,72667
499.573644461376,68029
499.65817902708,64744
499.742713446188,62931
499.827247718947,62275
499.9117818456,62101
499.996315826393,61428
500.080849661572,61033
500.165383351381,61252
500.249916896065,60953
500.33445029587,61252
500.41898355104,79416
500.503516661822,84423
500.588049628459,74417
500.672582451197,69393
500.757115130282,66430
500.841647665958,64049
500.92618005847,62280
501.010712308064,87062
501.095244414985,97191
501.179776379478,87591
501.264308201788,78356
501.34883988216,74389
501.433371420839,70888
501.517902818071,65911
501.6024340741,67027
501.686965189172,69531
501.771496163532,67522
501.856026997425,64266
501.940557691096,62403
502.02508824479,61410
502.109618658753,64880
502.194148933229,65753
502.278679068464,63228
502.363209064702,62376
502.44773892219,61794
502.532268641171,64605
502.616798221892,65562
502.701327664597,63832
502.785856969531,62582
502.87038613694,64899
502.954915167069,68558
503.039444060163,67289
503.123972816466,64504
503.208501436225,66903
503.293029919684,67694
503.377558267088,68569
503.462086478683,71299
503.546614554714,73797
503.631142495425,71301
503.715670301062,66794
503.800197971871,64100
503.884725508095,62490
503.969252909981,64654
504.053780177773,68453
504.138307311717,67658
504.222834312058,68313
504.307361179041,68258
504.39188791291,69123
504.476414513912,69820
504.560940982291,83302
504.645467318292,85140
504.729993522161,74849
504.814519594143,71827
504.899045534482,71661
504.983571343424,73827
505.068097021215,75194
505.152622568098,74737
505.23714798432,85220
505.321673270126,84575
505.40619842576,74445
505.490723451468,68576
505.575248347494,68332
505.659773114085,67377
505.744297751485,92307
505.828822259939,101854
505.913346639693,86971
505.997870890991,75950
506.082395014079,69493
506.166919009201,66139
506.251442876604,64205
506.335966616531,66253
506.420490229229,66184
506.505013714942,64239
506.589537073916,63374
506.674060306396,65479
506.758583412626,66464
506.843106392852,64861
506.927629247319,63564
507.012151976272,62657
507.096674579957,65433
507.181197058618,66867
507.2657194125,65216
507.350241641849,91955
507.43476374691,102463
507.519285727928,87640
507.603807585148,76199
507.688329318816,70158
507.772850929175,69780
507.857372416473,71586
507.941893780953,69442
508.02641502286,66098
508.110936142441,63945
508.195457139939,65810
508.279978015601,65936
508.364498769671,64385
508.449019402395,63431
508.533539914017,62678
508.618060304783,65214
508.702580574937,65611
508.787100724726,63812
508.871620754394,64318
508.956140664186,78729
509.040660454347,86150
509.125180125123,93729
509.209699676758,90656
509.294219109499,97015
509.378738423589,94675
509.463257619274,84051
509.5477766968,76665
509.632295656411,69885
509.716814498352,66213
509.801333222869,63887
509.885851830207,62668
509.97037032061,62147
510.054888694324,61667
510.139406951595,65357
510.223925092667,66435
510.308443117785,64440
510.392961027195,63746
510.477478821141,66814
510.56199649987,70733
510.646514063625,72877
510.731031512652,74137
510.815548847197,71281
510.900066067503,67841
510.984583173818,65219
511.069100166384,66629
511.153617045449,66546
511.238133811256,67798
511.322650464052,67461
511.407167004081,64578
511.491683431587,70215
511.576199746818,71536
511.660715950017,70712
511.745232041429,69452
511.829748021301,66320
511.914263889876,64719
511.9987796474,64788
512.083295294119,64122
512.167810830277,63277
512.252326256119,65337
512.336841571891,68635
512.421356777838,82518
512.505871874205,84082
512.590386861236,78442
512.674901739178,73707
512.759416508275,68808
512.843931168773,65935
512.928445720916,67487
513.01296016495,70594
513.097474501119,69124
513.18198872967,66296
513.266502850847,64716
513.351016864895,67071
513.435530772059,67648
513.520044572585,65519
513.604558266717,64129
513.689071854701,70133
513.773585336782,73524
513.858098713206,74246
513.942611984216,75587
514.027125150058,78542
514.111638210978,79970
514.196151167221,75707
514.280664019031,70134
514.365176766654,67022
514.449689410336,67980
514.53420195032,70725
514.618714386852,69474
514.703226720178,66448
514.787738950542,64786
514.87225107819,63942
514.956763103367,63205
515.041275026318,62688
515.125786847287,70255
515.210298566521,72467
515.294810184265,68182
515.379321700762,65773
515.463833116259,65004
515.548344431001,64202
515.632855645233,66995
515.7173667592,67592
515.801877773147,67144
515.886388687319,69302
515.970899501962,68279
516.05541021732,65708
516.139920833639,64379
516.224431351163,63734
516.308941770138,63664
516.39345209081,63444
516.477962313423,63101
516.562472438222,65865
516.646982465452,69994
516.731492395359,74576
516.816002228188,73779
516.900511964184,69617
516.985021603591,73299
517.069531146656,79957
517.154040593623,87696
517.238549944738,84418
517.323059200245,78604
517.40756836039,74473
517.492077425417,69855
517.576586395573,67053
517.661095271101,93291
517.745604052248,99829
517.830112739258,84098
517.914621332376,82431
517.999129831848,79923
518.083638237919,73575
518.168146550834,69434
518.252654770838,66908
518.337162898176,65870
518.421670933093,65177
518.506178875835,64638
518.590686726646,64082
518.675194485772,64195
518.759702153457,67436
518.844209729948,68255
518.928717215489,66521
519.013224610325,68709
519.097731914701,69833
519.182239128863,68159
519.266746253055,67218
519.351253287523,66373
519.435760232512,65359
519.520267088267,64930
519.604773855033,64782
519.689280533056,64685
519.77378712258,64838
519.85829362385,64522
519.942800037113,68141
520.027306362612,69068
520.111812600593,66771
520.196318751301,65358
520.280824814981,64686
520.365330791879,64338
520.449836682239,64607
520.534342486307,64974
520.618848204327,64943
520.703353836546,67876
520.787859383207,68641
520.872364844557,73436
520.95687022084,92819
521.041375512301,93974
521.125880719186,81622
521.21038584174,74483
521.294890880208,83032
521.379395834834,84010
521.463900705865,79126
521.548405493545,75587
521.632910198119,71272
521.717414819833,68692
521.801919358931,67108
521.88642381566,66347
521.970928190263,69746
522.055432482986,206050
522.139936694074,241830
522.224440823773,171167
522.308944872327,128806
522.393448839982,102747
522.477952726982,90841
522.562456533574,99532
522.646960260001,97147
522.731463906509,88475
522.815967473344,85669
522.90047096075,80021
522.984974368973,74199
523.069477698257,70900
523.153980948848,69374
523.238484120991,68660
523.322987214931,68296
523.407490230914,71500
523.491993169183,75836
523.576496029985,108911
523.660998813565,115115
523.745501520167,123392
523.830004150038,119745
523.914506703421,98392
523.999009180562,85726
524.083511581707,77708
524.1680139071,73403
524.252516156987,71006
524.337018331612,69826
524.421520431221,72675
524.506022456059,73474
524.590524406371,71628
524.675026282403,90665
524.759528084398,96329
524.844029812603,85485
524.928531467263,78743
525.013033048623,91459
525.097534556927,94596
525.182035992421,84565
525.266537355351,78253
525.351038645961,74747
525.435539864496,76525
525.520041011202,76516
525.604542086324,74623
525.689043090106,81356
525.773544022794,82394
525.858044884634,81536
525.942545675869,80238
526.027046396746,76506
526.11154704751,74409
526.196047628405,73681
526.280548139677,77020
526.36504858157,77695
526.449548954331,75332
526.534049258204,74424
526.618549493434,77381
526.703049660267,77836
526.787549758947,76265
526.87204978972,77935
526.956549752831,78264
527.041049648525,76533
527.125549477046,75333
527.210049238641,92415
527.294548933555,99447
527.379048562032,90889
527.463548124317,83891
527.548047620657,81116
527.632547051295,79304
527.717046416477,78029
527.801545716449,82828
527.886044951455,84240
527.97054412174,89413
528.05504322755,89395
528.139542269129,84050
528.224041246724,82861
528.308540160578,84455
528.393039010938,83564
528.477537798047,80903
528.562036522152,82135
528.646535183498,85065
528.731033782329,87031
528.815532318891,85119
528.900030793429,82369
528.984529206188,80944
529.069027557414,79865
529.15352584735,79099
529.238024076243,78932
529.322522244338,78859
529.407020351879,78962
529.491518399112,79368
529.576016386283,79637
529.660514313635,79483
529.745012181415,79286
529.829509989866,79254
529.914007739236,79398
529.998505429768,83116
530.083003061708,84608
530.167500635301,83156
530.251998150792,82241
530.336495608426,82446
530.420993008449,85708
530.505490351105,89663
530.589987636639,91934
530.674484865298,93385
530.758982037325,91155
530.843479152966,87373
530.927976212466,85375
531.012473216071,84996
531.096970164025,132915
531.181467056574,149339
531.265963893962,124391
531.350460676435,107209
531.434957404238,97678
531.519454077616,92447
531.603950696814,91227
531.688447262078,90943
531.772943773652,89452
531.857440231782,87503
531.941936636713,86124
532.026432988689,88493
532.110929287956,88923
532.19542553476,89671
532.279921729345,88591
532.364417871956,85118
532.448913962839,82074
532.533410002239,79986
532.6179059904,78421
532.702401927568,76471
532.786897813989,74682
532.871393649906,79956
532.955889435567,84088
533.040385171214,80391
533.124880857094,103304
533.209376493452,107499
533.293872080533,90465
533.378367618582,79987
533.462863107844,95690
533.547358548564,97801
533.631853940988,86391
533.71634928536,78779
533.800844581926,82625
533.885339830931,81155
533.96983503262,72976
534.054330187238,67662
534.13882529503,67502
534.223320356242,66868
534.307815371118,64421
534.392310339903,62777
534.476805262844,61697
534.561300140184,61257
534.64579497217,67377
534.730289759045,68783
534.814784501056,68630
534.899279198448,68015
534.983773851465,65384
535.068268460352,66710
535.152763025356,75806
535.23725754672,94129
535.321752024691,93897
535.406246459513,80843
535.490740851431,72240
535.575235200691,67190
535.659729507538,64600
535.744223772216,455519
535.828717994971,566354
535.913212176048,354728
535.997706315693,229138
536.08220041415,166845
536.166694471664,128440
536.251188488481,99982
536.335682464845,83510
536.420176401003,74246
536.504670297198,68571
536.589164153677,65099
536.673657970684,63570
536.758151748464,63759
536.842645487263,63080
536.927139187325,61750
537.011632848896,64634
537.096126472221,65978
537.180620057546,68508
537.265113605114,71241
537.349607115172,68805
537.434100587964,66345
537.518594023736,64602
537.603087422733,63235
537.687580785199,62772
537.772074111381,65349
537.856567401522,76197
537.941060655869,88139
538.025553874667,84392
538.11004705816,75331
538.194540206593,70959
538.279033320213,70411
538.363526399263,74048
538.44801944399,81627
538.532512454637,89974
538.617005431451,99691
538.701498374677,105055
538.785991284559,105478
538.870484161343,103506
538.954977005273,102490
539.039469816596,98433
539.123962595556,92498
539.208455342398,94342
539.292948057368,95737
539.37744074071,90605
539.46193339267,88981
539.546426013493,89618
539.630918603424,92286
539.715411162708,89561
539.79990369159,85920
539.884396190315,82449
539.968888659129,102816
540.053381098277,111815
540.137873508003,97375
540.222365888553,84440
540.306858240173,76810
540.391350563106,71434
540.475842857599,74078
540.560335123896,73662
540.644827362243,71821
540.729319572884,72947
540.813811756066,70456
540.898303912032,66479
540.982796041028,63801
541.0672881433,62519
541.151780219092,62348
541.23627226865,62131
541.320764292218,61449
541.405256290042,61584
541.489748262367,64475
541.574240209438,69450
541.6587321315,69121
541.743224028798,69302
541.827715901578,68188
541.912207750085,64965
541.996699574563,63833
542.081191375258,63184
542.165683152415,65901
542.250174906279,66273
542.334666637096,63938
542.41915834511,62579
542.503650030566,82586
542.58814169371,91219
542.672633334787,87698
542.757124954042,81628
542.841616551719,73605
542.926108128065,72060
543.010599683325,70412
543.095091217743,67777
543.179582731564,92543
543.264074225034,99400
543.348565698398,86030
543.433057151901,79539
543.517548585789,77671
543.602040000305,85110
543.686531395696,93677
543.771022772206,96375
543.855514130081,101752
543.940005469566,109739
544.024496790906,113179
544.108988094346,121716
544.193479380131,128856
544.277970648506,128915
544.362461899717,128932
544.446953134009,133888
544.531444351626,137276
544.615935552814,139973
544.700426737818,143260
544.784917906884,144832
544.869409060255,149473
544.953900198178,152486
545.038391320898,152460
545.122882428659,152615
545.207373521708,153140
545.291864600288,154594
545.376355664645,156254
545.460846715024,188168
545.545337751671,197705
545.62982877483,182407
545.714319784747,176321
545.798810781666,175303
545.883301765834,172435
545.967792737495,171198
546.052283696893,169571
546.136774644275,169654
546.221265579886,167664
546.30575650397,164199
546.390247416772,162483
546.474738318539,161188
546.559229209514,160721
546.643720089944,160750
546.728210960073,160956
546.812701820146,163892
546.897192670409,169784
546.981683511106,170422
547.066174342483,168402
547.150665164785,169221
547.235155978257,172578
547.319646783145,172074
547.404137579692,170245
547.488628368145,169358
547.573119148749,168562
547.657609921748,168308
547.742100687388,171370
547.826591445914,172758
547.911082197572,171528
547.995572942605,170699
548.08006368126,169917
548.164554413782,169521
548.249045140415,169387
548.333535861404,169904
548.418026576996,186430
548.502517287435,191074
548.587007992966,183409
548.671498693834,178915
548.755989390285,182631
548.840480082563,186369
548.924970770915,183363
549.009461455584,180451
549.093952136815,181867
549.178442814856,181522
549.262933489949,179076
549.347424162341,185002
549.431914832276,186331
549.5164055,182392
549.600896165758,182058
549.685386829794,181386
549.769877492355,179593
549.854368153685,179124
549.938858814029,196490
550.023349473633,204266
550.107840132742,199347
550.1923307916,193370
550.276821450453,187299
550.361312109546,184167
550.445802769124,185852
550.530293429432,185950
550.614784090716,183885
550.69927475322,182993
550.78376541719,182520
550.868256082871,182295
550.952746750508,183252
551.037237420346,186785
551.12172809263,187792
551.206218767606,186337
551.290709445518,185454
551.375200126611,184900
551.459690811131,188735
551.544181499323,189706
551.628672191433,187713
551.713162887704,186450
551.797653588383,185684
551.882144293714,185450
551.966635003943,185628
552.051125719314,189466
552.135616440073,196306
552.220107166465,195922
552.304597898735,194739
552.389088637129,193651
552.473579381891,211453
552.558070133266,215830
552.6425608915,205020
552.727051656838,198839
552.811542429524,219396
552.896033209805,223963
552.980523997925,213327
553.065014794129,205789
553.149505598662,199387
553.23399641177,195898
553.318487233698,197361
553.402978064691,210096
553.487468904993,221818
553.571959754851,216642
553.656450614509,205887
553.740941484213,199230
553.825432364206,201461
553.909923254736,201528
553.994414156046,204045
554.078905068382,203605
554.16339599199,199272
554.247886927113,197003
554.332377873998,217251
554.416868832889,222366
554.501359804032,210335
554.585850787671,204071
554.670341784053,200332
554.754832793421,198199
554.839323816021,196907
554.923814852099,196136
555.008305901899,196131
555.092796965667,203311
555.177288043647,205356
555.261779136085,226835
555.346270243226,231917
555.430761365315,220857
555.515252502597,216458
555.599743655318,211401
555.684234823722,205790
555.768726008055,206179
555.853217208561,208485
555.937708425486,206122
556.022199659075,225927
556.106690909574,230814
556.191182177226,220977
556.275673462278,213949
556.360164764975,210872
556.444656085561,212975
556.529147424282,210763
556.613638781383,206846
556.698130157109,205065
556.782621551706,206905
556.867112965417,207067
556.951604398489,210531
557.036095851167,217217
557.120587323695,215023
557.20507881632,209367
557.289570329285,206438
557.374061862836,208105
557.458553417219,209174
557.543044992678,209987
557.627536589459,209360
557.712028207806,210452
557.796519847966,209707
557.881011510182,212926
557.9655031947,216533
558.049994901765,213426
558.134486631623,208964
558.218978384519,206219
558.303470160697,207751
558.387961960402,207506
558.472453783881,207792
558.556945631378,208697
558.641437503137,235324
558.725929399405,251245
558.810421320427,238202
558.894913266447,223909
558.97940523771,216131
559.063897234463,214789
559.14838925695,216684
559.232881305415,214778
559.317373380105,210823
559.401865481264,212167
559.486357609138,212394
559.570849763971,209894
559.65534194601,209195
559.739834155498,212695
559.824326392681,213278
559.908818657804,214501
559.993310951113,214134
560.077803272852,211536
560.162295623266,210133
560.246788002602,209407
560.331280411103,212112
560.415772849015,215788
560.500265316583,218557
560.584757814052,223509
560.669250341668,221755
560.753742899676,216127
560.83823548832,216206
560.922728107845,215724
561.007220758498,213518
561.091713440523,212604
561.176206154165,212009
561.260698899669,212169
561.345191677281,212216
561.429684487245,212206
561.514177329807,212499
561.598670205212,212704
561.683163113705,213845
561.767656055531,213976
561.852149030935,217065
561.936642040163,221575
562.021135083459,220602
562.105628161069,217363
562.190121273237,219032
562.27461442021,218954
562.359107602232,226793
562.443600819547,227586
562.528094072403,223964
562.612587361042,229592
562.697080685712,231330
562.781574046656,228536
562.866067444119,241528
562.950560878348,241793
563.035054349587,229420
563.119547858082,225723
563.204041404076,223292
563.288534987816,220201
563.373028609547,217988
563.457522269514,216880
563.542015967961,216055
563.626509705135,218427
563.71100348128,222529
563.795497296641,221613
563.879991151464,218674
563.964485045993,217270
564.048978980475,216746
564.133472955153,217449
564.217966970273,217575
564.30246102608,220536
564.386955122819,224353
564.471449260736,226567
564.555943440075,224536
564.640437661083,220941
564.724931924002,289108
564.80942622908,310917
564.893920576561,273581
564.97841496669,252306
565.062909399713,239402
565.147403875874,239740
565.231898395419,236886
565.316392958592,228274
565.400887565639,223213
565.485382216806,220710
565.569876912336,219194
565.654371652476,218263
565.73886643747,220558
565.823361267564,221656
565.907856143003,240144
565.992351064031,245430
566.076846030894,234694
566.161341043838,228307
566.245836103106,225040
566.330331208945,223609
566.4148263616,223097
566.499321561315,225515
566.583816808336,225897
566.668312102908,227782
566.752807445276,227861
566.837302835685,226865
566.92179827438,228063
567.006293761607,227630
567.090789297611,226104
567.175284882636,230600
567.259780516928,231780
567.344276200732,228400
567.428771934293,226102
567.513267717856,228063
567.597763551667,228071
567.68225943597,225872
567.766755371011,244122
567.851251357034,248948
567.935747394286,237902
568.020243483011,237626
568.104739623454,235212
568.18923581586,250993
568.273732060474,253837
568.358228357543,240022
568.442724707309,232483
568.52722111002,228688
568.61171756592,226160
568.696214075254,224934
568.780710638267,224410
568.865207255205,224012
568.949703926312,224173
569.034200651834,227020
569.118697432015,227165
569.203194267102,225361
569.287691157338,227718
569.37218810297,233549
569.456685104242,242911
569.5411821614,242330
569.625679274688,235789
569.710176444352,234788
569.794673670637,232439
569.879170953788,228370
569.96366829405,228883
570.048165691668,235464
570.132663146887,235197
570.217160659954,237402
570.301658231112,236817
570.386155860606,231884
570.470653548683,229314
570.555151295587,227861
570.639649101562,227208
570.724146966856,226905
570.808644891712,229797
570.893142876375,234714
570.977640921091,235156
571.062139026105,235231
571.146637191662,251879
571.231135418007,254106
571.315633705386,242813
571.400132054043,239498
571.484630464223,239843
571.569128936172,236532
571.653627470135,231667
571.738126066357,235466
571.822624725083,238980
571.907123446559,235052
571.991622231028,237165
572.076121078737,242362
572.160619989931,239283
572.245118964855,235341
572.329618003753,231758
572.414117106872,231628
572.498616274455,235905
572.583115506749,233087
572.667614803999,227096
572.752114166448,223496
572.836613594344,221873
572.921113087931,221669
573.005612647453,221049
573.090112273157,220362
573.174611965286,223544
573.259111724088,230438
573.343611549805,237431
573.428111442685,259822
573.512611402971,264014
573.597111430909,290645
573.681611526744,293364
573.766111690721,274493
573.850611923086,258353
573.935112224083,242417
574.019612593957,233549
574.104113032955,229364
574.18861354132,230221
574.273114119298,229702
574.357614767134,230192
574.442115485074,229109
574.526616273362,272094
574.611117132243,283309
574.695618061963,273395
574.780119062767,265255
574.8646201349,249041
574.949121278607,240514
575.033622494133,237062
575.118123781723,235317
575.202625141623,231220
575.287126574078,226229
575.371628079332,223785
575.456129657631,222630
575.54063130922,222161
575.625133034344,225358
575.709634833249,231372
575.794136706179,229990
575.878638653379,225333
575.963140675095,222742
576.047642771572,221215
576.132144943055,220660
576.216647189789,224359
576.301149512019,225034
576.38565190999,222735
576.470154383948,221060
576.554656934138,220776
576.639159560804,224690
576.723662264192,225913
576.808165044547,253628
576.892667902114,263384
576.977170837139,247103
577.061673849866,234668
577.146176940541,227672
577.230680109408,224481
577.315183356713,223068
577.399686682701,224696
577.484190087617,246892
577.568693571706,250391
577.653197135214,236627
577.737700778385,232228
577.822204501465,228557
577.906708304698,223484
577.991212188331,251960
578.075716152607,258946
578.160220197773,244475
578.244724324073,234663
578.329228531752,232993
578.413732821056,233588
578.49823719223,227901
578.582741645518,221884
578.667246181166,221332
578.75175079942,220220
578.836255500524,221139
578.920760284723,227830
579.005265152262,226852
579.089770103388,221625
579.174275138344,218213
579.258780257375,215646
579.343285460728,214183
579.427790748647,213530
579.512296121378,213362
579.596801579165,212684
579.681307122253,213322
579.765812750888,213267
579.850318465315,212435
579.934824265779,212040
580.019330152525,211655
580.103836125799,229221
580.188342185844,233922
580.272848332908,227201
580.357354567233,222391
580.441860889067,217502
580.526367298654,214018
580.610873796238,218823
580.695380382066,219696
580.779887056382,215415
580.864393819432,216970
580.94890067146,216745
581.033407612712,213376
581.117914643433,211519
581.202421763867,210799
581.286928974261,210183
581.371436274859,212509
581.455943665907,212748
581.540451147649,213825
581.62495872033,212757
581.709466384197,209534
581.793974139493,208098
581.878481986465,213441
581.962989925357,214530
582.047497956414,217506
582.132006079881,219739
582.216514296004,215343
582.301022605028,211266
582.385531007198,218181
582.470039502758,219340
582.554548091955,213576
582.639056775033,210284
582.723565552238,207839
582.808074423814,206797
582.892583390007,206222
582.977092451061,212152
583.061601607223,213777
583.146110858736,211380
583.230620205847,211408
583.3151296488,209254
583.399639187841,209695
583.484148823214,208587
583.568658555165,205767
583.653168383939,204366
583.73767830978,209833
583.822188332935,211477
583.906698453649,210955
583.991208672165,209026
584.075718988731,205344
584.16022940359,206595
584.244739916987,206546
584.329250529169,204040
584.41376124038,202302
584.498272050865,201881
584.58278296087,201719
584.667293970638,209800
584.751805080417,218061
584.83631629045,215063
584.920827600983,208423
585.005339012262,204392
585.08985052453,205102
585.174362138034,207633
585.258873853018,209172
585.343385669727,207101
585.427897588408,203145
585.512409609304,200793
585.596921732661,199334
585.681433958724,200871
585.765946287739,200899
585.85045871995,202708
585.934971255602,206515
586.019483894941,212319
586.103996638212,214281
586.18850948566,209190
586.27302243753,204959
586.357535494067,202035
586.442048655516,222672
586.526561922122,247231
586.611075294132,239444
586.695588771789,221377
586.780102355339,210837
586.864616045027,207797
586.949129841097,204540
587.033643743797,200214
587.118157753369,197950
587.20267187006,196191
587.287186094115,194996
587.371700425779,194627
587.456214865296,194292
587.540729412912,193920
587.625244068873,193843
587.709758833423,196621
587.794273706808,197573
587.878788689272,196533
587.963303781061,195280
588.047818982419,194149
588.132334293593,196427
588.216849714827,200374
588.301365246366,199262
588.385880888455,196221
588.47039664134,194288
588.554912505266,192966
588.639428480477,195900
588.72394456722,200982
588.808460765738,206887
588.892977076278,204970
588.977493499084,198737
589.062010034401,194742
589.146526682475,192375
589.231043443551,191229
589.315560317874,190136
589.400077305689,189430
589.48459440724,189073
589.569111622774,191753
589.653628952536,197755
589.73814639677,197580
589.822663955722,193764
589.907181629636,276862
589.991699418759,306402
590.076217323334,268809
590.160735343608,239489
590.245253479825,217485
590.329771732231,204349
590.41429010107,227233
590.498808586588,231743
590.58332718903,213240
590.667845908641,204933
590.752364745666,199476
590.83688370035,194411
590.921402772939,194440
591.005921963678,199918
591.090441272811,198391
591.174960700584,195908
591.259480247241,196329
591.343999913029,196802
591.428519698192,194556
591.513039602976,191085
591.597559627625,189257
591.682079772385,188043
591.7666000375,186353
591.851120423216,185885
591.935640929779,185831
592.020161557432,187346
592.104682306422,187699
592.189203176993,186444
592.273724169391,185527
592.35824528386,184923
592.442766520647,184718
592.527287879995,188325
592.611809362151,189383
592.696330967358,213653
592.780852695863,219426
592.865374547911,204505
592.949896523746,195940
593.034418623614,191088
593.11894084776,222712
593.203463196429,230337
593.287985669866,211044
593.372508268317,199442
593.457030992026,192699
593.541553841238,188826
593.626076816199,187002
593.710599917154,185451
593.795123144348,184240
593.879646498027,183498
593.964169978434,189449
594.048693585816,191129
594.133217320417,187172
594.217741182483,187849
594.302265172259,187324
594.38678928999,187878
594.47131353592,186921
594.555837910296,187062
594.640362413363,186022
594.724887045364,203290
594.809411806547,207301
594.893936697155,195658
594.978461717434,195293
595.062986867629,193511
595.147512147985,188666
595.232037558747,192168
595.316563100161,198290
595.401088772471,195403
595.485614575923,189017
595.570140510762,185307
595.654666577233,183439
595.73919277558,185421
595.82371910605,186964
595.908245568888,185190
595.992772164338,189084
596.077298892645,196480
596.161825754055,193968
596.246352748813,187372
596.330879877164,184142
596.415407139353,196129
596.499934535626,198769
596.584462066227,191745
596.668989731401,190313
596.753517531394,190558
596.838045466451,190456
596.922573536817,186852
597.007101742737,183000
597.091630084456,210550
597.17615856222,231583
597.260687176273,220219
597.345215926861,206553
597.429744814228,203222
597.51427383862,196437
597.598803000283,188016
597.68333229946,189886
597.767861736398,188912
597.852391311341,189946
597.936921024535,188858
598.021450876224,187005
598.105980866655,188122
598.190510996071,185256
598.275041264718,184327
598.359571672842,185913
598.444102220687,188192
598.528632908498,186106
598.613163736522,184933
598.697694705001,190433
598.782225814183,191769
598.866757064312,189430
598.951288455633,185362
599.035819988391,184058
599.120351662832,185922
599.2048834792,183558
599.289415437741,179649
599.3739475387,177968
599.458479782322,180547
599.543012168852,184060
599.627544698535,185250
599.712077371617,182429
599.796610188342,179350
599.881143148956,181142
599.965676253703,183525
600.05020950283,181823
600.13474289658,178637
600.2192764352,176787
600.303810118934,178767
600.388343948028,178475
600.472877922726,175971
600.557412043273,178337
600.641946309916,178518
600.726480722899,176502
600.811015282466,175174
600.895549988864,174457
600.980084842338,173230
601.064619843132,175112
601.149154991491,175882
601.233690287662,178181
601.318225731888,178300
601.402761324415,175627
601.487297065489,177054
601.571832955354,177451
601.656368994255,179235
601.740905182438,178654
601.825441520148,175619
601.90997800763,177678
601.994514645128,180838
602.079051432889,181633
602.163588371157,179621
602.248125460177,179273
602.332662700195,178377
602.417200091456,179281
602.501737634204,178054
602.586275328686,175014
602.670813175145,173514
602.755351173828,182159
602.839889324979,184183
602.924427628843,181602
603.008966085667,181896
603.093504695693,179360
603.178043459169,175485
603.262582376339,177331
603.347121447448,179805
603.431660672741,178654
603.516200052464,175718
603.600739586861,173162
603.685279276178,171982
603.769819120659,172242
603.854359120551,171976
603.938899276098,174960
604.023439587545,179073
604.107980055137,177882
604.19252067912,177591
604.277061459738,179286
604.361602397237,176658
604.446143491862,173081
604.530684743859,184704
604.615226153471,198406
604.699767720944,196944
604.784309446525,187946
604.868851330456,183643
604.953393372984,186789
605.037935574354,190029
605.122477934812,185432
605.207020454601,200646
605.291563133967,202627
605.376105973156,189555
605.460648972412,181615
605.545192131981,176042
605.629735452108,172449
605.714278933038,170496
605.798822575015,176631
605.883366378286,178377
605.967910343095,174280
606.052454469688,171639
606.136998758309,170414
606.221543209204,173594
606.306087822618,174019
606.390632598795,171553
606.475177537982,173189
606.559722640423,176445
606.644267906364,178293
606.728813336049,179257
606.813358929724,176130
606.897904687633,172495
606.982450610022,170472
607.066996697137,169019
607.151542949221,171767
607.236089366521,175605
607.320635949282,174463
607.405182697748,171511
607.489729612165,174143
607.574276692777,174380
607.658823939831,171350
607.74337135357,172698
607.827918934241,175903
607.912466682089,174623
607.997014597358,171377
608.081562680293,180107
608.16611093114,181566
608.250659350145,178533
608.335207937551,178813
608.419756693605,178474
608.504305618551,174902
608.588854712634,174388
608.6734039761,173094
608.757953409194,180203
608.84250301216,185694
608.927052785245,180187
609.011602728693,174779
609.096152842749,171626
609.180703127658,168884
609.265253583666,167403
609.349804211018,166966
609.434355009958,169773
609.518905980733,170215
609.603457123586,174747
609.688008438764,207809
609.772559926511,212414
609.857111587073,192354
609.941663420694,180560
610.02621542762,173533
610.110767608096,173684
610.195319962366,172594
610.279872490677,169114
610.364425193274,166991
610.4489780704,166281
610.533531122303,165961
610.618084349226,166447
610.702637751414,169770
610.787191329114,172782
610.87174508257,171245
610.956299012027,174778
611.04085311773,175016
611.125407399925,170618
611.209961858857,167677
611.29451649477,190243
611.37907130791,204100
611.463626298523,192794
611.548181466852,183588
611.632736813144,184234
611.717292337643,180943
611.801848040595,174164
611.886403922244,170273
611.970959982837,171315
612.055516222617,173327
612.14007264183,174852
612.224629240722,176036
612.309186019537,174098
612.39374297852,184100
612.478300117917,185772
612.562857437973,193156
612.647414938933,195126
612.731972621042,183270
612.816530484545,173675
612.901088529688,185345
612.985646756714,186643
613.070205165871,178347
613.154763757402,172208
613.239322531553,166536
613.323881488569,166536
613.408440628695,165478
613.492999952176,162635
613.577559459258,164248
613.662119150185,167335
613.746679025203,165423
613.831239084557,161837
613.915799328492,162979
614.000359757252,162355
614.084920371084,159802
614.169481170232,158411
614.254042154942,157936
614.338603325458,157261
614.423164682026,160249
614.507726224891,163622
614.592287954298,161996
614.676849870492,176623
614.761411973718,179438
614.845974264222,168690
614.930536742248,162679
615.015099408042,162937
615.099662261849,161748
615.184225303914,158238
615.268788534481,159672
615.353351953797,159332
615.437915562106,163643
615.522479359654,164257
615.607043346685,159834
615.691607523446,173468
615.776171890179,176175
615.860736447132,166231
615.94530119455,160642
616.029866132676,160736
616.114431261757,160259
616.198996582037,161030
616.283562093762,162809
616.368127797177,163725
616.452693692527,161059
616.537259780057,156795
616.621826060012,158100
616.706392532638,161700
616.790959198179,160165
616.87552605688,156299
616.960093108988,175732
617.044660354746,180907
617.1292277944,177373
617.213795428195,181393
617.298363256377,175011
617.38293127919,164697
617.46749949688,158832
617.552067909691,155448
617.63663651787,153342
617.72120532166,539169
617.805774321307,653466
617.890343517057,446893
617.974912909154,321490
618.059482497843,249426
618.14405228337,208834
618.22862226598,185361
618.313192445918,171620
618.397762823429,179147
618.482333398757,183482
618.56690417215,174935
618.65147514385,170786
618.736046314105,167187
618.820617683158,162867
618.905189251254,160864
618.98976101864,160137
619.07433298556,158858
619.158905152259,162947
619.243477518983,185889
619.328050085976,188992
619.412622853484,178820
619.497195821751,175252
619.581768991023,177578
619.666342361546,174095
619.750915933564,166816
619.835489707321,162868
619.920063683065,167336
620.004637861039,170797
620.089212241489,166652
620.173786824659,162396
620.258361610796,161823
620.342936600144,161165
620.427511792947,160303
620.512087189453,165767
620.596662789905,194039
620.681238594548,207337
620.765814603629,193388
620.850390817391,178532
620.93496723608,172746
621.019543859942,175244
621.104120689221,172782
621.188697724162,168769
621.273274965011,165523
621.357852412012,161475
621.442430065412,160422
621.527007925454,159285
621.611585992385,160834
621.696164266449,161898
621.780742747892,159751
621.865321436958,157470
621.949900333892,156922
622.03447943894,159946
622.119058752348,160293
622.203638274359,157814
622.28821800522,160107
622.372797945175,160415
622.457378094469,158133
622.541958453348,156215
622.626539022057,156085
622.711119800841,155767
622.795700789945,154603
622.880281989613,165880
622.964863400093,168138
623.049445021627,160142
623.134026854462,155618
623.218608898843,152891
623.303191155015,155062
623.387773623222,155860
623.472356303711,156896
623.556939196726,158961
623.641522302512,156524
623.726105621315,152268
623.810689153379,153040
623.89527289895,152248
623.979856858273,152855
624.064441031593,158145
624.149025419156,160004
624.233610021205,161756
624.318194837987,161437
624.402779869747,159290
624.487365116729,160792
624.571950579179,160296
624.656536257342,154563
624.741122151463,149048
624.825708261788,148632
624.91029458856,154501
624.994881132027,153464
625.079467892432,150818
625.16405487002,148168
625.248642065038,144998
625.33322947773,177033
625.41781710834,188408
625.502404957115,309573
625.5869930243,339609
625.671581310139,257996
625.756169814878,617769
625.840758538762,704471
625.925347482035,466279
626.009936644944,336177
626.094526027733,258297
626.179115630648,206331
626.263705453933,177201
626.348295497833,163732
626.432885762595,154419
626.517476248462,147038
626.60206695568,156736
626.686657884495,157732
626.771249035151,148212
626.855840407893,149165
626.940432002967,147518
627.025023820618,146439
627.10961586109,160260
627.19420812463,160043
627.278800611482,159312
627.363393321891,158249
627.447986256102,184837
627.532579414361,188038
627.617172796912,165655
627.701766404002,151624
627.786360235874,143476
627.870954292774,142489
627.955548574948,140497
628.04014308264,151507
628.124737816095,153514
628.209332775559,147675
628.293927961276,143088
628.378523373493,137963
628.463119012454,134819
628.547714878403,133466
628.632310971587,136573
628.716907292251,139875
628.801503840639,141214
628.886100616996,138744
628.970697621569,134761
629.055294854601,133114
629.139892316339,135824
629.224490007026,138892
629.309087926909,137114
629.393686076233,137196
629.478284455242,136156
629.562883064182,132912
629.647481903298,130998
629.732080972835,129953
629.816680273037,132474
629.901279804152,132897
629.985879566422,133995
630.070479560095,137019
630.155079785414,137743
630.239680242624,134499
630.324280931972,130852
630.408881853702,136776
630.493483008059,140058
630.578084395288,135743
630.662686015635,131331
630.747287869345,134264
630.831889956662,134660
630.916492277832,130731
631.001094833101,128360
631.085697622712,127093
631.170300646912,130198
631.254903905945,130929
631.339507400056,135437
631.424111129492,138462
631.508715094496,142168
631.593319295314,151225
631.677923732192,150516
631.762528405373,144429
631.847133315104,140339
631.93173846163,135119
632.016343845195,133485
632.100949466045,131206
632.185555324425,127478
632.270161420579,125547
632.354767754754,124919
632.439374327195,127050
632.523981138146,127215
632.608588187852,125226
632.693195476559,125824
632.777803004512,125712
632.862410771956,125550
632.947018779136,125781
633.031627026297,126112
633.116235513685,128254
633.200844241544,134167
633.28545321012,133797
633.370062419658,128600
633.454671870403,125347
633.539281562599,123813
633.623891496493,122962
633.708501672329,122506
633.793112090353,125091
633.877722750809,125003
633.962333653943,122929
634.0469448,121696
634.131556189225,121010
634.216167821863,123544
634.300779698159,124089
634.385391818359,122365
634.470004182707,121714
634.554616791449,120878
634.639229644829,123298
634.723842743094,140438
634.808456086488,146511
634.893069675256,137293
634.977683509643,132383
635.062297589895,132278
635.146911916256,132283
635.231526488972,128822
635.316141308288,291583
635.400756374449,335583
635.4853716877,250566
635.569987248286,201707
635.654603056453,168397
635.739219112446,147916
635.823835416509,136644
635.908451968888,135912
635.993068769827,153370
636.077685819573,152583
636.16230311837,159430
636.246920666464,156591
636.331538464099,260994
636.41615651152,285144
636.500774808974,214659
636.585393356704,172639
636.670012154956,172784
636.754631203976,169336
636.839250504007,149590
636.923870055296,135391
637.008489858088,129132
637.093109912628,125307
637.17773021916,121265
637.26235077793,118741
637.346971589183,126967
637.431592653165,132516
637.51621397012,127940
637.600835540293,124750
637.68545736393,124519
637.770079441276,125357
637.854701772576,123059
637.939324358074,119690
638.023947198017,117865
