Scan Date:,2025-05-26 16:27:54Z
Integration Time:,1000
Number of Averages:,100

Pixel Number,Wavelength (nm),Sum Spectrum,Averaged Spectrum
0,464.9839,49244,492.44
1,465.068515076491,48776,487.76
2,465.153129906126,48847,488.47
3,465.237744489151,48690,486.9
4,465.322358825812,48741,487.41
5,465.406972916352,48898,488.98
6,465.491586761018,48821,488.21
7,465.576200360054,48851,488.51
8,465.660813713705,48871,488.71
9,465.745426822218,48999,489.99
10,465.830039685836,49112,491.12
11,465.914652304805,49325,493.25
12,465.99926467937,49417,494.17
13,466.083876809776,49225,492.25
14,466.168488696269,49111,491.11
15,466.253100339093,195097,1950.97
16,466.337711738494,236655,2366.55
17,466.422322894716,159558,1595.58
18,466.506933808006,114044,1140.44
19,466.591544478607,87529,875.29
20,466.676154906766,72137,721.37
21,466.760765092726,63349,633.49
22,466.845375036735,62049,620.49
23,466.929984739036,60887,608.87
24,467.014594199874,58112,581.12
25,467.099203419495,56184,561.84
26,467.183812398145,54551,545.51
27,467.268421136067,53635,536.35
28,467.353029633508,83692,836.92
29,467.437637890711,94005,940.05
30,467.522245907924,81690,816.9
31,467.60685368539,71760,717.6
32,467.691461223355,63555,635.55
33,467.776068522063,59178,591.78
34,467.860675581761,56458,564.58
35,467.945282402693,59678,596.78
36,468.029888985104,66664,666.64
37,468.11449532924,65766,657.66
38,468.199101435345,64034,640.34
39,468.283707303665,61648,616.48
40,468.368312934445,57875,578.75
41,468.45291832793,59256,592.56
42,468.537523484364,62370,623.7
43,468.622128403994,86586,865.86
44,468.706733087065,97531,975.31
45,468.791337533821,83865,838.65
46,468.875941744507,70527,705.27
47,468.96054571937,63623,636.23
48,469.045149458653,59892,598.92
49,469.129752962602,57394,573.94
50,469.214356231462,55504,555.04
51,469.298959265479,54641,546.41
52,469.383562064897,54398,543.98
53,469.468164629962,53932,539.32
54,469.552766960919,56656,566.56
55,469.637369058012,61043,610.43
56,469.721970921487,60329,603.29
57,469.80657255159,57969,579.69
58,469.891173948565,59637,596.37
59,469.975775112657,59222,592.22
60,470.060376044111,56486,564.86
61,470.144976743173,55079,550.79
62,470.229577210088,57761,577.61
63,470.314177445101,58430,584.3
64,470.398777448457,59924,599.24
65,470.483377220402,83899,838.99
66,470.567976761179,91524,915.24
67,470.652576071035,79965,799.65
68,470.737175150215,69864,698.64
69,470.821773998963,62910,629.1
70,470.906372617525,62210,622.1
71,470.990971006146,60409,604.09
72,471.075569165072,92525,925.25
73,471.160167094546,101203,1012.03
74,471.244764794815,85650,856.5
75,471.329362266123,74603,746.03
76,471.413959508717,68754,687.54
77,471.498556522839,71191,711.91
78,471.583153308737,71958,719.58
79,471.667749866655,68641,686.41
80,471.752346196838,67554,675.54
81,471.836942299532,67378,673.78
82,471.921538174981,71346,713.46
83,472.00613382343,69173,691.73
84,472.090729245126,62599,625.99
85,472.175324440312,58577,585.77
86,472.259919409234,60033,600.33
87,472.344514152137,59475,594.75
88,472.429108669267,56289,562.89
89,472.513702960868,56024,560.24
90,472.598297027185,57739,577.39
91,472.682890868465,57585,575.85
92,472.767484484951,55587,555.87
93,472.852077876889,54085,540.85
94,472.936671044524,56964,569.64
95,473.021263988101,57893,578.93
96,473.105856707865,56456,564.56
97,473.190449204062,61498,614.98
98,473.275041476937,77987,779.87
99,473.359633526735,85304,853.04
100,473.4442253537,76377,763.77
101,473.528816958078,69588,695.88
102,473.613408340115,68046,680.46
103,473.697999500055,64070,640.7
104,473.782590438143,59357,593.57
105,473.867181154625,56841,568.41
106,473.951771649745,59575,595.75
107,474.03636192375,59527,595.27
108,474.120951976883,57106,571.06
109,474.20554180939,56266,562.66
110,474.290131421517,55237,552.37
111,474.374720813508,58309,583.09
112,474.459309985608,58627,586.27
113,474.543898938063,56061,560.61
114,474.628487671118,54758,547.58
115,474.713076185018,54055,540.55
116,474.797664480008,57723,577.23
117,474.882252556332,90303,903.03
118,474.966840414238,99891,998.91
119,475.051428053968,118439,1184.39
120,475.13601547577,116060,1160.6
121,475.220602679887,89698,896.98
122,475.305189666564,73851,738.51
123,475.389776436048,64994,649.94
124,475.474362988583,59913,599.13
125,475.558949324414,56512,565.12
126,475.643535443787,54939,549.39
127,475.728121346946,54443,544.43
128,475.812707034136,53744,537.44
129,475.897292505604,78430,784.3
130,475.981877761593,90036,900.36
131,476.066462802349,81302,813.02
132,476.151047628118,74747,747.47
133,476.235632239144,67419,674.19
134,476.320216635672,60962,609.62
135,476.404800817948,61084,610.84
136,476.489384786216,60487,604.87
137,476.573968540723,62161,621.61
138,476.658552081712,82748,827.48
139,476.74313540943,85328,853.28
140,476.827718524121,72213,722.13
141,476.91230142603,63984,639.84
142,476.996884115403,62560,625.6
143,477.081466592484,60934,609.34
144,477.166048857519,57459,574.59
145,477.250630910753,59242,592.42
146,477.335212752432,59299,592.99
147,477.419794382799,56821,568.21
148,477.504375802101,58901,589.01
149,477.588957010582,59475,594.75
150,477.673538008487,57126,571.26
151,477.758118796063,101909,1019.09
152,477.842699373553,113685,1136.85
153,477.927279741204,88228,882.28
154,478.011859899259,73072,730.72
155,478.096439847965,64032,640.32
156,478.181019587566,59615,596.15
157,478.265599118308,57351,573.51
158,478.350178440435,55234,552.34
159,478.434757554193,54346,543.46
160,478.519336459827,67182,671.82
161,478.603915157582,70176,701.76
162,478.688493647704,62691,626.91
163,478.773071930436,123907,1239.07
164,478.857650006026,139798,1397.98
165,478.942227874716,104675,1046.75
166,479.026805536754,95661,956.61
167,479.111382992383,88484,884.84
168,479.19596024185,78342,783.42
169,479.280537285398,69702,697.02
170,479.365114123274,62514,625.14
171,479.449690755722,58138,581.38
172,479.534267182988,55426,554.26
173,479.618843405317,53783,537.83
174,479.703419422953,56650,566.5
175,479.787995236142,61763,617.63
176,479.87257084513,60809,608.09
177,479.95714625016,57653,576.53
178,480.041721451479,55875,558.75
179,480.126296449331,55038,550.38
180,480.210871243962,57288,572.88
181,480.295445835617,57739,577.39
182,480.380020224541,59068,590.68
183,480.464594410979,58602,586.02
184,480.549168395175,59712,597.12
185,480.633742177377,59541,595.41
186,480.718315757827,56795,567.95
187,480.802889136772,55135,551.35
188,480.887462314457,54331,543.31
189,480.972035291127,53569,535.69
190,481.056608067026,57145,571.45
191,481.141180642401,71365,713.65
192,481.225753017496,72409,724.09
193,481.310325192556,63577,635.77
194,481.394897167827,61937,619.37
195,481.479468943554,60675,606.75
196,481.564040519981,57837,578.37
197,481.648611897354,56100,561
198,481.733183075918,54460,544.6
199,481.817754055918,57120,571.2
200,481.9023248376,57923,579.23
201,481.986895421208,59006,590.06
202,482.071465806988,95647,956.47
203,482.156035995184,103716,1037.16
204,482.240605986042,85830,858.3
205,482.325175779807,73981,739.81
206,482.409745376725,64914,649.14
207,482.494314777039,59443,594.43
208,482.578883980996,56387,563.87
209,482.663452988841,54778,547.78
210,482.748021800818,53663,536.63
211,482.832590417173,53661,536.61
212,482.91715883815,57735,577.35
213,483.001727063996,61535,615.35
214,483.086295094955,60069,600.69
215,483.170862931273,57158,571.58
216,483.255430573193,56297,562.97
217,483.339998020963,59338,593.38
218,483.424565274826,59850,598.5
219,483.509132335028,57124,571.24
220,483.593699201814,55389,553.89
221,483.678265875429,57584,575.84
222,483.762832356118,57530,575.3
223,483.847398644127,55078,550.78
224,483.9319647397,57329,573.29
225,484.016530643083,69980,699.8
226,484.101096354521,71562,715.62
227,484.185661874258,64436,644.36
228,484.270227202541,59599,595.99
229,484.354792339614,56680,566.8
230,484.439357285722,55769,557.69
231,484.523922041111,58510,585.1
232,484.608486606025,61952,619.52
233,484.69305098071,60673,606.73
234,484.777615165411,59384,593.84
235,484.862179160373,61445,614.45
236,484.946742965841,60252,602.52
237,485.03130658206,60180,601.8
238,485.115870009276,63178,631.78
239,485.200433247733,61724,617.24
240,485.284996297677,58252,582.52
241,485.369559159353,82874,828.74
242,485.454121833005,92398,923.98
243,485.53868431888,78180,781.8
244,485.623246617222,68614,686.14
245,485.707808728276,62894,628.94
246,485.792370652288,58628,586.28
247,485.876932389502,59356,593.56
248,485.961493940164,58950,589.5
249,486.046055304519,56499,564.99
250,486.130616482813,55954,559.54
251,486.215177475289,55683,556.83
252,486.299738282193,62168,621.68
253,486.384298903771,63884,638.84
254,486.468859340268,59430,594.3
255,486.553419591928,56432,564.32
256,486.637979658997,55341,553.41
257,486.722539541719,54743,547.43
258,486.807099240341,56780,567.8
259,486.891658755108,56995,569.95
260,486.976218086263,54798,547.98
261,487.060777234053,53703,537.03
262,487.145336198723,53006,530.06
263,487.229894980517,52457,524.57
264,487.314453579682,53137,531.37
265,487.399011996461,53530,535.3
266,487.483570231101,53214,532.14
267,487.568128283845,52775,527.75
268,487.652686154941,52293,522.93
269,487.737243844632,52721,527.21
270,487.821801353163,57304,573.04
271,487.906358680781,58384,583.84
272,487.990915827729,56028,560.28
273,488.075472794253,54858,548.58
274,488.160029580599,59117,591.17
275,488.244586187011,59980,599.8
276,488.329142613735,57380,573.8
277,488.413698861015,62799,627.99
278,488.498254929097,63665,636.65
279,488.582810818225,63067,630.67
280,488.667366528646,62872,628.72
281,488.751922060605,59606,596.06
282,488.836477414345,57433,574.33
283,488.921032590113,56525,565.25
284,489.005587588153,57439,574.39
285,489.090142408711,87311,873.11
286,489.174697052032,98050,980.5
287,489.259251518361,85105,851.05
288,489.343805807943,73727,737.27
289,489.428359921024,64688,646.88
290,489.512913857847,59306,593.06
291,489.597467618659,57015,570.15
292,489.682021203705,68380,683.8
293,489.76657461323,70942,709.42
294,489.851127847479,63351,633.51
295,489.935680906696,60610,606.1
296,490.020233791128,58300,583
297,490.104786501019,55432,554.32
298,490.189339036615,57910,579.1
299,490.27389139816,58204,582.04
300,490.3584435859,55674,556.74
301,490.44299560008,54282,542.82
302,490.527547440945,53627,536.27
303,490.612099108739,53076,530.76
304,490.69665060371,52665,526.65
305,490.7812019261,52827,528.27
306,490.865753076156,56339,563.39
307,490.950304054123,57570,575.7
308,491.034854860246,56106,561.06
309,491.119405494769,55113,551.13
310,491.203955957939,54508,545.08
311,491.288506249999,54357,543.57
312,491.373056371197,53548,535.48
313,491.457606321775,56997,569.97
314,491.54215610198,59086,590.86
315,491.626705712057,56801,568.01
316,491.711255152251,54673,546.73
317,491.795804422807,53392,533.92
318,491.88035352397,52616,526.16
319,491.964902455985,52925,529.25
320,492.049451219098,56999,569.99
321,492.133999813553,57726,577.26
322,492.218548239596,55629,556.29
323,492.303096497471,57458,574.58
324,492.387644587425,59824,598.24
325,492.472192509702,61830,618.3
326,492.556740264546,69400,694
327,492.641287852205,68610,686.1
328,492.725835272921,61881,618.81
329,492.810382526942,58938,589.38
330,492.894929614511,68411,684.11
331,492.979476535874,70214,702.14
332,493.064023291276,63189,631.89
333,493.148569880962,61333,613.33
334,493.233116305178,59743,597.43
335,493.317662564167,56805,568.05
336,493.402208658177,55712,557.12
337,493.486754587451,54838,548.38
338,493.571300352235,53689,536.89
339,493.655845952774,53062,530.62
340,493.740391389313,56588,565.88
341,493.824936662097,57618,576.18
342,493.909481771372,58019,580.19
343,493.994026717382,57265,572.65
344,494.078571500372,55115,551.15
345,494.163116120589,54270,542.7
346,494.247660578276,54034,540.34
347,494.33220487368,86626,866.26
348,494.416749007044,95984,959.84
349,494.501292978615,78677,786.77
350,494.585836788637,67752,677.52
351,494.670380437356,61480,614.8
352,494.754923925017,58623,586.23
353,494.839467251864,60673,606.73
354,494.924010418144,60156,601.56
355,495.0085534241,56937,569.37
356,495.093096269979,71347,713.47
357,495.177638956025,74664,746.64
358,495.262181482484,69018,690.18
359,495.3467238496,67621,676.21
360,495.431266057619,63159,631.59
361,495.515808106786,62637,626.37
362,495.600349997346,61279,612.79
363,495.684891729544,57827,578.27
364,495.769433303626,57524,575.24
365,495.853974719836,56775,567.75
366,495.938515978419,54978,549.78
367,496.023057079622,54096,540.96
368,496.107598023688,53503,535.03
369,496.192138810863,56926,569.26
370,496.276679441392,57707,577.07
371,496.361219915521,57328,573.28
372,496.445760233493,89572,895.72
373,496.530300395556,97504,975.04
374,496.614840401953,79348,793.48
375,496.69938025293,74030,740.3
376,496.783919948731,69385,693.85
377,496.868459489603,66334,663.34
378,496.95299887579,63081,630.81
379,497.037538107538,66297,662.97
380,497.12207718509,65974,659.74
381,497.206616108694,64370,643.7
382,497.291154878593,62385,623.85
383,497.375693495033,58904,589.04
384,497.460231958259,56422,564.22
385,497.544770268516,54961,549.61
386,497.629308426049,54516,545.16
387,497.713846431104,54013,540.13
388,497.798384283926,56764,567.64
389,497.882921984759,57362,573.62
390,497.967459533848,55830,558.3
391,498.05199693144,58639,586.39
392,498.136534177779,63305,633.05
393,498.22107127311,62293,622.93
394,498.305608217678,58477,584.77
395,498.390145011729,56443,564.43
396,498.474681655507,55157,551.57
397,498.559218149259,54359,543.59
398,498.643754493228,54368,543.68
399,498.72829068766,53837,538.37
400,498.8128267328,53067,530.67
401,498.897362628894,53115,531.15
402,498.981898376185,53504,535.04
403,499.066433974921,54028,540.28
404,499.150969425345,58084,580.84
405,499.235504727703,74334,743.34
406,499.32003988224,75982,759.82
407,499.404574889201,69307,693.07
408,499.489109748831,65216,652.16
409,499.573644461376,60525,605.25
410,499.65817902708,57389,573.89
411,499.742713446188,55694,556.94
412,499.827247718947,54735,547.35
413,499.9117818456,54051,540.51
414,499.996315826393,53372,533.72
415,500.080849661572,53217,532.17
416,500.165383351381,53544,535.44
417,500.249916896065,53499,534.99
418,500.33445029587,53975,539.75
419,500.41898355104,73226,732.26
420,500.503516661822,78368,783.68
421,500.588049628459,67524,675.24
422,500.672582451197,61996,619.96
423,500.757115130282,59104,591.04
424,500.841647665958,56755,567.55
425,500.92618005847,55079,550.79
426,501.010712308064,81170,811.7
427,501.095244414985,91522,915.22
428,501.179776379478,81132,811.32
429,501.264308201788,71558,715.58
430,501.34883988216,67685,676.85
431,501.433371420839,64090,640.9
432,501.517902818071,59071,590.71
433,501.6024340741,60592,605.92
434,501.686965189172,63216,632.16
435,501.771496163532,61040,610.4
436,501.856026997425,57659,576.59
437,501.940557691096,55664,556.64
438,502.02508824479,54536,545.36
439,502.109618658753,58031,580.31
440,502.194148933229,58617,586.17
441,502.278679068464,56086,560.86
442,502.363209064702,55137,551.37
443,502.44773892219,54398,543.98
444,502.532268641171,57229,572.29
445,502.616798221892,58290,582.9
446,502.701327664597,56748,567.48
447,502.785856969531,55471,554.71
448,502.87038613694,58172,581.72
449,502.954915167069,62190,621.9
450,503.039444060163,60919,609.19
451,503.123972816466,57582,575.82
452,503.208501436225,59915,599.15
453,503.293029919684,60925,609.25
454,503.377558267088,62308,623.08
455,503.462086478683,65374,653.74
456,503.546614554714,67727,677.27
457,503.631142495425,64932,649.32
458,503.715670301062,60100,601
459,503.800197971871,57192,571.92
460,503.884725508095,55499,554.99
461,503.969252909981,57783,577.83
462,504.053780177773,61843,618.43
463,504.138307311717,61270,612.7
464,504.222834312058,62060,620.6
465,504.307361179041,61722,617.22
466,504.39188791291,62497,624.97
467,504.476414513912,63159,631.59
468,504.560940982291,77586,775.86
469,504.645467318292,79217,792.17
470,504.729993522161,67743,677.43
471,504.814519594143,64505,645.05
472,504.899045534482,64593,645.93
473,504.983571343424,66797,667.97
474,505.068097021215,68100,681
475,505.152622568098,67341,673.41
476,505.23714798432,78523,785.23
477,505.321673270126,78164,781.64
478,505.40619842576,68043,680.43
479,505.490723451468,62120,621.2
480,505.575248347494,61602,616.02
481,505.659773114085,60298,602.98
482,505.744297751485,86555,865.55
483,505.828822259939,96735,967.35
484,505.913346639693,81250,812.5
485,505.997870890991,69892,698.92
486,506.082395014079,63352,633.52
487,506.166919009201,59631,596.31
488,506.251442876604,56980,569.8
489,506.335966616531,58698,586.98
490,506.420490229229,58678,586.78
491,506.505013714942,57005,570.05
492,506.589537073916,56617,566.17
493,506.674060306396,59151,591.51
494,506.758583412626,60097,600.97
495,506.843106392852,57999,579.99
496,506.927629247319,56398,563.98
497,507.012151976272,55609,556.09
498,507.096674579957,58646,586.46
499,507.181197058618,60272,602.72
500,507.2657194125,58564,585.64
501,507.350241641849,86776,867.76
502,507.43476374691,97760,977.6
503,507.519285727928,82138,821.38
504,507.603807585148,70290,702.9
505,507.688329318816,63857,638.57
506,507.772850929175,63358,633.58
507,507.857372416473,65519,655.19
508,507.941893780953,63202,632.02
509,508.02641502286,59856,598.56
510,508.110936142441,57826,578.26
511,508.195457139939,59365,593.65
512,508.279978015601,59222,592.22
513,508.364498769671,57518,575.18
514,508.449019402395,56254,562.54
515,508.533539914017,55002,550.02
516,508.618060304783,57393,573.93
517,508.702580574937,58123,581.23
518,508.787100724726,56764,567.64
519,508.871620754394,57350,573.5
520,508.956140664186,72730,727.3
521,509.040660454347,80808,808.08
522,509.125180125123,88619,886.19
523,509.209699676758,85349,853.49
524,509.294219109499,92230,922.3
525,509.378738423589,89919,899.19
526,509.463257619274,78915,789.15
527,509.5477766968,70936,709.36
528,509.632295656411,63394,633.94
529,509.716814498352,59111,591.11
530,509.801333222869,56711,567.11
531,509.885851830207,55395,553.95
532,509.97037032061,55211,552.11
533,510.054888694324,54869,548.69
534,510.139406951595,58548,585.48
535,510.223925092667,59646,596.46
536,510.308443117785,57307,573.07
537,510.392961027195,56275,562.75
538,510.477478821141,59345,593.45
539,510.56199649987,63205,632.05
540,510.646514063625,65559,655.59
541,510.731031512652,67269,672.69
542,510.815548847197,64541,645.41
543,510.900066067503,60899,608.99
544,510.984583173818,58425,584.25
545,511.069100166384,59893,598.93
546,511.153617045449,59316,593.16
547,511.238133811256,60648,606.48
548,511.322650464052,60551,605.51
549,511.407167004081,57846,578.46
550,511.491683431587,63892,638.92
551,511.576199746818,64841,648.41
552,511.660715950017,63910,639.1
553,511.745232041429,62728,627.28
554,511.829748021301,59446,594.46
555,511.914263889876,57597,575.97
556,511.9987796474,57834,578.34
557,512.083295294119,57314,573.14
558,512.167810830277,56616,566.16
559,512.252326256119,58909,589.09
560,512.336841571891,62096,620.96
561,512.421356777838,76497,764.97
562,512.505871874205,78374,783.74
563,512.590386861236,72574,725.74
564,512.674901739178,68725,687.25
565,512.759416508275,63644,636.44
566,512.843931168773,59968,599.68
567,512.928445720916,61449,614.49
568,513.01296016495,64669,646.69
569,513.097474501119,62627,626.27
570,513.18198872967,59248,592.48
571,513.266502850847,57773,577.73
572,513.351016864895,60283,602.83
573,513.435530772059,60880,608.8
574,513.520044572585,58193,581.93
575,513.604558266717,56634,566.34
576,513.689071854701,62901,629.01
577,513.773585336782,66591,665.91
578,513.858098713206,67546,675.46
579,513.942611984216,69138,691.38
580,514.027125150058,72492,724.92
581,514.111638210978,73793,737.93
582,514.196151167221,69166,691.66
583,514.280664019031,63242,632.42
584,514.365176766654,60015,600.15
585,514.449689410336,61154,611.54
586,514.53420195032,64318,643.18
587,514.618714386852,63007,630.07
588,514.703226720178,59644,596.44
589,514.787738950542,57922,579.22
590,514.87225107819,56966,569.66
591,514.956763103367,56008,560.08
592,515.041275026318,55555,555.55
593,515.125786847287,63388,633.88
594,515.210298566521,65508,655.08
595,515.294810184265,61310,613.1
596,515.379321700762,59074,590.74
597,515.463833116259,58165,581.65
598,515.548344431001,57232,572.32
599,515.632855645233,59771,597.71
600,515.7173667592,60535,605.35
601,515.801877773147,60187,601.87
602,515.886388687319,62589,625.89
603,515.970899501962,61811,618.11
604,516.05541021732,59064,590.64
605,516.139920833639,57427,574.27
606,516.224431351163,56695,566.95
607,516.308941770138,56500,565
608,516.39345209081,56270,562.7
609,516.477962313423,56043,560.43
610,516.562472438222,59117,591.17
611,516.646982465452,63458,634.58
612,516.731492395359,67817,678.17
613,516.816002228188,67017,670.17
614,516.900511964184,62902,629.02
615,516.985021603591,66843,668.43
616,517.069531146656,73888,738.88
617,517.154040593623,81874,818.74
618,517.238549944738,78439,784.39
619,517.323059200245,72467,724.67
620,517.40756836039,68156,681.56
621,517.492077425417,63435,634.35
622,517.576586395573,60385,603.85
623,517.661095271101,87412,874.12
624,517.745604052248,94560,945.6
625,517.830112739258,78366,783.66
626,517.914621332376,76308,763.08
627,517.999129831848,73470,734.7
628,518.083638237919,66973,669.73
629,518.168146550834,62845,628.45
630,518.252654770838,60140,601.4
631,518.337162898176,58745,587.45
632,518.421670933093,57857,578.57
633,518.506178875835,57443,574.43
634,518.590686726646,57196,571.96
635,518.675194485772,57781,577.81
636,518.759702153457,61139,611.39
637,518.844209729948,61805,618.05
638,518.928717215489,59805,598.05
639,519.013224610325,61831,618.31
640,519.097731914701,62757,627.57
641,519.182239128863,60926,609.26
642,519.266746253055,59651,596.51
643,519.351253287523,58939,589.39
644,519.435760232512,58184,581.84
645,519.520267088267,57829,578.29
646,519.604773855033,57710,577.1
647,519.689280533056,57497,574.97
648,519.77378712258,57365,573.65
649,519.85829362385,57080,570.8
650,519.942800037113,60816,608.16
651,520.027306362612,61872,618.72
652,520.111812600593,59862,598.62
653,520.196318751301,58541,585.41
654,520.280824814981,58025,580.25
655,520.365330791879,57850,578.5
656,520.449836682239,58283,582.83
657,520.534342486307,58554,585.54
658,520.618848204327,58165,581.65
659,520.703353836546,61022,610.22
660,520.787859383207,61895,618.95
661,520.872364844557,66830,668.3
662,520.95687022084,86737,867.37
663,521.041375512301,88128,881.28
664,521.125880719186,75416,754.16
665,521.21038584174,67911,679.11
666,521.294890880208,77053,770.53
667,521.379395834834,78471,784.71
668,521.463900705865,73369,733.69
669,521.548405493545,69459,694.59
670,521.632910198119,64804,648.04
671,521.717414819833,62210,622.1
672,521.801919358931,60565,605.65
673,521.88642381566,59604,596.04
674,521.970928190263,62911,629.11
675,522.055432482986,222185,2221.85
676,522.139936694074,264501,2645.01
677,522.224440823773,181849,1818.49
678,522.308944872327,132095,1320.95
679,522.393448839982,101589,1015.89
680,522.477952726982,86930,869.3
681,522.562456533574,94475,944.75
682,522.646960260001,91547,915.47
683,522.731463906509,82183,821.83
684,522.815967473344,78902,789.02
685,522.90047096075,72742,727.42
686,522.984974368973,66806,668.06
687,523.069477698257,63294,632.94
688,523.153980948848,61619,616.19
689,523.238484120991,61015,610.15
690,523.322987214931,60885,608.85
691,523.407490230914,64186,641.86
692,523.491993169183,68873,688.73
693,523.576496029985,103709,1037.09
694,523.660998813565,110341,1103.41
695,523.745501520167,118870,1188.7
696,523.830004150038,114797,1147.97
697,523.914506703421,92436,924.36
698,523.999009180562,79310,793.1
699,524.083511581707,71356,713.56
700,524.1680139071,66586,665.86
701,524.252516156987,64044,640.44
702,524.337018331612,62655,626.55
703,524.421520431221,65181,651.81
704,524.506022456059,66237,662.37
705,524.590524406371,64456,644.56
706,524.675026282403,84147,841.47
707,524.759528084398,89971,899.71
708,524.844029812603,78665,786.65
709,524.928531467263,71595,715.95
710,525.013033048623,85024,850.24
711,525.097534556927,88500,885
712,525.182035992421,77834,778.34
713,525.266537355351,71020,710.2
714,525.351038645961,67394,673.94
715,525.435539864496,69304,693.04
716,525.520041011202,69316,693.16
717,525.604542086324,67140,671.4
718,525.689043090106,73978,739.78
719,525.773544022794,75113,751.13
720,525.858044884634,74283,742.83
721,525.942545675869,73041,730.41
722,526.027046396746,69102,691.02
723,526.11154704751,66640,666.4
724,526.196047628405,65454,654.54
725,526.280548139677,69166,691.66
726,526.36504858157,70198,701.98
727,526.449548954331,67863,678.63
728,526.534049258204,67052,670.52
729,526.618549493434,70132,701.32
730,526.703049660267,70440,704.4
731,526.787549758947,68266,682.66
732,526.87204978972,70122,701.22
733,526.956549752831,70638,706.38
734,527.041049648525,68992,689.92
735,527.125549477046,67693,676.93
736,527.210049238641,85078,850.78
737,527.294548933555,91824,918.24
738,527.379048562032,82342,823.42
739,527.463548124317,75347,753.47
740,527.548047620657,72643,726.43
741,527.632547051295,71028,710.28
742,527.717046416477,69911,699.11
743,527.801545716449,75485,754.85
744,527.886044951455,77088,770.88
745,527.97054412174,81946,819.46
746,528.05504322755,81322,813.22
747,528.139542269129,75522,755.22
748,528.224041246724,74146,741.46
749,528.308540160578,75855,758.55
750,528.393039010938,75085,750.85
751,528.477537798047,72204,722.04
752,528.562036522152,73326,733.26
753,528.646535183498,76545,765.45
754,528.731033782329,78639,786.39
755,528.815532318891,76531,765.31
756,528.900030793429,73296,732.96
757,528.984529206188,71339,713.39
758,529.069027557414,70361,703.61
759,529.15352584735,69744,697.44
760,529.238024076243,69411,694.11
761,529.322522244338,69117,691.17
762,529.407020351879,69047,690.47
763,529.491518399112,69500,695
764,529.576016386283,69823,698.23
765,529.660514313635,69869,698.69
766,529.745012181415,69534,695.34
767,529.829509989866,69476,694.76
768,529.914007739236,69757,697.57
769,529.998505429768,73666,736.66
770,530.083003061708,75136,751.36
771,530.167500635301,73626,736.26
772,530.251998150792,72820,728.2
773,530.336495608426,73190,731.9
774,530.420993008449,76865,768.65
775,530.505490351105,80836,808.36
776,530.589987636639,82860,828.6
777,530.674484865298,83901,839.01
778,530.758982037325,81413,814.13
779,530.843479152966,77818,778.18
780,530.927976212466,75940,759.4
781,531.012473216071,75501,755.01
782,531.096970164025,126049,1260.49
783,531.181467056574,143021,1430.21
784,531.265963893962,116508,1165.08
785,531.350460676435,98371,983.71
786,531.434957404238,88519,885.19
787,531.519454077616,83130,831.3
788,531.603950696814,82010,820.1
789,531.688447262078,81299,812.99
790,531.772943773652,79091,790.91
791,531.857440231782,76999,769.99
792,531.941936636713,75546,755.46
793,532.026432988689,77920,779.2
794,532.110929287956,78460,784.6
795,532.19542553476,79723,797.23
796,532.279921729345,78809,788.09
797,532.364417871956,74834,748.34
798,532.448913962839,71832,718.32
799,532.533410002239,70107,701.07
800,532.6179059904,68619,686.19
801,532.702401927568,66773,667.73
802,532.786897813989,65088,650.88
803,532.871393649906,70977,709.77
804,532.955889435567,75685,756.85
805,533.040385171214,72447,724.47
806,533.124880857094,96721,967.21
807,533.209376493452,100980,1009.8
808,533.293872080533,82967,829.67
809,533.378367618582,72054,720.54
810,533.462863107844,88561,885.61
811,533.547358548564,90957,909.57
812,533.631853940988,79259,792.59
813,533.71634928536,71411,714.11
814,533.800844581926,75367,753.67
815,533.885339830931,73817,738.17
816,533.96983503262,65500,655
817,534.054330187238,60197,601.97
818,534.13882529503,60156,601.56
819,534.223320356242,59187,591.87
820,534.307815371118,56257,562.57
821,534.392310339903,54594,545.94
822,534.476805262844,53639,536.39
823,534.561300140184,53192,531.92
824,534.64579497217,59779,597.79
825,534.730289759045,61459,614.59
826,534.814784501056,61175,611.75
827,534.899279198448,60721,607.21
828,534.983773851465,57804,578.04
829,535.068268460352,58940,589.4
830,535.152763025356,68725,687.25
831,535.23725754672,87873,878.73
832,535.321752024691,87607,876.07
833,535.406246459513,74162,741.62
834,535.490740851431,65035,650.35
835,535.575235200691,59443,594.43
836,535.659729507538,56446,564.46
837,535.744223772216,476438,4764.38
838,535.828717994971,595846,5958.46
839,535.913212176048,368291,3682.91
840,535.997706315693,233057,2330.57
841,536.08220041415,165582,1655.82
842,536.166694471664,124323,1243.23
843,536.251188488481,94398,943.98
844,536.335682464845,76961,769.61
845,536.420176401003,67086,670.86
846,536.504670297198,60942,609.42
847,536.589164153677,57240,572.4
848,536.673657970684,55471,554.71
849,536.758151748464,55468,554.68
850,536.842645487263,55169,551.69
851,536.927139187325,54379,543.79
852,537.011632848896,57370,573.7
853,537.096126472221,58337,583.37
854,537.180620057546,60567,605.67
855,537.265113605114,63350,633.5
856,537.349607115172,61231,612.31
857,537.434100587964,58948,589.48
858,537.518594023736,57018,570.18
859,537.603087422733,55167,551.67
860,537.687580785199,54667,546.67
861,537.772074111381,57547,575.47
862,537.856567401522,68971,689.71
863,537.941060655869,81327,813.27
864,538.025553874667,77514,775.14
865,538.11004705816,67555,675.55
866,538.194540206593,61742,617.42
867,538.279033320213,58638,586.38
868,538.363526399263,57813,578.13
869,538.44801944399,59253,592.53
870,538.532512454637,62420,624.2
871,538.617005431451,69708,697.08
872,538.701498374677,74571,745.71
873,538.785991284559,77249,772.49
874,538.870484161343,80816,808.16
875,538.954977005273,87031,870.31
876,539.039469816596,89224,892.24
877,539.123962595556,87674,876.74
878,539.208455342398,92359,923.59
879,539.292948057368,94847,948.47
880,539.37744074071,89360,893.6
881,539.46193339267,86769,867.69
882,539.546426013493,86456,864.56
883,539.630918603424,88516,885.16
884,539.715411162708,85078,850.78
885,539.79990369159,81044,810.44
886,539.884396190315,77591,775.91
887,539.968888659129,98850,988.5
888,540.053381098277,108425,1084.25
889,540.137873508003,93546,935.46
890,540.222365888553,79968,799.68
891,540.306858240173,71937,719.37
892,540.391350563106,66754,667.54
893,540.475842857599,70284,702.84
894,540.560335123896,69768,697.68
895,540.644827362243,67708,677.08
896,540.729319572884,68565,685.65
897,540.813811756066,65440,654.4
898,540.898303912032,60646,606.46
899,540.982796041028,57541,575.41
900,541.0672881433,55797,557.97
901,541.151780219092,55116,551.16
902,541.23627226865,54492,544.92
903,541.320764292218,53772,537.72
904,541.405256290042,53845,538.45
905,541.489748262367,56269,562.69
906,541.574240209438,60931,609.31
907,541.6587321315,60438,604.38
908,541.743224028798,60751,607.51
909,541.827715901578,59968,599.68
910,541.912207750085,56509,565.09
911,541.996699574563,55213,552.13
912,542.081191375258,55015,550.15
913,542.165683152415,58212,582.12
914,542.250174906279,58603,586.03
915,542.334666637096,56063,560.63
916,542.41915834511,54579,545.79
917,542.503650030566,75560,755.6
918,542.58814169371,84486,844.86
919,542.672633334787,80751,807.51
920,542.757124954042,74182,741.82
921,542.841616551719,65586,655.86
922,542.926108128065,63996,639.96
923,543.010599683325,62439,624.39
924,543.095091217743,59963,599.63
925,543.179582731564,85960,859.6
926,543.264074225034,92842,928.42
927,543.348565698398,78438,784.38
928,543.433057151901,71290,712.9
929,543.517548585789,68716,687.16
930,543.602040000305,75668,756.68
931,543.686531395696,83845,838.45
932,543.771022772206,85259,852.59
933,543.855514130081,89711,897.11
934,543.940005469566,96676,966.76
935,544.024496790906,99068,990.68
936,544.108988094346,106717,1067.17
937,544.193479380131,113551,1135.51
938,544.277970648506,112997,1129.97
939,544.362461899717,111957,1119.57
940,544.446953134009,116571,1165.71
941,544.531444351626,119628,1196.28
942,544.615935552814,121810,1218.1
943,544.700426737818,124717,1247.17
944,544.784917906884,125899,1258.99
945,544.869409060255,129923,1299.23
946,544.953900198178,132346,1323.46
947,545.038391320898,131695,1316.95
948,545.122882428659,131693,1316.93
949,545.207373521708,131887,1318.87
950,545.291864600288,132838,1328.38
951,545.376355664645,134233,1342.33
952,545.460846715024,167737,1677.37
953,545.545337751671,178064,1780.64
954,545.62982877483,161769,1617.69
955,545.714319784747,155171,1551.71
956,545.798810781666,154129,1541.29
957,545.883301765834,150579,1505.79
958,545.967792737495,149261,1492.61
959,546.052283696893,147590,1475.9
960,546.136774644275,147352,1473.52
961,546.221265579886,145876,1458.76
962,546.30575650397,142368,1423.68
963,546.390247416772,140119,1401.19
964,546.474738318539,138776,1387.76
965,546.559229209514,138591,1385.91
966,546.643720089944,138686,1386.86
967,546.728210960073,138484,1384.84
968,546.812701820146,141296,1412.96
969,546.897192670409,147321,1473.21
970,546.981683511106,147782,1477.82
971,547.066174342483,145212,1452.12
972,547.150665164785,145581,1455.81
973,547.235155978257,148897,1488.97
974,547.319646783145,148847,1488.47
975,547.404137579692,147091,1470.91
976,547.488628368145,145932,1459.32
977,547.573119148749,144954,1449.54
978,547.657609921748,144725,1447.25
979,547.742100687388,147795,1477.95
980,547.826591445914,149267,1492.67
981,547.911082197572,148068,1480.68
982,547.995572942605,147438,1474.38
983,548.08006368126,146394,1463.94
984,548.164554413782,145569,1455.69
985,548.249045140415,145397,1453.97
986,548.333535861404,145502,1455.02
987,548.418026576996,163144,1631.44
988,548.502517287435,168347,1683.47
989,548.587007992966,160019,1600.19
990,548.671498693834,155060,1550.6
991,548.755989390285,158372,1583.72
992,548.840480082563,162481,1624.81
993,548.924970770915,159226,1592.26
994,549.009461455584,155561,1555.61
995,549.093952136815,156766,1567.66
996,549.178442814856,156185,1561.85
997,549.262933489949,153730,1537.3
998,549.347424162341,160152,1601.52
999,549.431914832276,161863,1618.63
1000,549.5164055,157901,1579.01
1001,549.600896165758,157669,1576.69
1002,549.685386829794,157147,1571.47
1003,549.769877492355,155153,1551.53
1004,549.854368153685,154454,1544.54
1005,549.938858814029,172431,1724.31
1006,550.023349473633,180324,1803.24
1007,550.107840132742,174880,1748.8
1008,550.1923307916,168060,1680.6
1009,550.276821450453,161342,1613.42
1010,550.361312109546,158196,1581.96
1011,550.445802769124,160389,1603.89
1012,550.530293429432,160880,1608.8
1013,550.614784090716,158621,1586.21
1014,550.69927475322,157531,1575.31
1015,550.78376541719,156889,1568.89
1016,550.868256082871,156290,1562.9
1017,550.952746750508,156740,1567.4
1018,551.037237420346,160438,1604.38
1019,551.12172809263,161706,1617.06
1020,551.206218767606,160146,1601.46
1021,551.290709445518,159279,1592.79
1022,551.375200126611,158416,1584.16
1023,551.459690811131,162236,1622.36
1024,551.544181499323,163361,1633.61
1025,551.628672191433,161246,1612.46
1026,551.713162887704,159785,1597.85
1027,551.797653588383,158854,1588.54
1028,551.882144293714,158653,1586.53
1029,551.966635003943,158922,1589.22
1030,552.051125719314,163022,1630.22
1031,552.135616440073,169919,1699.19
1032,552.220107166465,169476,1694.76
1033,552.304597898735,168361,1683.61
1034,552.389088637129,167362,1673.62
1035,552.473579381891,186004,1860.04
1036,552.558070133266,190415,1904.15
1037,552.6425608915,178632,1786.32
1038,552.727051656838,171917,1719.17
1039,552.811542429524,193627,1936.27
1040,552.896033209805,198176,1981.76
1041,552.980523997925,187173,1871.73
1042,553.065014794129,179289,1792.89
1043,553.149505598662,172607,1726.07
1044,553.23399641177,169343,1693.43
1045,553.318487233698,170431,1704.31
1046,553.402978064691,183536,1835.36
1047,553.487468904993,195829,1958.29
1048,553.571959754851,190222,1902.22
1049,553.656450614509,179149,1791.49
1050,553.740941484213,172234,1722.34
1051,553.825432364206,174856,1748.56
1052,553.909923254736,174985,1749.85
1053,553.994414156046,177307,1773.07
1054,554.078905068382,176135,1761.35
1055,554.16339599199,171071,1710.71
1056,554.247886927113,168867,1688.67
1057,554.332377873998,190961,1909.61
1058,554.416868832889,196598,1965.98
1059,554.501359804032,183581,1835.81
1060,554.585850787671,176071,1760.71
1061,554.670341784053,171724,1717.24
1062,554.754832793421,169284,1692.84
1063,554.839323816021,168047,1680.47
1064,554.923814852099,167453,1674.53
1065,555.008305901899,167552,1675.52
1066,555.092796965667,174588,1745.88
1067,555.177288043647,176607,1766.07
1068,555.261779136085,199105,1991.05
1069,555.346270243226,204731,2047.31
1070,555.430761365315,193409,1934.09
1071,555.515252502597,188731,1887.31
1072,555.599743655318,183483,1834.83
1073,555.684234823722,177984,1779.84
1074,555.768726008055,178092,1780.92
1075,555.853217208561,179880,1798.8
1076,555.937708425486,177292,1772.92
1077,556.022199659075,197652,1976.52
1078,556.106690909574,202414,2024.14
1079,556.191182177226,192043,1920.43
1080,556.275673462278,184637,1846.37
1081,556.360164764975,181141,1811.41
1082,556.444656085561,183610,1836.1
1083,556.529147424282,181521,1815.21
1084,556.613638781383,177990,1779.9
1085,556.698130157109,175928,1759.28
1086,556.782621551706,177794,1777.94
1087,556.867112965417,177916,1779.16
1088,556.951604398489,181081,1810.81
1089,557.036095851167,188185,1881.85
1090,557.120587323695,186502,1865.02
1091,557.20507881632,180540,1805.4
1092,557.289570329285,176646,1766.46
1093,557.374061862836,178341,1783.41
1094,557.458553417219,179796,1797.96
1095,557.543044992678,180816,1808.16
1096,557.627536589459,180101,1801.01
1097,557.712028207806,181293,1812.93
1098,557.796519847966,180428,1804.28
1099,557.881011510182,184054,1840.54
1100,557.9655031947,187943,1879.43
1101,558.049994901765,184228,1842.28
1102,558.134486631623,179401,1794.01
1103,558.218978384519,176885,1768.85
1104,558.303470160697,178678,1786.78
1105,558.387961960402,178447,1784.47
1106,558.472453783881,178144,1781.44
1107,558.556945631378,178813,1788.13
1108,558.641437503137,207096,2070.96
1109,558.725929399405,224336,2243.36
1110,558.810421320427,211321,2113.21
1111,558.894913266447,196113,1961.13
1112,558.97940523771,187680,1876.8
1113,559.063897234463,186178,1861.78
1114,559.14838925695,187647,1876.47
1115,559.232881305415,185019,1850.19
1116,559.317373380105,180945,1809.45
1117,559.401865481264,182668,1826.68
1118,559.486357609138,182727,1827.27
1119,559.570849763971,179941,1799.41
1120,559.65534194601,179456,1794.56
1121,559.739834155498,183099,1830.99
1122,559.824326392681,183497,1834.97
1123,559.908818657804,184778,1847.78
1124,559.993310951113,184238,1842.38
1125,560.077803272852,181263,1812.63
1126,560.162295623266,179670,1796.7
1127,560.246788002602,178545,1785.45
1128,560.331280411103,181672,1816.72
1129,560.415772849015,185860,1858.6
1130,560.500265316583,188603,1886.03
1131,560.584757814052,193574,1935.74
1132,560.669250341668,191526,1915.26
1133,560.753742899676,185681,1856.81
1134,560.83823548832,186225,1862.25
1135,560.922728107845,185425,1854.25
1136,561.007220758498,182392,1823.92
1137,561.091713440523,181278,1812.78
1138,561.176206154165,180539,1805.39
1139,561.260698899669,180831,1808.31
1140,561.345191677281,180798,1807.98
1141,561.429684487245,180692,1806.92
1142,561.514177329807,181025,1810.25
1143,561.598670205212,181265,1812.65
1144,561.683163113705,182188,1821.88
1145,561.767656055531,182210,1822.1
1146,561.852149030935,185514,1855.14
1147,561.936642040163,190461,1904.61
1148,562.021135083459,189369,1893.69
1149,562.105628161069,186587,1865.87
1150,562.190121273237,188920,1889.2
1151,562.27461442021,188568,1885.68
1152,562.359107602232,197006,1970.06
1153,562.443600819547,197776,1977.76
1154,562.528094072403,193945,1939.45
1155,562.612587361042,199530,1995.3
1156,562.697080685712,201197,2011.97
1157,562.781574046656,198213,1982.13
1158,562.866067444119,212262,2122.62
1159,562.950560878348,212420,2124.2
1160,563.035054349587,199269,1992.69
1161,563.119547858082,195553,1955.53
1162,563.204041404076,193051,1930.51
1163,563.288534987816,190045,1900.45
1164,563.373028609547,187374,1873.74
1165,563.457522269514,185582,1855.82
1166,563.542015967961,184689,1846.89
1167,563.626509705135,187439,1874.39
1168,563.71100348128,191038,1910.38
1169,563.795497296641,189730,1897.3
1170,563.879991151464,186853,1868.53
1171,563.964485045993,185080,1850.8
1172,564.048978980475,184375,1843.75
1173,564.133472955153,185280,1852.8
1174,564.217966970273,185657,1856.57
1175,564.30246102608,188584,1885.84
1176,564.386955122819,192156,1921.56
1177,564.471449260736,194464,1944.64
1178,564.555943440075,192651,1926.51
1179,564.640437661083,189052,1890.52
1180,564.724931924002,259882,2598.82
1181,564.80942622908,282740,2827.4
1182,564.893920576561,244234,2442.34
1183,564.97841496669,222430,2224.3
1184,565.062909399713,209088,2090.88
1185,565.147403875874,209543,2095.43
1186,565.231898395419,206607,2066.07
1187,565.316392958592,197354,1973.54
1188,565.400887565639,191395,1913.95
1189,565.485382216806,188308,1883.08
1190,565.569876912336,186693,1866.93
1191,565.654371652476,185317,1853.17
1192,565.73886643747,187640,1876.4
1193,565.823361267564,189047,1890.47
1194,565.907856143003,208513,2085.13
1195,565.992351064031,213900,2139
1196,566.076846030894,202980,2029.8
1197,566.161341043838,196033,1960.33
1198,566.245836103106,192105,1921.05
1199,566.330331208945,190461,1904.61
1200,566.4148263616,189589,1895.89
1201,566.499321561315,192482,1924.82
1202,566.583816808336,193585,1935.85
1203,566.668312102908,195212,1952.12
1204,566.752807445276,194795,1947.95
1205,566.837302835685,193701,1937.01
1206,566.92179827438,194853,1948.53
1207,567.006293761607,194095,1940.95
1208,567.090789297611,191966,1919.66
1209,567.175284882636,195902,1959.02
1210,567.259780516928,197138,1971.38
1211,567.344276200732,194192,1941.92
1212,567.428771934293,192326,1923.26
1213,567.513267717856,194718,1947.18
1214,567.597763551667,194881,1948.81
1215,567.68225943597,192552,1925.52
1216,567.766755371011,212215,2122.15
1217,567.851251357034,217520,2175.2
1218,567.935747394286,206034,2060.34
1219,568.020243483011,205827,2058.27
1220,568.104739623454,203539,2035.39
1221,568.18923581586,220597,2205.97
1222,568.273732060474,223378,2233.78
1223,568.358228357543,208957,2089.57
1224,568.442724707309,200989,2009.89
1225,568.52722111002,196084,1960.84
1226,568.61171756592,193028,1930.28
1227,568.696214075254,191720,1917.2
1228,568.780710638267,190776,1907.76
1229,568.865207255205,190100,1901
1230,568.949703926312,190488,1904.88
1231,569.034200651834,194132,1941.32
1232,569.118697432015,194617,1946.17
1233,569.203194267102,192711,1927.11
1234,569.287691157338,194973,1949.73
1235,569.37218810297,200930,2009.3
1236,569.456685104242,210941,2109.41
1237,569.5411821614,210643,2106.43
1238,569.625679274688,203134,2031.34
1239,569.710176444352,201339,2013.39
1240,569.794673670637,198811,1988.11
1241,569.879170953788,195224,1952.24
1242,569.96366829405,196555,1965.55
1243,570.048165691668,203097,2030.97
1244,570.132663146887,202294,2022.94
1245,570.217160659954,204501,2045.01
1246,570.301658231112,203895,2038.95
1247,570.386155860606,198526,1985.26
1248,570.470653548683,195848,1958.48
1249,570.555151295587,193835,1938.35
1250,570.639649101562,192598,1925.98
1251,570.724146966856,192157,1921.57
1252,570.808644891712,194846,1948.46
1253,570.893142876375,199838,1998.38
1254,570.977640921091,200424,2004.24
1255,571.062139026105,199820,1998.2
1256,571.146637191662,217215,2172.15
1257,571.231135418007,219922,2199.22
1258,571.315633705386,208156,2081.56
1259,571.400132054043,205187,2051.87
1260,571.484630464223,206222,2062.22
1261,571.569128936172,203081,2030.81
1262,571.653627470135,198352,1983.52
1263,571.738126066357,202783,2027.83
1264,571.822624725083,207111,2071.11
1265,571.907123446559,203268,2032.68
1266,571.991622231028,205731,2057.31
1267,572.076121078737,210821,2108.21
1268,572.160619989931,207606,2076.06
1269,572.245118964855,203791,2037.91
1270,572.329618003753,199787,1997.87
1271,572.414117106872,199445,1994.45
1272,572.498616274455,203845,2038.45
1273,572.583115506749,201018,2010.18
1274,572.667614803999,194690,1946.9
1275,572.752114166448,190823,1908.23
1276,572.836613594344,189504,1895.04
1277,572.921113087931,189572,1895.72
1278,573.005612647453,188536,1885.36
1279,573.090112273157,187244,1872.44
1280,573.174611965286,190963,1909.63
1281,573.259111724088,198379,1983.79
1282,573.343611549805,205968,2059.68
1283,573.428111442685,229898,2298.98
1284,573.512611402971,233643,2336.43
1285,573.597111430909,261572,2615.72
1286,573.681611526744,264728,2647.28
1287,573.766111690721,244338,2443.38
1288,573.850611923086,227370,2273.7
1289,573.935112224083,211140,2111.4
1290,574.019612593957,201921,2019.21
1291,574.104113032955,197165,1971.65
1292,574.18861354132,197759,1977.59
1293,574.273114119298,197573,1975.73
1294,574.357614767134,197877,1978.77
1295,574.442115485074,196411,1964.11
1296,574.526616273362,241729,2417.29
1297,574.611117132243,253581,2535.81
1298,574.695618061963,243000,2430
1299,574.780119062767,234455,2344.55
1300,574.8646201349,217808,2178.08
1301,574.949121278607,209239,2092.39
1302,575.033622494133,205971,2059.71
1303,575.118123781723,204138,2041.38
1304,575.202625141623,199367,1993.67
1305,575.287126574078,193927,1939.27
1306,575.371628079332,191218,1912.18
1307,575.456129657631,190112,1901.12
1308,575.54063130922,189809,1898.09
1309,575.625133034344,192669,1926.69
1310,575.709634833249,198729,1987.29
1311,575.794136706179,197933,1979.33
1312,575.878638653379,193292,1932.92
1313,575.963140675095,190114,1901.14
1314,576.047642771572,187890,1878.9
1315,576.132144943055,186969,1869.69
1316,576.216647189789,191108,1911.08
1317,576.301149512019,192268,1922.68
1318,576.38565190999,189647,1896.47
1319,576.470154383948,187701,1877.01
1320,576.554656934138,187276,1872.76
1321,576.639159560804,191479,1914.79
1322,576.723662264192,192811,1928.11
1323,576.808165044547,222014,2220.14
1324,576.892667902114,232726,2327.26
1325,576.977170837139,215706,2157.06
1326,577.061673849866,202882,2028.82
1327,577.146176940541,196278,1962.78
1328,577.230680109408,193040,1930.4
1329,577.315183356713,191292,1912.92
1330,577.399686682701,192619,1926.19
1331,577.484190087617,215947,2159.47
1332,577.568693571706,219860,2198.6
1333,577.653197135214,205341,2053.41
1334,577.737700778385,200426,2004.26
1335,577.822204501465,196630,1966.3
1336,577.906708304698,191206,1912.06
1337,577.991212188331,221633,2216.33
1338,578.075716152607,228917,2289.17
1339,578.160220197773,213783,2137.83
1340,578.244724324073,203984,2039.84
1341,578.329228531752,202820,2028.2
1342,578.413732821056,203545,2035.45
1343,578.49823719223,197157,1971.57
1344,578.582741645518,190652,1906.52
1345,578.667246181166,190373,1903.73
1346,578.75175079942,189639,1896.39
1347,578.836255500524,190258,1902.58
1348,578.920760284723,197469,1974.69
1349,579.005265152262,196355,1963.55
1350,579.089770103388,190517,1905.17
1351,579.174275138344,186855,1868.55
1352,579.258780257375,184064,1840.64
1353,579.343285460728,182670,1826.7
1354,579.427790748647,182459,1824.59
1355,579.512296121378,182164,1821.64
1356,579.596801579165,181217,1812.17
1357,579.681307122253,181740,1817.4
1358,579.765812750888,181538,1815.38
1359,579.850318465315,180694,1806.94
1360,579.934824265779,180099,1800.99
1361,580.019330152525,179669,1796.69
1362,580.103836125799,198385,1983.85
1363,580.188342185844,203696,2036.96
1364,580.272848332908,196804,1968.04
1365,580.357354567233,191749,1917.49
1366,580.441860889067,186538,1865.38
1367,580.526367298654,183116,1831.16
1368,580.610873796238,187679,1876.79
1369,580.695380382066,187856,1878.56
1370,580.779887056382,183376,1833.76
1371,580.864393819432,185105,1851.05
1372,580.94890067146,185140,1851.4
1373,581.033407612712,181799,1817.99
1374,581.117914643433,180014,1800.14
1375,581.202421763867,179523,1795.23
1376,581.286928974261,179408,1794.08
1377,581.371436274859,181803,1818.03
1378,581.455943665907,182144,1821.44
1379,581.540451147649,183166,1831.66
1380,581.62495872033,181939,1819.39
1381,581.709466384197,178594,1785.94
1382,581.793974139493,177190,1771.9
1383,581.878481986465,183204,1832.04
1384,581.962989925357,184225,1842.25
1385,582.047497956414,187049,1870.49
1386,582.132006079881,189433,1894.33
1387,582.216514296004,184668,1846.68
1388,582.301022605028,180143,1801.43
1389,582.385531007198,187388,1873.88
1390,582.470039502758,188628,1886.28
1391,582.554548091955,183100,1831
1392,582.639056775033,180205,1802.05
1393,582.723565552238,177394,1773.94
1394,582.808074423814,175926,1759.26
1395,582.892583390007,175148,1751.48
1396,582.977092451061,181732,1817.32
1397,583.061601607223,183544,1835.44
1398,583.146110858736,180898,1808.98
1399,583.230620205847,180399,1803.99
1400,583.3151296488,178429,1784.29
1401,583.399639187841,179774,1797.74
1402,583.484148823214,178924,1789.24
1403,583.568658555165,175909,1759.09
1404,583.653168383939,174494,1744.94
1405,583.73767830978,180225,1802.25
1406,583.822188332935,181824,1818.24
1407,583.906698453649,181125,1811.25
1408,583.991208672165,179368,1793.68
1409,584.075718988731,175761,1757.61
1410,584.16022940359,176878,1768.78
1411,584.244739916987,176213,1762.13
1412,584.329250529169,173511,1735.11
1413,584.41376124038,171861,1718.61
1414,584.498272050865,171284,1712.84
1415,584.58278296087,171395,1713.95
1416,584.667293970638,180083,1800.83
1417,584.751805080417,189152,1891.52
1418,584.83631629045,186321,1863.21
1419,584.920827600983,179565,1795.65
1420,585.005339012262,175681,1756.81
1421,585.08985052453,176832,1768.32
1422,585.174362138034,179005,1790.05
1423,585.258873853018,180138,1801.38
1424,585.343385669727,177635,1776.35
1425,585.427897588408,173456,1734.56
1426,585.512409609304,170888,1708.88
1427,585.596921732661,169509,1695.09
1428,585.681433958724,171208,1712.08
1429,585.765946287739,171404,1714.04
1430,585.85045871995,173686,1736.86
1431,585.934971255602,177500,1775
1432,586.019483894941,183368,1833.68
1433,586.103996638212,185278,1852.78
1434,586.18850948566,179738,1797.38
1435,586.27302243753,175409,1754.09
1436,586.357535494067,172211,1722.11
1437,586.442048655516,193597,1935.97
1438,586.526561922122,219476,2194.76
1439,586.611075294132,211665,2116.65
1440,586.695588771789,192809,1928.09
1441,586.780102355339,181971,1819.71
1442,586.864616045027,178967,1789.67
1443,586.949129841097,175816,1758.16
1444,587.033643743797,171521,1715.21
1445,587.118157753369,169185,1691.85
1446,587.20267187006,167775,1677.75
1447,587.287186094115,166641,1666.41
1448,587.371700425779,165879,1658.79
1449,587.456214865296,165473,1654.73
1450,587.540729412912,165060,1650.6
1451,587.625244068873,164629,1646.29
1452,587.709758833423,167408,1674.08
1453,587.794273706808,168628,1686.28
1454,587.878788689272,167784,1677.84
1455,587.963303781061,166693,1666.93
1456,588.047818982419,165256,1652.56
1457,588.132334293593,167234,1672.34
1458,588.216849714827,171777,1717.77
1459,588.301365246366,171245,1712.45
1460,588.385880888455,168231,1682.31
1461,588.47039664134,166569,1665.69
1462,588.554912505266,165043,1650.43
1463,588.639428480477,167723,1677.23
1464,588.72394456722,173272,1732.72
1465,588.808460765738,179854,1798.54
1466,588.892977076278,177423,1774.23
1467,588.977493499084,170752,1707.52
1468,589.062010034401,166612,1666.12
1469,589.146526682475,164282,1642.82
1470,589.231043443551,162896,1628.96
1471,589.315560317874,161946,1619.46
1472,589.400077305689,161283,1612.83
1473,589.48459440724,161168,1611.68
1474,589.569111622774,164549,1645.49
1475,589.653628952536,170396,1703.96
1476,589.73814639677,170240,1702.4
1477,589.822663955722,166549,1665.49
1478,589.907181629636,254243,2542.43
1479,589.991699418759,285186,2851.86
1480,590.076217323334,245302,2453.02
1481,590.160735343608,214528,2145.28
1482,590.245253479825,191382,1913.82
1483,590.329771732231,177578,1775.78
1484,590.41429010107,201895,2018.95
1485,590.498808586588,206329,2063.29
1486,590.58332718903,186518,1865.18
1487,590.667845908641,177591,1775.91
1488,590.752364745666,171711,1717.11
1489,590.83688370035,166686,1666.86
1490,590.921402772939,166888,1668.88
1491,591.005921963678,172488,1724.88
1492,591.090441272811,171068,1710.68
1493,591.174960700584,168818,1688.18
1494,591.259480247241,169553,1695.53
1495,591.343999913029,170244,1702.44
1496,591.428519698192,167402,1674.02
1497,591.513039602976,163606,1636.06
1498,591.597559627625,161978,1619.78
1499,591.682079772385,160667,1606.67
1500,591.7666000375,159255,1592.55
1501,591.851120423216,158927,1589.27
1502,591.935640929779,158758,1587.58
1503,592.020161557432,160510,1605.1
1504,592.104682306422,160695,1606.95
1505,592.189203176993,159340,1593.4
1506,592.273724169391,158365,1583.65
1507,592.35824528386,157722,1577.22
1508,592.442766520647,157335,1573.35
1509,592.527287879995,160927,1609.27
1510,592.611809362151,162249,1622.49
1511,592.696330967358,187991,1879.91
1512,592.780852695863,194131,1941.31
1513,592.865374547911,178158,1781.58
1514,592.949896523746,168952,1689.52
1515,593.034418623614,164274,1642.74
1516,593.11894084776,197851,1978.51
1517,593.203463196429,205692,2056.92
1518,593.287985669866,185050,1850.5
1519,593.372508268317,173063,1730.63
1520,593.457030992026,166096,1660.96
1521,593.541553841238,161828,1618.28
1522,593.626076816199,160162,1601.62
1523,593.710599917154,158520,1585.2
1524,593.795123144348,157060,1570.6
1525,593.879646498027,156457,1564.57
1526,593.964169978434,162938,1629.38
1527,594.048693585816,164385,1643.85
1528,594.133217320417,160023,1600.23
1529,594.217741182483,161156,1611.56
1530,594.302265172259,160746,1607.46
1531,594.38678928999,161340,1613.4
1532,594.47131353592,160433,1604.33
1533,594.555837910296,160821,1608.21
1534,594.640362413363,159962,1599.62
1535,594.724887045364,178405,1784.05
1536,594.809411806547,182576,1825.76
1537,594.893936697155,170244,1702.44
1538,594.978461717434,169889,1698.89
1539,595.062986867629,167786,1677.86
1540,595.147512147985,162297,1622.97
1541,595.232037558747,166113,1661.13
1542,595.316563100161,172716,1727.16
1543,595.401088772471,170140,1701.4
1544,595.485614575923,164157,1641.57
1545,595.570140510762,160133,1601.33
1546,595.654666577233,157501,1575.01
1547,595.73919277558,159193,1591.93
1548,595.82371910605,160596,1605.96
1549,595.908245568888,158818,1588.18
1550,595.992772164338,163412,1634.12
1551,596.077298892645,171380,1713.8
1552,596.161825754055,168447,1684.47
1553,596.246352748813,161402,1614.02
1554,596.330879877164,157985,1579.85
1555,596.415407139353,170900,1709
1556,596.499934535626,173880,1738.8
1557,596.584462066227,166139,1661.39
1558,596.668989731401,164632,1646.32
1559,596.753517531394,165456,1654.56
1560,596.838045466451,165489,1654.89
1561,596.922573536817,161775,1617.75
1562,597.007101742737,157693,1576.93
1563,597.091630084456,186481,1864.81
1564,597.17615856222,209006,2090.06
1565,597.260687176273,197432,1974.32
1566,597.345215926861,182622,1826.22
1567,597.429744814228,178698,1786.98
1568,597.51427383862,171596,1715.96
1569,597.598803000283,162932,1629.32
1570,597.68333229946,164859,1648.59
1571,597.767861736398,163195,1631.95
1572,597.852391311341,164197,1641.97
1573,597.936921024535,163023,1630.23
1574,598.021450876224,161212,1612.12
1575,598.105980866655,162704,1627.04
1576,598.190510996071,159782,1597.82
1577,598.275041264718,159087,1590.87
1578,598.359571672842,160510,1605.1
1579,598.444102220687,162335,1623.35
1580,598.528632908498,160212,1602.12
1581,598.613163736522,159308,1593.08
1582,598.697694705001,165497,1654.97
1583,598.782225814183,167061,1670.61
1584,598.866757064312,164859,1648.59
1585,598.951288455633,160921,1609.21
1586,599.035819988391,159456,1594.56
1587,599.120351662832,161242,1612.42
1588,599.2048834792,158907,1589.07
1589,599.289415437741,154837,1548.37
1590,599.3739475387,153015,1530.15
1591,599.458479782322,155504,1555.04
1592,599.543012168852,158743,1587.43
1593,599.627544698535,160428,1604.28
1594,599.712077371617,157925,1579.25
1595,599.796610188342,154098,1540.98
1596,599.881143148956,155683,1556.83
1597,599.965676253703,158815,1588.15
1598,600.05020950283,157315,1573.15
1599,600.13474289658,153605,1536.05
1600,600.2192764352,151267,1512.67
1601,600.303810118934,153407,1534.07
1602,600.388343948028,153383,1533.83
1603,600.472877922726,151011,1510.11
1604,600.557412043273,153137,1531.37
1605,600.641946309916,153395,1533.95
1606,600.726480722899,151539,1515.39
1607,600.811015282466,150136,1501.36
1608,600.895549988864,148923,1489.23
1609,600.980084842338,148035,1480.35
1610,601.064619843132,150195,1501.95
1611,601.149154991491,151067,1510.67
1612,601.233690287662,153531,1535.31
1613,601.318225731888,153748,1537.48
1614,601.402761324415,150955,1509.55
1615,601.487297065489,152424,1524.24
1616,601.571832955354,152996,1529.96
1617,601.656368994255,154367,1543.67
1618,601.740905182438,153271,1532.71
1619,601.825441520148,150436,1504.36
1620,601.90997800763,153128,1531.28
1621,601.994514645128,156878,1568.78
1622,602.079051432889,158123,1581.23
1623,602.163588371157,155967,1559.67
1624,602.248125460177,155421,1554.21
1625,602.332662700195,154263,1542.63
1626,602.417200091456,154884,1548.84
1627,602.501737634204,153829,1538.29
1628,602.586275328686,150570,1505.7
1629,602.670813175145,148489,1484.89
1630,602.755351173828,157728,1577.28
1631,602.839889324979,160031,1600.31
1632,602.924427628843,157463,1574.63
1633,603.008966085667,158018,1580.18
1634,603.093504695693,155433,1554.33
1635,603.178043459169,151557,1515.57
1636,603.262582376339,153429,1534.29
1637,603.347121447448,155890,1558.9
1638,603.431660672741,154728,1547.28
1639,603.516200052464,151363,1513.63
1640,603.600739586861,148752,1487.52
1641,603.685279276178,147767,1477.67
1642,603.769819120659,147919,1479.19
1643,603.854359120551,147313,1473.13
1644,603.938899276098,150088,1500.88
1645,604.023439587545,154190,1541.9
1646,604.107980055137,153331,1533.31
1647,604.19252067912,153019,1530.19
1648,604.277061459738,154682,1546.82
1649,604.361602397237,152529,1525.29
1650,604.446143491862,149002,1490.02
1651,604.530684743859,161251,1612.51
1652,604.615226153471,175828,1758.28
1653,604.699767720944,174209,1742.09
1654,604.784309446525,164394,1643.94
1655,604.868851330456,159251,1592.51
1656,604.953393372984,162527,1625.27
1657,605.037935574354,166671,1666.71
1658,605.122477934812,161983,1619.83
1659,605.207020454601,177633,1776.33
1660,605.291563133967,179561,1795.61
1661,605.376105973156,166108,1661.08
1662,605.460648972412,157975,1579.75
1663,605.545192131981,152056,1520.56
1664,605.629735452108,148396,1483.96
1665,605.714278933038,146198,1461.98
1666,605.798822575015,152572,1525.72
1667,605.883366378286,154687,1546.87
1668,605.967910343095,150389,1503.89
1669,606.052454469688,147357,1473.57
1670,606.136998758309,146281,1462.81
1671,606.221543209204,149512,1495.12
1672,606.306087822618,149704,1497.04
1673,606.390632598795,146983,1469.83
1674,606.475177537982,149087,1490.87
1675,606.559722640423,152878,1528.78
1676,606.644267906364,154591,1545.91
1677,606.728813336049,155457,1554.57
1678,606.813358929724,152721,1527.21
1679,606.897904687633,148675,1486.75
1680,606.982450610022,146189,1461.89
1681,607.066996697137,144580,1445.8
1682,607.151542949221,147226,1472.26
1683,607.236089366521,151410,1514.1
1684,607.320635949282,150210,1502.1
1685,607.405182697748,147113,1471.13
1686,607.489729612165,149836,1498.36
1687,607.574276692777,149881,1498.81
1688,607.658823939831,147107,1471.07
1689,607.74337135357,148938,1489.38
1690,607.827918934241,152025,1520.25
1691,607.912466682089,150349,1503.49
1692,607.997014597358,147029,1470.29
1693,608.081562680293,156213,1562.13
1694,608.16611093114,157985,1579.85
1695,608.250659350145,155301,1553.01
1696,608.335207937551,155579,1555.79
1697,608.419756693605,154330,1543.3
1698,608.504305618551,150839,1508.39
1699,608.588854712634,151230,1512.3
1700,608.6734039761,149995,1499.95
1701,608.757953409194,157488,1574.88
1702,608.84250301216,162553,1625.53
1703,608.927052785245,156564,1565.64
1704,609.011602728693,150886,1508.86
1705,609.096152842749,147826,1478.26
1706,609.180703127658,145523,1455.23
1707,609.265253583666,143497,1434.97
1708,609.349804211018,142477,1424.77
1709,609.434355009958,145520,1455.2
1710,609.518905980733,145757,1457.57
1711,609.603457123586,150924,1509.24
1712,609.688008438764,185370,1853.7
1713,609.772559926511,190144,1901.44
1714,609.857111587073,169651,1696.51
1715,609.941663420694,157417,1574.17
1716,610.02621542762,150400,1504
1717,610.110767608096,150525,1505.25
1718,610.195319962366,149283,1492.83
1719,610.279872490677,145448,1454.48
1720,610.364425193274,143088,1430.88
1721,610.4489780704,141821,1418.21
1722,610.533531122303,141118,1411.18
1723,610.618084349226,142080,1420.8
1724,610.702637751414,145784,1457.84
1725,610.787191329114,149249,1492.49
1726,610.87174508257,147571,1475.71
1727,610.956299012027,151130,1511.3
1728,611.04085311773,151559,1515.59
1729,611.125407399925,147267,1472.67
1730,611.209961858857,144380,1443.8
1731,611.29451649477,167979,1679.79
1732,611.37907130791,182591,1825.91
1733,611.463626298523,170722,1707.22
1734,611.548181466852,161061,1610.61
1735,611.632736813144,161651,1616.51
1736,611.717292337643,158361,1583.61
1737,611.801848040595,151234,1512.34
1738,611.886403922244,147205,1472.05
1739,611.970959982837,148238,1482.38
1740,612.055516222617,150016,1500.16
1741,612.14007264183,151595,1515.95
1742,612.224629240722,153000,1530
1743,612.309186019537,151089,1510.89
1744,612.39374297852,161779,1617.79
1745,612.478300117917,164019,1640.19
1746,612.562857437973,171916,1719.16
1747,612.647414938933,173302,1733.02
1748,612.731972621042,160381,1603.81
1749,612.816530484545,150374,1503.74
1750,612.901088529688,162947,1629.47
1751,612.985646756714,164567,1645.67
1752,613.070205165871,156155,1561.55
1753,613.154763757402,150255,1502.55
1754,613.239322531553,144495,1444.95
1755,613.323881488569,144801,1448.01
1756,613.408440628695,143526,1435.26
1757,613.492999952176,139936,1399.36
1758,613.577559459258,141475,1414.75
1759,613.662119150185,144387,1443.87
1760,613.746679025203,142467,1424.67
1761,613.831239084557,139118,1391.18
1762,613.915799328492,140247,1402.47
1763,614.000359757252,139850,1398.5
1764,614.084920371084,137603,1376.03
1765,614.169481170232,136686,1366.86
1766,614.254042154942,136780,1367.8
1767,614.338603325458,136123,1361.23
1768,614.423164682026,138995,1389.95
1769,614.507726224891,142751,1427.51
1770,614.592287954298,140715,1407.15
1771,614.676849870492,155605,1556.05
1772,614.761411973718,158486,1584.86
1773,614.845974264222,147207,1472.07
1774,614.930536742248,140842,1408.42
1775,615.015099408042,141232,1412.32
1776,615.099662261849,139992,1399.92
1777,615.184225303914,136901,1369.01
1778,615.268788534481,138581,1385.81
1779,615.353351953797,137997,1379.97
1780,615.437915562106,142191,1421.91
1781,615.522479359654,143124,1431.24
1782,615.607043346685,138657,1386.57
1783,615.691607523446,153221,1532.21
1784,615.776171890179,155742,1557.42
1785,615.860736447132,145231,1452.31
1786,615.94530119455,139126,1391.26
1787,616.029866132676,138819,1388.19
1788,616.114431261757,138144,1381.44
1789,616.198996582037,139106,1391.06
1790,616.283562093762,141032,1410.32
1791,616.368127797177,141986,1419.86
1792,616.452693692527,139729,1397.29
1793,616.537259780057,135769,1357.69
1794,616.621826060012,137107,1371.07
1795,616.706392532638,140682,1406.82
1796,616.790959198179,138823,1388.23
1797,616.87552605688,134676,1346.76
1798,616.960093108988,155364,1553.64
1799,617.044660354746,160891,1608.91
1800,617.1292277944,157217,1572.17
1801,617.213795428195,160942,1609.42
1802,617.298363256377,154252,1542.52
1803,617.38293127919,143876,1438.76
1804,617.46749949688,137335,1373.35
1805,617.552067909691,133333,1333.33
1806,617.63663651787,131352,1313.52
1807,617.72120532166,514584,5145.84
1808,617.805774321307,628443,6284.43
1809,617.890343517057,423452,4234.52
1810,617.974912909154,297947,2979.47
1811,618.059482497843,225352,2253.52
1812,618.14405228337,184590,1845.9
1813,618.22862226598,161051,1610.51
1814,618.313192445918,147181,1471.81
1815,618.397762823429,155082,1550.82
1816,618.482333398757,158869,1588.69
1817,618.56690417215,149741,1497.41
1818,618.65147514385,145878,1458.78
1819,618.736046314105,142590,1425.9
1820,618.820617683158,138205,1382.05
1821,618.905189251254,136141,1361.41
1822,618.98976101864,135430,1354.3
1823,619.07433298556,134507,1345.07
1824,619.158905152259,138866,1388.66
1825,619.243477518983,163110,1631.1
1826,619.328050085976,166494,1664.94
1827,619.412622853484,156070,1560.7
1828,619.497195821751,152377,1523.77
1829,619.581768991023,154485,1544.85
1830,619.666342361546,150744,1507.44
1831,619.750915933564,143400,1434
1832,619.835489707321,139340,1393.4
1833,619.920063683065,144126,1441.26
1834,620.004637861039,148098,1480.98
1835,620.089212241489,143577,1435.77
1836,620.173786824659,138556,1385.56
1837,620.258361610796,137426,1374.26
1838,620.342936600144,136615,1366.15
1839,620.427511792947,135803,1358.03
1840,620.512087189453,141890,1418.9
1841,620.596662789905,171905,1719.05
1842,620.681238594548,186282,1862.82
1843,620.765814603629,171899,1718.99
1844,620.850390817391,155992,1559.92
1845,620.93496723608,149934,1499.34
1846,621.019543859942,152314,1523.14
1847,621.104120689221,149879,1498.79
1848,621.188697724162,145605,1456.05
1849,621.273274965011,141749,1417.49
1850,621.357852412012,137699,1376.99
1851,621.442430065412,137154,1371.54
1852,621.527007925454,136511,1365.11
1853,621.611585992385,138193,1381.93
1854,621.696164266449,139494,1394.94
1855,621.780742747892,137501,1375.01
1856,621.865321436958,135412,1354.12
1857,621.949900333892,134876,1348.76
1858,622.03447943894,137738,1377.38
1859,622.119058752348,138196,1381.96
1860,622.203638274359,135822,1358.22
1861,622.28821800522,138150,1381.5
1862,622.372797945175,138720,1387.2
1863,622.457378094469,136758,1367.58
1864,622.541958453348,134739,1347.39
1865,622.626539022057,134903,1349.03
1866,622.711119800841,134995,1349.95
1867,622.795700789945,133476,1334.76
1868,622.880281989613,145869,1458.69
1869,622.964863400093,148852,1488.52
1870,623.049445021627,141147,1411.47
1871,623.134026854462,136747,1367.47
1872,623.218608898843,133601,1336.01
1873,623.303191155015,135410,1354.1
1874,623.387773623222,136307,1363.07
1875,623.472356303711,137471,1374.71
1876,623.556939196726,139629,1396.29
1877,623.641522302512,136961,1369.61
1878,623.726105621315,133011,1330.11
1879,623.810689153379,133887,1338.87
1880,623.89527289895,133081,1330.81
1881,623.979856858273,133755,1337.55
1882,624.064441031593,139073,1390.73
1883,624.149025419156,141213,1412.13
1884,624.233610021205,143290,1432.9
1885,624.318194837987,143009,1430.09
1886,624.402779869747,140826,1408.26
1887,624.487365116729,142502,1425.02
1888,624.571950579179,142312,1423.12
1889,624.656536257342,136483,1364.83
1890,624.741122151463,130508,1305.08
1891,624.825708261788,129996,1299.96
1892,624.91029458856,136093,1360.93
1893,624.994881132027,135324,1353.24
1894,625.079467892432,132815,1328.15
1895,625.16405487002,130426,1304.26
1896,625.248642065038,126860,1268.6
1897,625.33322947773,160158,1601.58
1898,625.41781710834,172167,1721.67
1899,625.502404957115,297343,2973.43
1900,625.5869930243,328120,3281.2
1901,625.671581310139,243615,2436.15
1902,625.756169814878,661442,6614.42
1903,625.840758538762,764290,7642.9
1904,625.925347482035,492410,4924.1
1905,626.009936644944,342987,3429.87
1906,626.094526027733,254427,2544.27
1907,626.179115630648,196190,1961.9
1908,626.263705453933,163473,1634.73
1909,626.348295497833,147855,1478.55
1910,626.432885762595,137158,1371.58
1911,626.517476248462,129047,1290.47
1912,626.60206695568,139148,1391.48
1913,626.686657884495,140149,1401.49
1914,626.771249035151,130187,1301.87
1915,626.855840407893,131288,1312.88
1916,626.940432002967,129609,1296.09
1917,627.025023820618,128384,1283.84
1918,627.10961586109,142712,1427.12
1919,627.19420812463,142486,1424.86
1920,627.278800611482,142223,1422.23
1921,627.363393321891,141289,1412.89
1922,627.447986256102,168559,1685.59
1923,627.532579414361,171698,1716.98
1924,627.617172796912,148341,1483.41
1925,627.701766404002,134065,1340.65
1926,627.786360235874,125699,1256.99
1927,627.870954292774,124671,1246.71
1928,627.955548574948,122591,1225.91
1929,628.04014308264,133760,1337.6
1930,628.124737816095,135983,1359.83
1931,628.209332775559,130215,1302.15
1932,628.293927961276,125306,1253.06
1933,628.378523373493,119660,1196.6
1934,628.463119012454,116552,1165.52
1935,628.547714878403,115219,1152.19
1936,628.632310971587,118782,1187.82
1937,628.716907292251,122399,1223.99
1938,628.801503840639,123727,1237.27
1939,628.886100616996,120882,1208.82
1940,628.970697621569,116733,1167.33
1941,629.055294854601,114844,1148.44
1942,629.139892316339,117419,1174.19
1943,629.224490007026,120725,1207.25
1944,629.309087926909,119628,1196.28
1945,629.393686076233,119572,1195.72
1946,629.478284455242,118309,1183.09
1947,629.562883064182,114878,1148.78
1948,629.647481903298,112930,1129.3
1949,629.732080972835,112244,1122.44
1950,629.816680273037,114770,1147.7
1951,629.901279804152,115069,1150.69
1952,629.985879566422,116408,1164.08
1953,630.070479560095,119958,1199.58
1954,630.155079785414,120971,1209.71
1955,630.239680242624,117814,1178.14
1956,630.324280931972,113938,1139.38
1957,630.408881853702,119785,1197.85
1958,630.493483008059,122589,1225.89
1959,630.578084395288,117753,1177.53
1960,630.662686015635,113268,1132.68
1961,630.747287869345,116871,1168.71
1962,630.831889956662,117570,1175.7
1963,630.916492277832,113568,1135.68
1964,631.001094833101,110856,1108.56
1965,631.085697622712,109826,1098.26
1966,631.170300646912,113024,1130.24
1967,631.254903905945,113590,1135.9
1968,631.339507400056,118309,1183.09
1969,631.424111129492,121414,1214.14
1970,631.508715094496,125149,1251.49
1971,631.593319295314,135070,1350.7
1972,631.677923732192,134777,1347.77
1973,631.762528405373,128262,1282.62
1974,631.847133315104,123693,1236.93
1975,631.93173846163,118193,1181.93
1976,632.016343845195,116457,1164.57
1977,632.100949466045,114307,1143.07
1978,632.185555324425,110575,1105.75
1979,632.270161420579,108545,1085.45
1980,632.354767754754,108248,1082.48
1981,632.439374327195,110501,1105.01
1982,632.523981138146,110235,1102.35
1983,632.608588187852,108039,1080.39
1984,632.693195476559,108766,1087.66
1985,632.777803004512,108470,1084.7
1986,632.862410771956,108013,1080.13
1987,632.947018779136,108282,1082.82
1988,633.031627026297,108630,1086.3
1989,633.116235513685,111097,1110.97
1990,633.200844241544,118085,1180.85
1991,633.28545321012,117634,1176.34
1992,633.370062419658,112085,1120.85
1993,633.454671870403,108838,1088.38
1994,633.539281562599,107052,1070.52
1995,633.623891496493,106038,1060.38
1996,633.708501672329,105554,1055.54
1997,633.793112090353,108616,1086.16
1998,633.877722750809,108670,1086.7
1999,633.962333653943,106210,1062.1
2000,634.0469448,104983,1049.83
2001,634.131556189225,104295,1042.95
2002,634.216167821863,107192,1071.92
2003,634.300779698159,107742,1077.42
2004,634.385391818359,105821,1058.21
2005,634.470004182707,105355,1053.55
2006,634.554616791449,104777,1047.77
2007,634.639229644829,107340,1073.4
2008,634.723842743094,125335,1253.35
2009,634.808456086488,131555,1315.55
2010,634.893069675256,121685,1216.85
2011,634.977683509643,116667,1166.67
2012,635.062297589895,116503,1165.03
2013,635.146911916256,116226,1162.26
2014,635.231526488972,112500,1125
2015,635.316141308288,286905,2869.05
2016,635.400756374449,334152,3341.52
2017,635.4853716877,243560,2435.6
2018,635.569987248286,190979,1909.79
2019,635.654603056453,155011,1550.11
2020,635.739219112446,132878,1328.78
2021,635.823835416509,120741,1207.41
2022,635.908451968888,119860,1198.6
2023,635.993068769827,138274,1382.74
2024,636.077685819573,137785,1377.85
2025,636.16230311837,145251,1452.51
2026,636.246920666464,142248,1422.48
2027,636.331538464099,253018,2530.18
2028,636.41615651152,278438,2784.38
2029,636.500774808974,204392,2043.92
2030,636.585393356704,160538,1605.38
2031,636.670012154956,160132,1601.32
2032,636.754631203976,156185,1561.85
2033,636.839250504007,134960,1349.6
2034,636.923870055296,120184,1201.84
2035,637.008489858088,114526,1145.26
2036,637.093109912628,110926,1109.26
2037,637.17773021916,106598,1065.98
2038,637.26235077793,103683,1036.83
2039,637.346971589183,111778,1117.78
2040,637.431592653165,117529,1175.29
2041,637.51621397012,112712,1127.12
2042,637.600835540293,109543,1095.43
2043,637.68545736393,109244,1092.44
2044,637.770079441276,109872,1098.72
2045,637.854701772576,107333,1073.33
2046,637.939324358074,103838,1038.38
2047,638.023947198017,102077,1020.77
