464.9839,105092
465.068515076491,104662
465.153129906126,104828
465.237744489151,104707
465.322358825812,104467
465.406972916352,104606
465.491586761018,104979
465.576200360054,105093
465.660813713705,105024
465.745426822218,104990
465.830039685836,105085
465.914652304805,105095
465.99926467937,104802
466.083876809776,104824
466.168488696269,105065
466.253100339093,204035
466.337711738494,231936
466.422322894716,179398
466.506933808006,148349
466.591544478607,130453
466.676154906766,120289
466.760765092726,114787
466.845375036735,113892
466.929984739036,113069
467.014594199874,111020
467.099203419495,109498
467.183812398145,108341
467.268421136067,107758
467.353029633508,129264
467.437637890711,136957
467.522245907924,128536
467.60685368539,121341
467.691461223355,115186
467.776068522063,111998
467.860675581761,110119
467.945282402693,112134
468.029888985104,116862
468.11449532924,116153
468.199101435345,114877
468.283707303665,113087
468.368312934445,110441
468.45291832793,111322
468.537523484364,113451
468.622128403994,130905
468.706733087065,139111
468.791337533821,129408
468.875941744507,120185
468.96054571937,115060
469.045149458653,112214
469.129752962602,110345
469.214356231462,108924
469.298959265479,108361
469.383562064897,108466
469.468164629962,108378
469.552766960919,110307
469.637369058012,113602
469.721970921487,112856
469.80657255159,110799
469.891173948565,111623
469.975775112657,111259
470.060376044111,109233
470.144976743173,108441
470.229577210088,110376
470.314177445101,110933
470.398777448457,112121
470.483377220402,129528
470.567976761179,134876
470.652576071035,126253
470.737175150215,118973
470.821773998963,114138
470.906372617525,113594
470.990971006146,112268
471.075569165072,135294
471.160167094546,141566
471.244764794815,130171
471.329362266123,122371
471.413959508717,118732
471.498556522839,120551
471.583153308737,120952
471.667749866655,118310
471.752346196838,117213
471.836942299532,117390
471.921538174981,120570
472.00613382343,119283
472.090729245126,114728
472.175324440312,111657
472.259919409234,112048
472.344514152137,111585
472.429108669267,109708
472.513702960868,109572
472.598297027185,110820
472.682890868465,110525
472.767484484951,109149
472.852077876889,108207
472.936671044524,110398
473.021263988101,111028
473.105856707865,110137
473.190449204062,113818
473.275041476937,125211
473.359633526735,129903
473.4442253537,123376
473.528816958078,118729
473.613408340115,117656
473.697999500055,114938
473.782590438143,111923
473.867181154625,110296
473.951771649745,112483
474.03636192375,112384
474.120951976883,110312
474.20554180939,109273
474.290131421517,108616
474.374720813508,111056
474.459309985608,111678
474.543898938063,110017
474.628487671118,108782
474.713076185018,107996
474.797664480008,110520
474.882252556332,134140
474.966840414238,141154
475.051428053968,154809
475.13601547577,153332
475.220602679887,134145
475.305189666564,122500
475.389776436048,115814
475.474362988583,112057
475.558949324414,109677
475.643535443787,108817
475.728121346946,108425
475.812707034136,108032
475.897292505604,125650
475.981877761593,134088
476.066462802349,128032
476.151047628118,123425
476.235632239144,118213
476.320216635672,113343
476.404800817948,113354
476.489384786216,113080
476.573968540723,114349
476.658552081712,128952
476.74313540943,130731
476.827718524121,121456
476.91230142603,115568
476.996884115403,114435
477.081466592484,113093
477.166048857519,110455
477.250630910753,111766
477.335212752432,111777
477.419794382799,109941
477.504375802101,111297
477.588957010582,111769
477.673538008487,110110
477.758118796063,141561
477.842699373553,150091
477.927279741204,132114
478.011859899259,121486
478.096439847965,115254
478.181019587566,112241
478.265599118308,110784
478.350178440435,109329
478.434757554193,108867
478.519336459827,117998
478.603915157582,120226
478.688493647704,114587
478.773071930436,157367
478.857650006026,168679
478.942227874716,143667
479.026805536754,137363
479.111382992383,132430
479.19596024185,125328
479.280537285398,119211
479.365114123274,114069
479.449690755722,110944
479.534267182988,109243
479.618843405317,108450
479.703419422953,110515
479.787995236142,113808
479.87257084513,113140
479.95714625016,110768
480.041721451479,109664
480.126296449331,109122
480.210871243962,110540
480.295445835617,110950
480.380020224541,111868
480.464594410979,111568
480.549168395175,112682
480.633742177377,112219
480.718315757827,109860
480.802889136772,108659
480.887462314457,108248
480.972035291127,108224
481.056608067026,110906
481.141180642401,120779
481.225753017496,121487
481.310325192556,115104
481.394897167827,114090
481.479468943554,113019
481.564040519981,110886
481.648611897354,109623
481.733183075918,108581
481.817754055918,110672
481.9023248376,110871
481.986895421208,111454
482.071465806988,138085
482.156035995184,144030
482.240605986042,130922
482.325175779807,122403
482.409745376725,116217
482.494314777039,112581
482.578883980996,110460
482.663452988841,109301
482.748021800818,108623
482.832590417173,108558
482.91715883815,111147
483.001727063996,114029
483.086295094955,113153
483.170862931273,110960
483.255430573193,110112
483.339998020963,112065
483.424565274826,112839
483.509132335028,111143
483.593699201814,109828
483.678265875429,111300
483.762832356118,111399
483.847398644127,109609
483.9319647397,111207
484.016530643083,120058
484.101096354521,121007
484.185661874258,116166
484.270227202541,112681
484.354792339614,110381
484.439357285722,109555
484.523922041111,111735
484.608486606025,114134
484.69305098071,113136
484.777615165411,112215
484.862179160373,113752
484.946742965841,113307
485.03130658206,113587
485.115870009276,115469
485.200433247733,114120
485.284996297677,111673
485.369559159353,128219
485.454121833005,134736
485.53868431888,125399
485.623246617222,118989
485.707808728276,114749
485.792370652288,111598
485.876932389502,112194
485.961493940164,111742
486.046055304519,109778
486.130616482813,109379
486.215177475289,109394
486.299738282193,114111
486.384298903771,115258
486.468859340268,112267
486.553419591928,110175
486.637979658997,109131
486.722539541719,108252
486.807099240341,110074
486.891658755108,110686
486.976218086263,109604
487.060777234053,109033
487.145336198723,108446
487.229894980517,108245
487.314453579682,108575
487.399011996461,108536
487.483570231101,108044
487.568128283845,108055
487.652686154941,108040
487.737243844632,107950
487.821801353163,110993
487.906358680781,112024
487.990915827729,110537
488.075472794253,109656
488.160029580599,112488
488.244586187011,113036
488.329142613735,111236
488.413698861015,115146
488.498254929097,115826
488.582810818225,115396
488.667366528646,115017
488.751922060605,112459
488.836477414345,110926
488.921032590113,110470
489.005587588153,111282
489.090142408711,132767
489.174697052032,140155
489.259251518361,130841
489.343805807943,122739
489.428359921024,116540
489.512913857847,113211
489.597467618659,111720
489.682021203705,119690
489.76657461323,121368
489.851127847479,116013
489.935680906696,113890
490.020233791128,112327
490.104786501019,110439
490.189339036615,112012
490.27389139816,112322
490.3584435859,110708
490.44299560008,109663
490.527547440945,109010
490.612099108739,108531
490.69665060371,108263
490.7812019261,108501
490.865753076156,111198
490.950304054123,112072
491.034854860246,110551
491.119405494769,109676
491.203955957939,109321
491.288506249999,109251
491.373056371197,109004
491.457606321775,111556
491.54215610198,112831
491.626705712057,111196
491.711255152251,110043
491.795804422807,109213
491.88035352397,108680
491.964902455985,108977
492.049451219098,111699
492.133999813553,111968
492.218548239596,110281
492.303096497471,111576
492.387644587425,113692
492.472192509702,115223
492.556740264546,120362
492.641287852205,119689
492.725835272921,114700
492.810382526942,112401
492.894929614511,118765
492.979476535874,119772
493.064023291276,115203
493.148569880962,114024
493.233116305178,112709
493.317662564167,110801
493.402208658177,110575
493.486754587451,110479
493.571300352235,109810
493.655845952774,109119
493.740391389313,111388
493.824936662097,111908
493.909481771372,112188
493.994026717382,111881
494.078571500372,110460
494.163116120589,110054
494.247660578276,109926
494.33220487368,128681
494.416749007044,133995
494.501292978615,123983
494.585836788637,117676
494.670380437356,113991
494.754923925017,112417
494.839467251864,114286
494.924010418144,114098
495.0085534241,111968
495.093096269979,122122
495.177638956025,124461
495.262181482484,120300
495.3467238496,119150
495.431266057619,116218
495.515808106786,116005
495.600349997346,114776
495.684891729544,112226
495.769433303626,111943
495.853974719836,111539
495.938515978419,110429
496.023057079622,109985
496.107598023688,109625
496.192138810863,111954
496.276679441392,112370
496.361219915521,112109
496.445760233493,135454
496.530300395556,141276
496.614840401953,128256
496.69938025293,124485
496.783919948731,121175
496.868459489603,118820
496.95299887579,116444
497.037538107538,118849
497.12207718509,118735
497.206616108694,117326
497.291154878593,115895
497.375693495033,113350
497.460231958259,111635
497.544770268516,110610
497.629308426049,110493
497.713846431104,110158
497.798384283926,111901
497.882921984759,112534
497.967459533848,111563
498.05199693144,113538
498.136534177779,116494
498.22107127311,115613
498.305608217678,113025
498.390145011729,111324
498.474681655507,110320
498.559218149259,110201
498.643754493228,110477
498.72829068766,110197
498.8128267328,109523
498.897362628894,109499
498.981898376185,109691
499.066433974921,110158
499.150969425345,112961
499.235504727703,124301
499.32003988224,125559
499.404574889201,120814
499.489109748831,117938
499.573644461376,114724
499.65817902708,112384
499.742713446188,111227
499.827247718947,110819
499.9117818456,110687
499.996315826393,110224
500.080849661572,109939
500.165383351381,110123
500.249916896065,110020
500.33445029587,110232
500.41898355104,123629
500.503516661822,127478
500.588049628459,120094
500.672582451197,116174
500.757115130282,114006
500.841647665958,112703
500.92618005847,111590
501.010712308064,130029
501.095244414985,137371
501.179776379478,129951
501.264308201788,123102
501.34883988216,120262
501.433371420839,117718
501.517902818071,114066
501.6024340741,115307
501.686965189172,116877
501.771496163532,115124
501.856026997425,112968
501.940557691096,111952
502.02508824479,111044
502.109618658753,113690
502.194148933229,114249
502.278679068464,112151
502.363209064702,111351
502.44773892219,111216
502.532268641171,113393
502.616798221892,113899
502.701327664597,112674
502.785856969531,111763
502.87038613694,113595
502.954915167069,116397
503.039444060163,115338
503.123972816466,113405
503.208501436225,115159
503.293029919684,115778
503.377558267088,116573
503.462086478683,118729
503.546614554714,120421
503.631142495425,118350
503.715670301062,114897
503.800197971871,112688
503.884725508095,111605
503.969252909981,113485
504.053780177773,116561
504.138307311717,116401
504.222834312058,117000
504.307361179041,116764
504.39188791291,117183
504.476414513912,117746
504.560940982291,128021
504.645467318292,129298
504.729993522161,121359
504.814519594143,118997
504.899045534482,119027
504.983571343424,120349
505.068097021215,121149
505.152622568098,121094
505.23714798432,128977
505.321673270126,128715
505.40619842576,121585
505.490723451468,117160
505.575248347494,116901
505.659773114085,115825
505.744297751485,134710
505.828822259939,142176
505.913346639693,131152
505.997870890991,123066
506.082395014079,118273
506.166919009201,115548
506.251442876604,113720
506.335966616531,114891
506.420490229229,114982
506.505013714942,113879
506.589537073916,113658
506.674060306396,115610
506.758583412626,116384
506.843106392852,114934
506.927629247319,113849
507.012151976272,113117
507.096674579957,114955
507.181197058618,115857
507.2657194125,114673
507.350241641849,135268
507.43476374691,143451
507.519285727928,132446
507.603807585148,123784
507.688329318816,118896
507.772850929175,118270
507.857372416473,119887
507.941893780953,118387
508.02641502286,115893
508.110936142441,114111
508.195457139939,115303
508.279978015601,115560
508.364498769671,114374
508.449019402395,113331
508.533539914017,112751
508.618060304783,114659
508.702580574937,114826
508.787100724726,113679
508.871620754394,114366
508.956140664186,124951
509.040660454347,130576
509.125180125123,135857
509.209699676758,133572
509.294219109499,138179
509.378738423589,136499
509.463257619274,129120
509.5477766968,124000
509.632295656411,118882
509.716814498352,115741
509.801333222869,114057
509.885851830207,113069
509.97037032061,112868
510.054888694324,112608
510.139406951595,114934
510.223925092667,115333
510.308443117785,114045
510.392961027195,113432
510.477478821141,115517
510.56199649987,118408
510.646514063625,120292
510.731031512652,121450
510.815548847197,119389
510.900066067503,116845
510.984583173818,115092
511.069100166384,116107
511.153617045449,116037
511.238133811256,116935
511.322650464052,116611
511.407167004081,114523
511.491683431587,118586
511.576199746818,119715
511.660715950017,119431
511.745232041429,118245
511.829748021301,116043
511.914263889876,114832
511.9987796474,114556
512.083295294119,114102
512.167810830277,113733
512.252326256119,115595
512.336841571891,118213
512.421356777838,128077
512.505871874205,129122
512.590386861236,125222
512.674901739178,121754
512.759416508275,118078
512.843931168773,115885
512.928445720916,117121
513.01296016495,119781
513.097474501119,119101
513.18198872967,116804
513.266502850847,115361
513.351016864895,117217
513.435530772059,117812
513.520044572585,116114
513.604558266717,114786
513.689071854701,119273
513.773585336782,121613
513.858098713206,121998
513.942611984216,123092
514.027125150058,125340
514.111638210978,126568
514.196151167221,123438
514.280664019031,119048
514.365176766654,116718
514.449689410336,117709
514.53420195032,119992
514.618714386852,119091
514.703226720178,116610
514.787738950542,115285
514.87225107819,114719
514.956763103367,114414
515.041275026318,114083
515.125786847287,119546
515.210298566521,120706
515.294810184265,117564
515.379321700762,116248
515.463833116259,115786
515.548344431001,115250
515.632855645233,117315
515.7173667592,117923
515.801877773147,117529
515.886388687319,119035
515.970899501962,118611
516.05541021732,116792
516.139920833639,115760
516.224431351163,115082
516.308941770138,114829
516.39345209081,114604
516.477962313423,114465
516.562472438222,116802
516.646982465452,119952
516.731492395359,123193
516.816002228188,122472
516.900511964184,119299
516.985021603591,122252
517.069531146656,127296
517.154040593623,132974
517.238549944738,130541
517.323059200245,126176
517.40756836039,123180
517.492077425417,119829
517.576586395573,117745
517.661095271101,137612
517.745604052248,142869
517.830112739258,131044
517.914621332376,129435
517.999129831848,127360
518.083638237919,122654
518.168146550834,119602
518.252654770838,117439
518.337162898176,116514
518.421670933093,116055
518.506178875835,115689
518.590686726646,115418
518.675194485772,115841
518.759702153457,118127
518.844209729948,118715
518.928717215489,117478
519.013224610325,119015
519.097731914701,119707
519.182239128863,118355
519.266746253055,117387
519.351253287523,116698
519.435760232512,116168
519.520267088267,116246
519.604773855033,116239
519.689280533056,115813
519.77378712258,115758
519.85829362385,115556
519.942800037113,118171
520.027306362612,119070
520.111812600593,117730
520.196318751301,116692
520.280824814981,116193
520.365330791879,115865
520.449836682239,115860
520.534342486307,116381
520.618848204327,116331
520.703353836546,118545
520.787859383207,119117
520.872364844557,122518
520.95687022084,136331
521.041375512301,137083
521.125880719186,128303
521.21038584174,123057
521.294890880208,129382
521.379395834834,130231
521.463900705865,126595
521.548405493545,123859
521.632910198119,120778
521.717414819833,119327
521.801919358931,118083
521.88642381566,117280
521.970928190263,119600
522.055432482986,240332
522.139936694074,272726
522.224440823773,209836
522.308944872327,172071
522.393448839982,149173
522.477952726982,138435
522.562456533574,143443
522.646960260001,140845
522.731463906509,134019
522.815967473344,131545
522.90047096075,127260
522.984974368973,122882
523.069477698257,120525
523.153980948848,119173
523.238484120991,118144
523.322987214931,117753
523.407490230914,120066
523.491993169183,123506
523.576496029985,149043
523.660998813565,154044
523.745501520167,160034
523.830004150038,157192
523.914506703421,140902
523.999009180562,131117
524.083511581707,125293
524.1680139071,121758
524.252516156987,119840
524.337018331612,118740
524.421520431221,120514
524.506022456059,121442
524.590524406371,120049
524.675026282403,134375
524.759528084398,138900
524.844029812603,130658
524.928531467263,125440
525.013033048623,135279
525.097534556927,137791
525.182035992421,130230
525.266537355351,125560
525.351038645961,123129
525.435539864496,124437
525.520041011202,124247
525.604542086324,122422
525.689043090106,126985
525.773544022794,127929
525.858044884634,127593
525.942545675869,126570
526.027046396746,123799
526.11154704751,122390
526.196047628405,121731
526.280548139677,123810
526.36504858157,124238
526.449548954331,122523
526.534049258204,121927
526.618549493434,123869
526.703049660267,123910
526.787549758947,122856
526.87204978972,124190
526.956549752831,124666
527.041049648525,123512
527.125549477046,122281
527.210049238641,134888
527.294548933555,140054
527.379048562032,133415
527.463548124317,128432
527.548047620657,126351
527.632547051295,124975
527.717046416477,124092
527.801545716449,127127
527.886044951455,127990
527.97054412174,132218
528.05504322755,132293
528.139542269129,128118
528.224041246724,127363
528.308540160578,128679
528.393039010938,128060
528.477537798047,126152
528.562036522152,126497
528.646535183498,128646
528.731033782329,129965
528.815532318891,128309
528.900030793429,126364
528.984529206188,125046
529.069027557414,124110
529.15352584735,123583
529.238024076243,123331
529.322522244338,123339
529.407020351879,123686
529.491518399112,124126
529.576016386283,124329
529.660514313635,124363
529.745012181415,124154
529.829509989866,124067
529.914007739236,124135
529.998505429768,126350
530.083003061708,127320
530.167500635301,126542
530.251998150792,125933
530.336495608426,125806
530.420993008449,127921
530.505490351105,130568
530.589987636639,132075
530.674484865298,133109
530.758982037325,131637
530.843479152966,129098
530.927976212466,128022
531.012473216071,127846
531.096970164025,162578
531.181467056574,174367
531.265963893962,156030
531.350460676435,143530
531.434957404238,136479
531.519454077616,132514
531.603950696814,131480
531.688447262078,131051
531.772943773652,129783
531.857440231782,128597
531.941936636713,127930
532.026432988689,129467
532.110929287956,129404
532.19542553476,129613
532.279921729345,128506
532.364417871956,125533
532.448913962839,123122
532.533410002239,121314
532.6179059904,120066
532.702401927568,118554
532.786897813989,117060
532.871393649906,120955
532.955889435567,123977
533.040385171214,121439
533.124880857094,139479
533.209376493452,142940
533.293872080533,129743
533.378367618582,121592
533.462863107844,132763
533.547358548564,134094
533.631853940988,125705
533.71634928536,119966
533.800844581926,122676
533.885339830931,121651
533.96983503262,115876
534.054330187238,112167
534.13882529503,112001
534.223320356242,111222
534.307815371118,109159
534.392310339903,108107
534.476805262844,107618
534.561300140184,107547
534.64579497217,112268
534.730289759045,113213
534.814784501056,112691
534.899279198448,112049
534.983773851465,109765
535.068268460352,110664
535.152763025356,117785
535.23725754672,131575
535.321752024691,131415
535.406246459513,121741
535.490740851431,115324
535.575235200691,111614
535.659729507538,109677
535.744223772216,409787
535.828717994971,494523
535.913212176048,332465
535.997706315693,236212
536.08220041415,187916
536.166694471664,158186
536.251188488481,136374
536.335682464845,123687
536.420176401003,116712
536.504670297198,112529
536.589164153677,109811
536.673657970684,108307
536.758151748464,108340
536.842645487263,108098
536.927139187325,107418
537.011632848896,109590
537.096126472221,110496
537.180620057546,112194
537.265113605114,114287
537.349607115172,112754
537.434100587964,110518
537.518594023736,108990
537.603087422733,108212
537.687580785199,108329
537.772074111381,110346
537.856567401522,118284
537.941060655869,127270
538.025553874667,124613
538.11004705816,117635
538.194540206593,113570
538.279033320213,111264
538.363526399263,111117
538.44801944399,113111
538.532512454637,116618
538.617005431451,123484
538.701498374677,129382
538.785991284559,134023
538.870484161343,139310
538.954977005273,146005
539.039469816596,149598
539.123962595556,150255
539.208455342398,154925
539.292948057368,156801
539.37744074071,151807
539.46193339267,148528
539.546426013493,146713
539.630918603424,146558
539.715411162708,142419
539.79990369159,137972
539.884396190315,134150
539.968888659129,147700
540.053381098277,153341
540.137873508003,142163
540.222365888553,132177
540.306858240173,125994
540.391350563106,121541
540.475842857599,123163
540.560335123896,122369
540.644827362243,120421
540.729319572884,120570
540.813811756066,117544
540.898303912032,113498
540.982796041028,111044
541.0672881433,109563
541.151780219092,108818
541.23627226865,108155
541.320764292218,107651
541.405256290042,107772
541.489748262367,109478
541.574240209438,112943
541.6587321315,112589
541.743224028798,112554
541.827715901578,111756
541.912207750085,109688
541.996699574563,108890
542.081191375258,108479
542.165683152415,110647
542.250174906279,110852
542.334666637096,108962
542.41915834511,108120
542.503650030566,123187
542.58814169371,129744
542.672633334787,126961
542.757124954042,122306
542.841616551719,116079
542.926108128065,114792
543.010599683325,113764
543.095091217743,112174
543.179582731564,131202
543.264074225034,136193
543.348565698398,126083
543.433057151901,121311
543.517548585789,119986
543.602040000305,125278
543.686531395696,131605
543.771022772206,133429
543.855514130081,137002
543.940005469566,142070
544.024496790906,143635
544.108988094346,149015
544.193479380131,153292
544.277970648506,152625
544.362461899717,151754
544.446953134009,154815
544.531444351626,156659
544.615935552814,157927
544.700426737818,160027
544.784917906884,160929
544.869409060255,164030
544.953900198178,165977
545.038391320898,165444
545.122882428659,165510
545.207373521708,165535
545.291864600288,165834
545.376355664645,166572
545.460846715024,190519
545.545337751671,197999
545.62982877483,186459
545.714319784747,181483
545.798810781666,180812
545.883301765834,178538
545.967792737495,177258
546.052283696893,175616
546.136774644275,175154
546.221265579886,173980
546.30575650397,171699
546.390247416772,170091
546.474738318539,169234
546.559229209514,169388
546.643720089944,169196
546.728210960073,168960
546.812701820146,171153
546.897192670409,175525
546.981683511106,175913
547.066174342483,174068
547.150665164785,174529
547.235155978257,176591
547.319646783145,176284
547.404137579692,174848
547.488628368145,174152
547.573119148749,173619
547.657609921748,173038
547.742100687388,175287
547.826591445914,175709
547.911082197572,174662
547.995572942605,174218
548.08006368126,173462
548.164554413782,173083
548.249045140415,172849
548.333535861404,173097
548.418026576996,184917
548.502517287435,188141
548.587007992966,182137
548.671498693834,178747
548.755989390285,181047
548.840480082563,183724
548.924970770915,181939
549.009461455584,179480
549.093952136815,180469
549.178442814856,179947
549.262933489949,177873
549.347424162341,182328
549.431914832276,183129
549.5164055,179916
549.600896165758,179385
549.685386829794,178920
549.769877492355,177950
549.854368153685,177946
549.938858814029,190630
550.023349473633,196404
550.107840132742,192827
550.1923307916,188187
550.276821450453,183307
550.361312109546,180790
550.445802769124,181895
550.530293429432,181817
550.614784090716,180030
550.69927475322,179207
550.78376541719,178765
550.868256082871,178269
550.952746750508,178752
551.037237420346,181587
551.12172809263,182472
551.206218767606,181020
551.290709445518,180198
551.375200126611,179655
551.459690811131,182350
551.544181499323,183086
551.628672191433,181589
551.713162887704,180554
551.797653588383,179934
551.882144293714,179796
551.966635003943,179990
552.051125719314,182668
552.135616440073,187593
552.220107166465,187390
552.304597898735,186324
552.389088637129,185470
552.473579381891,198687
552.558070133266,202052
552.6425608915,193614
552.727051656838,188406
552.811542429524,203613
552.896033209805,206840
552.980523997925,198746
553.065014794129,193455
553.149505598662,188616
553.23399641177,185586
553.318487233698,186408
553.402978064691,196168
553.487468904993,205045
553.571959754851,200951
553.656450614509,192726
553.740941484213,187752
553.825432364206,189837
553.909923254736,190002
553.994414156046,191381
554.078905068382,190626
554.16339599199,187340
554.247886927113,185720
554.332377873998,199918
554.416868832889,203281
554.501359804032,194401
554.585850787671,189498
554.670341784053,187028
554.754832793421,185710
554.839323816021,184819
554.923814852099,184366
555.008305901899,184192
555.092796965667,189490
555.177288043647,190949
555.261779136085,207009
555.346270243226,210767
555.430761365315,202591
555.515252502597,198945
555.599743655318,194845
555.684234823722,190970
555.768726008055,191143
555.853217208561,192529
555.937708425486,190664
556.022199659075,204963
556.106690909574,208625
556.191182177226,201618
556.275673462278,196380
556.360164764975,193742
556.444656085561,194924
556.529147424282,193258
556.613638781383,190815
556.698130157109,189203
556.782621551706,190403
556.867112965417,190471
556.951604398489,192524
557.036095851167,197670
557.120587323695,196461
557.20507881632,192177
557.289570329285,189606
557.374061862836,190815
557.458553417219,191170
557.543044992678,191379
557.627536589459,190766
557.712028207806,191560
557.796519847966,191177
557.881011510182,193731
557.9655031947,196572
558.049994901765,194054
558.134486631623,190455
558.218978384519,188434
558.303470160697,189844
558.387961960402,189826
558.472453783881,189450
558.556945631378,189955
558.641437503137,209931
558.725929399405,221238
558.810421320427,211658
558.894913266447,201201
558.97940523771,195280
559.063897234463,194208
559.14838925695,195289
559.232881305415,193674
559.317373380105,190799
559.401865481264,191930
559.486357609138,191966
559.570849763971,190094
559.65534194601,189410
559.739834155498,191635
559.824326392681,191842
559.908818657804,192393
559.993310951113,191730
560.077803272852,189495
560.162295623266,188338
560.246788002602,187667
560.331280411103,189831
560.415772849015,192605
560.500265316583,194411
560.584757814052,197615
560.669250341668,196223
560.753742899676,192202
560.83823548832,192211
560.922728107845,191407
561.007220758498,189500
561.091713440523,188775
561.176206154165,188237
561.260698899669,188376
561.345191677281,188647
561.429684487245,188286
561.514177329807,188278
561.598670205212,188251
561.683163113705,188927
561.767656055531,189647
561.852149030935,191924
561.936642040163,195112
562.021135083459,194024
562.105628161069,191710
562.190121273237,192981
562.27461442021,192879
562.359107602232,198804
562.443600819547,199375
562.528094072403,196572
562.612587361042,200412
562.697080685712,201502
562.781574046656,199366
562.866067444119,209121
562.950560878348,209231
563.035054349587,199910
563.119547858082,196862
563.204041404076,194671
563.288534987816,192275
563.373028609547,190196
563.457522269514,188924
563.542015967961,188122
563.626509705135,189745
563.71100348128,192394
563.795497296641,191520
563.879991151464,189383
563.964485045993,188265
564.048978980475,187666
564.133472955153,187901
564.217966970273,187879
564.30246102608,190181
564.386955122819,192793
564.471449260736,194221
564.555943440075,192452
564.640437661083,189721
564.724931924002,239603
564.80942622908,255773
564.893920576561,228505
564.97841496669,212695
565.062909399713,202944
565.147403875874,203572
565.231898395419,201570
565.316392958592,195039
565.400887565639,191077
565.485382216806,188927
565.569876912336,187775
565.654371652476,186932
565.73886643747,188714
565.823361267564,189771
565.907856143003,202949
565.992351064031,206443
566.076846030894,198973
566.161341043838,194371
566.245836103106,191542
566.330331208945,189956
566.4148263616,188990
566.499321561315,190638
566.583816808336,191184
566.668312102908,192319
566.752807445276,192041
566.837302835685,191448
566.92179827438,192075
567.006293761607,191400
567.090789297611,190128
567.175284882636,193475
567.259780516928,194443
567.344276200732,192010
567.428771934293,190500
567.513267717856,192196
567.597763551667,192507
567.68225943597,190904
567.766755371011,204543
567.851251357034,208208
567.935747394286,199793
568.020243483011,199356
568.104739623454,197686
568.18923581586,209875
568.273732060474,211976
568.358228357543,201511
568.442724707309,195271
568.52722111002,191834
568.61171756592,190001
568.696214075254,189120
568.780710638267,188237
568.865207255205,187613
568.949703926312,187776
569.034200651834,190145
569.118697432015,190184
569.203194267102,188550
569.287691157338,189837
569.37218810297,193511
569.456685104242,200388
569.5411821614,200209
569.625679274688,194975
569.710176444352,194034
569.794673670637,192308
569.879170953788,189275
569.96366829405,189742
570.048165691668,194269
570.132663146887,193890
570.217160659954,195656
570.301658231112,195317
570.386155860606,191415
570.470653548683,189220
570.555151295587,188003
570.639649101562,187359
570.724146966856,186817
570.808644891712,188835
570.893142876375,192692
570.977640921091,193185
571.062139026105,192789
571.146637191662,204905
571.231135418007,206932
571.315633705386,198516
571.400132054043,195840
571.484630464223,196541
571.569128936172,194507
571.653627470135,191205
571.738126066357,194156
571.822624725083,197090
571.907123446559,194506
571.991622231028,195935
572.076121078737,199282
572.160619989931,197377
572.245118964855,195115
572.329618003753,192542
572.414117106872,192149
572.498616274455,195248
572.583115506749,193365
572.667614803999,188825
572.752114166448,185778
572.836613594344,184564
572.921113087931,184205
573.005612647453,183438
573.090112273157,183031
573.174611965286,185737
573.259111724088,190857
573.343611549805,196079
573.428111442685,212768
573.512611402971,215020
573.597111430909,235000
573.681611526744,237219
573.766111690721,222307
573.850611923086,209591
573.935112224083,197517
574.019612593957,190861
574.104113032955,187556
574.18861354132,188095
574.273114119298,187650
574.357614767134,187941
574.442115485074,186987
574.526616273362,218722
574.611117132243,227505
574.695618061963,220424
574.780119062767,214664
574.8646201349,203009
574.949121278607,196758
575.033622494133,193888
575.118123781723,192044
575.202625141623,188780
575.287126574078,185354
575.371628079332,183603
575.456129657631,182667
575.54063130922,182387
575.625133034344,184879
575.709634833249,189127
575.794136706179,188124
575.878638653379,184789
575.963140675095,182972
576.047642771572,181753
576.132144943055,181388
576.216647189789,184281
576.301149512019,184722
576.38565190999,182976
576.470154383948,181688
576.554656934138,181268
576.639159560804,184478
576.723662264192,185261
576.808165044547,206323
576.892667902114,214053
576.977170837139,201746
577.061673849866,192541
577.146176940541,187447
577.230680109408,184730
577.315183356713,183623
577.399686682701,185039
577.484190087617,201714
577.568693571706,204330
577.653197135214,194054
577.737700778385,190789
577.822204501465,188023
577.906708304698,183996
577.991212188331,204364
578.075716152607,209511
578.160220197773,199509
578.244724324073,192672
578.329228531752,191739
578.413732821056,192247
578.49823719223,187901
578.582741645518,183636
578.667246181166,183269
578.75175079942,182527
578.836255500524,182996
578.920760284723,188059
579.005265152262,187311
579.089770103388,183125
579.174275138344,180707
579.258780257375,178672
579.343285460728,177500
579.427790748647,177206
579.512296121378,176872
579.596801579165,176195
579.681307122253,176816
579.765812750888,177358
579.850318465315,176600
579.934824265779,176195
580.019330152525,176135
580.103836125799,189216
580.188342185844,192958
580.272848332908,187824
580.357354567233,184178
580.441860889067,180557
580.526367298654,178522
580.610873796238,182333
580.695380382066,182454
580.779887056382,179212
580.864393819432,180374
580.94890067146,180001
581.033407612712,177603
581.117914643433,176345
581.202421763867,175970
581.286928974261,175493
581.371436274859,177053
581.455943665907,176945
581.540451147649,177517
581.62495872033,177139
581.709466384197,175279
581.793974139493,174320
581.878481986465,178299
581.962989925357,178884
582.047497956414,180735
582.132006079881,182665
582.216514296004,179845
582.301022605028,176890
582.385531007198,181829
582.470039502758,182563
582.554548091955,178548
582.639056775033,175889
582.723565552238,173697
582.808074423814,172831
582.892583390007,172667
582.977092451061,177311
583.061601607223,178495
583.146110858736,176966
583.230620205847,176868
583.3151296488,175595
583.399639187841,175934
583.484148823214,175156
583.568658555165,173537
583.653168383939,172752
583.73767830978,176531
583.822188332935,177161
583.906698453649,176505
583.991208672165,175169
584.075718988731,172906
584.16022940359,174033
584.244739916987,174023
584.329250529169,172127
584.41376124038,170930
584.498272050865,170639
584.58278296087,171111
584.667293970638,177191
584.751805080417,183202
584.83631629045,181122
584.920827600983,176394
585.005339012262,173744
585.08985052453,174594
585.174362138034,176088
585.258873853018,176639
585.343385669727,175003
585.427897588408,172417
585.512409609304,170697
585.596921732661,169662
585.681433958724,170611
585.765946287739,170516
585.85045871995,171866
585.934971255602,174699
586.019483894941,179134
586.103996638212,180780
586.18850948566,177207
586.27302243753,173705
586.357535494067,171163
586.442048655516,186192
586.526561922122,204471
586.611075294132,198809
586.695588771789,185543
586.780102355339,178507
586.864616045027,176421
586.949129841097,173869
587.033643743797,170688
587.118157753369,169192
587.20267187006,168204
587.287186094115,167774
587.371700425779,167321
587.456214865296,166624
587.540729412912,166358
587.625244068873,166156
587.709758833423,168535
587.794273706808,169665
587.878788689272,168664
587.963303781061,167749
588.047818982419,167106
588.132334293593,168727
588.216849714827,171989
588.301365246366,171563
588.385880888455,169248
588.47039664134,167619
588.554912505266,166559
588.639428480477,168577
588.72394456722,172266
588.808460765738,176792
588.892977076278,175677
588.977493499084,171159
589.062010034401,168428
589.146526682475,166793
589.231043443551,165735
589.315560317874,165099
589.400077305689,164665
589.48459440724,164600
589.569111622774,166532
589.653628952536,170608
589.73814639677,170355
589.822663955722,167618
589.907181629636,225466
589.991699418759,246398
590.076217323334,220760
590.160735343608,200274
590.245253479825,184354
590.329771732231,175101
590.41429010107,192812
590.498808586588,196171
590.58332718903,182347
590.667845908641,176140
590.752364745666,171938
590.83688370035,167990
590.921402772939,167810
591.005921963678,172100
591.090441272811,171460
591.174960700584,169939
591.259480247241,170417
591.343999913029,170659
591.428519698192,168844
591.513039602976,165895
591.597559627625,164233
591.682079772385,163546
591.7666000375,162906
591.851120423216,162393
591.935640929779,162303
592.020161557432,163664
592.104682306422,164083
592.189203176993,163011
592.273724169391,162064
592.35824528386,161563
592.442766520647,161300
592.527287879995,163852
592.611809362151,164831
592.696330967358,183190
592.780852695863,187540
592.865374547911,176205
592.949896523746,169615
593.034418623614,166189
593.11894084776,190906
593.203463196429,196926
593.287985669866,181753
593.372508268317,172701
593.457030992026,167605
593.541553841238,164739
593.626076816199,163245
593.710599917154,162411
593.795123144348,161853
593.879646498027,161072
593.964169978434,165401
594.048693585816,166896
594.133217320417,163810
594.217741182483,163998
594.302265172259,163524
594.38678928999,164176
594.47131353592,163856
594.555837910296,164450
594.640362413363,164022
594.724887045364,177124
594.809411806547,179838
594.893936697155,171027
594.978461717434,170612
595.062986867629,168910
595.147512147985,164921
595.232037558747,167322
595.316563100161,171871
595.401088772471,170038
595.485614575923,165880
595.570140510762,162964
595.654666577233,161081
595.73919277558,162538
595.82371910605,163648
595.908245568888,162374
595.992772164338,165473
596.077298892645,171228
596.161825754055,169557
596.246352748813,164523
596.330879877164,161720
596.415407139353,170438
596.499934535626,172533
596.584462066227,167247
596.668989731401,166202
596.753517531394,167295
596.838045466451,167716
596.922573536817,165109
597.007101742737,162231
597.091630084456,181270
597.17615856222,196576
597.260687176273,188774
597.345215926861,178848
597.429744814228,176498
597.51427383862,171829
597.598803000283,165413
597.68333229946,166446
597.767861736398,165661
597.852391311341,166737
597.936921024535,165969
598.021450876224,164550
598.105980866655,165298
598.190510996071,163387
598.275041264718,162779
598.359571672842,163741
598.444102220687,165125
598.528632908498,163660
598.613163736522,163249
598.697694705001,167716
598.782225814183,168989
598.866757064312,167283
598.951288455633,163705
599.035819988391,162282
599.120351662832,163829
599.2048834792,162225
599.289415437741,159407
599.3739475387,158154
599.458479782322,159916
599.543012168852,162137
599.627544698535,163334
599.712077371617,161465
599.796610188342,158598
599.881143148956,159683
599.965676253703,161993
600.05020950283,160714
600.13474289658,157739
600.2192764352,156350
600.303810118934,157913
600.388343948028,157841
600.472877922726,156264
600.557412043273,157873
600.641946309916,158111
600.726480722899,156860
600.811015282466,155818
600.895549988864,154931
600.980084842338,154136
601.064619843132,155510
601.149154991491,156277
601.233690287662,158042
601.318225731888,158044
601.402761324415,156145
601.487297065489,157197
601.571832955354,157606
601.656368994255,158533
601.740905182438,157687
601.825441520148,155615
601.90997800763,157382
601.994514645128,159638
602.079051432889,160255
602.163588371157,158856
602.248125460177,158606
602.332662700195,157854
602.417200091456,158355
602.501737634204,157666
602.586275328686,155472
602.670813175145,154135
602.755351173828,160465
602.839889324979,162323
602.924427628843,160917
603.008966085667,161400
603.093504695693,159269
603.178043459169,156150
603.262582376339,157370
603.347121447448,159165
603.431660672741,158242
603.516200052464,156054
603.600739586861,154178
603.685279276178,153211
603.769819120659,153403
603.854359120551,153286
603.938899276098,155286
604.023439587545,158006
604.107980055137,156980
604.19252067912,156825
604.277061459738,157918
604.361602397237,156250
604.446143491862,154054
604.530684743859,163333
604.615226153471,173922
604.699767720944,172559
604.784309446525,165550
604.868851330456,162089
604.953393372984,164004
605.037935574354,166392
605.122477934812,162742
605.207020454601,174145
605.291563133967,175684
605.376105973156,165850
605.460648972412,159967
605.545192131981,155674
605.629735452108,152772
605.714278933038,151521
605.798822575015,156158
605.883366378286,157495
605.967910343095,154538
606.052454469688,152696
606.136998758309,152009
606.221543209204,154366
606.306087822618,154702
606.390632598795,152817
606.475177537982,153787
606.559722640423,156179
606.644267906364,157477
606.728813336049,158175
606.813358929724,156136
606.897904687633,153254
606.982450610022,151415
607.066996697137,150336
607.151542949221,152668
607.236089366521,155554
607.320635949282,154404
607.405182697748,152363
607.489729612165,154264
607.574276692777,154309
607.658823939831,152005
607.74337135357,153242
607.827918934241,155345
607.912466682089,153986
607.997014597358,151882
608.081562680293,158641
608.16611093114,159671
608.250659350145,157621
608.335207937551,157838
608.419756693605,156933
608.504305618551,154129
608.588854712634,154145
608.6734039761,153774
608.757953409194,159414
608.84250301216,163145
608.927052785245,158937
609.011602728693,154534
609.096152842749,152133
609.180703127658,150514
609.265253583666,149077
609.349804211018,148558
609.434355009958,150663
609.518905980733,150956
609.603457123586,154654
609.688008438764,179651
609.772559926511,183178
609.857111587073,168144
609.941663420694,159065
610.02621542762,153965
610.110767608096,154218
610.195319962366,153561
610.279872490677,150747
610.364425193274,148935
610.4489780704,148425
610.533531122303,148207
610.618084349226,148322
610.702637751414,150780
610.787191329114,153410
610.87174508257,151936
610.956299012027,154391
611.04085311773,154576
611.125407399925,151487
611.209961858857,149479
611.29451649477,165929
611.37907130791,176016
611.463626298523,168017
611.548181466852,161381
611.632736813144,161412
611.717292337643,159008
611.801848040595,154198
611.886403922244,151298
611.970959982837,151821
612.055516222617,153227
612.14007264183,154687
612.224629240722,155702
612.309186019537,154425
612.39374297852,162189
612.478300117917,163290
612.562857437973,168693
612.647414938933,169763
612.731972621042,160855
612.816530484545,154027
612.901088529688,162985
612.985646756714,164156
613.070205165871,157924
613.154763757402,153250
613.239322531553,149392
613.323881488569,149756
613.408440628695,148878
613.492999952176,146517
613.577559459258,147840
613.662119150185,150022
613.746679025203,148716
613.831239084557,146410
613.915799328492,147610
614.000359757252,147483
614.084920371084,145651
614.169481170232,144930
614.254042154942,144926
614.338603325458,144292
614.423164682026,146237
614.507726224891,149036
614.592287954298,147697
614.676849870492,158684
614.761411973718,161016
614.845974264222,153072
614.930536742248,148561
615.015099408042,148648
615.099662261849,147748
615.184225303914,145559
615.268788534481,146724
615.353351953797,146583
615.437915562106,149597
615.522479359654,150153
615.607043346685,146882
615.691607523446,156393
615.776171890179,158421
615.860736447132,151443
615.94530119455,147351
616.029866132676,147186
616.114431261757,146460
616.198996582037,146930
616.283562093762,148380
616.368127797177,149306
616.452693692527,147329
616.537259780057,144242
616.621826060012,145288
616.706392532638,147806
616.790959198179,146769
616.87552605688,143914
616.960093108988,158820
617.044660354746,162966
617.1292277944,160024
617.213795428195,162831
617.298363256377,158114
617.38293127919,150678
617.46749949688,146401
617.552067909691,143539
617.63663651787,141911
617.72120532166,433920
617.805774321307,520365
617.890343517057,364226
617.974912909154,269112
618.059482497843,214253
618.14405228337,183094
618.22862226598,165193
618.313192445918,154732
618.397762823429,159850
618.482333398757,162714
618.56690417215,155989
618.65147514385,152690
618.736046314105,150266
618.820617683158,147490
618.905189251254,146159
618.98976101864,145566
619.07433298556,144947
619.158905152259,148060
619.243477518983,165422
619.328050085976,168076
619.412622853484,160472
619.497195821751,157809
619.581768991023,159457
619.666342361546,156904
619.750915933564,152066
619.835489707321,149405
619.920063683065,152673
620.004637861039,155209
620.089212241489,152576
620.173786824659,149286
620.258361610796,148469
620.342936600144,147792
620.427511792947,146954
620.512087189453,151646
620.596662789905,173444
620.681238594548,183647
620.765814603629,173369
620.850390817391,162199
620.93496723608,157628
621.019543859942,159434
621.104120689221,157801
621.188697724162,154740
621.273274965011,152488
621.357852412012,149740
621.442430065412,149199
621.527007925454,148509
621.611585992385,149739
621.696164266449,150534
621.780742747892,149212
621.865321436958,147839
621.949900333892,147435
622.03447943894,149704
622.119058752348,150317
622.203638274359,148876
622.28821800522,150855
622.372797945175,151442
622.457378094469,150029
622.541958453348,148623
622.626539022057,148457
622.711119800841,148459
622.795700789945,147598
622.880281989613,156127
622.964863400093,158293
623.049445021627,152936
623.134026854462,149682
623.218608898843,147619
623.303191155015,148956
623.387773623222,149575
623.472356303711,150691
623.556939196726,152412
623.641522302512,150922
623.726105621315,148112
623.810689153379,148530
623.89527289895,147857
623.979856858273,148315
624.064441031593,151751
624.149025419156,153122
624.233610021205,154744
624.318194837987,154763
624.402779869747,153385
624.487365116729,154072
624.571950579179,153811
624.656536257342,149769
624.741122151463,145590
624.825708261788,145182
624.91029458856,149863
624.994881132027,149612
625.079467892432,147855
625.16405487002,146064
625.248642065038,143669
625.33322947773,167992
625.41781710834,176790
625.502404957115,274854
625.5869930243,299245
625.671581310139,234152
625.756169814878,539128
625.840758538762,613459
625.925347482035,414197
626.009936644944,303524
626.094526027733,237861
626.179115630648,195252
626.263705453933,171401
626.348295497833,159996
626.432885762595,152238
626.517476248462,146117
626.60206695568,153150
626.686657884495,154178
626.771249035151,147285
626.855840407893,147887
626.940432002967,146888
627.025023820618,146149
627.10961586109,156302
627.19420812463,156274
627.278800611482,155566
627.363393321891,154665
627.447986256102,174680
627.532579414361,177010
627.617172796912,160186
627.701766404002,150126
627.786360235874,144232
627.870954292774,143336
627.955548574948,142065
628.04014308264,149942
628.124737816095,151509
628.209332775559,147576
628.293927961276,144250
628.378523373493,140279
628.463119012454,137697
628.547714878403,136467
628.632310971587,138418
628.716907292251,141285
628.801503840639,143134
628.886100616996,141615
628.970697621569,138840
629.055294854601,137389
629.139892316339,139016
629.224490007026,141373
629.309087926909,140543
629.393686076233,140616
629.478284455242,139657
629.562883064182,137356
629.647481903298,135918
629.732080972835,135440
629.816680273037,137266
629.901279804152,137453
629.985879566422,138566
630.070479560095,141140
630.155079785414,142098
630.239680242624,139933
630.324280931972,137402
630.408881853702,141730
630.493483008059,143675
630.578084395288,140532
630.662686015635,137639
630.747287869345,139846
630.831889956662,140126
630.916492277832,137569
631.001094833101,135877
631.085697622712,135028
631.170300646912,137196
631.254903905945,137555
631.339507400056,140857
631.424111129492,142956
631.508715094496,145619
631.593319295314,152311
631.677923732192,151955
631.762528405373,147485
631.847133315104,144252
631.93173846163,140406
632.016343845195,139490
632.100949466045,137921
632.185555324425,135418
632.270161420579,134161
632.354767754754,133495
632.439374327195,135082
632.523981138146,135256
632.608588187852,133872
632.693195476559,134006
632.777803004512,133965
632.862410771956,134147
632.947018779136,134442
633.031627026297,134626
633.116235513685,136247
633.200844241544,140630
633.28545321012,140455
633.370062419658,136952
633.454671870403,135005
633.539281562599,133642
633.623891496493,132603
633.708501672329,132126
633.793112090353,134187
633.877722750809,134488
633.962333653943,133146
634.0469448,132498
634.131556189225,131951
634.216167821863,133963
634.300779698159,134500
634.385391818359,133198
634.470004182707,132575
634.554616791449,131980
634.639229644829,133871
634.723842743094,146810
634.808456086488,151142
634.893069675256,144199
634.977683509643,140704
635.062297589895,140368
635.146911916256,140250
635.231526488972,137880
635.316141308288,256178
635.400756374449,288354
635.4853716877,226978
635.569987248286,191525
635.654603056453,167000
635.739219112446,152048
635.823835416509,144066
635.908451968888,143494
635.993068769827,156409
636.077685819573,155861
636.16230311837,161223
636.246920666464,159230
636.331538464099,233447
636.41615651152,250268
636.500774808974,199344
636.585393356704,169357
636.670012154956,170605
636.754631203976,168733
636.839250504007,154123
636.923870055296,143879
637.008489858088,139973
637.093109912628,137449
637.17773021916,134442
637.26235077793,132338
637.346971589183,138037
637.431592653165,141999
637.51621397012,138628
637.600835540293,136511
637.68545736393,136589
637.770079441276,137235
637.854701772576,135587
637.939324358074,132950
638.023947198017,131340
