Scan Date:,2025-05-24 17:19:58Z
Integration Time:,1000
Number of Averages:,100

Pixel Number,Wavelength (nm),Sum Spectrum,Averaged Spectrum
0,464.9839,39280,392.8
1,465.068515076491,38781,387.81
2,465.153129906126,38754,387.54
3,465.237744489151,38442,384.42
4,465.322358825812,38484,384.84
5,465.406972916352,38670,386.7
6,465.491586761018,38682,386.82
7,465.576200360054,38684,386.84
8,465.660813713705,38507,385.07
9,465.745426822218,38784,387.84
10,465.830039685836,39020,390.2
11,465.914652304805,39030,390.3
12,465.99926467937,39123,391.23
13,466.083876809776,39304,393.04
14,466.168488696269,39464,394.64
15,466.253100339093,195758,1957.58
16,466.337711738494,239806,2398.06
17,466.422322894716,156813,1568.13
18,466.506933808006,107849,1078.49
19,466.591544478607,80005,800.05
20,466.676154906766,63895,638.95
21,466.760765092726,54619,546.19
22,466.845375036735,53165,531.65
23,466.929984739036,51668,516.68
24,467.014594199874,48523,485.23
25,467.099203419495,46618,466.18
26,467.183812398145,45082,450.82
27,467.268421136067,44364,443.64
28,467.353029633508,76346,763.46
29,467.437637890711,87290,872.9
30,467.522245907924,74491,744.91
31,467.60685368539,64015,640.15
32,467.691461223355,54907,549.07
33,467.776068522063,50089,500.89
34,467.860675581761,47161,471.61
35,467.945282402693,50401,504.01
36,468.029888985104,57522,575.22
37,468.11449532924,55996,559.96
38,468.199101435345,53387,533.87
39,468.283707303665,50719,507.19
40,468.368312934445,46965,469.65
41,468.45291832793,48598,485.98
42,468.537523484364,52291,522.91
43,468.622128403994,78191,781.91
44,468.706733087065,89883,898.83
45,468.791337533821,75445,754.45
46,468.875941744507,61344,613.44
47,468.96054571937,53830,538.3
48,469.045149458653,49805,498.05
49,469.129752962602,47084,470.84
50,469.214356231462,45235,452.35
51,469.298959265479,44154,441.54
52,469.383562064897,43559,435.59
53,469.468164629962,43398,433.98
54,469.552766960919,46566,465.66
55,469.637369058012,51462,514.62
56,469.721970921487,50603,506.03
57,469.80657255159,47916,479.16
58,469.891173948565,49703,497.03
59,469.975775112657,48973,489.73
60,470.060376044111,45862,458.62
61,470.144976743173,44346,443.46
62,470.229577210088,47324,473.24
63,470.314177445101,48156,481.56
64,470.398777448457,50146,501.46
65,470.483377220402,76207,762.07
66,470.567976761179,84031,840.31
67,470.652576071035,71385,713.85
68,470.737175150215,60607,606.07
69,470.821773998963,53043,530.43
70,470.906372617525,52294,522.94
71,470.990971006146,50505,505.05
72,471.075569165072,84697,846.97
73,471.160167094546,93743,937.43
74,471.244764794815,76898,768.98
75,471.329362266123,65368,653.68
76,471.413959508717,59519,595.19
77,471.498556522839,62254,622.54
78,471.583153308737,62949,629.49
79,471.667749866655,59376,593.76
80,471.752346196838,58359,583.59
81,471.836942299532,58222,582.22
82,471.921538174981,62526,625.26
83,472.00613382343,60144,601.44
84,472.090729245126,53124,531.24
85,472.175324440312,48722,487.22
86,472.259919409234,49615,496.15
87,472.344514152137,48876,488.76
88,472.429108669267,45777,457.77
89,472.513702960868,45468,454.68
90,472.598297027185,47623,476.23
91,472.682890868465,47407,474.07
92,472.767484484951,45409,454.09
93,472.852077876889,43666,436.66
94,472.936671044524,46447,464.47
95,473.021263988101,47160,471.6
96,473.105856707865,45791,457.91
97,473.190449204062,51410,514.1
98,473.275041476937,69073,690.73
99,473.359633526735,76867,768.67
100,473.4442253537,67158,671.58
101,473.528816958078,60070,600.7
102,473.613408340115,58659,586.59
103,473.697999500055,54420,544.2
104,473.782590438143,49779,497.79
105,473.867181154625,47294,472.94
106,473.951771649745,49953,499.53
107,474.03636192375,49844,498.44
108,474.120951976883,47280,472.8
109,474.20554180939,45553,455.53
110,474.290131421517,44195,441.95
111,474.374720813508,47672,476.72
112,474.459309985608,48416,484.16
113,474.543898938063,45859,458.59
114,474.628487671118,44678,446.78
115,474.713076185018,44050,440.5
116,474.797664480008,47588,475.88
117,474.882252556332,81948,819.48
118,474.966840414238,92244,922.44
119,475.051428053968,112337,1123.37
120,475.13601547577,109889,1098.89
121,475.220602679887,81498,814.98
122,475.305189666564,64464,644.64
123,475.389776436048,54762,547.62
124,475.474362988583,49590,495.9
125,475.558949324414,46425,464.25
126,475.643535443787,44703,447.03
127,475.728121346946,44168,441.68
128,475.812707034136,43371,433.71
129,475.897292505604,69522,695.22
130,475.981877761593,81712,817.12
131,476.066462802349,72124,721.24
132,476.151047628118,65195,651.95
133,476.235632239144,57732,577.32
134,476.320216635672,50836,508.36
135,476.404800817948,50923,509.23
136,476.489384786216,50432,504.32
137,476.573968540723,52448,524.48
138,476.658552081712,74823,748.23
139,476.74313540943,77927,779.27
140,476.827718524121,63924,639.24
141,476.91230142603,54680,546.8
142,476.996884115403,53002,530.02
143,477.081466592484,51171,511.71
144,477.166048857519,47042,470.42
145,477.250630910753,49038,490.38
146,477.335212752432,49216,492.16
147,477.419794382799,46462,464.62
148,477.504375802101,48390,483.9
149,477.588957010582,49262,492.62
150,477.673538008487,47069,470.69
151,477.758118796063,94552,945.52
152,477.842699373553,107443,1074.43
153,477.927279741204,80469,804.69
154,478.011859899259,63960,639.6
155,478.096439847965,54179,541.79
156,478.181019587566,49639,496.39
157,478.265599118308,47359,473.59
158,478.350178440435,45438,454.38
159,478.434757554193,44580,445.8
160,478.519336459827,57969,579.69
161,478.603915157582,61259,612.59
162,478.688493647704,53158,531.58
163,478.773071930436,118052,1180.52
164,478.857650006026,134848,1348.48
165,478.942227874716,97251,972.51
166,479.026805536754,88527,885.27
167,479.111382992383,81346,813.46
168,479.19596024185,70158,701.58
169,479.280537285398,60879,608.79
170,479.365114123274,53066,530.66
171,479.449690755722,48034,480.34
172,479.534267182988,45230,452.3
173,479.618843405317,43743,437.43
174,479.703419422953,46616,466.16
175,479.787995236142,51938,519.38
176,479.87257084513,51223,512.23
177,479.95714625016,47956,479.56
178,480.041721451479,45836,458.36
179,480.126296449331,44549,445.49
180,480.210871243962,47038,470.38
181,480.295445835617,47822,478.22
182,480.380020224541,49113,491.13
183,480.464594410979,48461,484.61
184,480.549168395175,49682,496.82
185,480.633742177377,49353,493.53
186,480.718315757827,46229,462.29
187,480.802889136772,44531,445.31
188,480.887462314457,43662,436.62
189,480.972035291127,42855,428.55
190,481.056608067026,46958,469.58
191,481.141180642401,62148,621.48
192,481.225753017496,63317,633.17
193,481.310325192556,54119,541.19
194,481.394897167827,52464,524.64
195,481.479468943554,50602,506.02
196,481.564040519981,47471,474.71
197,481.648611897354,45570,455.7
198,481.733183075918,44023,440.23
199,481.817754055918,47124,471.24
200,481.9023248376,47746,477.46
201,481.986895421208,48696,486.96
202,482.071465806988,87071,870.71
203,482.156035995184,95243,952.43
204,482.240605986042,76524,765.24
205,482.325175779807,64149,641.49
206,482.409745376725,54670,546.7
207,482.494314777039,49052,490.52
208,482.578883980996,46066,460.66
209,482.663452988841,44633,446.33
210,482.748021800818,43503,435.03
211,482.832590417173,43429,434.29
212,482.91715883815,47476,474.76
213,483.001727063996,51531,515.31
214,483.086295094955,50044,500.44
215,483.170862931273,46729,467.29
216,483.255430573193,45685,456.85
217,483.339998020963,48961,489.61
218,483.424565274826,49822,498.22
219,483.509132335028,46956,469.56
220,483.593699201814,44949,449.49
221,483.678265875429,47618,476.18
222,483.762832356118,47692,476.92
223,483.847398644127,45015,450.15
224,483.9319647397,47373,473.73
225,484.016530643083,60702,607.02
226,484.101096354521,62439,624.39
227,484.185661874258,54996,549.96
228,484.270227202541,49753,497.53
229,484.354792339614,46718,467.18
230,484.439357285722,45497,454.97
231,484.523922041111,48159,481.59
232,484.608486606025,52166,521.66
233,484.69305098071,51077,510.77
234,484.777615165411,49557,495.57
235,484.862179160373,51729,517.29
236,484.946742965841,50539,505.39
237,485.03130658206,50483,504.83
238,485.115870009276,53381,533.81
239,485.200433247733,51761,517.61
240,485.284996297677,48266,482.66
241,485.369559159353,73984,739.84
242,485.454121833005,83911,839.11
243,485.53868431888,69089,690.89
244,485.623246617222,59136,591.36
245,485.707808728276,52986,529.86
246,485.792370652288,48203,482.03
247,485.876932389502,49095,490.95
248,485.961493940164,48717,487.17
249,486.046055304519,45987,459.87
250,486.130616482813,45128,451.28
251,486.215177475289,44910,449.1
252,486.299738282193,51962,519.62
253,486.384298903771,53544,535.44
254,486.468859340268,48723,487.23
255,486.553419591928,45490,454.9
256,486.637979658997,44207,442.07
257,486.722539541719,43598,435.98
258,486.807099240341,46199,461.99
259,486.891658755108,46874,468.74
260,486.976218086263,44919,449.19
261,487.060777234053,43613,436.13
262,487.145336198723,42996,429.96
263,487.229894980517,42455,424.55
264,487.314453579682,42748,427.48
265,487.399011996461,42818,428.18
266,487.483570231101,42408,424.08
267,487.568128283845,42320,423.2
268,487.652686154941,41821,418.21
269,487.737243844632,42089,420.89
270,487.821801353163,47243,472.43
271,487.906358680781,48292,482.92
272,487.990915827729,45386,453.86
273,488.075472794253,43971,439.71
274,488.160029580599,48782,487.82
275,488.244586187011,50136,501.36
276,488.329142613735,47332,473.32
277,488.413698861015,53086,530.86
278,488.498254929097,54068,540.68
279,488.582810818225,53443,534.43
280,488.667366528646,53227,532.27
281,488.751922060605,49430,494.3
282,488.836477414345,47869,478.69
283,488.921032590113,47421,474.21
284,489.005587588153,47841,478.41
285,489.090142408711,79234,792.34
286,489.174697052032,89711,897.11
287,489.259251518361,75736,757.36
288,489.343805807943,63805,638.05
289,489.428359921024,54463,544.63
290,489.512913857847,49061,490.61
291,489.597467618659,46639,466.39
292,489.682021203705,58198,581.98
293,489.76657461323,60728,607.28
294,489.851127847479,52346,523.46
295,489.935680906696,49495,494.95
296,490.020233791128,47653,476.53
297,490.104786501019,44936,449.36
298,490.189339036615,47574,475.74
299,490.27389139816,48036,480.36
300,490.3584435859,45297,452.97
301,490.44299560008,43563,435.63
302,490.527547440945,42755,427.55
303,490.612099108739,41888,418.88
304,490.69665060371,41617,416.17
305,490.7812019261,42165,421.65
306,490.865753076156,46124,461.24
307,490.950304054123,47355,473.55
308,491.034854860246,45343,453.43
309,491.119405494769,43837,438.37
310,491.203955957939,43346,433.46
311,491.288506249999,43467,434.67
312,491.373056371197,42990,429.9
313,491.457606321775,46848,468.48
314,491.54215610198,49036,490.36
315,491.626705712057,46734,467.34
316,491.711255152251,44605,446.05
317,491.795804422807,43303,433.03
318,491.88035352397,42382,423.82
319,491.964902455985,42559,425.59
320,492.049451219098,46761,467.61
321,492.133999813553,47584,475.84
322,492.218548239596,45370,453.7
323,492.303096497471,47683,476.83
324,492.387644587425,50594,505.94
325,492.472192509702,52574,525.74
326,492.556740264546,60340,603.4
327,492.641287852205,59354,593.54
328,492.725835272921,51829,518.29
329,492.810382526942,48581,485.81
330,492.894929614511,58576,585.76
331,492.979476535874,60181,601.81
332,493.064023291276,52842,528.42
333,493.148569880962,51142,511.42
334,493.233116305178,49143,491.43
335,493.317662564167,45760,457.6
336,493.402208658177,45083,450.83
337,493.486754587451,44404,444.04
338,493.571300352235,43261,432.61
339,493.655845952774,42444,424.44
340,493.740391389313,45792,457.92
341,493.824936662097,46502,465.02
342,493.909481771372,47177,471.77
343,493.994026717382,46573,465.73
344,494.078571500372,44462,444.62
345,494.163116120589,43760,437.6
346,494.247660578276,43332,433.32
347,494.33220487368,75979,759.79
348,494.416749007044,85214,852.14
349,494.501292978615,67829,678.29
350,494.585836788637,57015,570.15
351,494.670380437356,50821,508.21
352,494.754923925017,47661,476.61
353,494.839467251864,49946,499.46
354,494.924010418144,49429,494.29
355,495.0085534241,46587,465.87
356,495.093096269979,62699,626.99
357,495.177638956025,66495,664.95
358,495.262181482484,60042,600.42
359,495.3467238496,58209,582.09
360,495.431266057619,53339,533.39
361,495.515808106786,52637,526.37
362,495.600349997346,51206,512.06
363,495.684891729544,47411,474.11
364,495.769433303626,47031,470.31
365,495.853974719836,46237,462.37
366,495.938515978419,44120,441.2
367,496.023057079622,43146,431.46
368,496.107598023688,42827,428.27
369,496.192138810863,46270,462.7
370,496.276679441392,46928,469.28
371,496.361219915521,46669,466.69
372,496.445760233493,80879,808.79
373,496.530300395556,89037,890.37
374,496.614840401953,69474,694.74
375,496.69938025293,63892,638.92
376,496.783919948731,59226,592.26
377,496.868459489603,56116,561.16
378,496.95299887579,52652,526.52
379,497.037538107538,56160,561.6
380,497.12207718509,55894,558.94
381,497.206616108694,54094,540.94
382,497.291154878593,52036,520.36
383,497.375693495033,48278,482.78
384,497.460231958259,45715,457.15
385,497.544770268516,44281,442.81
386,497.629308426049,43889,438.89
387,497.713846431104,43308,433.08
388,497.798384283926,46141,461.41
389,497.882921984759,46712,467.12
390,497.967459533848,44947,449.47
391,498.05199693144,47780,477.8
392,498.136534177779,52382,523.82
393,498.22107127311,51555,515.55
394,498.305608217678,47704,477.04
395,498.390145011729,45537,455.37
396,498.474681655507,43962,439.62
397,498.559218149259,43230,432.3
398,498.643754493228,43459,434.59
399,498.72829068766,42919,429.19
400,498.8128267328,42073,420.73
401,498.897362628894,41854,418.54
402,498.981898376185,41892,418.92
403,499.066433974921,42275,422.75
404,499.150969425345,46276,462.76
405,499.235504727703,63762,637.62
406,499.32003988224,66387,663.87
407,499.404574889201,59549,595.49
408,499.489109748831,55328,553.28
409,499.573644461376,50326,503.26
410,499.65817902708,46624,466.24
411,499.742713446188,44828,448.28
412,499.827247718947,43902,439.02
413,499.9117818456,43215,432.15
414,499.996315826393,42515,425.15
415,500.080849661572,42268,422.68
416,500.165383351381,42566,425.66
417,500.249916896065,42506,425.06
418,500.33445029587,42788,427.88
419,500.41898355104,63223,632.23
420,500.503516661822,68784,687.84
421,500.588049628459,57431,574.31
422,500.672582451197,51836,518.36
423,500.757115130282,48457,484.57
424,500.841647665958,46125,461.25
425,500.92618005847,44455,444.55
426,501.010712308064,71881,718.81
427,501.095244414985,82647,826.47
428,501.179776379478,71714,717.14
429,501.264308201788,61467,614.67
430,501.34883988216,57353,573.53
431,501.433371420839,53646,536.46
432,501.517902818071,48313,483.13
433,501.6024340741,49843,498.43
434,501.686965189172,52400,524
435,501.771496163532,49927,499.27
436,501.856026997425,46327,463.27
437,501.940557691096,44122,441.22
438,502.02508824479,43277,432.77
439,502.109618658753,47280,472.8
440,502.194148933229,47942,479.42
441,502.278679068464,45070,450.7
442,502.363209064702,43786,437.86
443,502.44773892219,43068,430.68
444,502.532268641171,46303,463.03
445,502.616798221892,47414,474.14
446,502.701327664597,45701,457.01
447,502.785856969531,44487,444.87
448,502.87038613694,47323,473.23
449,502.954915167069,51394,513.94
450,503.039444060163,49840,498.4
451,503.123972816466,46561,465.61
452,503.208501436225,48903,489.03
453,503.293029919684,49874,498.74
454,503.377558267088,51060,510.6
455,503.462086478683,54134,541.34
456,503.546614554714,56712,567.12
457,503.631142495425,53940,539.4
458,503.715670301062,48833,488.33
459,503.800197971871,45550,455.5
460,503.884725508095,43852,438.52
461,503.969252909981,46385,463.85
462,504.053780177773,50666,506.66
463,504.138307311717,50145,501.45
464,504.222834312058,51103,511.03
465,504.307361179041,50708,507.08
466,504.39188791291,51401,514.01
467,504.476414513912,52100,521
468,504.560940982291,67198,671.98
469,504.645467318292,69155,691.55
470,504.729993522161,57638,576.38
471,504.814519594143,54410,544.1
472,504.899045534482,54093,540.93
473,504.983571343424,56372,563.72
474,505.068097021215,57623,576.23
475,505.152622568098,56888,568.88
476,505.23714798432,68606,686.06
477,505.321673270126,68084,680.84
478,505.40619842576,57324,573.24
479,505.490723451468,50910,509.1
480,505.575248347494,50409,504.09
481,505.659773114085,49006,490.06
482,505.744297751485,76739,767.39
483,505.828822259939,87361,873.61
484,505.913346639693,71019,710.19
485,505.997870890991,59078,590.78
486,506.082395014079,51971,519.71
487,506.166919009201,47992,479.92
488,506.251442876604,45295,452.95
489,506.335966616531,47205,472.05
490,506.420490229229,47706,477.06
491,506.505013714942,45861,458.61
492,506.589537073916,44857,448.57
493,506.674060306396,47296,472.96
494,506.758583412626,48597,485.97
495,506.843106392852,46593,465.93
496,506.927629247319,45021,450.21
497,507.012151976272,43631,436.31
498,507.096674579957,46540,465.4
499,507.181197058618,48589,485.89
500,507.2657194125,46855,468.55
501,507.350241641849,76715,767.15
502,507.43476374691,88442,884.42
503,507.519285727928,71920,719.2
504,507.603807585148,59271,592.71
505,507.688329318816,52540,525.4
506,507.772850929175,52122,521.22
507,507.857372416473,54353,543.53
508,507.941893780953,51884,518.84
509,508.02641502286,48429,484.29
510,508.110936142441,45846,458.46
511,508.195457139939,47259,472.59
512,508.279978015601,47269,472.69
513,508.364498769671,45810,458.1
514,508.449019402395,44792,447.92
515,508.533539914017,43633,436.33
516,508.618060304783,46357,463.57
517,508.702580574937,46593,465.93
518,508.787100724726,44517,445.17
519,508.871620754394,45493,454.93
520,508.956140664186,61723,617.23
521,509.040660454347,70143,701.43
522,509.125180125123,78275,782.75
523,509.209699676758,74582,745.82
524,509.294219109499,81894,818.94
525,509.378738423589,79280,792.8
526,509.463257619274,67383,673.83
527,509.5477766968,59109,591.09
528,509.632295656411,51630,516.3
529,509.716814498352,47249,472.49
530,509.801333222869,44576,445.76
531,509.885851830207,43197,431.97
532,509.97037032061,43074,430.74
533,510.054888694324,42757,427.57
534,510.139406951595,46729,467.29
535,510.223925092667,47530,475.3
536,510.308443117785,44920,449.2
537,510.392961027195,44193,441.93
538,510.477478821141,47439,474.39
539,510.56199649987,51411,514.11
540,510.646514063625,54193,541.93
541,510.731031512652,55947,559.47
542,510.815548847197,52895,528.95
543,510.900066067503,49174,491.74
544,510.984583173818,46483,464.83
545,511.069100166384,47871,478.71
546,511.153617045449,47699,476.99
547,511.238133811256,49082,490.82
548,511.322650464052,48514,485.14
549,511.407167004081,45574,455.74
550,511.491683431587,51778,517.78
551,511.576199746818,52997,529.97
552,511.660715950017,52227,522.27
553,511.745232041429,50781,507.81
554,511.829748021301,47172,471.72
555,511.914263889876,45323,453.23
556,511.9987796474,45360,453.6
557,512.083295294119,44620,446.2
558,512.167810830277,43982,439.82
559,512.252326256119,46521,465.21
560,512.336841571891,49991,499.91
561,512.421356777838,65622,656.22
562,512.505871874205,67678,676.78
563,512.590386861236,61158,611.58
564,512.674901739178,55691,556.91
565,512.759416508275,50189,501.89
566,512.843931168773,46910,469.1
567,512.928445720916,48396,483.96
568,513.01296016495,51801,518.01
569,513.097474501119,50129,501.29
570,513.18198872967,46822,468.22
571,513.266502850847,44839,448.39
572,513.351016864895,47516,475.16
573,513.435530772059,48175,481.75
574,513.520044572585,45711,457.11
575,513.604558266717,44214,442.14
576,513.689071854701,51059,510.59
577,513.773585336782,54983,549.83
578,513.858098713206,55644,556.44
579,513.942611984216,56802,568.02
580,514.027125150058,60119,601.19
581,514.111638210978,61562,615.62
582,514.196151167221,56564,565.64
583,514.280664019031,50513,505.13
584,514.365176766654,47202,472.02
585,514.449689410336,48301,483.01
586,514.53420195032,51321,513.21
587,514.618714386852,49881,498.81
588,514.703226720178,46422,464.22
589,514.787738950542,44275,442.75
590,514.87225107819,42863,428.63
591,514.956763103367,42034,420.34
592,515.041275026318,41729,417.29
593,515.125786847287,50124,501.24
594,515.210298566521,52619,526.19
595,515.294810184265,48309,483.09
596,515.379321700762,45620,456.2
597,515.463833116259,44411,444.11
598,515.548344431001,43571,435.71
599,515.632855645233,47012,470.12
600,515.7173667592,47848,478.48
601,515.801877773147,47310,473.1
602,515.886388687319,49732,497.32
603,515.970899501962,48687,486.87
604,516.05541021732,45611,456.11
605,516.139920833639,44001,440.01
606,516.224431351163,43227,432.27
607,516.308941770138,42990,429.9
608,516.39345209081,42469,424.69
609,516.477962313423,41977,419.77
610,516.562472438222,45524,455.24
611,516.646982465452,50135,501.35
612,516.731492395359,54938,549.38
613,516.816002228188,54098,540.98
614,516.900511964184,49242,492.42
615,516.985021603591,53240,532.4
616,517.069531146656,60628,606.28
617,517.154040593623,69261,692.61
618,517.238549944738,65730,657.3
619,517.323059200245,59280,592.8
620,517.40756836039,54584,545.84
621,517.492077425417,49482,494.82
622,517.576586395573,46152,461.52
623,517.661095271101,75062,750.62
624,517.745604052248,82682,826.82
625,517.830112739258,65354,653.54
626,517.914621332376,63237,632.37
627,517.999129831848,60456,604.56
628,518.083638237919,53539,535.39
629,518.168146550834,49034,490.34
630,518.252654770838,45995,459.95
631,518.337162898176,44672,446.72
632,518.421670933093,43987,439.87
633,518.506178875835,43148,431.48
634,518.590686726646,42498,424.98
635,518.675194485772,42892,428.92
636,518.759702153457,46124,461.24
637,518.844209729948,46971,469.71
638,518.928717215489,45081,450.81
639,519.013224610325,47287,472.87
640,519.097731914701,48366,483.66
641,519.182239128863,46598,465.98
642,519.266746253055,45193,451.93
643,519.351253287523,44190,441.9
644,519.435760232512,43301,433.01
645,519.520267088267,43072,430.72
646,519.604773855033,42806,428.06
647,519.689280533056,42401,424.01
648,519.77378712258,42188,421.88
649,519.85829362385,41996,419.96
650,519.942800037113,46168,461.68
651,520.027306362612,47177,471.77
652,520.111812600593,44936,449.36
653,520.196318751301,43622,436.22
654,520.280824814981,42792,427.92
655,520.365330791879,42536,425.36
656,520.449836682239,42921,429.21
657,520.534342486307,43477,434.77
658,520.618848204327,43063,430.63
659,520.703353836546,46089,460.89
660,520.787859383207,46701,467.01
661,520.872364844557,51704,517.04
662,520.95687022084,72959,729.59
663,521.041375512301,74047,740.47
664,521.125880719186,60153,601.53
665,521.21038584174,52244,522.44
666,521.294890880208,62031,620.31
667,521.379395834834,63708,637.08
668,521.463900705865,58220,582.2
669,521.548405493545,53999,539.99
670,521.632910198119,48958,489.58
671,521.717414819833,46132,461.32
672,521.801919358931,44576,445.76
673,521.88642381566,43586,435.86
674,521.970928190263,46749,467.49
675,522.055432482986,195920,1959.2
676,522.139936694074,234889,2348.89
677,522.224440823773,157747,1577.47
678,522.308944872327,111311,1113.11
679,522.393448839982,82473,824.73
680,522.477952726982,69748,697.48
681,522.562456533574,79607,796.07
682,522.646960260001,76694,766.94
683,522.731463906509,66855,668.55
684,522.815967473344,63247,632.47
685,522.90047096075,56468,564.68
686,522.984974368973,50044,500.44
687,523.069477698257,46568,465.68
688,523.153980948848,44862,448.62
689,523.238484120991,43852,438.52
690,523.322987214931,43303,433.03
691,523.407490230914,46800,468
692,523.491993169183,52008,520.08
693,523.576496029985,88759,887.59
694,523.660998813565,95654,956.54
695,523.745501520167,104529,1045.29
696,523.830004150038,100079,1000.79
697,523.914506703421,76149,761.49
698,523.999009180562,62258,622.58
699,524.083511581707,53645,536.45
700,524.1680139071,48719,487.19
701,524.252516156987,45971,459.71
702,524.337018331612,44249,442.49
703,524.421520431221,46714,467.14
704,524.506022456059,47501,475.01
705,524.590524406371,45437,454.37
706,524.675026282403,66665,666.65
707,524.759528084398,72574,725.74
708,524.844029812603,60416,604.16
709,524.928531467263,53058,530.58
710,525.013033048623,66891,668.91
711,525.097534556927,70095,700.95
712,525.182035992421,58828,588.28
713,525.266537355351,51866,518.66
714,525.351038645961,48433,484.33
715,525.435539864496,50482,504.82
716,525.520041011202,50255,502.55
717,525.604542086324,47754,477.54
718,525.689043090106,54904,549.04
719,525.773544022794,55768,557.68
720,525.858044884634,54769,547.69
721,525.942545675869,53363,533.63
722,526.027046396746,48844,488.44
723,526.11154704751,45967,459.67
724,526.196047628405,44822,448.22
725,526.280548139677,48606,486.06
726,526.36504858157,49269,492.69
727,526.449548954331,46603,466.03
728,526.534049258204,45496,454.96
729,526.618549493434,48612,486.12
730,526.703049660267,49087,490.87
731,526.787549758947,46914,469.14
732,526.87204978972,48923,489.23
733,526.956549752831,49576,495.76
734,527.041049648525,47636,476.36
735,527.125549477046,45826,458.26
736,527.210049238641,64035,640.35
737,527.294548933555,71128,711.28
738,527.379048562032,61274,612.74
739,527.463548124317,53820,538.2
740,527.548047620657,50785,507.85
741,527.632547051295,48725,487.25
742,527.717046416477,46968,469.68
743,527.801545716449,51523,515.23
744,527.886044951455,52566,525.66
745,527.97054412174,59039,590.39
746,528.05504322755,59869,598.69
747,528.139542269129,53593,535.93
748,528.224041246724,51611,516.11
749,528.308540160578,52985,529.85
750,528.393039010938,51760,517.6
751,528.477537798047,48476,484.76
752,528.562036522152,49573,495.73
753,528.646535183498,52759,527.59
754,528.731033782329,54916,549.16
755,528.815532318891,52751,527.51
756,528.900030793429,49266,492.66
757,528.984529206188,47252,472.52
758,529.069027557414,45982,459.82
759,529.15352584735,44969,449.69
760,529.238024076243,44203,442.03
761,529.322522244338,43419,434.19
762,529.407020351879,43382,433.82
763,529.491518399112,44192,441.92
764,529.576016386283,44144,441.44
765,529.660514313635,43806,438.06
766,529.745012181415,43544,435.44
767,529.829509989866,43027,430.27
768,529.914007739236,42952,429.52
769,529.998505429768,46797,467.97
770,530.083003061708,48283,482.83
771,530.167500635301,46498,464.98
772,530.251998150792,45200,452
773,530.336495608426,45152,451.52
774,530.420993008449,48508,485.08
775,530.505490351105,52427,524.27
776,530.589987636639,54560,545.6
777,530.674484865298,55884,558.84
778,530.758982037325,53286,532.86
779,530.843479152966,49149,491.49
780,530.927976212466,46585,465.85
781,531.012473216071,45601,456.01
782,531.096970164025,99784,997.84
783,531.181467056574,118039,1180.39
784,531.265963893962,88924,889.24
785,531.350460676435,69409,694.09
786,531.434957404238,58741,587.41
787,531.519454077616,52590,525.9
788,531.603950696814,51020,510.2
789,531.688447262078,50314,503.14
790,531.772943773652,47874,478.74
791,531.857440231782,45579,455.79
792,531.941936636713,44090,440.9
793,532.026432988689,46801,468.01
794,532.110929287956,47682,476.82
795,532.19542553476,49191,491.91
796,532.279921729345,48999,489.99
797,532.364417871956,46252,462.52
798,532.448913962839,44235,442.35
799,532.533410002239,43300,433
800,532.6179059904,43192,431.92
801,532.702401927568,42346,423.46
802,532.786897813989,41864,418.64
803,532.871393649906,49208,492.08
804,532.955889435567,54858,548.58
805,533.040385171214,52307,523.07
806,533.124880857094,79492,794.92
807,533.209376493452,85617,856.17
808,533.293872080533,67744,677.44
809,533.378367618582,56879,568.79
810,533.462863107844,75578,755.78
811,533.547358548564,78732,787.32
812,533.631853940988,66527,665.27
813,533.71634928536,58651,586.51
814,533.800844581926,63594,635.94
815,533.885339830931,62618,626.18
816,533.96983503262,54228,542.28
817,534.054330187238,49149,491.49
818,534.13882529503,49188,491.88
819,534.223320356242,48190,481.9
820,534.307815371118,45416,454.16
821,534.392310339903,43835,438.35
822,534.476805262844,42999,429.99
823,534.561300140184,42444,424.44
824,534.64579497217,49296,492.96
825,534.730289759045,51241,512.41
826,534.814784501056,50923,509.23
827,534.899279198448,49995,499.95
828,534.983773851465,46281,462.81
829,535.068268460352,47550,475.5
830,535.152763025356,57806,578.06
831,535.23725754672,78408,784.08
832,535.321752024691,78618,786.18
833,535.406246459513,64334,643.34
834,535.490740851431,54394,543.94
835,535.575235200691,48524,485.24
836,535.659729507538,45357,453.57
837,535.744223772216,490112,4901.12
838,535.828717994971,616914,6169.14
839,535.913212176048,375898,3758.98
840,535.997706315693,232719,2327.19
841,536.08220041415,161573,1615.73
842,536.166694471664,117961,1179.61
843,536.251188488481,85768,857.68
844,536.335682464845,67090,670.9
845,536.420176401003,56672,566.72
846,536.504670297198,50567,505.67
847,536.589164153677,46878,468.78
848,536.673657970684,44506,445.06
849,536.758151748464,44130,441.3
850,536.842645487263,43537,435.37
851,536.927139187325,42786,427.86
852,537.011632848896,46239,462.39
853,537.096126472221,47524,475.24
854,537.180620057546,50166,501.66
855,537.265113605114,53150,531.5
856,537.349607115172,50485,504.85
857,537.434100587964,47967,479.67
858,537.518594023736,46033,460.33
859,537.603087422733,44447,444.47
860,537.687580785199,44068,440.68
861,537.772074111381,46991,469.91
862,537.856567401522,59065,590.65
863,537.941060655869,72364,723.64
864,538.025553874667,68213,682.13
865,538.11004705816,58015,580.15
866,538.194540206593,52630,526.3
867,538.279033320213,50270,502.7
868,538.363526399263,51882,518.82
869,538.44801944399,56785,567.85
870,538.532512454637,63577,635.77
871,538.617005431451,74058,740.58
872,538.701498374677,81288,812.88
873,538.785991284559,84629,846.29
874,538.870484161343,86351,863.51
875,538.954977005273,90138,901.38
876,539.039469816596,89458,894.58
877,539.123962595556,84661,846.61
878,539.208455342398,87253,872.53
879,539.292948057368,88693,886.93
880,539.37744074071,82018,820.18
881,539.46193339267,78856,788.56
882,539.546426013493,78631,786.31
883,539.630918603424,80753,807.53
884,539.715411162708,77452,774.52
885,539.79990369159,73294,732.94
886,539.884396190315,69138,691.38
887,539.968888659129,91802,918.02
888,540.053381098277,101578,1015.78
889,540.137873508003,84768,847.68
890,540.222365888553,70334,703.34
891,540.306858240173,61784,617.84
892,540.391350563106,55729,557.29
893,540.475842857599,58822,588.22
894,540.560335123896,57934,579.34
895,540.644827362243,55437,554.37
896,540.729319572884,56249,562.49
897,540.813811756066,52943,529.43
898,540.898303912032,48298,482.98
899,540.982796041028,45504,455.04
900,541.0672881433,43710,437.1
901,541.151780219092,43159,431.59
902,541.23627226865,42716,427.16
903,541.320764292218,42159,421.59
904,541.405256290042,42343,423.43
905,541.489748262367,45340,453.4
906,541.574240209438,50718,507.18
907,541.6587321315,50417,504.17
908,541.743224028798,50955,509.55
909,541.827715901578,50073,500.73
910,541.912207750085,46586,465.86
911,541.996699574563,45213,452.13
912,542.081191375258,44459,444.59
913,542.165683152415,47836,478.36
914,542.250174906279,48570,485.7
915,542.334666637096,46069,460.69
916,542.41915834511,44731,447.31
917,542.503650030566,67468,674.68
918,542.58814169371,77602,776.02
919,542.672633334787,73704,737.04
920,542.757124954042,67012,670.12
921,542.841616551719,57990,579.9
922,542.926108128065,56247,562.47
923,543.010599683325,54977,549.77
924,543.095091217743,52615,526.15
925,543.179582731564,80083,800.83
926,543.264074225034,86978,869.78
927,543.348565698398,70691,706.91
928,543.433057151901,61097,610.97
929,543.517548585789,55595,555.95
930,543.602040000305,59639,596.39
931,543.686531395696,63910,639.1
932,543.771022772206,60577,605.77
933,543.855514130081,59788,597.88
934,543.940005469566,61791,617.91
935,544.024496790906,59305,593.05
936,544.108988094346,62568,625.68
937,544.193479380131,65002,650.02
938,544.277970648506,60351,603.51
939,544.362461899717,55823,558.23
940,544.446953134009,57879,578.79
941,544.531444351626,57850,578.5
942,544.615935552814,57332,573.32
943,544.700426737818,57625,576.25
944,544.784917906884,56023,560.23
945,544.869409060255,57989,579.89
946,544.953900198178,58160,581.6
947,545.038391320898,55433,554.33
948,545.122882428659,53553,535.53
949,545.207373521708,52198,521.98
950,545.291864600288,51258,512.58
951,545.376355664645,51173,511.73
952,545.460846715024,85288,852.88
953,545.545337751671,95049,950.49
954,545.62982877483,77356,773.56
955,545.714319784747,69964,699.64
956,545.798810781666,68519,685.19
957,545.883301765834,63845,638.45
958,545.967792737495,62206,622.06
959,546.052283696893,60764,607.64
960,546.136774644275,60759,607.59
961,546.221265579886,59275,592.75
962,546.30575650397,56313,563.13
963,546.390247416772,54471,544.71
964,546.474738318539,52997,529.97
965,546.559229209514,52707,527.07
966,546.643720089944,52437,524.37
967,546.728210960073,51786,517.86
968,546.812701820146,54130,541.3
969,546.897192670409,60043,600.43
970,546.981683511106,60256,602.56
971,547.066174342483,56906,569.06
972,547.150665164785,56863,568.63
973,547.235155978257,59750,597.5
974,547.319646783145,58701,587.01
975,547.404137579692,56291,562.91
976,547.488628368145,54618,546.18
977,547.573119148749,52987,529.87
978,547.657609921748,52273,522.73
979,547.742100687388,55371,553.71
980,547.826591445914,56702,567.02
981,547.911082197572,55550,555.5
982,547.995572942605,54957,549.57
983,548.08006368126,53842,538.42
984,548.164554413782,53125,531.25
985,548.249045140415,52680,526.8
986,548.333535861404,52730,527.3
987,548.418026576996,70950,709.5
988,548.502517287435,75625,756.25
989,548.587007992966,65791,657.91
990,548.671498693834,60180,601.8
991,548.755989390285,63346,633.46
992,548.840480082563,66817,668.17
993,548.924970770915,63024,630.24
994,549.009461455584,58924,589.24
995,549.093952136815,60058,600.58
996,549.178442814856,58865,588.65
997,549.262933489949,55707,557.07
998,549.347424162341,62385,623.85
999,549.431914832276,63794,637.94
1000,549.5164055,58942,589.42
1001,549.600896165758,58234,582.34
1002,549.685386829794,57528,575.28
1003,549.769877492355,55497,554.97
1004,549.854368153685,54758,547.58
1005,549.938858814029,73634,736.34
1006,550.023349473633,81900,819
1007,550.107840132742,76196,761.96
1008,550.1923307916,69166,691.66
1009,550.276821450453,62001,620.01
1010,550.361312109546,58183,581.83
1011,550.445802769124,59967,599.67
1012,550.530293429432,59824,598.24
1013,550.614784090716,57054,570.54
1014,550.69927475322,55505,555.05
1015,550.78376541719,54526,545.26
1016,550.868256082871,53635,536.35
1017,550.952746750508,53930,539.3
1018,551.037237420346,57449,574.49
1019,551.12172809263,58605,586.05
1020,551.206218767606,56634,566.34
1021,551.290709445518,55013,550.13
1022,551.375200126611,53989,539.89
1023,551.459690811131,57826,578.26
1024,551.544181499323,58949,589.49
1025,551.628672191433,56870,568.7
1026,551.713162887704,55509,555.09
1027,551.797653588383,54373,543.73
1028,551.882144293714,53622,536.22
1029,551.966635003943,53435,534.35
1030,552.051125719314,57563,575.63
1031,552.135616440073,65145,651.45
1032,552.220107166465,64466,644.66
1033,552.304597898735,62654,626.54
1034,552.389088637129,61307,613.07
1035,552.473579381891,80432,804.32
1036,552.558070133266,84817,848.17
1037,552.6425608915,72155,721.55
1038,552.727051656838,64504,645.04
1039,552.811542429524,86469,864.69
1040,552.896033209805,91046,910.46
1041,552.980523997925,79151,791.51
1042,553.065014794129,70910,709.1
1043,553.149505598662,63660,636.6
1044,553.23399641177,59612,596.12
1045,553.318487233698,61007,610.07
1046,553.402978064691,75019,750.19
1047,553.487468904993,87610,876.1
1048,553.571959754851,81603,816.03
1049,553.656450614509,69623,696.23
1050,553.740941484213,62318,623.18
1051,553.825432364206,65378,653.78
1052,553.909923254736,65466,654.66
1053,553.994414156046,67281,672.81
1054,554.078905068382,66122,661.22
1055,554.16339599199,60817,608.17
1056,554.247886927113,58014,580.14
1057,554.332377873998,81125,811.25
1058,554.416868832889,86997,869.97
1059,554.501359804032,73171,731.71
1060,554.585850787671,64868,648.68
1061,554.670341784053,59844,598.44
1062,554.754832793421,57184,571.84
1063,554.839323816021,55622,556.22
1064,554.923814852099,54479,544.79
1065,555.008305901899,54167,541.67
1066,555.092796965667,61742,617.42
1067,555.177288043647,63674,636.74
1068,555.261779136085,87134,871.34
1069,555.346270243226,92618,926.18
1070,555.430761365315,80530,805.3
1071,555.515252502597,75627,756.27
1072,555.599743655318,70125,701.25
1073,555.684234823722,64221,642.21
1074,555.768726008055,64225,642.25
1075,555.853217208561,66299,662.99
1076,555.937708425486,63153,631.53
1077,556.022199659075,84636,846.36
1078,556.106690909574,89647,896.47
1079,556.191182177226,78596,785.96
1080,556.275673462278,70555,705.55
1081,556.360164764975,66908,669.08
1082,556.444656085561,69103,691.03
1083,556.529147424282,66319,663.19
1084,556.613638781383,61874,618.74
1085,556.698130157109,59322,593.22
1086,556.782621551706,60957,609.57
1087,556.867112965417,60999,609.99
1088,556.951604398489,64414,644.14
1089,557.036095851167,71572,715.72
1090,557.120587323695,68976,689.76
1091,557.20507881632,62429,624.29
1092,557.289570329285,58776,587.76
1093,557.374061862836,60162,601.62
1094,557.458553417219,61325,613.25
1095,557.543044992678,62141,621.41
1096,557.627536589459,61166,611.66
1097,557.712028207806,62446,624.46
1098,557.796519847966,61477,614.77
1099,557.881011510182,65244,652.44
1100,557.9655031947,69384,693.84
1101,558.049994901765,65938,659.38
1102,558.134486631623,61108,611.08
1103,558.218978384519,57848,578.48
1104,558.303470160697,59405,594.05
1105,558.387961960402,59417,594.17
1106,558.472453783881,59412,594.12
1107,558.556945631378,60205,602.05
1108,558.641437503137,89644,896.44
1109,558.725929399405,106871,1068.71
1110,558.810421320427,92487,924.87
1111,558.894913266447,76334,763.34
1112,558.97940523771,67461,674.61
1113,559.063897234463,65604,656.04
1114,559.14838925695,66908,669.08
1115,559.232881305415,64457,644.57
1116,559.317373380105,60096,600.96
1117,559.401865481264,61414,614.14
1118,559.486357609138,61050,610.5
1119,559.570849763971,57994,579.94
1120,559.65534194601,56822,568.22
1121,559.739834155498,60162,601.62
1122,559.824326392681,60550,605.5
1123,559.908818657804,61400,614
1124,559.993310951113,60496,604.96
1125,560.077803272852,57594,575.94
1126,560.162295623266,56188,561.88
1127,560.246788002602,55194,551.94
1128,560.331280411103,58222,582.22
1129,560.415772849015,62901,629.01
1130,560.500265316583,66216,662.16
1131,560.584757814052,71228,712.28
1132,560.669250341668,68824,688.24
1133,560.753742899676,62302,623.02
1134,560.83823548832,62409,624.09
1135,560.922728107845,61327,613.27
1136,561.007220758498,58072,580.72
1137,561.091713440523,56739,567.39
1138,561.176206154165,55702,557.02
1139,561.260698899669,55296,552.96
1140,561.345191677281,54883,548.83
1141,561.429684487245,54531,545.31
1142,561.514177329807,54533,545.33
1143,561.598670205212,54826,548.26
1144,561.683163113705,55952,559.52
1145,561.767656055531,55971,559.71
1146,561.852149030935,58858,588.58
1147,561.936642040163,63343,633.43
1148,562.021135083459,61894,618.94
1149,562.105628161069,58328,583.28
1150,562.190121273237,60371,603.71
1151,562.27461442021,60497,604.97
1152,562.359107602232,69826,698.26
1153,562.443600819547,71085,710.85
1154,562.528094072403,67022,670.22
1155,562.612587361042,73380,733.8
1156,562.697080685712,75538,755.38
1157,562.781574046656,72508,725.08
1158,562.866067444119,86928,869.28
1159,562.950560878348,87152,871.52
1160,563.035054349587,73205,732.05
1161,563.119547858082,68582,685.82
1162,563.204041404076,65555,655.55
1163,563.288534987816,62433,624.33
1164,563.373028609547,59584,595.84
1165,563.457522269514,57462,574.62
1166,563.542015967961,56220,562.2
1167,563.626509705135,58805,588.05
1168,563.71100348128,63088,630.88
1169,563.795497296641,62070,620.7
1170,563.879991151464,58680,586.8
1171,563.964485045993,56432,564.32
1172,564.048978980475,55358,553.58
1173,564.133472955153,56012,560.12
1174,564.217966970273,55964,559.64
1175,564.30246102608,59008,590.08
1176,564.386955122819,62936,629.36
1177,564.471449260736,65030,650.3
1178,564.555943440075,62759,627.59
1179,564.640437661083,58751,587.51
1180,564.724931924002,134270,1342.7
1181,564.80942622908,158709,1587.09
1182,564.893920576561,117572,1175.72
1183,564.97841496669,94237,942.37
1184,565.062909399713,80280,802.8
1185,565.147403875874,80780,807.8
1186,565.231898395419,77573,775.73
1187,565.316392958592,68005,680.05
1188,565.400887565639,62114,621.14
1189,565.485382216806,58954,589.54
1190,565.569876912336,56727,567.27
1191,565.654371652476,55224,552.24
1192,565.73886643747,57667,576.67
1193,565.823361267564,58631,586.31
1194,565.907856143003,78377,783.77
1195,565.992351064031,83501,835.01
1196,566.076846030894,71629,716.29
1197,566.161341043838,64163,641.63
1198,566.245836103106,59885,598.85
1199,566.330331208945,57644,576.44
1200,566.4148263616,56565,565.65
1201,566.499321561315,59382,593.82
1202,566.583816808336,59733,597.33
1203,566.668312102908,61222,612.22
1204,566.752807445276,60549,605.49
1205,566.837302835685,59166,591.66
1206,566.92179827438,60220,602.2
1207,567.006293761607,59124,591.24
1208,567.090789297611,56805,568.05
1209,567.175284882636,61272,612.72
1210,567.259780516928,62663,626.63
1211,567.344276200732,59111,591.11
1212,567.428771934293,57085,570.85
1213,567.513267717856,59081,590.81
1214,567.597763551667,58780,587.8
1215,567.68225943597,56294,562.94
1216,567.766755371011,77051,770.51
1217,567.851251357034,83069,830.69
1218,567.935747394286,71038,710.38
1219,568.020243483011,70727,707.27
1220,568.104739623454,68585,685.85
1221,568.18923581586,86527,865.27
1222,568.273732060474,89634,896.34
1223,568.358228357543,74417,744.17
1224,568.442724707309,65645,656.45
1225,568.52722111002,60713,607.13
1226,568.61171756592,57603,576.03
1227,568.696214075254,56131,561.31
1228,568.780710638267,55352,553.52
1229,568.865207255205,54405,544.05
1230,568.949703926312,54496,544.96
1231,569.034200651834,58399,583.99
1232,569.118697432015,59096,590.96
1233,569.203194267102,56828,568.28
1234,569.287691157338,59024,590.24
1235,569.37218810297,64966,649.66
1236,569.456685104242,75119,751.19
1237,569.5411821614,74819,748.19
1238,569.625679274688,67343,673.43
1239,569.710176444352,66202,662.02
1240,569.794673670637,63931,639.31
1241,569.879170953788,59796,597.96
1242,569.96366829405,60861,608.61
1243,570.048165691668,67895,678.95
1244,570.132663146887,67363,673.63
1245,570.217160659954,69317,693.17
1246,570.301658231112,68467,684.67
1247,570.386155860606,63079,630.79
1248,570.470653548683,59755,597.55
1249,570.555151295587,57554,575.54
1250,570.639649101562,55980,559.8
1251,570.724146966856,55329,553.29
1252,570.808644891712,58484,584.84
1253,570.893142876375,63351,633.51
1254,570.977640921091,63545,635.45
1255,571.062139026105,62960,629.6
1256,571.146637191662,80898,808.98
1257,571.231135418007,83745,837.45
1258,571.315633705386,71370,713.7
1259,571.400132054043,67440,674.4
1260,571.484630464223,67940,679.4
1261,571.569128936172,64717,647.17
1262,571.653627470135,60128,601.28
1263,571.738126066357,65113,651.13
1264,571.822624725083,69656,696.56
1265,571.907123446559,65626,656.26
1266,571.991622231028,68358,683.58
1267,572.076121078737,73991,739.91
1268,572.160619989931,71005,710.05
1269,572.245118964855,67728,677.28
1270,572.329618003753,64586,645.86
1271,572.414117106872,65333,653.33
1272,572.498616274455,70682,706.82
1273,572.583115506749,68142,681.42
1274,572.667614803999,61675,616.75
1275,572.752114166448,57915,579.15
1276,572.836613594344,56725,567.25
1277,572.921113087931,56667,566.67
1278,573.005612647453,55911,559.11
1279,573.090112273157,54998,549.98
1280,573.174611965286,58411,584.11
1281,573.259111724088,65913,659.13
1282,573.343611549805,73433,734.33
1283,573.428111442685,98214,982.14
1284,573.512611402971,102462,1024.62
1285,573.597111430909,131042,1310.42
1286,573.681611526744,134415,1344.15
1287,573.766111690721,113160,1131.6
1288,573.850611923086,95142,951.42
1289,573.935112224083,77447,774.47
1290,574.019612593957,67113,671.13
1291,574.104113032955,61931,619.31
1292,574.18861354132,62325,623.25
1293,574.273114119298,61390,613.9
1294,574.357614767134,62116,621.16
1295,574.442115485074,61079,610.79
1296,574.526616273362,109474,1094.74
1297,574.611117132243,122179,1221.79
1298,574.695618061963,111042,1110.42
1299,574.780119062767,102435,1024.35
1300,574.8646201349,84944,849.44
1301,574.949121278607,75906,759.06
1302,575.033622494133,72286,722.86
1303,575.118123781723,70293,702.93
1304,575.202625141623,65796,657.96
1305,575.287126574078,60643,606.43
1306,575.371628079332,57958,579.58
1307,575.456129657631,57011,570.11
1308,575.54063130922,56584,565.84
1309,575.625133034344,59991,599.91
1310,575.709634833249,66381,663.81
1311,575.794136706179,65521,655.21
1312,575.878638653379,60944,609.44
1313,575.963140675095,57709,577.09
1314,576.047642771572,55579,555.79
1315,576.132144943055,55155,551.55
1316,576.216647189789,59762,597.62
1317,576.301149512019,60539,605.39
1318,576.38565190999,57336,573.36
1319,576.470154383948,55290,552.9
1320,576.554656934138,54777,547.77
1321,576.639159560804,59098,590.98
1322,576.723662264192,60404,604.04
1323,576.808165044547,90754,907.54
1324,576.892667902114,101587,1015.87
1325,576.977170837139,83700,837
1326,577.061673849866,70300,703
1327,577.146176940541,62755,627.55
1328,577.230680109408,58828,588.28
1329,577.315183356713,57193,571.93
1330,577.399686682701,59485,594.85
1331,577.484190087617,84193,841.93
1332,577.568693571706,88571,885.71
1333,577.653197135214,74003,740.03
1334,577.737700778385,69431,694.31
1335,577.822204501465,65248,652.48
1336,577.906708304698,59903,599.03
1337,577.991212188331,93054,930.54
1338,578.075716152607,101586,1015.86
1339,578.160220197773,85327,853.27
1340,578.244724324073,74751,747.51
1341,578.329228531752,73519,735.19
1342,578.413732821056,74570,745.7
1343,578.49823719223,68746,687.46
1344,578.582741645518,62406,624.06
1345,578.667246181166,61883,618.83
1346,578.75175079942,60991,609.91
1347,578.836255500524,61774,617.74
1348,578.920760284723,69148,691.48
1349,579.005265152262,68673,686.73
1350,579.089770103388,62724,627.24
1351,579.174275138344,58676,586.76
1352,579.258780257375,56056,560.56
1353,579.343285460728,55142,551.42
1354,579.427790748647,55061,550.61
1355,579.512296121378,54380,543.8
1356,579.596801579165,53500,535
1357,579.681307122253,54148,541.48
1358,579.765812750888,54358,543.58
1359,579.850318465315,53508,535.08
1360,579.934824265779,53192,531.92
1361,580.019330152525,53136,531.36
1362,580.103836125799,72558,725.58
1363,580.188342185844,78210,782.1
1364,580.272848332908,71357,713.57
1365,580.357354567233,65836,658.36
1366,580.441860889067,60319,603.19
1367,580.526367298654,57428,574.28
1368,580.610873796238,62989,629.89
1369,580.695380382066,63622,636.22
1370,580.779887056382,59041,590.41
1371,580.864393819432,62220,622.2
1372,580.94890067146,62813,628.13
1373,581.033407612712,58892,588.92
1374,581.117914643433,56629,566.29
1375,581.202421763867,55590,555.9
1376,581.286928974261,55164,551.64
1377,581.371436274859,57861,578.61
1378,581.455943665907,58446,584.46
1379,581.540451147649,59884,598.84
1380,581.62495872033,59203,592.03
1381,581.709466384197,56336,563.36
1382,581.793974139493,54794,547.94
1383,581.878481986465,61203,612.03
1384,581.962989925357,62604,626.04
1385,582.047497956414,66070,660.7
1386,582.132006079881,69675,696.75
1387,582.216514296004,64986,649.86
1388,582.301022605028,59823,598.23
1389,582.385531007198,67150,671.5
1390,582.470039502758,68670,686.7
1391,582.554548091955,62797,627.97
1392,582.639056775033,59088,590.88
1393,582.723565552238,56306,563.06
1394,582.808074423814,54972,549.72
1395,582.892583390007,54127,541.27
1396,582.977092451061,60859,608.59
1397,583.061601607223,62793,627.93
1398,583.146110858736,60315,603.15
1399,583.230620205847,60051,600.51
1400,583.3151296488,57986,579.86
1401,583.399639187841,58854,588.54
1402,583.484148823214,58287,582.87
1403,583.568658555165,55740,557.4
1404,583.653168383939,54335,543.35
1405,583.73767830978,60152,601.52
1406,583.822188332935,61878,618.78
1407,583.906698453649,61429,614.29
1408,583.991208672165,59958,599.58
1409,584.075718988731,56757,567.57
1410,584.16022940359,58281,582.81
1411,584.244739916987,57805,578.05
1412,584.329250529169,55121,551.21
1413,584.41376124038,53392,533.92
1414,584.498272050865,52642,526.42
1415,584.58278296087,53016,530.16
1416,584.667293970638,62815,628.15
1417,584.751805080417,72441,724.41
1418,584.83631629045,69525,695.25
1419,584.920827600983,62777,627.77
1420,585.005339012262,58828,588.28
1421,585.08985052453,59541,595.41
1422,585.174362138034,61943,619.43
1423,585.258873853018,63443,634.43
1424,585.343385669727,61031,610.31
1425,585.427897588408,56872,568.72
1426,585.512409609304,54135,541.35
1427,585.596921732661,52636,526.36
1428,585.681433958724,54771,547.71
1429,585.765946287739,55553,555.53
1430,585.85045871995,57895,578.95
1431,585.934971255602,61856,618.56
1432,586.019483894941,67966,679.66
1433,586.103996638212,69874,698.74
1434,586.18850948566,64399,643.99
1435,586.27302243753,60042,600.42
1436,586.357535494067,56880,568.8
1437,586.442048655516,79800,798
1438,586.526561922122,107246,1072.46
1439,586.611075294132,98844,988.44
1440,586.695588771789,79114,791.14
1441,586.780102355339,68244,682.44
1442,586.864616045027,65311,653.11
1443,586.949129841097,61729,617.29
1444,587.033643743797,57229,572.29
1445,587.118157753369,54962,549.62
1446,587.20267187006,53349,533.49
1447,587.287186094115,52421,524.21
1448,587.371700425779,52064,520.64
1449,587.456214865296,51649,516.49
1450,587.540729412912,51622,516.22
1451,587.625244068873,51928,519.28
1452,587.709758833423,55538,555.38
1453,587.794273706808,56450,564.5
1454,587.878788689272,54851,548.51
1455,587.963303781061,53464,534.64
1456,588.047818982419,52337,523.37
1457,588.132334293593,54983,549.83
1458,588.216849714827,59830,598.3
1459,588.301365246366,59237,592.37
1460,588.385880888455,56098,560.98
1461,588.47039664134,54054,540.54
1462,588.554912505266,52814,528.14
1463,588.639428480477,56102,561.02
1464,588.72394456722,62151,621.51
1465,588.808460765738,69041,690.41
1466,588.892977076278,66949,669.49
1467,588.977493499084,60435,604.35
1468,589.062010034401,56557,565.57
1469,589.146526682475,54396,543.96
1470,589.231043443551,52790,527.9
1471,589.315560317874,51896,518.96
1472,589.400077305689,51471,514.71
1473,589.48459440724,51467,514.67
1474,589.569111622774,54583,545.83
1475,589.653628952536,60832,608.32
1476,589.73814639677,60674,606.74
1477,589.822663955722,56840,568.4
1478,589.907181629636,151512,1515.12
1479,589.991699418759,184835,1848.35
1480,590.076217323334,141694,1416.94
1481,590.160735343608,108410,1084.1
1482,590.245253479825,83752,837.52
1483,590.329771732231,69544,695.44
1484,590.41429010107,95650,956.5
1485,590.498808586588,100457,1004.57
1486,590.58332718903,80007,800.07
1487,590.667845908641,71052,710.52
1488,590.752364745666,64857,648.57
1489,590.83688370035,59069,590.69
1490,590.921402772939,59063,590.63
1491,591.005921963678,65355,653.55
1492,591.090441272811,64334,643.34
1493,591.174960700584,62228,622.28
1494,591.259480247241,62969,629.69
1495,591.343999913029,63615,636.15
1496,591.428519698192,60797,607.97
1497,591.513039602976,56465,564.65
1498,591.597559627625,54515,545.15
1499,591.682079772385,53398,533.98
1500,591.7666000375,51972,519.72
1501,591.851120423216,51787,517.87
1502,591.935640929779,51745,517.45
1503,592.020161557432,53312,533.12
1504,592.104682306422,53517,535.17
1505,592.189203176993,51781,517.81
1506,592.273724169391,51076,510.76
1507,592.35824528386,50978,509.78
1508,592.442766520647,50957,509.57
1509,592.527287879995,55212,552.12
1510,592.611809362151,56393,563.93
1511,592.696330967358,83121,831.21
1512,592.780852695863,89438,894.38
1513,592.865374547911,72660,726.6
1514,592.949896523746,63322,633.22
1515,593.034418623614,58428,584.28
1516,593.11894084776,93800,938
1517,593.203463196429,102116,1021.16
1518,593.287985669866,80772,807.72
1519,593.372508268317,68424,684.24
1520,593.457030992026,61232,612.32
1521,593.541553841238,56907,569.07
1522,593.626076816199,55247,552.47
1523,593.710599917154,53650,536.5
1524,593.795123144348,52354,523.54
1525,593.879646498027,51279,512.79
1526,593.964169978434,58561,585.61
1527,594.048693585816,61056,610.56
1528,594.133217320417,56834,568.34
1529,594.217741182483,57549,575.49
1530,594.302265172259,56751,567.51
1531,594.38678928999,57624,576.24
1532,594.47131353592,56988,569.88
1533,594.555837910296,57625,576.25
1534,594.640362413363,56972,569.72
1535,594.724887045364,76460,764.6
1536,594.809411806547,80915,809.15
1537,594.893936697155,67852,678.52
1538,594.978461717434,67376,673.76
1539,595.062986867629,64865,648.65
1540,595.147512147985,58987,589.87
1541,595.232037558747,62802,628.02
1542,595.316563100161,69724,697.24
1543,595.401088772471,68450,684.5
1544,595.485614575923,62272,622.72
1545,595.570140510762,57523,575.23
1546,595.654666577233,54739,547.39
1547,595.73919277558,56338,563.38
1548,595.82371910605,57597,575.97
1549,595.908245568888,55868,558.68
1550,595.992772164338,60759,607.59
1551,596.077298892645,69439,694.39
1552,596.161825754055,66955,669.55
1553,596.246352748813,59638,596.38
1554,596.330879877164,56020,560.2
1555,596.415407139353,69320,693.2
1556,596.499934535626,72577,725.77
1557,596.584462066227,64938,649.38
1558,596.668989731401,63500,635
1559,596.753517531394,64777,647.77
1560,596.838045466451,65382,653.82
1561,596.922573536817,61602,616.02
1562,597.007101742737,57271,572.71
1563,597.091630084456,87942,879.42
1564,597.17615856222,111914,1119.14
1565,597.260687176273,99319,993.19
1566,597.345215926861,83427,834.27
1567,597.429744814228,79207,792.07
1568,597.51427383862,71682,716.82
1569,597.598803000283,62288,622.88
1570,597.68333229946,64698,646.98
1571,597.767861736398,63458,634.58
1572,597.852391311341,64325,643.25
1573,597.936921024535,63171,631.71
1574,598.021450876224,61256,612.56
1575,598.105980866655,62451,624.51
1576,598.190510996071,59615,596.15
1577,598.275041264718,59253,592.53
1578,598.359571672842,61626,616.26
1579,598.444102220687,63843,638.43
1580,598.528632908498,60977,609.77
1581,598.613163736522,59690,596.9
1582,598.697694705001,66253,662.53
1583,598.782225814183,68251,682.51
1584,598.866757064312,66307,663.07
1585,598.951288455633,61900,619
1586,599.035819988391,60090,600.9
1587,599.120351662832,62021,620.21
1588,599.2048834792,59502,595.02
1589,599.289415437741,54937,549.37
1590,599.3739475387,53092,530.92
1591,599.458479782322,56269,562.69
1592,599.543012168852,60212,602.12
1593,599.627544698535,61736,617.36
1594,599.712077371617,58964,589.64
1595,599.796610188342,55126,551.26
1596,599.881143148956,56923,569.23
1597,599.965676253703,60326,603.26
1598,600.05020950283,58587,585.87
1599,600.13474289658,54909,549.09
1600,600.2192764352,52859,528.59
1601,600.303810118934,55535,555.35
1602,600.388343948028,55650,556.5
1603,600.472877922726,53157,531.57
1604,600.557412043273,55477,554.77
1605,600.641946309916,55357,553.57
1606,600.726480722899,53009,530.09
1607,600.811015282466,51817,518.17
1608,600.895549988864,50883,508.83
1609,600.980084842338,50244,502.44
1610,601.064619843132,52877,528.77
1611,601.149154991491,53920,539.2
1612,601.233690287662,56432,564.32
1613,601.318225731888,57576,575.76
1614,601.402761324415,55014,550.14
1615,601.487297065489,55940,559.4
1616,601.571832955354,55743,557.43
1617,601.656368994255,57191,571.91
1618,601.740905182438,56424,564.24
1619,601.825441520148,53365,533.65
1620,601.90997800763,56327,563.27
1621,601.994514645128,60242,602.42
1622,602.079051432889,61178,611.78
1623,602.163588371157,58813,588.13
1624,602.248125460177,58387,583.87
1625,602.332662700195,57258,572.58
1626,602.417200091456,57861,578.61
1627,602.501737634204,56713,567.13
1628,602.586275328686,53726,537.26
1629,602.670813175145,51719,517.19
1630,602.755351173828,61394,613.94
1631,602.839889324979,64006,640.06
1632,602.924427628843,61356,613.56
1633,603.008966085667,61993,619.93
1634,603.093504695693,59223,592.23
1635,603.178043459169,54822,548.22
1636,603.262582376339,56636,566.36
1637,603.347121447448,59227,592.27
1638,603.431660672741,57946,579.46
1639,603.516200052464,54800,548
1640,603.600739586861,52096,520.96
1641,603.685279276178,50895,508.95
1642,603.769819120659,51483,514.83
1643,603.854359120551,50963,509.63
1644,603.938899276098,54695,546.95
1645,604.023439587545,59367,593.67
1646,604.107980055137,57779,577.79
1647,604.19252067912,57552,575.52
1648,604.277061459738,59248,592.48
1649,604.361602397237,56954,569.54
1650,604.446143491862,53410,534.1
1651,604.530684743859,69623,696.23
1652,604.615226153471,86034,860.34
1653,604.699767720944,82770,827.7
1654,604.784309446525,71358,713.58
1655,604.868851330456,65502,655.02
1656,604.953393372984,68677,686.77
1657,605.037935574354,72528,725.28
1658,605.122477934812,67349,673.49
1659,605.207020454601,84049,840.49
1660,605.291563133967,86283,862.83
1661,605.376105973156,71868,718.68
1662,605.460648972412,62955,629.55
1663,605.545192131981,56798,567.98
1664,605.629735452108,52945,529.45
1665,605.714278933038,50946,509.46
1666,605.798822575015,58288,582.88
1667,605.883366378286,60539,605.39
1668,605.967910343095,55909,559.09
1669,606.052454469688,52628,526.28
1670,606.136998758309,51204,512.04
1671,606.221543209204,54569,545.69
1672,606.306087822618,55125,551.25
1673,606.390632598795,52502,525.02
1674,606.475177537982,54788,547.88
1675,606.559722640423,58524,585.24
1676,606.644267906364,59960,599.6
1677,606.728813336049,60813,608.13
1678,606.813358929724,58105,581.05
1679,606.897904687633,53854,538.54
1680,606.982450610022,51478,514.78
1681,607.066996697137,50140,501.4
1682,607.151542949221,52911,529.11
1683,607.236089366521,57129,571.29
1684,607.320635949282,55725,557.25
1685,607.405182697748,52384,523.84
1686,607.489729612165,55470,554.7
1687,607.574276692777,56012,560.12
1688,607.658823939831,52793,527.93
1689,607.74337135357,54568,545.68
1690,607.827918934241,58125,581.25
1691,607.912466682089,56370,563.7
1692,607.997014597358,52813,528.13
1693,608.081562680293,62526,625.26
1694,608.16611093114,64547,645.47
1695,608.250659350145,61827,618.27
1696,608.335207937551,62108,621.08
1697,608.419756693605,61049,610.49
1698,608.504305618551,57389,573.89
1699,608.588854712634,57261,572.61
1700,608.6734039761,56107,561.07
1701,608.757953409194,65257,652.57
1702,608.84250301216,71145,711.45
1703,608.927052785245,64528,645.28
1704,609.011602728693,58470,584.7
1705,609.096152842749,54872,548.72
1706,609.180703127658,51853,518.53
1707,609.265253583666,49926,499.26
1708,609.349804211018,49715,497.15
1709,609.434355009958,53067,530.67
1710,609.518905980733,53102,531.02
1711,609.603457123586,58186,581.86
1712,609.688008438764,94775,947.75
1713,609.772559926511,99779,997.79
1714,609.857111587073,78020,780.2
1715,609.941663420694,65343,653.43
1716,610.02621542762,58087,580.87
1717,610.110767608096,58105,581.05
1718,610.195319962366,56482,564.82
1719,610.279872490677,52494,524.94
1720,610.364425193274,50429,504.29
1721,610.4489780704,49648,496.48
1722,610.533531122303,49338,493.38
1723,610.618084349226,50306,503.06
1724,610.702637751414,54327,543.27
1725,610.787191329114,57812,578.12
1726,610.87174508257,55859,558.59
1727,610.956299012027,59361,593.61
1728,611.04085311773,59265,592.65
1729,611.125407399925,54908,549.08
1730,611.209961858857,52146,521.46
1731,611.29451649477,76636,766.36
1732,611.37907130791,91698,916.98
1733,611.463626298523,79659,796.59
1734,611.548181466852,70142,701.42
1735,611.632736813144,70707,707.07
1736,611.717292337643,66634,666.34
1737,611.801848040595,59132,591.32
1738,611.886403922244,54990,549.9
1739,611.970959982837,56269,562.69
1740,612.055516222617,58350,583.5
1741,612.14007264183,60231,602.31
1742,612.224629240722,61870,618.7
1743,612.309186019537,60194,601.94
1744,612.39374297852,72230,722.3
1745,612.478300117917,74586,745.86
1746,612.562857437973,83368,833.68
1747,612.647414938933,85213,852.13
1748,612.731972621042,71662,716.62
1749,612.816530484545,61104,611.04
1750,612.901088529688,74135,741.35
1751,612.985646756714,76116,761.16
1752,613.070205165871,67583,675.83
1753,613.154763757402,61491,614.91
1754,613.239322531553,55795,557.95
1755,613.323881488569,56250,562.5
1756,613.408440628695,55272,552.72
1757,613.492999952176,51872,518.72
1758,613.577559459258,53655,536.55
1759,613.662119150185,57195,571.95
1760,613.746679025203,55099,550.99
1761,613.831239084557,51719,517.19
1762,613.915799328492,54025,540.25
1763,614.000359757252,54217,542.17
1764,614.084920371084,51880,518.8
1765,614.169481170232,51000,510
1766,614.254042154942,51075,510.75
1767,614.338603325458,50526,505.26
1768,614.423164682026,53672,536.72
1769,614.507726224891,57669,576.69
1770,614.592287954298,55985,559.85
1771,614.676849870492,72741,727.41
1772,614.761411973718,75736,757.36
1773,614.845974264222,63526,635.26
1774,614.930536742248,57272,572.72
1775,615.015099408042,57553,575.53
1776,615.099662261849,55971,559.71
1777,615.184225303914,52105,521.05
1778,615.268788534481,53970,539.7
1779,615.353351953797,53843,538.43
1780,615.437915562106,58578,585.78
1781,615.522479359654,59901,599.01
1782,615.607043346685,54968,549.68
1783,615.691607523446,70547,705.47
1784,615.776171890179,73906,739.06
1785,615.860736447132,62591,625.91
1786,615.94530119455,56150,561.5
1787,616.029866132676,56147,561.47
1788,616.114431261757,55266,552.66
1789,616.198996582037,56218,562.18
1790,616.283562093762,58334,583.34
1791,616.368127797177,59545,595.45
1792,616.452693692527,57148,571.48
1793,616.537259780057,53002,530.02
1794,616.621826060012,54253,542.53
1795,616.706392532638,57928,579.28
1796,616.790959198179,56465,564.65
1797,616.87552605688,52447,524.47
1798,616.960093108988,74515,745.15
1799,617.044660354746,80423,804.23
1800,617.1292277944,76693,766.93
1801,617.213795428195,80823,808.23
1802,617.298363256377,73824,738.24
1803,617.38293127919,62861,628.61
1804,617.46749949688,55990,559.9
1805,617.552067909691,51584,515.84
1806,617.63663651787,49184,491.84
1807,617.72120532166,488960,4889.6
1808,617.805774321307,619908,6199.08
1809,617.890343517057,384100,3841
1810,617.974912909154,240467,2404.67
1811,618.059482497843,157900,1579
1812,618.14405228337,111044,1110.44
1813,618.22862226598,83795,837.95
1814,618.313192445918,67497,674.97
1815,618.397762823429,74752,747.52
1816,618.482333398757,78532,785.32
1817,618.56690417215,68485,684.85
1818,618.65147514385,63510,635.1
1819,618.736046314105,59444,594.44
1820,618.820617683158,54667,546.67
1821,618.905189251254,52573,525.73
1822,618.98976101864,51718,517.18
1823,619.07433298556,50469,504.69
1824,619.158905152259,54754,547.54
1825,619.243477518983,79869,798.69
1826,619.328050085976,83056,830.56
1827,619.412622853484,71803,718.03
1828,619.497195821751,67970,679.7
1829,619.581768991023,70793,707.93
1830,619.666342361546,66761,667.61
1831,619.750915933564,58552,585.52
1832,619.835489707321,53890,538.9
1833,619.920063683065,58933,589.33
1834,620.004637861039,62884,628.84
1835,620.089212241489,58448,584.48
1836,620.173786824659,53394,533.94
1837,620.258361610796,52282,522.82
1838,620.342936600144,51152,511.52
1839,620.427511792947,49983,499.83
1840,620.512087189453,56396,563.96
1841,620.596662789905,88161,881.61
1842,620.681238594548,103353,1033.53
1843,620.765814603629,88190,881.9
1844,620.850390817391,71624,716.24
1845,620.93496723608,64864,648.64
1846,621.019543859942,67649,676.49
1847,621.104120689221,65071,650.71
1848,621.188697724162,60194,601.94
1849,621.273274965011,56304,563.04
1850,621.357852412012,52065,520.65
1851,621.442430065412,51277,512.77
1852,621.527007925454,50128,501.28
1853,621.611585992385,52025,520.25
1854,621.696164266449,53616,536.16
1855,621.780742747892,51549,515.49
1856,621.865321436958,49415,494.15
1857,621.949900333892,49070,490.7
1858,622.03447943894,52189,521.89
1859,622.119058752348,52809,528.09
1860,622.203638274359,50624,506.24
1861,622.28821800522,53243,532.43
1862,622.372797945175,53923,539.23
1863,622.457378094469,51766,517.66
1864,622.541958453348,50067,500.67
1865,622.626539022057,50474,504.74
1866,622.711119800841,50619,506.19
1867,622.795700789945,49534,495.34
1868,622.880281989613,63299,632.99
1869,622.964863400093,66404,664.04
1870,623.049445021627,58160,581.6
1871,623.134026854462,53826,538.26
1872,623.218608898843,50973,509.73
1873,623.303191155015,53266,532.66
1874,623.387773623222,54554,545.54
1875,623.472356303711,56240,562.4
1876,623.556939196726,58717,587.17
1877,623.641522302512,56287,562.87
1878,623.726105621315,52330,523.3
1879,623.810689153379,53760,537.6
1880,623.89527289895,53176,531.76
1881,623.979856858273,54121,541.21
1882,624.064441031593,59930,599.3
1883,624.149025419156,62596,625.96
1884,624.233610021205,65415,654.15
1885,624.318194837987,65792,657.92
1886,624.402779869747,63299,632.99
1887,624.487365116729,65407,654.07
1888,624.571950579179,65638,656.38
1889,624.656536257342,59543,595.43
1890,624.741122151463,53510,535.1
1891,624.825708261788,53419,534.19
1892,624.91029458856,60370,603.7
1893,624.994881132027,59615,596.15
1894,625.079467892432,57274,572.74
1895,625.16405487002,55012,550.12
1896,625.248642065038,51848,518.48
1897,625.33322947773,87783,877.83
1898,625.41781710834,100591,1005.91
1899,625.502404957115,223168,2231.68
1900,625.5869930243,253533,2535.33
1901,625.671581310139,169916,1699.16
1902,625.756169814878,694808,6948.08
1903,625.840758538762,829768,8297.68
1904,625.925347482035,499677,4996.77
1905,626.009936644944,316710,3167.1
1906,626.094526027733,208139,2081.39
1907,626.179115630648,138770,1387.7
1908,626.263705453933,100145,1001.45
1909,626.348295497833,81095,810.95
1910,626.432885762595,68652,686.52
1911,626.517476248462,59956,599.56
1912,626.60206695568,70366,703.66
1913,626.686657884495,71117,711.17
1914,626.771249035151,60697,606.97
1915,626.855840407893,61877,618.77
1916,626.940432002967,60257,602.57
1917,627.025023820618,59976,599.76
1918,627.10961586109,75746,757.46
1919,627.19420812463,75664,756.64
1920,627.278800611482,75289,752.89
1921,627.363393321891,74156,741.56
1922,627.447986256102,103051,1030.51
1923,627.532579414361,106424,1064.24
1924,627.617172796912,81834,818.34
1925,627.701766404002,66745,667.45
1926,627.786360235874,57638,576.38
1927,627.870954292774,56489,564.89
1928,627.955548574948,54558,545.58
1929,628.04014308264,67015,670.15
1930,628.124737816095,69757,697.57
1931,628.209332775559,63509,635.09
1932,628.293927961276,58619,586.19
1933,628.378523373493,53201,532.01
1934,628.463119012454,49778,497.78
1935,628.547714878403,48453,484.53
1936,628.632310971587,51904,519.04
1937,628.716907292251,55858,558.58
1938,628.801503840639,57693,576.93
1939,628.886100616996,54933,549.33
1940,628.970697621569,50576,505.76
1941,629.055294854601,48876,488.76
1942,629.139892316339,52159,521.59
1943,629.224490007026,55791,557.91
1944,629.309087926909,54242,542.42
1945,629.393686076233,54432,544.32
1946,629.478284455242,53398,533.98
1947,629.562883064182,50202,502.02
1948,629.647481903298,48430,484.3
1949,629.732080972835,47734,477.34
1950,629.816680273037,50597,505.97
1951,629.901279804152,50720,507.2
1952,629.985879566422,52249,522.49
1953,630.070479560095,56072,560.72
1954,630.155079785414,57429,574.29
1955,630.239680242624,54420,544.2
1956,630.324280931972,50605,506.05
1957,630.408881853702,57278,572.78
1958,630.493483008059,60934,609.34
1959,630.578084395288,56190,561.9
1960,630.662686015635,51683,516.83
1961,630.747287869345,55473,554.73
1962,630.831889956662,56072,560.72
1963,630.916492277832,52048,520.48
1964,631.001094833101,49505,495.05
1965,631.085697622712,48423,484.23
1966,631.170300646912,51646,516.46
1967,631.254903905945,52033,520.33
1968,631.339507400056,56678,566.78
1969,631.424111129492,59881,598.81
1970,631.508715094496,64104,641.04
1971,631.593319295314,74349,743.49
1972,631.677923732192,73891,738.91
1973,631.762528405373,67407,674.07
1974,631.847133315104,63273,632.73
1975,631.93173846163,57502,575.02
1976,632.016343845195,55786,557.86
1977,632.100949466045,53802,538.02
1978,632.185555324425,50086,500.86
1979,632.270161420579,47795,477.95
1980,632.354767754754,47154,471.54
1981,632.439374327195,49443,494.43
1982,632.523981138146,49597,495.97
1983,632.608588187852,47615,476.15
1984,632.693195476559,48549,485.49
1985,632.777803004512,48359,483.59
1986,632.862410771956,47883,478.83
1987,632.947018779136,48345,483.45
1988,633.031627026297,48720,487.2
1989,633.116235513685,51929,519.29
1990,633.200844241544,59014,590.14
1991,633.28545321012,58572,585.72
1992,633.370062419658,53056,530.56
1993,633.454671870403,49819,498.19
1994,633.539281562599,48170,481.7
1995,633.623891496493,47140,471.4
1996,633.708501672329,46756,467.56
1997,633.793112090353,49778,497.78
1998,633.877722750809,49923,499.23
1999,633.962333653943,47759,477.59
2000,634.0469448,46537,465.37
2001,634.131556189225,45937,459.37
2002,634.216167821863,48903,489.03
2003,634.300779698159,49653,496.53
2004,634.385391818359,47512,475.12
2005,634.470004182707,46763,467.63
2006,634.554616791449,46317,463.17
2007,634.639229644829,49311,493.11
2008,634.723842743094,68402,684.02
2009,634.808456086488,75260,752.6
2010,634.893069675256,65097,650.97
2011,634.977683509643,59973,599.73
2012,635.062297589895,59992,599.92
2013,635.146911916256,59932,599.32
2014,635.231526488972,56238,562.38
2015,635.316141308288,237323,2373.23
2016,635.400756374449,286561,2865.61
2017,635.4853716877,192722,1927.22
2018,635.569987248286,138353,1383.53
2019,635.654603056453,100925,1009.25
2020,635.739219112446,77730,777.3
2021,635.823835416509,65067,650.67
2022,635.908451968888,64388,643.88
2023,635.993068769827,84146,841.46
2024,636.077685819573,83691,836.91
2025,636.16230311837,91674,916.74
2026,636.246920666464,88601,886.01
2027,636.331538464099,206717,2067.17
2028,636.41615651152,234176,2341.76
2029,636.500774808974,154623,1546.23
2030,636.585393356704,107417,1074.17
2031,636.670012154956,107433,1074.33
2032,636.754631203976,103714,1037.14
2033,636.839250504007,81889,818.89
2034,636.923870055296,66306,663.06
2035,637.008489858088,60068,600.68
2036,637.093109912628,56194,561.94
2037,637.17773021916,51741,517.41
2038,637.26235077793,48626,486.26
2039,637.346971589183,57470,574.7
2040,637.431592653165,63645,636.45
2041,637.51621397012,58911,589.11
2042,637.600835540293,55398,553.98
2043,637.68545736393,55809,558.09
2044,637.770079441276,56882,568.82
2045,637.854701772576,54188,541.88
2046,637.939324358074,50339,503.39
2047,638.023947198017,48182,481.82
