Scan Date:,2025-05-26 16:29:49Z
Integration Time:,1000
Number of Averages:,100

Pixel Number,Wavelength (nm),Sum Spectrum,Averaged Spectrum
0,464.9839,48865,488.65
1,465.068515076491,48057,480.57
2,465.153129906126,48179,481.79
3,465.237744489151,48225,482.25
4,465.322358825812,48430,484.3
5,465.406972916352,48294,482.94
6,465.491586761018,48121,481.21
7,465.576200360054,48306,483.06
8,465.660813713705,48317,483.17
9,465.745426822218,48175,481.75
10,465.830039685836,48305,483.05
11,465.914652304805,48486,484.86
12,465.99926467937,48458,484.58
13,466.083876809776,48494,484.94
14,466.168488696269,48429,484.29
15,466.253100339093,194662,1946.62
16,466.337711738494,236334,2363.34
17,466.422322894716,159002,1590.02
18,466.506933808006,113104,1131.04
19,466.591544478607,86808,868.08
20,466.676154906766,72010,720.1
21,466.760765092726,63271,632.71
22,466.845375036735,61654,616.54
23,466.929984739036,60268,602.68
24,467.014594199874,57525,575.25
25,467.099203419495,55556,555.56
26,467.183812398145,53925,539.25
27,467.268421136067,53077,530.77
28,467.353029633508,83536,835.36
29,467.437637890711,94210,942.1
30,467.522245907924,81994,819.94
31,467.60685368539,71902,719.02
32,467.691461223355,63485,634.85
33,467.776068522063,59082,590.82
34,467.860675581761,56416,564.16
35,467.945282402693,59664,596.64
36,468.029888985104,66472,664.72
37,468.11449532924,65121,651.21
38,468.199101435345,63153,631.53
39,468.283707303665,60704,607.04
40,468.368312934445,56849,568.49
41,468.45291832793,58202,582.02
42,468.537523484364,61615,616.15
43,468.622128403994,85687,856.87
44,468.706733087065,96565,965.65
45,468.791337533821,83110,831.1
46,468.875941744507,69993,699.93
47,468.96054571937,63058,630.58
48,469.045149458653,59174,591.74
49,469.129752962602,56484,564.84
50,469.214356231462,54582,545.82
51,469.298959265479,53717,537.17
52,469.383562064897,53502,535.02
53,469.468164629962,53331,533.31
54,469.552766960919,56235,562.35
55,469.637369058012,61061,610.61
56,469.721970921487,60240,602.4
57,469.80657255159,57450,574.5
58,469.891173948565,59131,591.31
59,469.975775112657,58581,585.81
60,470.060376044111,55574,555.74
61,470.144976743173,53916,539.16
62,470.229577210088,56790,567.9
63,470.314177445101,57723,577.23
64,470.398777448457,59459,594.59
65,470.483377220402,83661,836.61
66,470.567976761179,91012,910.12
67,470.652576071035,79138,791.38
68,470.737175150215,69158,691.58
69,470.821773998963,62286,622.86
70,470.906372617525,61553,615.53
71,470.990971006146,59762,597.62
72,471.075569165072,91715,917.15
73,471.160167094546,100229,1002.29
74,471.244764794815,84517,845.17
75,471.329362266123,73750,737.5
76,471.413959508717,68479,684.79
77,471.498556522839,71187,711.87
78,471.583153308737,71684,716.84
79,471.667749866655,68242,682.42
80,471.752346196838,67071,670.71
81,471.836942299532,67136,671.36
82,471.921538174981,71258,712.58
83,472.00613382343,69130,691.3
84,472.090729245126,62390,623.9
85,472.175324440312,58151,581.51
86,472.259919409234,59189,591.89
87,472.344514152137,58788,587.88
88,472.429108669267,55905,559.05
89,472.513702960868,55260,552.6
90,472.598297027185,57163,571.63
91,472.682890868465,57017,570.17
92,472.767484484951,54825,548.25
93,472.852077876889,53414,534.14
94,472.936671044524,56440,564.4
95,473.021263988101,57062,570.62
96,473.105856707865,55358,553.58
97,473.190449204062,60417,604.17
98,473.275041476937,76976,769.76
99,473.359633526735,84540,845.4
100,473.4442253537,75712,757.12
101,473.528816958078,69217,692.17
102,473.613408340115,67733,677.33
103,473.697999500055,63824,638.24
104,473.782590438143,59081,590.81
105,473.867181154625,56699,566.99
106,473.951771649745,59443,594.43
107,474.03636192375,59384,593.84
108,474.120951976883,56646,566.46
109,474.20554180939,55070,550.7
110,474.290131421517,54114,541.14
111,474.374720813508,57614,576.14
112,474.459309985608,58269,582.69
113,474.543898938063,55792,557.92
114,474.628487671118,54284,542.84
115,474.713076185018,53531,535.31
116,474.797664480008,57078,570.78
117,474.882252556332,89627,896.27
118,474.966840414238,99246,992.46
119,475.051428053968,117820,1178.2
120,475.13601547577,115266,1152.66
121,475.220602679887,88292,882.92
122,475.305189666564,72176,721.76
123,475.389776436048,63456,634.56
124,475.474362988583,58891,588.91
125,475.558949324414,55938,559.38
126,475.643535443787,54653,546.53
127,475.728121346946,54097,540.97
128,475.812707034136,53335,533.35
129,475.897292505604,78028,780.28
130,475.981877761593,89505,895.05
131,476.066462802349,80622,806.22
132,476.151047628118,73867,738.67
133,476.235632239144,66478,664.78
134,476.320216635672,60145,601.45
135,476.404800817948,60430,604.3
136,476.489384786216,59726,597.26
137,476.573968540723,61912,619.12
138,476.658552081712,82600,826
139,476.74313540943,85246,852.46
140,476.827718524121,72462,724.62
141,476.91230142603,63981,639.81
142,476.996884115403,62210,622.1
143,477.081466592484,60595,605.95
144,477.166048857519,56928,569.28
145,477.250630910753,58651,586.51
146,477.335212752432,58796,587.96
147,477.419794382799,56083,560.83
148,477.504375802101,58117,581.17
149,477.588957010582,58789,587.89
150,477.673538008487,56494,564.94
151,477.758118796063,101347,1013.47
152,477.842699373553,113344,1133.44
153,477.927279741204,87881,878.81
154,478.011859899259,72454,724.54
155,478.096439847965,63300,633
156,478.181019587566,58922,589.22
157,478.265599118308,56965,569.65
158,478.350178440435,55110,551.1
159,478.434757554193,54328,543.28
160,478.519336459827,67102,671.02
161,478.603915157582,70266,702.66
162,478.688493647704,62549,625.49
163,478.773071930436,123811,1238.11
164,478.857650006026,139719,1397.19
165,478.942227874716,103891,1038.91
166,479.026805536754,94719,947.19
167,479.111382992383,87849,878.49
168,479.19596024185,77822,778.22
169,479.280537285398,69413,694.13
170,479.365114123274,62011,620.11
171,479.449690755722,57193,571.93
172,479.534267182988,54640,546.4
173,479.618843405317,53246,532.46
174,479.703419422953,56088,560.88
175,479.787995236142,61124,611.24
176,479.87257084513,60334,603.34
177,479.95714625016,57217,572.17
178,480.041721451479,55393,553.93
179,480.126296449331,54575,545.75
180,480.210871243962,56826,568.26
181,480.295445835617,57433,574.33
182,480.380020224541,58821,588.21
183,480.464594410979,58372,583.72
184,480.549168395175,59320,593.2
185,480.633742177377,58971,589.71
186,480.718315757827,56147,561.47
187,480.802889136772,54521,545.21
188,480.887462314457,53556,535.56
189,480.972035291127,52894,528.94
190,481.056608067026,56914,569.14
191,481.141180642401,71142,711.42
192,481.225753017496,72172,721.72
193,481.310325192556,63229,632.29
194,481.394897167827,61557,615.57
195,481.479468943554,59918,599.18
196,481.564040519981,56940,569.4
197,481.648611897354,54896,548.96
198,481.733183075918,53294,532.94
199,481.817754055918,56204,562.04
200,481.9023248376,56858,568.58
201,481.986895421208,57980,579.8
202,482.071465806988,94403,944.03
203,482.156035995184,102483,1024.83
204,482.240605986042,85073,850.73
205,482.325175779807,73515,735.15
206,482.409745376725,64457,644.57
207,482.494314777039,59134,591.34
208,482.578883980996,56450,564.5
209,482.663452988841,55143,551.43
210,482.748021800818,54169,541.69
211,482.832590417173,54008,540.08
212,482.91715883815,57769,577.69
213,483.001727063996,61697,616.97
214,483.086295094955,60227,602.27
215,483.170862931273,57171,571.71
216,483.255430573193,55817,558.17
217,483.339998020963,58341,583.41
218,483.424565274826,58984,589.84
219,483.509132335028,56622,566.22
220,483.593699201814,54945,549.45
221,483.678265875429,57227,572.27
222,483.762832356118,57263,572.63
223,483.847398644127,54723,547.23
224,483.9319647397,56895,568.95
225,484.016530643083,69237,692.37
226,484.101096354521,70802,708.02
227,484.185661874258,63769,637.69
228,484.270227202541,59003,590.03
229,484.354792339614,56164,561.64
230,484.439357285722,55296,552.96
231,484.523922041111,58207,582.07
232,484.608486606025,61807,618.07
233,484.69305098071,60445,604.45
234,484.777615165411,59139,591.39
235,484.862179160373,61329,613.29
236,484.946742965841,60003,600.03
237,485.03130658206,59679,596.79
238,485.115870009276,62502,625.02
239,485.200433247733,61009,610.09
240,485.284996297677,57737,577.37
241,485.369559159353,82805,828.05
242,485.454121833005,92464,924.64
243,485.53868431888,77974,779.74
244,485.623246617222,68408,684.08
245,485.707808728276,62707,627.07
246,485.792370652288,58287,582.87
247,485.876932389502,58875,588.75
248,485.961493940164,58547,585.47
249,486.046055304519,56220,562.2
250,486.130616482813,55560,555.6
251,486.215177475289,55245,552.45
252,486.299738282193,61469,614.69
253,486.384298903771,63274,632.74
254,486.468859340268,58803,588.03
255,486.553419591928,55577,555.77
256,486.637979658997,54665,546.65
257,486.722539541719,54077,540.77
258,486.807099240341,56389,563.89
259,486.891658755108,56790,567.9
260,486.976218086263,54588,545.88
261,487.060777234053,53656,536.56
262,487.145336198723,53134,531.34
263,487.229894980517,52463,524.63
264,487.314453579682,52765,527.65
265,487.399011996461,52886,528.86
266,487.483570231101,52436,524.36
267,487.568128283845,52309,523.09
268,487.652686154941,52253,522.53
269,487.737243844632,52492,524.92
270,487.821801353163,56459,564.59
271,487.906358680781,57315,573.15
272,487.990915827729,55093,550.93
273,488.075472794253,54142,541.42
274,488.160029580599,58566,585.66
275,488.244586187011,59618,596.18
276,488.329142613735,56909,569.09
277,488.413698861015,62269,622.69
278,488.498254929097,63252,632.52
279,488.582810818225,62753,627.53
280,488.667366528646,62415,624.15
281,488.751922060605,59164,591.64
282,488.836477414345,57122,571.22
283,488.921032590113,56043,560.43
284,489.005587588153,56903,569.03
285,489.090142408711,87102,871.02
286,489.174697052032,97400,974
287,489.259251518361,84214,842.14
288,489.343805807943,72941,729.41
289,489.428359921024,63994,639.94
290,489.512913857847,58936,589.36
291,489.597467618659,56387,563.87
292,489.682021203705,67469,674.69
293,489.76657461323,69997,699.97
294,489.851127847479,62415,624.15
295,489.935680906696,59779,597.79
296,490.020233791128,57842,578.42
297,490.104786501019,55245,552.45
298,490.189339036615,57571,575.71
299,490.27389139816,57977,579.77
300,490.3584435859,55474,554.74
301,490.44299560008,54105,541.05
302,490.527547440945,53293,532.93
303,490.612099108739,52570,525.7
304,490.69665060371,52133,521.33
305,490.7812019261,52112,521.12
306,490.865753076156,55785,557.85
307,490.950304054123,57019,570.19
308,491.034854860246,55363,553.63
309,491.119405494769,54375,543.75
310,491.203955957939,53962,539.62
311,491.288506249999,53910,539.1
312,491.373056371197,53242,532.42
313,491.457606321775,56698,566.98
314,491.54215610198,58853,588.53
315,491.626705712057,56672,566.72
316,491.711255152251,54575,545.75
317,491.795804422807,53512,535.12
318,491.88035352397,52759,527.59
319,491.964902455985,52851,528.51
320,492.049451219098,56949,569.49
321,492.133999813553,57655,576.55
322,492.218548239596,55102,551.02
323,492.303096497471,56998,569.98
324,492.387644587425,59783,597.83
325,492.472192509702,61857,618.57
326,492.556740264546,69350,693.5
327,492.641287852205,68221,682.21
328,492.725835272921,61070,610.7
329,492.810382526942,57993,579.93
330,492.894929614511,67686,676.86
331,492.979476535874,69388,693.88
332,493.064023291276,62560,625.6
333,493.148569880962,60941,609.41
334,493.233116305178,59160,591.6
335,493.317662564167,56167,561.67
336,493.402208658177,55358,553.58
337,493.486754587451,54461,544.61
338,493.571300352235,53173,531.73
339,493.655845952774,52414,524.14
340,493.740391389313,55848,558.48
341,493.824936662097,56938,569.38
342,493.909481771372,57768,577.68
343,493.994026717382,57366,573.66
344,494.078571500372,54944,549.44
345,494.163116120589,53947,539.47
346,494.247660578276,53561,535.61
347,494.33220487368,85656,856.56
348,494.416749007044,94694,946.94
349,494.501292978615,77882,778.82
350,494.585836788637,67632,676.32
351,494.670380437356,61475,614.75
352,494.754923925017,58341,583.41
353,494.839467251864,60281,602.81
354,494.924010418144,59634,596.34
355,495.0085534241,56636,566.36
356,495.093096269979,71377,713.77
357,495.177638956025,74826,748.26
358,495.262181482484,68866,688.66
359,495.3467238496,67299,672.99
360,495.431266057619,62732,627.32
361,495.515808106786,62120,621.2
362,495.600349997346,60893,608.93
363,495.684891729544,57694,576.94
364,495.769433303626,57341,573.41
365,495.853974719836,56405,564.05
366,495.938515978419,54508,545.08
367,496.023057079622,53587,535.87
368,496.107598023688,53394,533.94
369,496.192138810863,56658,566.58
370,496.276679441392,57039,570.39
371,496.361219915521,56675,566.75
372,496.445760233493,89417,894.17
373,496.530300395556,97400,974
374,496.614840401953,78991,789.91
375,496.69938025293,73438,734.38
376,496.783919948731,68696,686.96
377,496.868459489603,65570,655.7
378,496.95299887579,62336,623.36
379,497.037538107538,66042,660.42
380,497.12207718509,65834,658.34
381,497.206616108694,63779,637.79
382,497.291154878593,61856,618.56
383,497.375693495033,58400,584
384,497.460231958259,55673,556.73
385,497.544770268516,54498,544.98
386,497.629308426049,54419,544.19
387,497.713846431104,54000,540
388,497.798384283926,56748,567.48
389,497.882921984759,57205,572.05
390,497.967459533848,55489,554.89
391,498.05199693144,58274,582.74
392,498.136534177779,62624,626.24
393,498.22107127311,61636,616.36
394,498.305608217678,57972,579.72
395,498.390145011729,55639,556.39
396,498.474681655507,54075,540.75
397,498.559218149259,53639,536.39
398,498.643754493228,53853,538.53
399,498.72829068766,53382,533.82
400,498.8128267328,52750,527.5
401,498.897362628894,52408,524.08
402,498.981898376185,52332,523.32
403,499.066433974921,52934,529.34
404,499.150969425345,57251,572.51
405,499.235504727703,73421,734.21
406,499.32003988224,75479,754.79
407,499.404574889201,69372,693.72
408,499.489109748831,65451,654.51
409,499.573644461376,60812,608.12
410,499.65817902708,57568,575.68
411,499.742713446188,55773,557.73
412,499.827247718947,54588,545.88
413,499.9117818456,53948,539.48
414,499.996315826393,53274,532.74
415,500.080849661572,52982,529.82
416,500.165383351381,53093,530.93
417,500.249916896065,52930,529.3
418,500.33445029587,53223,532.23
419,500.41898355104,72842,728.42
420,500.503516661822,78363,783.63
421,500.588049628459,67752,677.52
422,500.672582451197,62142,621.42
423,500.757115130282,58959,589.59
424,500.841647665958,56813,568.13
425,500.92618005847,55032,550.32
426,501.010712308064,80971,809.71
427,501.095244414985,91428,914.28
428,501.179776379478,81126,811.26
429,501.264308201788,71459,714.59
430,501.34883988216,67342,673.42
431,501.433371420839,63728,637.28
432,501.517902818071,58723,587.23
433,501.6024340741,60219,602.19
434,501.686965189172,62619,626.19
435,501.771496163532,60282,602.82
436,501.856026997425,57032,570.32
437,501.940557691096,55136,551.36
438,502.02508824479,53835,538.35
439,502.109618658753,57642,576.42
440,502.194148933229,58516,585.16
441,502.278679068464,55901,559.01
442,502.363209064702,55010,550.1
443,502.44773892219,54308,543.08
444,502.532268641171,56950,569.5
445,502.616798221892,57669,576.69
446,502.701327664597,56376,563.76
447,502.785856969531,55195,551.95
448,502.87038613694,57617,576.17
449,502.954915167069,61344,613.44
450,503.039444060163,60268,602.68
451,503.123972816466,57180,571.8
452,503.208501436225,59408,594.08
453,503.293029919684,60260,602.6
454,503.377558267088,61360,613.6
455,503.462086478683,64369,643.69
456,503.546614554714,66699,666.99
457,503.631142495425,63948,639.48
458,503.715670301062,59187,591.87
459,503.800197971871,56457,564.57
460,503.884725508095,54912,549.12
461,503.969252909981,57295,572.95
462,504.053780177773,61539,615.39
463,504.138307311717,60859,608.59
464,504.222834312058,61612,616.12
465,504.307361179041,61356,613.56
466,504.39188791291,62286,622.86
467,504.476414513912,63016,630.16
468,504.560940982291,77204,772.04
469,504.645467318292,79064,790.64
470,504.729993522161,67971,679.71
471,504.814519594143,64740,647.4
472,504.899045534482,64563,645.63
473,504.983571343424,66613,666.13
474,505.068097021215,67640,676.4
475,505.152622568098,66847,668.47
476,505.23714798432,78313,783.13
477,505.321673270126,78139,781.39
478,505.40619842576,67871,678.71
479,505.490723451468,61565,615.65
480,505.575248347494,61192,611.92
481,505.659773114085,59954,599.54
482,505.744297751485,86267,862.67
483,505.828822259939,96461,964.61
484,505.913346639693,81011,810.11
485,505.997870890991,69605,696.05
486,506.082395014079,62928,629.28
487,506.166919009201,59286,592.86
488,506.251442876604,56766,567.66
489,506.335966616531,58370,583.7
490,506.420490229229,58505,585.05
491,506.505013714942,56922,569.22
492,506.589537073916,55905,559.05
493,506.674060306396,58059,580.59
494,506.758583412626,59134,591.34
495,506.843106392852,57330,573.3
496,506.927629247319,56076,560.76
497,507.012151976272,55194,551.94
498,507.096674579957,57944,579.44
499,507.181197058618,59683,596.83
500,507.2657194125,58026,580.26
501,507.350241641849,86192,861.92
502,507.43476374691,97275,972.75
503,507.519285727928,81606,816.06
504,507.603807585148,69908,699.08
505,507.688329318816,63454,634.54
506,507.772850929175,63087,630.87
507,507.857372416473,65403,654.03
508,507.941893780953,63216,632.16
509,508.02641502286,59549,595.49
510,508.110936142441,57184,571.84
511,508.195457139939,58734,587.34
512,508.279978015601,58541,585.41
513,508.364498769671,57159,571.59
514,508.449019402395,56243,562.43
515,508.533539914017,55047,550.47
516,508.618060304783,57760,577.6
517,508.702580574937,58631,586.31
518,508.787100724726,56935,569.35
519,508.871620754394,57379,573.79
520,508.956140664186,72571,725.71
521,509.040660454347,80624,806.24
522,509.125180125123,88550,885.5
523,509.209699676758,85221,852.21
524,509.294219109499,91970,919.7
525,509.378738423589,89495,894.95
526,509.463257619274,78223,782.23
527,509.5477766968,70304,703.04
528,509.632295656411,63066,630.66
529,509.716814498352,58778,587.78
530,509.801333222869,56003,560.03
531,509.885851830207,54825,548.25
532,509.97037032061,54740,547.4
533,510.054888694324,54606,546.06
534,510.139406951595,58473,584.73
535,510.223925092667,59288,592.88
536,510.308443117785,56964,569.64
537,510.392961027195,56275,562.75
538,510.477478821141,59271,592.71
539,510.56199649987,62987,629.87
540,510.646514063625,65548,655.48
541,510.731031512652,67485,674.85
542,510.815548847197,64533,645.33
543,510.900066067503,60811,608.11
544,510.984583173818,58307,583.07
545,511.069100166384,60034,600.34
546,511.153617045449,59910,599.1
547,511.238133811256,61020,610.2
548,511.322650464052,60480,604.8
549,511.407167004081,57716,577.16
550,511.491683431587,63638,636.38
551,511.576199746818,64628,646.28
552,511.660715950017,63842,638.42
553,511.745232041429,62913,629.13
554,511.829748021301,59538,595.38
555,511.914263889876,57445,574.45
556,511.9987796474,57408,574.08
557,512.083295294119,56976,569.76
558,512.167810830277,56496,564.96
559,512.252326256119,58788,587.88
560,512.336841571891,62237,622.37
561,512.421356777838,76728,767.28
562,512.505871874205,78492,784.92
563,512.590386861236,72568,725.68
564,512.674901739178,68846,688.46
565,512.759416508275,64051,640.51
566,512.843931168773,60199,601.99
567,512.928445720916,61039,610.39
568,513.01296016495,64076,640.76
569,513.097474501119,62353,623.53
570,513.18198872967,59414,594.14
571,513.266502850847,57607,576.07
572,513.351016864895,59975,599.75
573,513.435530772059,60806,608.06
574,513.520044572585,58513,585.13
575,513.604558266717,57122,571.22
576,513.689071854701,63561,635.61
577,513.773585336782,66702,667.02
578,513.858098713206,67017,670.17
579,513.942611984216,68493,684.93
580,514.027125150058,71824,718.24
581,514.111638210978,73219,732.19
582,514.196151167221,68439,684.39
583,514.280664019031,62965,629.65
584,514.365176766654,60121,601.21
585,514.449689410336,61221,612.21
586,514.53420195032,64339,643.39
587,514.618714386852,62992,629.92
588,514.703226720178,59404,594.04
589,514.787738950542,57476,574.76
590,514.87225107819,56291,562.91
591,514.956763103367,55745,557.45
592,515.041275026318,55647,556.47
593,515.125786847287,63422,634.22
594,515.210298566521,65513,655.13
595,515.294810184265,61168,611.68
596,515.379321700762,58818,588.18
597,515.463833116259,58134,581.34
598,515.548344431001,57462,574.62
599,515.632855645233,60152,601.52
600,515.7173667592,60717,607.17
601,515.801877773147,60425,604.25
602,515.886388687319,63079,630.79
603,515.970899501962,62183,621.83
604,516.05541021732,59265,592.65
605,516.139920833639,57799,577.99
606,516.224431351163,57047,570.47
607,516.308941770138,56897,568.97
608,516.39345209081,56603,566.03
609,516.477962313423,56168,561.68
610,516.562472438222,59424,594.24
611,516.646982465452,63840,638.4
612,516.731492395359,68345,683.45
613,516.816002228188,67340,673.4
614,516.900511964184,62752,627.52
615,516.985021603591,66538,665.38
616,517.069531146656,73718,737.18
617,517.154040593623,81915,819.15
618,517.238549944738,78620,786.2
619,517.323059200245,72618,726.18
620,517.40756836039,68252,682.52
621,517.492077425417,63537,635.37
622,517.576586395573,60547,605.47
623,517.661095271101,87675,876.75
624,517.745604052248,94678,946.78
625,517.830112739258,78456,784.56
626,517.914621332376,76326,763.26
627,517.999129831848,73398,733.98
628,518.083638237919,66769,667.69
629,518.168146550834,62604,626.04
630,518.252654770838,60049,600.49
631,518.337162898176,58689,586.89
632,518.421670933093,57874,578.74
633,518.506178875835,57182,571.82
634,518.590686726646,56669,566.69
635,518.675194485772,57169,571.69
636,518.759702153457,60859,608.59
637,518.844209729948,61797,617.97
638,518.928717215489,59772,597.72
639,519.013224610325,62130,621.3
640,519.097731914701,62873,628.73
641,519.182239128863,60651,606.51
642,519.266746253055,59224,592.24
643,519.351253287523,58590,585.9
644,519.435760232512,58186,581.86
645,519.520267088267,58041,580.41
646,519.604773855033,57666,576.66
647,519.689280533056,57246,572.46
648,519.77378712258,57341,573.41
649,519.85829362385,57016,570.16
650,519.942800037113,60625,606.25
651,520.027306362612,61638,616.38
652,520.111812600593,59514,595.14
653,520.196318751301,58303,583.03
654,520.280824814981,57613,576.13
655,520.365330791879,57170,571.7
656,520.449836682239,57495,574.95
657,520.534342486307,57895,578.95
658,520.618848204327,57634,576.34
659,520.703353836546,60718,607.18
660,520.787859383207,61484,614.84
661,520.872364844557,66379,663.79
662,520.95687022084,86723,867.23
663,521.041375512301,88097,880.97
664,521.125880719186,75289,752.89
665,521.21038584174,68052,680.52
666,521.294890880208,77098,770.98
667,521.379395834834,78239,782.39
668,521.463900705865,72903,729.03
669,521.548405493545,69235,692.35
670,521.632910198119,64801,648.01
671,521.717414819833,62325,623.25
672,521.801919358931,60767,607.67
673,521.88642381566,59671,596.71
674,521.970928190263,62786,627.86
675,522.055432482986,239920,2399.2
676,522.139936694074,287084,2870.84
677,522.224440823773,194803,1948.03
678,522.308944872327,139433,1394.33
679,522.393448839982,105766,1057.66
680,522.477952726982,89741,897.41
681,522.562456533574,96858,968.58
682,522.646960260001,93041,930.41
683,522.731463906509,83043,830.43
684,522.815967473344,79535,795.35
685,522.90047096075,73152,731.52
686,522.984974368973,67041,670.41
687,523.069477698257,63511,635.11
688,523.153980948848,61754,617.54
689,523.238484120991,60900,609
690,523.322987214931,60532,605.32
691,523.407490230914,64204,642.04
692,523.491993169183,68952,689.52
693,523.576496029985,103681,1036.81
694,523.660998813565,110136,1101.36
695,523.745501520167,118930,1189.3
696,523.830004150038,115131,1151.31
697,523.914506703421,92755,927.55
698,523.999009180562,79216,792.16
699,524.083511581707,70854,708.54
700,524.1680139071,66271,662.71
701,524.252516156987,63777,637.77
702,524.337018331612,62303,623.03
703,524.421520431221,64901,649.01
704,524.506022456059,65701,657.01
705,524.590524406371,63844,638.44
706,524.675026282403,83842,838.42
707,524.759528084398,89842,898.42
708,524.844029812603,78438,784.38
709,524.928531467263,71309,713.09
710,525.013033048623,84642,846.42
711,525.097534556927,88061,880.61
712,525.182035992421,77851,778.51
713,525.266537355351,71339,713.39
714,525.351038645961,67689,676.89
715,525.435539864496,69694,696.94
716,525.520041011202,69635,696.35
717,525.604542086324,67432,674.32
718,525.689043090106,74683,746.83
719,525.773544022794,75860,758.6
720,525.858044884634,74723,747.23
721,525.942545675869,73139,731.39
722,526.027046396746,69166,691.66
723,526.11154704751,67021,670.21
724,526.196047628405,65985,659.85
725,526.280548139677,69144,691.44
726,526.36504858157,69645,696.45
727,526.449548954331,67121,671.21
728,526.534049258204,66334,663.34
729,526.618549493434,69566,695.66
730,526.703049660267,69976,699.76
731,526.787549758947,67988,679.88
732,526.87204978972,69991,699.91
733,526.956549752831,70658,706.58
734,527.041049648525,69050,690.5
735,527.125549477046,67643,676.43
736,527.210049238641,85167,851.67
737,527.294548933555,92172,921.72
738,527.379048562032,82736,827.36
739,527.463548124317,75601,756.01
740,527.548047620657,72892,728.92
741,527.632547051295,71262,712.62
742,527.717046416477,69814,698.14
743,527.801545716449,73846,738.46
744,527.886044951455,74905,749.05
745,527.97054412174,80662,806.62
746,528.05504322755,80690,806.9
747,528.139542269129,75157,751.57
748,528.224041246724,74325,743.25
749,528.308540160578,76168,761.68
750,528.393039010938,75344,753.44
751,528.477537798047,72504,725.04
752,528.562036522152,73672,736.72
753,528.646535183498,76693,766.93
754,528.731033782329,78425,784.25
755,528.815532318891,76120,761.2
756,528.900030793429,73008,730.08
757,528.984529206188,71393,713.93
758,529.069027557414,70268,702.68
759,529.15352584735,69493,694.93
760,529.238024076243,68848,688.48
761,529.322522244338,68664,686.64
762,529.407020351879,69030,690.3
763,529.491518399112,69470,694.7
764,529.576016386283,69851,698.51
765,529.660514313635,70099,700.99
766,529.745012181415,69983,699.83
767,529.829509989866,70070,700.7
768,529.914007739236,70156,701.56
769,529.998505429768,73582,735.82
770,530.083003061708,75027,750.27
771,530.167500635301,73353,733.53
772,530.251998150792,72472,724.72
773,530.336495608426,72668,726.68
774,530.420993008449,75834,758.34
775,530.505490351105,79782,797.82
776,530.589987636639,82288,822.88
777,530.674484865298,83588,835.88
778,530.758982037325,81303,813.03
779,530.843479152966,77748,777.48
780,530.927976212466,75445,754.45
781,531.012473216071,74685,746.85
782,531.096970164025,125605,1256.05
783,531.181467056574,143041,1430.41
784,531.265963893962,116224,1162.24
785,531.350460676435,97920,979.2
786,531.434957404238,87882,878.82
787,531.519454077616,82337,823.37
788,531.603950696814,80998,809.98
789,531.688447262078,80683,806.83
790,531.772943773652,78959,789.59
791,531.857440231782,77234,772.34
792,531.941936636713,76006,760.06
793,532.026432988689,78133,781.33
794,532.110929287956,78211,782.11
795,532.19542553476,79002,790.02
796,532.279921729345,78164,781.64
797,532.364417871956,74636,746.36
798,532.448913962839,71611,716.11
799,532.533410002239,69591,695.91
800,532.6179059904,68046,680.46
801,532.702401927568,66311,663.11
802,532.786897813989,64541,645.41
803,532.871393649906,70238,702.38
804,532.955889435567,74637,746.37
805,533.040385171214,70841,708.41
806,533.124880857094,95549,955.49
807,533.209376493452,100602,1006.02
808,533.293872080533,82637,826.37
809,533.378367618582,71422,714.22
810,533.462863107844,88185,881.85
811,533.547358548564,90663,906.63
812,533.631853940988,78734,787.34
813,533.71634928536,71095,710.95
814,533.800844581926,75411,754.11
815,533.885339830931,73907,739.07
816,533.96983503262,65572,655.72
817,534.054330187238,60399,603.99
818,534.13882529503,60291,602.91
819,534.223320356242,59203,592.03
820,534.307815371118,56332,563.32
821,534.392310339903,54667,546.67
822,534.476805262844,53612,536.12
823,534.561300140184,52789,527.89
824,534.64579497217,59486,594.86
825,534.730289759045,61443,614.43
826,534.814784501056,60916,609.16
827,534.899279198448,59936,599.36
828,534.983773851465,56990,569.9
829,535.068268460352,58398,583.98
830,535.152763025356,68240,682.4
831,535.23725754672,87457,874.57
832,535.321752024691,87172,871.72
833,535.406246459513,73409,734.09
834,535.490740851431,64028,640.28
835,535.575235200691,58613,586.13
836,535.659729507538,55958,559.58
837,535.744223772216,474385,4743.85
838,535.828717994971,593368,5933.68
839,535.913212176048,366755,3667.55
840,535.997706315693,232226,2322.26
841,536.08220041415,165285,1652.85
842,536.166694471664,124261,1242.61
843,536.251188488481,94038,940.38
844,536.335682464845,76349,763.49
845,536.420176401003,66336,663.36
846,536.504670297198,60518,605.18
847,536.589164153677,56668,566.68
848,536.673657970684,54601,546.01
849,536.758151748464,54679,546.79
850,536.842645487263,54167,541.67
851,536.927139187325,53219,532.19
852,537.011632848896,56263,562.63
853,537.096126472221,57388,573.88
854,537.180620057546,59696,596.96
855,537.265113605114,62956,629.56
856,537.349607115172,60468,604.68
857,537.434100587964,57679,576.79
858,537.518594023736,55910,559.1
859,537.603087422733,54543,545.43
860,537.687580785199,54237,542.37
861,537.772074111381,57119,571.19
862,537.856567401522,68884,688.84
863,537.941060655869,81100,811
864,538.025553874667,76933,769.33
865,538.11004705816,67195,671.95
866,538.194540206593,61430,614.3
867,538.279033320213,58336,583.36
868,538.363526399263,57432,574.32
869,538.44801944399,58494,584.94
870,538.532512454637,61347,613.47
871,538.617005431451,68481,684.81
872,538.701498374677,73805,738.05
873,538.785991284559,77259,772.59
874,538.870484161343,80654,806.54
875,538.954977005273,86571,865.71
876,539.039469816596,88851,888.51
877,539.123962595556,87306,873.06
878,539.208455342398,92383,923.83
879,539.292948057368,94970,949.7
880,539.37744074071,89181,891.81
881,539.46193339267,86508,865.08
882,539.546426013493,86025,860.25
883,539.630918603424,87852,878.52
884,539.715411162708,84765,847.65
885,539.79990369159,80974,809.74
886,539.884396190315,77117,771.17
887,539.968888659129,98193,981.93
888,540.053381098277,108034,1080.34
889,540.137873508003,93125,931.25
890,540.222365888553,79525,795.25
891,540.306858240173,71362,713.62
892,540.391350563106,66228,662.28
893,540.475842857599,69492,694.92
894,540.560335123896,69095,690.95
895,540.644827362243,67491,674.91
896,540.729319572884,68481,684.81
897,540.813811756066,64988,649.88
898,540.898303912032,60228,602.28
899,540.982796041028,57254,572.54
900,541.0672881433,55130,551.3
901,541.151780219092,54314,543.14
902,541.23627226865,53681,536.81
903,541.320764292218,52861,528.61
904,541.405256290042,52973,529.73
905,541.489748262367,55729,557.29
906,541.574240209438,60824,608.24
907,541.6587321315,60596,605.96
908,541.743224028798,60767,607.67
909,541.827715901578,59596,595.96
910,541.912207750085,56370,563.7
911,541.996699574563,55226,552.26
912,542.081191375258,54750,547.5
913,542.165683152415,57556,575.56
914,542.250174906279,57841,578.41
915,542.334666637096,55672,556.72
916,542.41915834511,54421,544.21
917,542.503650030566,75675,756.75
918,542.58814169371,84782,847.82
919,542.672633334787,80958,809.58
920,542.757124954042,74071,740.71
921,542.841616551719,65380,653.8
922,542.926108128065,63643,636.43
923,543.010599683325,61836,618.36
924,543.095091217743,58997,589.97
925,543.179582731564,85064,850.64
926,543.264074225034,91977,919.77
927,543.348565698398,77397,773.97
928,543.433057151901,70209,702.09
929,543.517548585789,67755,677.55
930,543.602040000305,74875,748.75
931,543.686531395696,82819,828.19
932,543.771022772206,84389,843.89
933,543.855514130081,88665,886.65
934,543.940005469566,95610,956.1
935,544.024496790906,97822,978.22
936,544.108988094346,105362,1053.62
937,544.193479380131,112137,1121.37
938,544.277970648506,111911,1119.11
939,544.362461899717,110969,1109.69
940,544.446953134009,115175,1151.75
941,544.531444351626,117724,1177.24
942,544.615935552814,119939,1199.39
943,544.700426737818,122886,1228.86
944,544.784917906884,123788,1237.88
945,544.869409060255,127831,1278.31
946,544.953900198178,130245,1302.45
947,545.038391320898,129711,1297.11
948,545.122882428659,129610,1296.1
949,545.207373521708,129680,1296.8
950,545.291864600288,130570,1305.7
951,545.376355664645,131547,1315.47
952,545.460846715024,164680,1646.8
953,545.545337751671,174851,1748.51
954,545.62982877483,158549,1585.49
955,545.714319784747,152166,1521.66
956,545.798810781666,151126,1511.26
957,545.883301765834,147549,1475.49
958,545.967792737495,146115,1461.15
959,546.052283696893,144512,1445.12
960,546.136774644275,144320,1443.2
961,546.221265579886,142792,1427.92
962,546.30575650397,139759,1397.59
963,546.390247416772,137389,1373.89
964,546.474738318539,135619,1356.19
965,546.559229209514,135729,1357.29
966,546.643720089944,135727,1357.27
967,546.728210960073,135518,1355.18
968,546.812701820146,138486,1384.86
969,546.897192670409,144637,1446.37
970,546.981683511106,145772,1457.72
971,547.066174342483,143201,1432.01
972,547.150665164785,143535,1435.35
973,547.235155978257,146967,1469.67
974,547.319646783145,146642,1466.42
975,547.404137579692,144717,1447.17
976,547.488628368145,143660,1436.6
977,547.573119148749,142609,1426.09
978,547.657609921748,142450,1424.5
979,547.742100687388,145965,1459.65
980,547.826591445914,147371,1473.71
981,547.911082197572,146106,1461.06
982,547.995572942605,145007,1450.07
983,548.08006368126,143935,1439.35
984,548.164554413782,143449,1434.49
985,548.249045140415,143305,1433.05
986,548.333535861404,143416,1434.16
987,548.418026576996,160611,1606.11
988,548.502517287435,165765,1657.65
989,548.587007992966,157545,1575.45
990,548.671498693834,152944,1529.44
991,548.755989390285,156123,1561.23
992,548.840480082563,159522,1595.22
993,548.924970770915,156334,1563.34
994,549.009461455584,152839,1528.39
995,549.093952136815,154362,1543.62
996,549.178442814856,153976,1539.76
997,549.262933489949,151504,1515.04
998,549.347424162341,157708,1577.08
999,549.431914832276,159153,1591.53
1000,549.5164055,154902,1549.02
1001,549.600896165758,154389,1543.89
1002,549.685386829794,153817,1538.17
1003,549.769877492355,152024,1520.24
1004,549.854368153685,151420,1514.2
1005,549.938858814029,169422,1694.22
1006,550.023349473633,177331,1773.31
1007,550.107840132742,172262,1722.62
1008,550.1923307916,165908,1659.08
1009,550.276821450453,159497,1594.97
1010,550.361312109546,156257,1562.57
1011,550.445802769124,158288,1582.88
1012,550.530293429432,158586,1585.86
1013,550.614784090716,156342,1563.42
1014,550.69927475322,155080,1550.8
1015,550.78376541719,154421,1544.21
1016,550.868256082871,153832,1538.32
1017,550.952746750508,153995,1539.95
1018,551.037237420346,157483,1574.83
1019,551.12172809263,158852,1588.52
1020,551.206218767606,157405,1574.05
1021,551.290709445518,156556,1565.56
1022,551.375200126611,155928,1559.28
1023,551.459690811131,159260,1592.6
1024,551.544181499323,160258,1602.58
1025,551.628672191433,158767,1587.67
1026,551.713162887704,157809,1578.09
1027,551.797653588383,156873,1568.73
1028,551.882144293714,156448,1564.48
1029,551.966635003943,156522,1565.22
1030,552.051125719314,160447,1604.47
1031,552.135616440073,167427,1674.27
1032,552.220107166465,167190,1671.9
1033,552.304597898735,165424,1654.24
1034,552.389088637129,164112,1641.12
1035,552.473579381891,183208,1832.08
1036,552.558070133266,187831,1878.31
1037,552.6425608915,176196,1761.96
1038,552.727051656838,169770,1697.7
1039,552.811542429524,191362,1913.62
1040,552.896033209805,195734,1957.34
1041,552.980523997925,184505,1845.05
1042,553.065014794129,176850,1768.5
1043,553.149505598662,170096,1700.96
1044,553.23399641177,166445,1664.45
1045,553.318487233698,167539,1675.39
1046,553.402978064691,180908,1809.08
1047,553.487468904993,193544,1935.44
1048,553.571959754851,187894,1878.94
1049,553.656450614509,176564,1765.64
1050,553.740941484213,169729,1697.29
1051,553.825432364206,172495,1724.95
1052,553.909923254736,172898,1728.98
1053,553.994414156046,174852,1748.52
1054,554.078905068382,173671,1736.71
1055,554.16339599199,168983,1689.83
1056,554.247886927113,166958,1669.58
1057,554.332377873998,188563,1885.63
1058,554.416868832889,193572,1935.72
1059,554.501359804032,180326,1803.26
1060,554.585850787671,172962,1729.62
1061,554.670341784053,168863,1688.63
1062,554.754832793421,166686,1666.86
1063,554.839323816021,165382,1653.82
1064,554.923814852099,164687,1646.87
1065,555.008305901899,164632,1646.32
1066,555.092796965667,172312,1723.12
1067,555.177288043647,174204,1742.04
1068,555.261779136085,196844,1968.44
1069,555.346270243226,202787,2027.87
1070,555.430761365315,191193,1911.93
1071,555.515252502597,186134,1861.34
1072,555.599743655318,180602,1806.02
1073,555.684234823722,175345,1753.45
1074,555.768726008055,175890,1758.9
1075,555.853217208561,178254,1782.54
1076,555.937708425486,175538,1755.38
1077,556.022199659075,195741,1957.41
1078,556.106690909574,200499,2004.99
1079,556.191182177226,189893,1898.93
1080,556.275673462278,182454,1824.54
1081,556.360164764975,178954,1789.54
1082,556.444656085561,181009,1810.09
1083,556.529147424282,178590,1785.9
1084,556.613638781383,175196,1751.96
1085,556.698130157109,173427,1734.27
1086,556.782621551706,175515,1755.15
1087,556.867112965417,175871,1758.71
1088,556.951604398489,178983,1789.83
1089,557.036095851167,185995,1859.95
1090,557.120587323695,184056,1840.56
1091,557.20507881632,177667,1776.67
1092,557.289570329285,173963,1739.63
1093,557.374061862836,175443,1754.43
1094,557.458553417219,176346,1763.46
1095,557.543044992678,177520,1775.2
1096,557.627536589459,177186,1771.86
1097,557.712028207806,178440,1784.4
1098,557.796519847966,177686,1776.86
1099,557.881011510182,181324,1813.24
1100,557.9655031947,185175,1851.75
1101,558.049994901765,181671,1816.71
1102,558.134486631623,176823,1768.23
1103,558.218978384519,173620,1736.2
1104,558.303470160697,175082,1750.82
1105,558.387961960402,174912,1749.12
1106,558.472453783881,175466,1754.66
1107,558.556945631378,177006,1770.06
1108,558.641437503137,205265,2052.65
1109,558.725929399405,222116,2221.16
1110,558.810421320427,208568,2085.68
1111,558.894913266447,193130,1931.3
1112,558.97940523771,184796,1847.96
1113,559.063897234463,183368,1833.68
1114,559.14838925695,184969,1849.69
1115,559.232881305415,182702,1827.02
1116,559.317373380105,178777,1787.77
1117,559.401865481264,180128,1801.28
1118,559.486357609138,179967,1799.67
1119,559.570849763971,177264,1772.64
1120,559.65534194601,176530,1765.3
1121,559.739834155498,180171,1801.71
1122,559.824326392681,180441,1804.41
1123,559.908818657804,181033,1810.33
1124,559.993310951113,180314,1803.14
1125,560.077803272852,177755,1777.55
1126,560.162295623266,176394,1763.94
1127,560.246788002602,175527,1755.27
1128,560.331280411103,178495,1784.95
1129,560.415772849015,182274,1822.74
1130,560.500265316583,185036,1850.36
1131,560.584757814052,190034,1900.34
1132,560.669250341668,188173,1881.73
1133,560.753742899676,182483,1824.83
1134,560.83823548832,182646,1826.46
1135,560.922728107845,181995,1819.95
1136,561.007220758498,179749,1797.49
1137,561.091713440523,178825,1788.25
1138,561.176206154165,177729,1777.29
1139,561.260698899669,177639,1776.39
1140,561.345191677281,177524,1775.24
1141,561.429684487245,177276,1772.76
1142,561.514177329807,177803,1778.03
1143,561.598670205212,178432,1784.32
1144,561.683163113705,179551,1795.51
1145,561.767656055531,179551,1795.51
1146,561.852149030935,182354,1823.54
1147,561.936642040163,186900,1869
1148,562.021135083459,186095,1860.95
1149,562.105628161069,183151,1831.51
1150,562.190121273237,185003,1850.03
1151,562.27461442021,184970,1849.7
1152,562.359107602232,193814,1938.14
1153,562.443600819547,194729,1947.29
1154,562.528094072403,191018,1910.18
1155,562.612587361042,197158,1971.58
1156,562.697080685712,198909,1989.09
1157,562.781574046656,196117,1961.17
1158,562.866067444119,209994,2099.94
1159,562.950560878348,210030,2100.3
1160,563.035054349587,196605,1966.05
1161,563.119547858082,192703,1927.03
1162,563.204041404076,189784,1897.84
1163,563.288534987816,186627,1866.27
1164,563.373028609547,183863,1838.63
1165,563.457522269514,181860,1818.6
1166,563.542015967961,181381,1813.81
1167,563.626509705135,184651,1846.51
1168,563.71100348128,189064,1890.64
1169,563.795497296641,188174,1881.74
1170,563.879991151464,185003,1850.03
1171,563.964485045993,183125,1831.25
1172,564.048978980475,182249,1822.49
1173,564.133472955153,182992,1829.92
1174,564.217966970273,183054,1830.54
1175,564.30246102608,185997,1859.97
1176,564.386955122819,189790,1897.9
1177,564.471449260736,192254,1922.54
1178,564.555943440075,190326,1903.26
1179,564.640437661083,186420,1864.2
1180,564.724931924002,257159,2571.59
1181,564.80942622908,279833,2798.33
1182,564.893920576561,240919,2409.19
1183,564.97841496669,219188,2191.88
1184,565.062909399713,205933,2059.33
1185,565.147403875874,206307,2063.07
1186,565.231898395419,203025,2030.25
1187,565.316392958592,193510,1935.1
1188,565.400887565639,188049,1880.49
1189,565.485382216806,185413,1854.13
1190,565.569876912336,183690,1836.9
1191,565.654371652476,182707,1827.07
1192,565.73886643747,185187,1851.87
1193,565.823361267564,186212,1862.12
1194,565.907856143003,205330,2053.3
1195,565.992351064031,210246,2102.46
1196,566.076846030894,199486,1994.86
1197,566.161341043838,192694,1926.94
1198,566.245836103106,188366,1883.66
1199,566.330331208945,186516,1865.16
1200,566.4148263616,186096,1860.96
1201,566.499321561315,189146,1891.46
1202,566.583816808336,190082,1900.82
1203,566.668312102908,191650,1916.5
1204,566.752807445276,191360,1913.6
1205,566.837302835685,190524,1905.24
1206,566.92179827438,191707,1917.07
1207,567.006293761607,190691,1906.91
1208,567.090789297611,188417,1884.17
1209,567.175284882636,191887,1918.87
1210,567.259780516928,192951,1929.51
1211,567.344276200732,190011,1900.11
1212,567.428771934293,188255,1882.55
1213,567.513267717856,190801,1908.01
1214,567.597763551667,191380,1913.8
1215,567.68225943597,189565,1895.65
1216,567.766755371011,209280,2092.8
1217,567.851251357034,214540,2145.4
1218,567.935747394286,203038,2030.38
1219,568.020243483011,202810,2028.1
1220,568.104739623454,200371,2003.71
1221,568.18923581586,217628,2176.28
1222,568.273732060474,220930,2209.3
1223,568.358228357543,206361,2063.61
1224,568.442724707309,197731,1977.31
1225,568.52722111002,192832,1928.32
1226,568.61171756592,190112,1901.12
1227,568.696214075254,188874,1888.74
1228,568.780710638267,187992,1879.92
1229,568.865207255205,187423,1874.23
1230,568.949703926312,187969,1879.69
1231,569.034200651834,191384,1913.84
1232,569.118697432015,191811,1918.11
1233,569.203194267102,190026,1900.26
1234,569.287691157338,192351,1923.51
1235,569.37218810297,198531,1985.31
1236,569.456685104242,208255,2082.55
1237,569.5411821614,207741,2077.41
1238,569.625679274688,200190,2001.9
1239,569.710176444352,198656,1986.56
1240,569.794673670637,196147,1961.47
1241,569.879170953788,191734,1917.34
1242,569.96366829405,192669,1926.69
1243,570.048165691668,199263,1992.63
1244,570.132663146887,198579,1985.79
1245,570.217160659954,200701,2007.01
1246,570.301658231112,199933,1999.33
1247,570.386155860606,195018,1950.18
1248,570.470653548683,192330,1923.3
1249,570.555151295587,190707,1907.07
1250,570.639649101562,189466,1894.66
1251,570.724146966856,188561,1885.61
1252,570.808644891712,191723,1917.23
1253,570.893142876375,197444,1974.44
1254,570.977640921091,198037,1980.37
1255,571.062139026105,197720,1977.2
1256,571.146637191662,215257,2152.57
1257,571.231135418007,217977,2179.77
1258,571.315633705386,206054,2060.54
1259,571.400132054043,202788,2027.88
1260,571.484630464223,203757,2037.57
1261,571.569128936172,200332,2003.32
1262,571.653627470135,195302,1953.02
1263,571.738126066357,199504,1995.04
1264,571.822624725083,203734,2037.34
1265,571.907123446559,199990,1999.9
1266,571.991622231028,202138,2021.38
1267,572.076121078737,207243,2072.43
1268,572.160619989931,204127,2041.27
1269,572.245118964855,200705,2007.05
1270,572.329618003753,197213,1972.13
1271,572.414117106872,197051,1970.51
1272,572.498616274455,201784,2017.84
1273,572.583115506749,199173,1991.73
1274,572.667614803999,192659,1926.59
1275,572.752114166448,188444,1884.44
1276,572.836613594344,186609,1866.09
1277,572.921113087931,186348,1863.48
1278,573.005612647453,185754,1857.54
1279,573.090112273157,185420,1854.2
1280,573.174611965286,188993,1889.93
1281,573.259111724088,196002,1960.02
1282,573.343611549805,202981,2029.81
1283,573.428111442685,226901,2269.01
1284,573.512611402971,231210,2312.1
1285,573.597111430909,259241,2592.41
1286,573.681611526744,262471,2624.71
1287,573.766111690721,242247,2422.47
1288,573.850611923086,224960,2249.6
1289,573.935112224083,207985,2079.85
1290,574.019612593957,198386,1983.86
1291,574.104113032955,193981,1939.81
1292,574.18861354132,194692,1946.92
1293,574.273114119298,194119,1941.19
1294,574.357614767134,194846,1948.46
1295,574.442115485074,193529,1935.29
1296,574.526616273362,239184,2391.84
1297,574.611117132243,251151,2511.51
1298,574.695618061963,240528,2405.28
1299,574.780119062767,231910,2319.1
1300,574.8646201349,214997,2149.97
1301,574.949121278607,206259,2062.59
1302,575.033622494133,202684,2026.84
1303,575.118123781723,200834,2008.34
1304,575.202625141623,196202,1962.02
1305,575.287126574078,190818,1908.18
1306,575.371628079332,187884,1878.84
1307,575.456129657631,186840,1868.4
1308,575.54063130922,186420,1864.2
1309,575.625133034344,189756,1897.56
1310,575.709634833249,196028,1960.28
1311,575.794136706179,195136,1951.36
1312,575.878638653379,190706,1907.06
1313,575.963140675095,187842,1878.42
1314,576.047642771572,185714,1857.14
1315,576.132144943055,184634,1846.34
1316,576.216647189789,188938,1889.38
1317,576.301149512019,189913,1899.13
1318,576.38565190999,187050,1870.5
1319,576.470154383948,185398,1853.98
1320,576.554656934138,185105,1851.05
1321,576.639159560804,188941,1889.41
1322,576.723662264192,190120,1901.2
1323,576.808165044547,219457,2194.57
1324,576.892667902114,229923,2299.23
1325,576.977170837139,212761,2127.61
1326,577.061673849866,199884,1998.84
1327,577.146176940541,192611,1926.11
1328,577.230680109408,188679,1886.79
1329,577.315183356713,187071,1870.71
1330,577.399686682701,189122,1891.22
1331,577.484190087617,212672,2126.72
1332,577.568693571706,216348,2163.48
1333,577.653197135214,202033,2020.33
1334,577.737700778385,197259,1972.59
1335,577.822204501465,193369,1933.69
1336,577.906708304698,188228,1882.28
1337,577.991212188331,219140,2191.4
1338,578.075716152607,226679,2266.79
1339,578.160220197773,211594,2115.94
1340,578.244724324073,201214,2012.14
1341,578.329228531752,199678,1996.78
1342,578.413732821056,200240,2002.4
1343,578.49823719223,194070,1940.7
1344,578.582741645518,188077,1880.77
1345,578.667246181166,187749,1877.49
1346,578.75175079942,186571,1865.71
1347,578.836255500524,187119,1871.19
1348,578.920760284723,194538,1945.38
1349,579.005265152262,194120,1941.2
1350,579.089770103388,188188,1881.88
1351,579.174275138344,184267,1842.67
1352,579.258780257375,181842,1818.42
1353,579.343285460728,180657,1806.57
1354,579.427790748647,180227,1802.27
1355,579.512296121378,179283,1792.83
1356,579.596801579165,178525,1785.25
1357,579.681307122253,179281,1792.81
1358,579.765812750888,179346,1793.46
1359,579.850318465315,178480,1784.8
1360,579.934824265779,177891,1778.91
1361,580.019330152525,177469,1774.69
1362,580.103836125799,196101,1961.01
1363,580.188342185844,201362,2013.62
1364,580.272848332908,194082,1940.82
1365,580.357354567233,188826,1888.26
1366,580.441860889067,183875,1838.75
1367,580.526367298654,180887,1808.87
1368,580.610873796238,185253,1852.53
1369,580.695380382066,185578,1855.78
1370,580.779887056382,181450,1814.5
1371,580.864393819432,183311,1833.11
1372,580.94890067146,183027,1830.27
1373,581.033407612712,179725,1797.25
1374,581.117914643433,177819,1778.19
1375,581.202421763867,176757,1767.57
1376,581.286928974261,175876,1758.76
1377,581.371436274859,178563,1785.63
1378,581.455943665907,178607,1786.07
1379,581.540451147649,179685,1796.85
1380,581.62495872033,179117,1791.17
1381,581.709466384197,176002,1760.02
1382,581.793974139493,174697,1746.97
1383,581.878481986465,180511,1805.11
1384,581.962989925357,181479,1814.79
1385,582.047497956414,184466,1844.66
1386,582.132006079881,187364,1873.64
1387,582.216514296004,183335,1833.35
1388,582.301022605028,178624,1786.24
1389,582.385531007198,185771,1857.71
1390,582.470039502758,187100,1871
1391,582.554548091955,181211,1812.11
1392,582.639056775033,177612,1776.12
1393,582.723565552238,174399,1743.99
1394,582.808074423814,172716,1727.16
1395,582.892583390007,171932,1719.32
1396,582.977092451061,178481,1784.81
1397,583.061601607223,180275,1802.75
1398,583.146110858736,178114,1781.14
1399,583.230620205847,178366,1783.66
1400,583.3151296488,176637,1766.37
1401,583.399639187841,177543,1775.43
1402,583.484148823214,176812,1768.12
1403,583.568658555165,173828,1738.28
1404,583.653168383939,171992,1719.92
1405,583.73767830978,177792,1777.92
1406,583.822188332935,179199,1791.99
1407,583.906698453649,178113,1781.13
1408,583.991208672165,176189,1761.89
1409,584.075718988731,172809,1728.09
1410,584.16022940359,174520,1745.2
1411,584.244739916987,174482,1744.82
1412,584.329250529169,171510,1715.1
1413,584.41376124038,169473,1694.73
1414,584.498272050865,168638,1686.38
1415,584.58278296087,168416,1684.16
1416,584.667293970638,176921,1769.21
1417,584.751805080417,185894,1858.94
1418,584.83631629045,182910,1829.1
1419,584.920827600983,176432,1764.32
1420,585.005339012262,172647,1726.47
1421,585.08985052453,173700,1737
1422,585.174362138034,176561,1765.61
1423,585.258873853018,177918,1779.18
1424,585.343385669727,175511,1755.11
1425,585.427897588408,171655,1716.55
1426,585.512409609304,168959,1689.59
1427,585.596921732661,167222,1672.22
1428,585.681433958724,168789,1687.89
1429,585.765946287739,168955,1689.55
1430,585.85045871995,171155,1711.55
1431,585.934971255602,175108,1751.08
1432,586.019483894941,181191,1811.91
1433,586.103996638212,182722,1827.22
1434,586.18850948566,177406,1774.06
1435,586.27302243753,173209,1732.09
1436,586.357535494067,169925,1699.25
1437,586.442048655516,191473,1914.73
1438,586.526561922122,217279,2172.79
1439,586.611075294132,209189,2091.89
1440,586.695588771789,190488,1904.88
1441,586.780102355339,179864,1798.64
1442,586.864616045027,176910,1769.1
1443,586.949129841097,173411,1734.11
1444,587.033643743797,169206,1692.06
1445,587.118157753369,167315,1673.15
1446,587.20267187006,165751,1657.51
1447,587.287186094115,164285,1642.85
1448,587.371700425779,163500,1635
1449,587.456214865296,163098,1630.98
1450,587.540729412912,162932,1629.32
1451,587.625244068873,162743,1627.43
1452,587.709758833423,165712,1657.12
1453,587.794273706808,166700,1667
1454,587.878788689272,165676,1656.76
1455,587.963303781061,164660,1646.6
1456,588.047818982419,163612,1636.12
1457,588.132334293593,165764,1657.64
1458,588.216849714827,169798,1697.98
1459,588.301365246366,168859,1688.59
1460,588.385880888455,165933,1659.33
1461,588.47039664134,163952,1639.52
1462,588.554912505266,162281,1622.81
1463,588.639428480477,164793,1647.93
1464,588.72394456722,170547,1705.47
1465,588.808460765738,177088,1770.88
1466,588.892977076278,174783,1747.83
1467,588.977493499084,168273,1682.73
1468,589.062010034401,164393,1643.93
1469,589.146526682475,162403,1624.03
1470,589.231043443551,160907,1609.07
1471,589.315560317874,159332,1593.32
1472,589.400077305689,158494,1584.94
1473,589.48459440724,158545,1585.45
1474,589.569111622774,161858,1618.58
1475,589.653628952536,167910,1679.1
1476,589.73814639677,167918,1679.18
1477,589.822663955722,164272,1642.72
1478,589.907181629636,252184,2521.84
1479,589.991699418759,283036,2830.36
1480,590.076217323334,243319,2433.19
1481,590.160735343608,212838,2128.38
1482,590.245253479825,189670,1896.7
1483,590.329771732231,176070,1760.7
1484,590.41429010107,200506,2005.06
1485,590.498808586588,204686,2046.86
1486,590.58332718903,185212,1852.12
1487,590.667845908641,176299,1762.99
1488,590.752364745666,170264,1702.64
1489,590.83688370035,164718,1647.18
1490,590.921402772939,164695,1646.95
1491,591.005921963678,170358,1703.58
1492,591.090441272811,168972,1689.72
1493,591.174960700584,167065,1670.65
1494,591.259480247241,167881,1678.81
1495,591.343999913029,168009,1680.09
1496,591.428519698192,165222,1652.22
1497,591.513039602976,161421,1614.21
1498,591.597559627625,159521,1595.21
1499,591.682079772385,158464,1584.64
1500,591.7666000375,157289,1572.89
1501,591.851120423216,157034,1570.34
1502,591.935640929779,156873,1568.73
1503,592.020161557432,158296,1582.96
1504,592.104682306422,158777,1587.77
1505,592.189203176993,157447,1574.47
1506,592.273724169391,156307,1563.07
1507,592.35824528386,155407,1554.07
1508,592.442766520647,155225,1552.25
1509,592.527287879995,158927,1589.27
1510,592.611809362151,160124,1601.24
1511,592.696330967358,185809,1858.09
1512,592.780852695863,191686,1916.86
1513,592.865374547911,175787,1757.87
1514,592.949896523746,166635,1666.35
1515,593.034418623614,161909,1619.09
1516,593.11894084776,195955,1959.55
1517,593.203463196429,204150,2041.5
1518,593.287985669866,183506,1835.06
1519,593.372508268317,171071,1710.71
1520,593.457030992026,164226,1642.26
1521,593.541553841238,160503,1605.03
1522,593.626076816199,158764,1587.64
1523,593.710599917154,157102,1571.02
1524,593.795123144348,155370,1553.7
1525,593.879646498027,154300,1543
1526,593.964169978434,160753,1607.53
1527,594.048693585816,162747,1627.47
1528,594.133217320417,158585,1585.85
1529,594.217741182483,159222,1592.22
1530,594.302265172259,158554,1585.54
1531,594.38678928999,159221,1592.21
1532,594.47131353592,158346,1583.46
1533,594.555837910296,158797,1587.97
1534,594.640362413363,157678,1576.78
1535,594.724887045364,175866,1758.66
1536,594.809411806547,180256,1802.56
1537,594.893936697155,168529,1685.29
1538,594.978461717434,168275,1682.75
1539,595.062986867629,166072,1660.72
1540,595.147512147985,160505,1605.05
1541,595.232037558747,164227,1642.27
1542,595.316563100161,170628,1706.28
1543,595.401088772471,167785,1677.85
1544,595.485614575923,161520,1615.2
1545,595.570140510762,157412,1574.12
1546,595.654666577233,155002,1550.02
1547,595.73919277558,156683,1566.83
1548,595.82371910605,157803,1578.03
1549,595.908245568888,156148,1561.48
1550,595.992772164338,160813,1608.13
1551,596.077298892645,168858,1688.58
1552,596.161825754055,166256,1662.56
1553,596.246352748813,159265,1592.65
1554,596.330879877164,155929,1559.29
1555,596.415407139353,168955,1689.55
1556,596.499934535626,171837,1718.37
1557,596.584462066227,164267,1642.67
1558,596.668989731401,162652,1626.52
1559,596.753517531394,163267,1632.67
1560,596.838045466451,163489,1634.89
1561,596.922573536817,160152,1601.52
1562,597.007101742737,156226,1562.26
1563,597.091630084456,185065,1850.65
1564,597.17615856222,207593,2075.93
1565,597.260687176273,195595,1955.95
1566,597.345215926861,180427,1804.27
1567,597.429744814228,176649,1766.49
1568,597.51427383862,169829,1698.29
1569,597.598803000283,161048,1610.48
1570,597.68333229946,162981,1629.81
1571,597.767861736398,161592,1615.92
1572,597.852391311341,162860,1628.6
1573,597.936921024535,161664,1616.64
1574,598.021450876224,159725,1597.25
1575,598.105980866655,160772,1607.72
1576,598.190510996071,157609,1576.09
1577,598.275041264718,156952,1569.52
1578,598.359571672842,159052,1590.52
1579,598.444102220687,161771,1617.71
1580,598.528632908498,159328,1593.28
1581,598.613163736522,157774,1577.74
1582,598.697694705001,163873,1638.73
1583,598.782225814183,165390,1653.9
1584,598.866757064312,163153,1631.53
1585,598.951288455633,159098,1590.98
1586,599.035819988391,157640,1576.4
1587,599.120351662832,159250,1592.5
1588,599.2048834792,156950,1569.5
1589,599.289415437741,152808,1528.08
1590,599.3739475387,151177,1511.77
1591,599.458479782322,154066,1540.66
1592,599.543012168852,157878,1578.78
1593,599.627544698535,159403,1594.03
1594,599.712077371617,156041,1560.41
1595,599.796610188342,152164,1521.64
1596,599.881143148956,154307,1543.07
1597,599.965676253703,157477,1574.77
1598,600.05020950283,155666,1556.66
1599,600.13474289658,152194,1521.94
1600,600.2192764352,150218,1502.18
1601,600.303810118934,152611,1526.11
1602,600.388343948028,152348,1523.48
1603,600.472877922726,149302,1493.02
1604,600.557412043273,151264,1512.64
1605,600.641946309916,151400,1514
1606,600.726480722899,149512,1495.12
1607,600.811015282466,148224,1482.24
1608,600.895549988864,147056,1470.56
1609,600.980084842338,146222,1462.22
1610,601.064619843132,148132,1481.32
1611,601.149154991491,148949,1489.49
1612,601.233690287662,151756,1517.56
1613,601.318225731888,151944,1519.44
1614,601.402761324415,149405,1494.05
1615,601.487297065489,151404,1514.04
1616,601.571832955354,152056,1520.56
1617,601.656368994255,153423,1534.23
1618,601.740905182438,152300,1523
1619,601.825441520148,149200,1492
1620,601.90997800763,151998,1519.98
1621,601.994514645128,155378,1553.78
1622,602.079051432889,155957,1559.57
1623,602.163588371157,153679,1536.79
1624,602.248125460177,153610,1536.1
1625,602.332662700195,152796,1527.96
1626,602.417200091456,153365,1533.65
1627,602.501737634204,151998,1519.98
1628,602.586275328686,148920,1489.2
1629,602.670813175145,147301,1473.01
1630,602.755351173828,156385,1563.85
1631,602.839889324979,158658,1586.58
1632,602.924427628843,156063,1560.63
1633,603.008966085667,156613,1566.13
1634,603.093504695693,153831,1538.31
1635,603.178043459169,149555,1495.55
1636,603.262582376339,151302,1513.02
1637,603.347121447448,153931,1539.31
1638,603.431660672741,152783,1527.83
1639,603.516200052464,149897,1498.97
1640,603.600739586861,147090,1470.9
1641,603.685279276178,145619,1456.19
1642,603.769819120659,146065,1460.65
1643,603.854359120551,145644,1456.44
1644,603.938899276098,148636,1486.36
1645,604.023439587545,152914,1529.14
1646,604.107980055137,151643,1516.43
1647,604.19252067912,151354,1513.54
1648,604.277061459738,153152,1531.52
1649,604.361602397237,150983,1509.83
1650,604.446143491862,147576,1475.76
1651,604.530684743859,160102,1601.02
1652,604.615226153471,174548,1745.48
1653,604.699767720944,172972,1729.72
1654,604.784309446525,163417,1634.17
1655,604.868851330456,158451,1584.51
1656,604.953393372984,161493,1614.93
1657,605.037935574354,165214,1652.14
1658,605.122477934812,160164,1601.64
1659,605.207020454601,175817,1758.17
1660,605.291563133967,177974,1779.74
1661,605.376105973156,164178,1641.78
1662,605.460648972412,155643,1556.43
1663,605.545192131981,149836,1498.36
1664,605.629735452108,146519,1465.19
1665,605.714278933038,144326,1443.26
1666,605.798822575015,150763,1507.63
1667,605.883366378286,152842,1528.42
1668,605.967910343095,148709,1487.09
1669,606.052454469688,145916,1459.16
1670,606.136998758309,144694,1446.94
1671,606.221543209204,147967,1479.67
1672,606.306087822618,148438,1484.38
1673,606.390632598795,145927,1459.27
1674,606.475177537982,147767,1477.67
1675,606.559722640423,150893,1508.93
1676,606.644267906364,152508,1525.08
1677,606.728813336049,153845,1538.45
1678,606.813358929724,151176,1511.76
1679,606.897904687633,147005,1470.05
1680,606.982450610022,144596,1445.96
1681,607.066996697137,142936,1429.36
1682,607.151542949221,145477,1454.77
1683,607.236089366521,149622,1496.22
1684,607.320635949282,148705,1487.05
1685,607.405182697748,145941,1459.41
1686,607.489729612165,148300,1483
1687,607.574276692777,148658,1486.58
1688,607.658823939831,145790,1457.9
1689,607.74337135357,147681,1476.81
1690,607.827918934241,150696,1506.96
1691,607.912466682089,148374,1483.74
1692,607.997014597358,144915,1449.15
1693,608.081562680293,154361,1543.61
1694,608.16611093114,156014,1560.14
1695,608.250659350145,153202,1532.02
1696,608.335207937551,153295,1532.95
1697,608.419756693605,152046,1520.46
1698,608.504305618551,148364,1483.64
1699,608.588854712634,148424,1484.24
1700,608.6734039761,147705,1477.05
1701,608.757953409194,155650,1556.5
1702,608.84250301216,161052,1610.52
1703,608.927052785245,155169,1551.69
1704,609.011602728693,149444,1494.44
1705,609.096152842749,145799,1457.99
1706,609.180703127658,143142,1431.42
1707,609.265253583666,141413,1414.13
1708,609.349804211018,140844,1408.44
1709,609.434355009958,143780,1437.8
1710,609.518905980733,143801,1438.01
1711,609.603457123586,149240,1492.4
1712,609.688008438764,184601,1846.01
1713,609.772559926511,189191,1891.91
1714,609.857111587073,168144,1681.44
1715,609.941663420694,155687,1556.87
1716,610.02621542762,148640,1486.4
1717,610.110767608096,148777,1487.77
1718,610.195319962366,147568,1475.68
1719,610.279872490677,143817,1438.17
1720,610.364425193274,141715,1417.15
1721,610.4489780704,141019,1410.19
1722,610.533531122303,140600,1406
1723,610.618084349226,141447,1414.47
1724,610.702637751414,145060,1450.6
1725,610.787191329114,148288,1482.88
1726,610.87174508257,146585,1465.85
1727,610.956299012027,149947,1499.47
1728,611.04085311773,150016,1500.16
1729,611.125407399925,145564,1455.64
1730,611.209961858857,142622,1426.22
1731,611.29451649477,165943,1659.43
1732,611.37907130791,180415,1804.15
1733,611.463626298523,168836,1688.36
1734,611.548181466852,159519,1595.19
1735,611.632736813144,160103,1601.03
1736,611.717292337643,156662,1566.62
1737,611.801848040595,149784,1497.84
1738,611.886403922244,145950,1459.5
1739,611.970959982837,146682,1466.82
1740,612.055516222617,148120,1481.2
1741,612.14007264183,149902,1499.02
1742,612.224629240722,151228,1512.28
1743,612.309186019537,149248,1492.48
1744,612.39374297852,160015,1600.15
1745,612.478300117917,162054,1620.54
1746,612.562857437973,170223,1702.23
1747,612.647414938933,172169,1721.69
1748,612.731972621042,159226,1592.26
1749,612.816530484545,148942,1489.42
1750,612.901088529688,161141,1611.41
1751,612.985646756714,162510,1625.1
1752,613.070205165871,153968,1539.68
1753,613.154763757402,148113,1481.13
1754,613.239322531553,142916,1429.16
1755,613.323881488569,143510,1435.1
1756,613.408440628695,142235,1422.35
1757,613.492999952176,138680,1386.8
1758,613.577559459258,140054,1400.54
1759,613.662119150185,142920,1429.2
1760,613.746679025203,141048,1410.48
1761,613.831239084557,137877,1378.77
1762,613.915799328492,139378,1393.78
1763,614.000359757252,138956,1389.56
1764,614.084920371084,136397,1363.97
1765,614.169481170232,135265,1352.65
1766,614.254042154942,135303,1353.03
1767,614.338603325458,134550,1345.5
1768,614.423164682026,137389,1373.89
1769,614.507726224891,140971,1409.71
1770,614.592287954298,139014,1390.14
1771,614.676849870492,154384,1543.84
1772,614.761411973718,157476,1574.76
1773,614.845974264222,145861,1458.61
1774,614.930536742248,139478,1394.78
1775,615.015099408042,139816,1398.16
1776,615.099662261849,138627,1386.27
1777,615.184225303914,135343,1353.43
1778,615.268788534481,136926,1369.26
1779,615.353351953797,136731,1367.31
1780,615.437915562106,140847,1408.47
1781,615.522479359654,141264,1412.64
1782,615.607043346685,136794,1367.94
1783,615.691607523446,151443,1514.43
1784,615.776171890179,154171,1541.71
1785,615.860736447132,143766,1437.66
1786,615.94530119455,137792,1377.92
1787,616.029866132676,137329,1373.29
1788,616.114431261757,136365,1363.65
1789,616.198996582037,137165,1371.65
1790,616.283562093762,139382,1393.82
1791,616.368127797177,140934,1409.34
1792,616.452693692527,138389,1383.89
1793,616.537259780057,134023,1340.23
1794,616.621826060012,135409,1354.09
1795,616.706392532638,138976,1389.76
1796,616.790959198179,137294,1372.94
1797,616.87552605688,133235,1332.35
1798,616.960093108988,153948,1539.48
1799,617.044660354746,159279,1592.79
1800,617.1292277944,155727,1557.27
1801,617.213795428195,159590,1595.9
1802,617.298363256377,152823,1528.23
1803,617.38293127919,142360,1423.6
1804,617.46749949688,135829,1358.29
1805,617.552067909691,131909,1319.09
1806,617.63663651787,129533,1295.33
1807,617.72120532166,513323,5133.23
1808,617.805774321307,627479,6274.79
1809,617.890343517057,421929,4219.29
1810,617.974912909154,296338,2963.38
1811,618.059482497843,223747,2237.47
1812,618.14405228337,182695,1826.95
1813,618.22862226598,159472,1594.72
1814,618.313192445918,145633,1456.33
1815,618.397762823429,153590,1535.9
1816,618.482333398757,158057,1580.57
1817,618.56690417215,148894,1488.94
1818,618.65147514385,144498,1444.98
1819,618.736046314105,140958,1409.58
1820,618.820617683158,136792,1367.92
1821,618.905189251254,135328,1353.28
1822,618.98976101864,134532,1345.32
1823,619.07433298556,133160,1331.6
1824,619.158905152259,137413,1374.13
1825,619.243477518983,161729,1617.29
1826,619.328050085976,164995,1649.95
1827,619.412622853484,154639,1546.39
1828,619.497195821751,150895,1508.95
1829,619.581768991023,153161,1531.61
1830,619.666342361546,149406,1494.06
1831,619.750915933564,142050,1420.5
1832,619.835489707321,137792,1377.92
1833,619.920063683065,142403,1424.03
1834,620.004637861039,146105,1461.05
1835,620.089212241489,141803,1418.03
1836,620.173786824659,137094,1370.94
1837,620.258361610796,136203,1362.03
1838,620.342936600144,135565,1355.65
1839,620.427511792947,134522,1345.22
1840,620.512087189453,140441,1404.41
1841,620.596662789905,170671,1706.71
1842,620.681238594548,185248,1852.48
1843,620.765814603629,170820,1708.2
1844,620.850390817391,155074,1550.74
1845,620.93496723608,148975,1489.75
1846,621.019543859942,151614,1516.14
1847,621.104120689221,149176,1491.76
1848,621.188697724162,144626,1446.26
1849,621.273274965011,140856,1408.56
1850,621.357852412012,136687,1366.87
1851,621.442430065412,135915,1359.15
1852,621.527007925454,135148,1351.48
1853,621.611585992385,136913,1369.13
1854,621.696164266449,138014,1380.14
1855,621.780742747892,135995,1359.95
1856,621.865321436958,134048,1340.48
1857,621.949900333892,133129,1331.29
1858,622.03447943894,135616,1356.16
1859,622.119058752348,135852,1358.52
1860,622.203638274359,133606,1336.06
1861,622.28821800522,136443,1364.43
1862,622.372797945175,137309,1373.09
1863,622.457378094469,134890,1348.9
1864,622.541958453348,132628,1326.28
1865,622.626539022057,132821,1328.21
1866,622.711119800841,132804,1328.04
1867,622.795700789945,131850,1318.5
1868,622.880281989613,144468,1444.68
1869,622.964863400093,147058,1470.58
1870,623.049445021627,139176,1391.76
1871,623.134026854462,134832,1348.32
1872,623.218608898843,131761,1317.61
1873,623.303191155015,133703,1337.03
1874,623.387773623222,134749,1347.49
1875,623.472356303711,136246,1362.46
1876,623.556939196726,138318,1383.18
1877,623.641522302512,135780,1357.8
1878,623.726105621315,131711,1317.11
1879,623.810689153379,132600,1326
1880,623.89527289895,131994,1319.94
1881,623.979856858273,132607,1326.07
1882,624.064441031593,137811,1378.11
1883,624.149025419156,140196,1401.96
1884,624.233610021205,142299,1422.99
1885,624.318194837987,142307,1423.07
1886,624.402779869747,139820,1398.2
1887,624.487365116729,141073,1410.73
1888,624.571950579179,140879,1408.79
1889,624.656536257342,135161,1351.61
1890,624.741122151463,129256,1292.56
1891,624.825708261788,128868,1288.68
1892,624.91029458856,135071,1350.71
1893,624.994881132027,133908,1339.08
1894,625.079467892432,131132,1311.32
1895,625.16405487002,128682,1286.82
1896,625.248642065038,125220,1252.2
1897,625.33322947773,158695,1586.95
1898,625.41781710834,170720,1707.2
1899,625.502404957115,295658,2956.58
1900,625.5869930243,326516,3265.16
1901,625.671581310139,242154,2421.54
1902,625.756169814878,629723,6297.23
1903,625.840758538762,723579,7235.79
1904,625.925347482035,468707,4687.07
1905,626.009936644944,328924,3289.24
1906,626.094526027733,245409,2454.09
1907,626.179115630648,190425,1904.25
1908,626.263705453933,159803,1598.03
1909,626.348295497833,145449,1454.49
1910,626.432885762595,135365,1353.65
1911,626.517476248462,127027,1270.27
1912,626.60206695568,137341,1373.41
1913,626.686657884495,138993,1389.93
1914,626.771249035151,129017,1290.17
1915,626.855840407893,130239,1302.39
1916,626.940432002967,128699,1286.99
1917,627.025023820618,127460,1274.6
1918,627.10961586109,141714,1417.14
1919,627.19420812463,141257,1412.57
1920,627.278800611482,140523,1405.23
1921,627.363393321891,139414,1394.14
1922,627.447986256102,167023,1670.23
1923,627.532579414361,170372,1703.72
1924,627.617172796912,147259,1472.59
1925,627.701766404002,132784,1327.84
1926,627.786360235874,124458,1244.58
1927,627.870954292774,123490,1234.9
1928,627.955548574948,121377,1213.77
1929,628.04014308264,132701,1327.01
1930,628.124737816095,134978,1349.78
1931,628.209332775559,128937,1289.37
1932,628.293927961276,124194,1241.94
1933,628.378523373493,118626,1186.26
1934,628.463119012454,115189,1151.89
1935,628.547714878403,113768,1137.68
1936,628.632310971587,117287,1172.87
1937,628.716907292251,121180,1211.8
1938,628.801503840639,122805,1228.05
1939,628.886100616996,120117,1201.17
1940,628.970697621569,115942,1159.42
1941,629.055294854601,113947,1139.47
1942,629.139892316339,116396,1163.96
1943,629.224490007026,119675,1196.75
1944,629.309087926909,118424,1184.24
1945,629.393686076233,118252,1182.52
1946,629.478284455242,116678,1166.78
1947,629.562883064182,113227,1132.27
1948,629.647481903298,111538,1115.38
1949,629.732080972835,110860,1108.6
1950,629.816680273037,113451,1134.51
1951,629.901279804152,113781,1137.81
1952,629.985879566422,114972,1149.72
1953,630.070479560095,118374,1183.74
1954,630.155079785414,119574,1195.74
1955,630.239680242624,116256,1162.56
1956,630.324280931972,112324,1123.24
1957,630.408881853702,118510,1185.1
1958,630.493483008059,121648,1216.48
1959,630.578084395288,117122,1171.22
1960,630.662686015635,112573,1125.73
1961,630.747287869345,115795,1157.95
1962,630.831889956662,116554,1165.54
1963,630.916492277832,112571,1125.71
1964,631.001094833101,109638,1096.38
1965,631.085697622712,108485,1084.85
1966,631.170300646912,111539,1115.39
1967,631.254903905945,112380,1123.8
1968,631.339507400056,117330,1173.3
1969,631.424111129492,120433,1204.33
1970,631.508715094496,123841,1238.41
1971,631.593319295314,133553,1335.53
1972,631.677923732192,133272,1332.72
1973,631.762528405373,127256,1272.56
1974,631.847133315104,122980,1229.8
1975,631.93173846163,117344,1173.44
1976,632.016343845195,115917,1159.17
1977,632.100949466045,113783,1137.83
1978,632.185555324425,110165,1101.65
1979,632.270161420579,108255,1082.55
1980,632.354767754754,107681,1076.81
1981,632.439374327195,109510,1095.1
1982,632.523981138146,109147,1091.47
1983,632.608588187852,106731,1067.31
1984,632.693195476559,107400,1074
1985,632.777803004512,107263,1072.63
1986,632.862410771956,107186,1071.86
1987,632.947018779136,107506,1075.06
1988,633.031627026297,107345,1073.45
1989,633.116235513685,109662,1096.62
1990,633.200844241544,116382,1163.82
1991,633.28545321012,115906,1159.06
1992,633.370062419658,110706,1107.06
1993,633.454671870403,107899,1078.99
1994,633.539281562599,106044,1060.44
1995,633.623891496493,104804,1048.04
1996,633.708501672329,104133,1041.33
1997,633.793112090353,106909,1069.09
1998,633.877722750809,107357,1073.57
1999,633.962333653943,105588,1055.88
2000,634.0469448,104041,1040.41
2001,634.131556189225,103039,1030.39
2002,634.216167821863,105792,1057.92
2003,634.300779698159,106404,1064.04
2004,634.385391818359,104544,1045.44
2005,634.470004182707,103588,1035.88
2006,634.554616791449,102661,1026.61
2007,634.639229644829,105420,1054.2
2008,634.723842743094,123502,1235.02
2009,634.808456086488,129743,1297.43
2010,634.893069675256,120160,1201.6
2011,634.977683509643,115296,1152.96
2012,635.062297589895,115215,1152.15
2013,635.146911916256,114958,1149.58
2014,635.231526488972,111506,1115.06
2015,635.316141308288,290467,2904.67
2016,635.400756374449,338993,3389.93
2017,635.4853716877,245449,2454.49
2018,635.569987248286,191692,1916.92
2019,635.654603056453,155248,1552.48
2020,635.739219112446,132741,1327.41
2021,635.823835416509,120163,1201.63
2022,635.908451968888,118923,1189.23
2023,635.993068769827,137529,1375.29
2024,636.077685819573,136770,1367.7
2025,636.16230311837,144171,1441.71
2026,636.246920666464,141367,1413.67
2027,636.331538464099,252073,2520.73
2028,636.41615651152,277588,2775.88
2029,636.500774808974,203620,2036.2
2030,636.585393356704,159278,1592.78
2031,636.670012154956,158792,1587.92
2032,636.754631203976,155035,1550.35
2033,636.839250504007,134198,1341.98
2034,636.923870055296,119245,1192.45
2035,637.008489858088,113123,1131.23
2036,637.093109912628,109546,1095.46
2037,637.17773021916,105385,1053.85
2038,637.26235077793,102175,1021.75
2039,637.346971589183,110728,1107.28
2040,637.431592653165,116862,1168.62
2041,637.51621397012,112021,1120.21
2042,637.600835540293,108612,1086.12
2043,637.68545736393,108047,1080.47
2044,637.770079441276,108600,1086
2045,637.854701772576,106214,1062.14
2046,637.939324358074,102415,1024.15
2047,638.023947198017,100343,1003.43
