464.9839,58321
465.068515076491,57644
465.153129906126,57837
465.237744489151,57874
465.322358825812,57930
465.406972916352,57975
465.491586761018,57940
465.576200360054,58200
465.660813713705,58485
465.745426822218,58591
465.830039685836,58513
465.914652304805,58454
465.99926467937,58455
466.083876809776,58471
466.168488696269,58631
466.253100339093,193902
466.337711738494,232422
466.422322894716,161009
466.506933808006,118521
466.591544478607,93877
466.676154906766,79830
466.760765092726,71619
466.845375036735,69985
466.929984739036,69027
467.014594199874,66627
467.099203419495,64606
467.183812398145,63044
467.268421136067,62527
467.353029633508,91521
467.437637890711,101485
467.522245907924,89803
467.60685368539,80275
467.691461223355,72222
467.776068522063,67899
467.860675581761,65262
467.945282402693,68617
468.029888985104,75267
468.11449532924,74149
468.199101435345,72623
468.283707303665,70608
468.368312934445,67133
468.45291832793,68541
468.537523484364,71597
468.622128403994,94226
468.706733087065,104494
468.791337533821,91799
468.875941744507,79441
468.96054571937,72634
469.045149458653,68539
469.129752962602,66239
469.214356231462,64602
469.298959265479,63809
469.383562064897,63682
469.468164629962,63393
469.552766960919,66010
469.637369058012,70279
469.721970921487,69697
469.80657255159,67264
469.891173948565,68631
469.975775112657,67791
470.060376044111,65338
470.144976743173,63938
470.229577210088,66476
470.314177445101,67358
470.398777448457,69035
470.483377220402,92228
470.567976761179,99350
470.652576071035,88103
470.737175150215,78553
470.821773998963,72208
470.906372617525,71500
470.990971006146,69889
471.075569165072,100123
471.160167094546,108210
471.244764794815,93341
471.329362266123,82790
471.413959508717,77648
471.498556522839,80533
471.583153308737,80998
471.667749866655,77607
471.752346196838,76429
471.836942299532,76358
471.921538174981,79991
472.00613382343,77794
472.090729245126,71531
472.175324440312,67479
472.259919409234,68456
472.344514152137,67981
472.429108669267,65199
472.513702960868,64878
472.598297027185,66852
472.682890868465,66734
472.767484484951,64930
472.852077876889,63705
472.936671044524,66367
473.021263988101,67223
473.105856707865,65678
473.190449204062,70606
473.275041476937,86223
473.359633526735,92711
473.4442253537,84227
473.528816958078,78068
473.613408340115,76762
473.697999500055,73010
473.782590438143,68641
473.867181154625,66532
473.951771649745,69149
474.03636192375,69168
474.120951976883,66933
474.20554180939,65805
474.290131421517,64705
474.374720813508,67820
474.459309985608,68127
474.543898938063,65677
474.628487671118,64415
474.713076185018,63982
474.797664480008,67392
474.882252556332,97985
474.966840414238,107208
475.051428053968,124793
475.13601547577,122376
475.220602679887,97384
475.305189666564,82448
475.389776436048,73946
475.474362988583,69247
475.558949324414,66232
475.643535443787,64873
475.728121346946,64235
475.812707034136,63503
475.897292505604,86688
475.981877761593,97515
476.066462802349,89157
476.151047628118,82882
476.235632239144,75934
476.320216635672,69785
476.404800817948,69959
476.489384786216,69442
476.573968540723,71403
476.658552081712,91042
476.74313540943,93664
476.827718524121,81613
476.91230142603,73765
476.996884115403,71937
477.081466592484,70419
477.166048857519,67155
477.250630910753,68595
477.335212752432,68370
477.419794382799,66043
477.504375802101,68087
477.588957010582,68651
477.673538008487,66474
477.758118796063,108597
477.842699373553,119993
477.927279741204,95915
478.011859899259,81452
478.096439847965,73163
478.181019587566,68988
478.265599118308,66908
478.350178440435,65014
478.434757554193,64279
478.519336459827,76251
478.603915157582,78925
478.688493647704,71525
478.773071930436,128666
478.857650006026,143586
478.942227874716,110431
479.026805536754,102225
479.111382992383,95841
479.19596024185,86172
479.280537285398,77976
479.365114123274,71103
479.449690755722,67016
479.534267182988,64532
479.618843405317,63235
479.703419422953,65963
479.787995236142,70746
479.87257084513,70093
479.95714625016,67279
480.041721451479,65509
480.126296449331,64738
480.210871243962,67254
480.295445835617,67763
480.380020224541,68845
480.464594410979,68389
480.549168395175,69250
480.633742177377,68960
480.718315757827,66116
480.802889136772,64545
480.887462314457,63706
480.972035291127,63128
481.056608067026,66729
481.141180642401,79869
481.225753017496,80942
481.310325192556,72804
481.394897167827,70997
481.479468943554,69697
481.564040519981,67075
481.648611897354,65285
481.733183075918,63825
481.817754055918,66608
481.9023248376,66941
481.986895421208,67494
482.071465806988,101918
482.156035995184,109633
482.240605986042,92864
482.325175779807,82041
482.409745376725,73861
482.494314777039,68734
482.578883980996,65848
482.663452988841,64450
482.748021800818,63378
482.832590417173,63090
482.91715883815,66657
483.001727063996,70620
483.086295094955,69491
483.170862931273,66732
483.255430573193,65754
483.339998020963,68330
483.424565274826,68847
483.509132335028,66638
483.593699201814,65274
483.678265875429,67625
483.762832356118,67710
483.847398644127,65384
483.9319647397,67210
484.016530643083,78700
484.101096354521,80240
484.185661874258,73691
484.270227202541,69122
484.354792339614,66339
484.439357285722,65322
484.523922041111,67923
484.608486606025,71033
484.69305098071,69424
484.777615165411,68219
484.862179160373,70242
484.946742965841,68942
485.03130658206,68735
485.115870009276,71637
485.200433247733,70534
485.284996297677,67481
485.369559159353,90860
485.454121833005,99992
485.53868431888,86549
485.623246617222,77357
485.707808728276,71678
485.792370652288,67203
485.876932389502,67850
485.961493940164,67531
486.046055304519,65174
486.130616482813,64751
486.215177475289,64873
486.299738282193,70993
486.384298903771,72669
486.468859340268,68487
486.553419591928,65615
486.637979658997,64508
486.722539541719,63801
486.807099240341,65951
486.891658755108,66449
486.976218086263,64666
487.060777234053,63732
487.145336198723,62862
487.229894980517,62418
487.314453579682,63089
487.399011996461,63313
487.483570231101,62929
487.568128283845,62620
487.652686154941,61960
487.737243844632,62270
487.821801353163,66766
487.906358680781,67597
487.990915827729,65315
488.075472794253,64033
488.160029580599,68216
488.244586187011,69034
488.329142613735,66760
488.413698861015,71782
488.498254929097,72390
488.582810818225,71943
488.667366528646,71694
488.751922060605,68309
488.836477414345,66543
488.921032590113,65986
489.005587588153,66665
489.090142408711,94712
489.174697052032,104453
489.259251518361,92253
489.343805807943,81550
489.428359921024,73083
489.512913857847,68368
489.597467618659,66251
489.682021203705,76901
489.76657461323,79444
489.851127847479,72002
489.935680906696,69221
490.020233791128,67517
490.104786501019,65323
490.189339036615,67532
490.27389139816,67761
490.3584435859,65248
490.44299560008,63839
490.527547440945,63156
490.612099108739,62328
490.69665060371,62023
490.7812019261,62172
490.865753076156,65682
490.950304054123,66702
491.034854860246,65263
491.119405494769,64402
491.203955957939,63693
491.288506249999,63408
491.373056371197,62896
491.457606321775,66411
491.54215610198,68376
491.626705712057,66275
491.711255152251,64489
491.795804422807,63468
491.88035352397,62845
491.964902455985,63229
492.049451219098,66891
492.133999813553,67161
492.218548239596,64958
492.303096497471,66933
492.387644587425,69381
492.472192509702,71252
492.556740264546,77943
492.641287852205,76706
492.725835272921,70078
492.810382526942,67155
492.894929614511,76044
492.979476535874,77866
493.064023291276,71469
493.148569880962,70000
493.233116305178,68350
493.317662564167,65654
493.402208658177,65109
493.486754587451,64271
493.571300352235,63264
493.655845952774,62646
493.740391389313,65923
493.824936662097,66785
493.909481771372,67422
493.994026717382,66823
494.078571500372,64633
494.163116120589,63954
494.247660578276,63831
494.33220487368,89617
494.416749007044,97027
494.501292978615,83106
494.585836788637,74551
494.670380437356,69466
494.754923925017,67154
494.839467251864,69070
494.924010418144,68431
495.0085534241,65769
495.093096269979,79686
495.177638956025,83139
495.262181482484,77750
495.3467238496,76309
495.431266057619,71846
495.515808106786,71136
495.600349997346,70061
495.684891729544,66815
495.769433303626,66523
495.853974719836,65728
495.938515978419,63971
496.023057079622,63359
496.107598023688,63106
496.192138810863,66036
496.276679441392,66517
496.361219915521,66114
496.445760233493,96452
496.530300395556,104033
496.614840401953,86857
496.69938025293,81908
496.783919948731,77645
496.868459489603,74953
496.95299887579,72053
497.037538107538,75284
497.12207718509,74905
497.206616108694,73100
497.291154878593,71006
497.375693495033,67584
497.460231958259,65393
497.544770268516,64364
497.629308426049,63990
497.713846431104,63392
497.798384283926,66007
497.882921984759,66660
497.967459533848,65008
498.05199693144,67509
498.136534177779,71558
498.22107127311,70528
498.305608217678,67241
498.390145011729,65345
498.474681655507,64280
498.559218149259,63736
498.643754493228,63782
498.72829068766,63272
498.8128267328,62520
498.897362628894,62588
498.981898376185,62862
499.066433974921,63274
499.150969425345,67013
499.235504727703,82424
499.32003988224,84215
499.404574889201,78006
499.489109748831,74264
499.573644461376,69876
499.65817902708,66823
499.742713446188,65398
499.827247718947,64748
499.9117818456,64126
499.996315826393,63223
500.080849661572,62896
500.165383351381,63099
500.249916896065,63169
500.33445029587,63376
500.41898355104,81462
500.503516661822,86467
500.588049628459,76311
500.672582451197,70754
500.757115130282,67513
500.841647665958,65751
500.92618005847,64450
501.010712308064,88801
501.095244414985,98585
501.179776379478,89130
501.264308201788,80070
501.34883988216,76167
501.433371420839,72676
501.517902818071,68174
501.6024340741,69544
501.686965189172,71355
501.771496163532,68968
501.856026997425,65802
501.940557691096,64058
502.02508824479,63110
502.109618658753,66561
502.194148933229,67175
502.278679068464,64847
502.363209064702,64058
502.44773892219,63382
502.532268641171,66380
502.616798221892,67464
502.701327664597,66132
502.785856969531,64808
502.87038613694,67013
502.954915167069,70610
503.039444060163,69290
503.123972816466,66293
503.208501436225,68326
503.293029919684,69013
503.377558267088,70324
503.462086478683,73428
503.546614554714,75750
503.631142495425,73019
503.715670301062,68446
503.800197971871,65519
503.884725508095,64023
503.969252909981,66245
504.053780177773,70230
504.138307311717,69863
504.222834312058,70359
504.307361179041,69837
504.39188791291,70475
504.476414513912,71271
504.560940982291,84801
504.645467318292,86699
504.729993522161,76400
504.814519594143,73098
504.899045534482,73116
504.983571343424,75026
505.068097021215,76131
505.152622568098,75763
505.23714798432,86151
505.321673270126,85548
505.40619842576,76157
505.490723451468,70535
505.575248347494,70149
505.659773114085,68644
505.744297751485,93538
505.828822259939,103334
505.913346639693,88519
505.997870890991,77685
506.082395014079,71196
506.166919009201,67506
506.251442876604,65274
506.335966616531,67010
506.420490229229,67432
506.505013714942,65960
506.589537073916,65189
506.674060306396,67621
506.758583412626,68547
506.843106392852,66526
506.927629247319,65267
507.012151976272,64380
507.096674579957,66980
507.181197058618,68402
507.2657194125,66614
507.350241641849,93396
507.43476374691,103869
507.519285727928,89042
507.603807585148,77976
507.688329318816,72012
507.772850929175,71507
507.857372416473,73661
507.941893780953,71678
508.02641502286,68217
508.110936142441,66076
508.195457139939,67676
508.279978015601,67752
508.364498769671,66353
508.449019402395,65059
508.533539914017,64129
508.618060304783,66783
508.702580574937,67216
508.787100724726,65480
508.871620754394,66103
508.956140664186,80540
509.040660454347,87825
509.125180125123,94750
509.209699676758,91479
509.294219109499,98210
509.378738423589,96054
509.463257619274,85262
509.5477766968,78050
509.632295656411,71534
509.716814498352,68000
509.801333222869,65800
509.885851830207,64521
509.97037032061,64199
510.054888694324,63540
510.139406951595,67082
510.223925092667,68128
510.308443117785,66004
510.392961027195,65274
510.477478821141,68005
510.56199649987,71410
510.646514063625,74006
510.731031512652,75948
510.815548847197,73260
510.900066067503,69748
510.984583173818,67096
511.069100166384,68440
511.153617045449,68386
511.238133811256,69459
511.322650464052,69385
511.407167004081,67095
511.491683431587,72668
511.576199746818,73591
511.660715950017,72685
511.745232041429,71447
511.829748021301,68181
511.914263889876,66256
511.9987796474,66450
512.083295294119,65916
512.167810830277,65202
512.252326256119,67188
512.336841571891,70265
512.421356777838,84140
512.505871874205,85927
512.590386861236,80344
512.674901739178,75823
512.759416508275,71182
512.843931168773,68149
512.928445720916,69596
513.01296016495,72800
513.097474501119,71258
513.18198872967,68497
513.266502850847,66990
513.351016864895,69601
513.435530772059,70487
513.520044572585,67971
513.604558266717,66258
513.689071854701,72067
513.773585336782,75713
513.858098713206,76627
513.942611984216,77589
514.027125150058,80555
514.111638210978,81813
514.196151167221,77326
514.280664019031,72138
514.365176766654,69307
514.449689410336,70328
514.53420195032,73251
514.618714386852,72100
514.703226720178,69064
514.787738950542,67048
514.87225107819,65806
514.956763103367,65126
515.041275026318,64876
515.125786847287,72487
515.210298566521,74452
515.294810184265,70111
515.379321700762,67863
515.463833116259,67124
515.548344431001,66268
515.632855645233,69117
515.7173667592,69804
515.801877773147,69386
515.886388687319,71743
515.970899501962,70994
516.05541021732,68391
516.139920833639,66914
516.224431351163,66179
516.308941770138,66116
516.39345209081,65937
516.477962313423,65402
516.562472438222,68205
516.646982465452,72487
516.731492395359,76965
516.816002228188,76496
516.900511964184,72409
516.985021603591,75944
517.069531146656,82672
517.154040593623,89914
517.238549944738,86748
517.323059200245,81216
517.40756836039,77227
517.492077425417,72813
517.576586395573,69912
517.661095271101,95595
517.745604052248,102137
517.830112739258,86743
517.914621332376,84952
517.999129831848,82255
518.083638237919,76304
518.168146550834,72315
518.252654770838,69721
518.337162898176,68650
518.421670933093,67601
518.506178875835,66863
518.590686726646,66409
518.675194485772,67058
518.759702153457,70516
518.844209729948,71242
518.928717215489,69096
519.013224610325,70956
519.097731914701,72202
519.182239128863,70833
519.266746253055,69685
519.351253287523,68610
519.435760232512,68026
519.520267088267,68017
519.604773855033,67751
519.689280533056,67595
519.77378712258,67667
519.85829362385,67639
519.942800037113,71205
520.027306362612,72202
520.111812600593,70096
520.196318751301,68610
520.280824814981,67992
520.365330791879,67747
520.449836682239,67954
520.534342486307,68570
520.618848204327,68478
520.703353836546,71110
520.787859383207,71766
520.872364844557,76081
520.95687022084,94911
521.041375512301,96656
521.125880719186,84790
521.21038584174,77752
521.294890880208,86536
521.379395834834,87648
521.463900705865,82770
521.548405493545,79281
521.632910198119,75192
521.717414819833,72804
521.801919358931,71149
521.88642381566,70357
521.970928190263,73465
522.055432482986,196276
522.139936694074,228543
522.224440823773,165030
522.308944872327,127099
522.393448839982,103609
522.477952726982,92937
522.562456533574,102170
522.646960260001,100142
522.731463906509,91863
522.815967473344,88981
522.90047096075,83168
522.984974368973,77866
523.069477698257,74973
523.153980948848,73435
523.238484120991,72491
523.322987214931,72235
523.407490230914,75430
523.491993169183,80137
523.576496029985,113038
523.660998813565,119195
523.745501520167,127373
523.830004150038,123847
523.914506703421,102631
523.999009180562,90264
524.083511581707,82862
524.1680139071,78691
524.252516156987,76234
524.337018331612,74701
524.421520431221,77125
524.506022456059,78129
524.590524406371,76482
524.675026282403,95157
524.759528084398,100811
524.844029812603,89885
524.928531467263,83180
525.013033048623,96304
525.097534556927,99498
525.182035992421,89678
525.266537355351,83804
525.351038645961,80809
525.435539864496,82682
525.520041011202,82540
525.604542086324,80419
525.689043090106,87153
525.773544022794,88283
525.858044884634,87908
525.942545675869,86739
526.027046396746,82782
526.11154704751,80755
526.196047628405,79930
526.280548139677,83166
526.36504858157,83758
526.449548954331,81447
526.534049258204,81020
526.618549493434,84109
526.703049660267,84648
526.787549758947,83024
526.87204978972,84732
526.956549752831,85582
527.041049648525,84264
527.125549477046,82721
527.210049238641,99446
527.294548933555,106267
527.379048562032,97579
527.463548124317,91211
527.548047620657,88653
527.632547051295,86990
527.717046416477,85943
527.801545716449,91596
527.886044951455,93238
527.97054412174,97796
528.05504322755,97734
528.139542269129,92646
528.224041246724,91427
528.308540160578,92796
528.393039010938,91964
528.477537798047,89495
528.562036522152,90812
528.646535183498,94126
528.731033782329,96229
528.815532318891,94320
528.900030793429,91559
528.984529206188,90318
529.069027557414,89760
529.15352584735,89255
529.238024076243,89017
529.322522244338,89034
529.407020351879,89162
529.491518399112,89560
529.576016386283,90140
529.660514313635,90291
529.745012181415,90225
529.829509989866,90025
529.914007739236,90285
529.998505429768,94351
530.083003061708,95731
530.167500635301,94303
530.251998150792,93573
530.336495608426,93939
530.420993008449,97142
530.505490351105,101112
530.589987636639,103446
530.674484865298,104511
530.758982037325,102405
530.843479152966,99636
530.927976212466,97706
531.012473216071,97001
531.096970164025,145049
531.181467056574,161523
531.265963893962,136625
531.350460676435,119793
531.434957404238,110766
531.519454077616,105954
531.603950696814,105253
531.688447262078,104773
531.772943773652,102887
531.857440231782,101206
531.941936636713,99781
532.026432988689,101938
532.110929287956,102198
532.19542553476,102669
532.279921729345,101142
532.364417871956,97136
532.448913962839,93598
532.533410002239,90567
532.6179059904,88225
532.702401927568,85654
532.786897813989,83185
532.871393649906,87851
532.955889435567,91298
533.040385171214,87314
533.124880857094,109622
533.209376493452,113220
533.293872080533,95620
533.378367618582,84341
533.462863107844,99271
533.547358548564,101171
533.631853940988,89672
533.71634928536,81859
533.800844581926,85176
533.885339830931,83245
533.96983503262,75162
534.054330187238,69871
534.13882529503,69665
534.223320356242,68703
534.307815371118,66258
534.392310339903,65036
534.476805262844,64225
534.561300140184,63853
534.64579497217,69835
534.730289759045,71099
534.814784501056,70746
534.899279198448,70328
534.983773851465,67583
535.068268460352,68772
535.152763025356,78002
535.23725754672,96144
535.321752024691,95682
535.406246459513,82689
535.490740851431,74050
535.575235200691,69085
535.659729507538,66225
535.744223772216,458117
535.828717994971,569430
535.913212176048,357275
535.997706315693,231152
536.08220041415,168482
536.166694471664,130253
536.251188488481,101836
536.335682464845,85006
536.420176401003,76008
536.504670297198,70752
536.589164153677,67218
536.673657970684,65183
536.758151748464,65285
536.842645487263,64715
536.927139187325,63603
537.011632848896,66630
537.096126472221,68019
537.180620057546,70448
537.265113605114,73208
537.349607115172,70866
537.434100587964,68587
537.518594023736,66793
537.603087422733,65347
537.687580785199,64868
537.772074111381,67391
537.856567401522,78120
537.941060655869,90151
538.025553874667,86533
538.11004705816,77829
538.194540206593,74555
538.279033320213,76136
538.363526399263,83142
538.44801944399,94424
538.532512454637,106694
538.617005431451,119796
538.701498374677,127545
538.785991284559,128490
538.870484161343,124958
538.954977005273,121473
539.039469816596,114826
539.123962595556,106590
539.208455342398,106754
539.292948057368,106849
539.37744074071,100994
539.46193339267,98798
539.546426013493,98500
539.630918603424,100603
539.715411162708,97745
539.79990369159,93697
539.884396190315,89811
539.968888659129,109413
540.053381098277,117888
540.137873508003,103091
540.222365888553,89633
540.306858240173,81066
540.391350563106,75131
540.475842857599,77362
540.560335123896,76567
540.644827362243,74605
540.729319572884,75815
540.813811756066,73173
540.898303912032,69100
540.982796041028,66439
541.0672881433,64727
541.151780219092,64261
541.23627226865,63757
541.320764292218,63205
541.405256290042,63491
541.489748262367,66172
541.574240209438,70938
541.6587321315,70421
541.743224028798,70618
541.827715901578,69788
541.912207750085,66668
541.996699574563,65279
542.081191375258,64640
542.165683152415,67664
542.250174906279,68374
542.334666637096,66009
542.41915834511,64661
542.503650030566,84893
542.58814169371,93540
542.672633334787,89809
542.757124954042,83550
542.841616551719,75596
542.926108128065,73990
543.010599683325,72414
543.095091217743,70094
543.179582731564,95094
543.264074225034,102573
543.348565698398,90053
543.433057151901,84428
543.517548585789,84163
543.602040000305,93869
543.686531395696,104974
543.771022772206,110355
543.855514130081,118775
543.940005469566,129610
544.024496790906,135912
544.108988094346,147221
544.193479380131,157160
544.277970648506,159694
544.362461899717,161778
544.446953134009,168772
544.531444351626,173715
544.615935552814,177872
544.700426737818,182615
544.784917906884,185761
544.869409060255,191713
544.953900198178,195744
545.038391320898,197014
545.122882428659,198268
545.207373521708,199575
545.291864600288,201460
545.376355664645,203598
545.460846715024,236207
545.545337751671,246426
545.62982877483,231513
545.714319784747,225899
545.798810781666,225117
545.883301765834,222292
545.967792737495,221031
546.052283696893,219223
546.136774644275,219102
546.221265579886,217599
546.30575650397,214467
546.390247416772,212167
546.474738318539,210384
546.559229209514,209985
546.643720089944,210075
546.728210960073,210434
546.812701820146,213661
546.897192670409,219621
546.981683511106,220965
547.066174342483,219494
547.150665164785,220619
547.235155978257,224150
547.319646783145,224406
547.404137579692,223192
547.488628368145,222401
547.573119148749,221632
547.657609921748,222070
547.742100687388,225792
547.826591445914,227698
547.911082197572,226766
547.995572942605,225903
548.08006368126,224886
548.164554413782,224229
548.249045140415,224196
548.333535861404,224764
548.418026576996,241082
548.502517287435,245713
548.587007992966,238210
548.671498693834,234396
548.755989390285,238022
548.840480082563,241838
548.924970770915,238993
549.009461455584,236125
549.093952136815,237844
549.178442814856,237541
549.262933489949,235399
549.347424162341,241966
549.431914832276,243699
549.5164055,239346
549.600896165758,238590
549.685386829794,238350
549.769877492355,237018
549.854368153685,236696
549.938858814029,253846
550.023349473633,261185
550.107840132742,256451
550.1923307916,250637
550.276821450453,244971
550.361312109546,242298
550.445802769124,244590
550.530293429432,245525
550.614784090716,243474
550.69927475322,242271
550.78376541719,242054
550.868256082871,242173
550.952746750508,243009
551.037237420346,246463
551.12172809263,247980
551.206218767606,246924
551.290709445518,246157
551.375200126611,245628
551.459690811131,248655
551.544181499323,249608
551.628672191433,248228
551.713162887704,247350
551.797653588383,246609
551.882144293714,246390
551.966635003943,246722
552.051125719314,250452
552.135616440073,257249
552.220107166465,257309
552.304597898735,256380
552.389088637129,255662
552.473579381891,273744
552.558070133266,278234
552.6425608915,267368
552.727051656838,261185
552.811542429524,281531
552.896033209805,285721
552.980523997925,275357
553.065014794129,268533
553.149505598662,262641
553.23399641177,259407
553.318487233698,260868
553.402978064691,273704
553.487468904993,285312
553.571959754851,279887
553.656450614509,269282
553.740941484213,263385
553.825432364206,266474
553.909923254736,266292
553.994414156046,267913
554.078905068382,267208
554.16339599199,262936
554.247886927113,260970
554.332377873998,281496
554.416868832889,286509
554.501359804032,274605
554.585850787671,268318
554.670341784053,264669
554.754832793421,262886
554.839323816021,261904
554.923814852099,261283
555.008305901899,261988
555.092796965667,269224
555.177288043647,270676
555.261779136085,292786
555.346270243226,298564
555.430761365315,287294
555.515252502597,282273
555.599743655318,277287
555.684234823722,272351
555.768726008055,273240
555.853217208561,275516
555.937708425486,273330
556.022199659075,292727
556.106690909574,297476
556.191182177226,287898
556.275673462278,280835
556.360164764975,277805
556.444656085561,280079
556.529147424282,277909
556.613638781383,274631
556.698130157109,272914
556.782621551706,274806
556.867112965417,275202
556.951604398489,278366
557.036095851167,285225
557.120587323695,283564
557.20507881632,278055
557.289570329285,274850
557.374061862836,276369
557.458553417219,277174
557.543044992678,278208
557.627536589459,278127
557.712028207806,279492
557.796519847966,279069
557.881011510182,282208
557.9655031947,285552
558.049994901765,282055
558.134486631623,277000
558.218978384519,274160
558.303470160697,276129
558.387961960402,276094
558.472453783881,276062
558.556945631378,276876
558.641437503137,303903
558.725929399405,320327
558.810421320427,307809
558.894913266447,293881
558.97940523771,286166
559.063897234463,284408
559.14838925695,286049
559.232881305415,283963
559.317373380105,280536
559.401865481264,282355
559.486357609138,282481
559.570849763971,279947
559.65534194601,279503
559.739834155498,283000
559.824326392681,283655
559.908818657804,285032
559.993310951113,284768
560.077803272852,282221
560.162295623266,280852
560.246788002602,279921
560.331280411103,282614
560.415772849015,286676
560.500265316583,289442
560.584757814052,293977
560.669250341668,292119
560.753742899676,286564
560.83823548832,287115
560.922728107845,286868
561.007220758498,284889
561.091713440523,284419
561.176206154165,284090
561.260698899669,284389
561.345191677281,284287
561.429684487245,284041
561.514177329807,284653
561.598670205212,285204
561.683163113705,286523
561.767656055531,286778
561.852149030935,289761
561.936642040163,294298
562.021135083459,293246
562.105628161069,290455
562.190121273237,292606
562.27461442021,292471
562.359107602232,300343
562.443600819547,301288
562.528094072403,297580
562.612587361042,302840
562.697080685712,304075
562.781574046656,300936
562.866067444119,313826
562.950560878348,314143
563.035054349587,301825
563.119547858082,298167
563.204041404076,296100
563.288534987816,293399
563.373028609547,291190
563.457522269514,289773
563.542015967961,288870
563.626509705135,291402
563.71100348128,295770
563.795497296641,295030
563.879991151464,292252
563.964485045993,290579
564.048978980475,290249
564.133472955153,291235
564.217966970273,291569
564.30246102608,294257
564.386955122819,298090
564.471449260736,299802
564.555943440075,297877
564.640437661083,295244
564.724931924002,362453
564.80942622908,383724
564.893920576561,347029
564.97841496669,326387
565.062909399713,313884
565.147403875874,314638
565.231898395419,311729
565.316392958592,302589
565.400887565639,297095
565.485382216806,294072
565.569876912336,292429
565.654371652476,291994
565.73886643747,294939
565.823361267564,296558
565.907856143003,315085
565.992351064031,320060
566.076846030894,310065
566.161341043838,304314
566.245836103106,300923
566.330331208945,299378
566.4148263616,298956
566.499321561315,301913
566.583816808336,302884
566.668312102908,304539
566.752807445276,304023
566.837302835685,303175
566.92179827438,304296
567.006293761607,303936
567.090789297611,302588
567.175284882636,307204
567.259780516928,308604
567.344276200732,305094
567.428771934293,303016
567.513267717856,304991
567.597763551667,304754
567.68225943597,302596
567.766755371011,321122
567.851251357034,325617
567.935747394286,314207
568.020243483011,313926
568.104739623454,311905
568.18923581586,328045
568.273732060474,330802
568.358228357543,317466
568.442724707309,309651
568.52722111002,304923
568.61171756592,302011
568.696214075254,300824
568.780710638267,299791
568.865207255205,299480
568.949703926312,300318
569.034200651834,303686
569.118697432015,304422
569.203194267102,302489
569.287691157338,304443
569.37218810297,310083
569.456685104242,319432
569.5411821614,318985
569.625679274688,312000
569.710176444352,310669
569.794673670637,308277
569.879170953788,304380
569.96366829405,305236
570.048165691668,311675
570.132663146887,311519
570.217160659954,314118
570.301658231112,313886
570.386155860606,309139
570.470653548683,306537
570.555151295587,305222
570.639649101562,304845
570.724146966856,304856
570.808644891712,307773
570.893142876375,312839
570.977640921091,314025
571.062139026105,314200
571.146637191662,330623
571.231135418007,332626
571.315633705386,321428
571.400132054043,317817
571.484630464223,317627
571.569128936172,313882
571.653627470135,308797
571.738126066357,312312
571.822624725083,315682
571.907123446559,311694
571.991622231028,313113
572.076121078737,317686
572.160619989931,314636
572.245118964855,311339
572.329618003753,307878
572.414117106872,307226
572.498616274455,311090
572.583115506749,308279
572.667614803999,301714
572.752114166448,297696
572.836613594344,296348
572.921113087931,296265
573.005612647453,295571
573.090112273157,295133
573.174611965286,298694
573.259111724088,305517
573.343611549805,312633
573.428111442685,335206
573.512611402971,338274
573.597111430909,364348
573.681611526744,367654
573.766111690721,348836
573.850611923086,333002
573.935112224083,317392
574.019612593957,308941
574.104113032955,305353
574.18861354132,306317
574.273114119298,305914
574.357614767134,306012
574.442115485074,305051
574.526616273362,348354
574.611117132243,359364
574.695618061963,349094
574.780119062767,340958
574.8646201349,324611
574.949121278607,316151
575.033622494133,312858
575.118123781723,310850
575.202625141623,306310
575.287126574078,301165
575.371628079332,298442
575.456129657631,297297
575.54063130922,296728
575.625133034344,299789
575.709634833249,305716
575.794136706179,304548
575.878638653379,299886
575.963140675095,296814
576.047642771572,295053
576.132144943055,294325
576.216647189789,298539
576.301149512019,299902
576.38565190999,297565
576.470154383948,296010
576.554656934138,295603
576.639159560804,299074
576.723662264192,300331
576.808165044547,328435
576.892667902114,337712
576.977170837139,320673
577.061673849866,308223
577.146176940541,301500
577.230680109408,298137
577.315183356713,296434
577.399686682701,297891
577.484190087617,319939
577.568693571706,323160
577.653197135214,308850
577.737700778385,303957
577.822204501465,300198
577.906708304698,294865
577.991212188331,323529
578.075716152607,330541
578.160220197773,316197
578.244724324073,306442
578.329228531752,304817
578.413732821056,305114
578.49823719223,299196
578.582741645518,293319
578.667246181166,292406
578.75175079942,291120
578.836255500524,291899
578.920760284723,299138
579.005265152262,298367
579.089770103388,292866
579.174275138344,289349
579.258780257375,286638
579.343285460728,285441
579.427790748647,284826
579.512296121378,283697
579.596801579165,282997
579.681307122253,283713
579.765812750888,283860
579.850318465315,283164
579.934824265779,282676
580.019330152525,282230
580.103836125799,299972
580.188342185844,304493
580.272848332908,297164
580.357354567233,291984
580.441860889067,287268
580.526367298654,284254
580.610873796238,288480
580.695380382066,288707
580.779887056382,284503
580.864393819432,285714
580.94890067146,285436
581.033407612712,281679
581.117914643433,279461
581.202421763867,278700
581.286928974261,278338
581.371436274859,280683
581.455943665907,280730
581.540451147649,281625
581.62495872033,280430
581.709466384197,277030
581.793974139493,275399
581.878481986465,280978
581.962989925357,281801
582.047497956414,284349
582.132006079881,286470
582.216514296004,282293
582.301022605028,277676
582.385531007198,284502
582.470039502758,285717
582.554548091955,279879
582.639056775033,276648
582.723565552238,274250
582.808074423814,272991
582.892583390007,272577
582.977092451061,278721
583.061601607223,280093
583.146110858736,277311
583.230620205847,277090
583.3151296488,274971
583.399639187841,275392
583.484148823214,274750
583.568658555165,272450
583.653168383939,271050
583.73767830978,276261
583.822188332935,277069
583.906698453649,275467
583.991208672165,273661
584.075718988731,270638
584.16022940359,271815
584.244739916987,271186
584.329250529169,268365
584.41376124038,266349
584.498272050865,265411
584.58278296087,265502
584.667293970638,274157
584.751805080417,282663
584.83631629045,279526
584.920827600983,273182
585.005339012262,269237
585.08985052453,270054
585.174362138034,272457
585.258873853018,273436
585.343385669727,270565
585.427897588408,267009
585.512409609304,264572
585.596921732661,262938
585.681433958724,264412
585.765946287739,264300
585.85045871995,266027
585.934971255602,269793
586.019483894941,275378
586.103996638212,276995
586.18850948566,271839
586.27302243753,267514
586.357535494067,264514
586.442048655516,284787
586.526561922122,308925
586.611075294132,301031
586.695588771789,283090
586.780102355339,272471
586.864616045027,269126
586.949129841097,265582
587.033643743797,261191
587.118157753369,258919
587.20267187006,257745
587.287186094115,256779
587.371700425779,256599
587.456214865296,255892
587.540729412912,255450
587.625244068873,255572
587.709758833423,258210
587.794273706808,258776
587.878788689272,257390
587.963303781061,255528
588.047818982419,254668
588.132334293593,257272
588.216849714827,260917
588.301365246366,259446
588.385880888455,256357
588.47039664134,254280
588.554912505266,252870
588.639428480477,255739
588.72394456722,261130
588.808460765738,266876
588.892977076278,264582
588.977493499084,258353
589.062010034401,253876
589.146526682475,251118
589.231043443551,249687
589.315560317874,248464
589.400077305689,248003
589.48459440724,247816
589.569111622774,250426
589.653628952536,256107
589.73814639677,256192
589.822663955722,252872
589.907181629636,335041
589.991699418759,363353
590.076217323334,325994
590.160735343608,297675
590.245253479825,276156
590.329771732231,263418
590.41429010107,286028
590.498808586588,289606
590.58332718903,270866
590.667845908641,262057
590.752364745666,256392
590.83688370035,251400
590.921402772939,251425
591.005921963678,256798
591.090441272811,255500
591.174960700584,253042
591.259480247241,253348
591.343999913029,253825
591.428519698192,251405
591.513039602976,247613
591.597559627625,245493
591.682079772385,244456
591.7666000375,243007
591.851120423216,242753
591.935640929779,242862
592.020161557432,244108
592.104682306422,244340
592.189203176993,242997
592.273724169391,242057
592.35824528386,241152
592.442766520647,240426
592.527287879995,244041
592.611809362151,245747
592.696330967358,270407
592.780852695863,276089
592.865374547911,261015
592.949896523746,252186
593.034418623614,247080
593.11894084776,278408
593.203463196429,286258
593.287985669866,266805
593.372508268317,254541
593.457030992026,247909
593.541553841238,244196
593.626076816199,242472
593.710599917154,240761
593.795123144348,239238
593.879646498027,238334
593.964169978434,244353
594.048693585816,246235
594.133217320417,242170
594.217741182483,242419
594.302265172259,241521
594.38678928999,242111
594.47131353592,241294
594.555837910296,241494
594.640362413363,240507
594.724887045364,258229
594.809411806547,262526
594.893936697155,250823
594.978461717434,249765
595.062986867629,247408
595.147512147985,242151
595.232037558747,245811
595.316563100161,251997
595.401088772471,249400
595.485614575923,243364
595.570140510762,239413
595.654666577233,236923
595.73919277558,238509
595.82371910605,239874
595.908245568888,238590
595.992772164338,243094
596.077298892645,250725
596.161825754055,247793
596.246352748813,241361
596.330879877164,237847
596.415407139353,249484
596.499934535626,252079
596.584462066227,244805
596.668989731401,243094
596.753517531394,243994
596.838045466451,244012
596.922573536817,240463
597.007101742737,236462
597.091630084456,263266
597.17615856222,284322
597.260687176273,273253
597.345215926861,259068
597.429744814228,255644
597.51427383862,248608
597.598803000283,239687
597.68333229946,241382
597.767861736398,240139
597.852391311341,241364
597.936921024535,240330
598.021450876224,238742
598.105980866655,240261
598.190510996071,237678
598.275041264718,237057
598.359571672842,238490
598.444102220687,240491
598.528632908498,238061
598.613163736522,236411
598.697694705001,242203
598.782225814183,243562
598.866757064312,241126
598.951288455633,237205
599.035819988391,235821
599.120351662832,237557
599.2048834792,235366
599.289415437741,231530
599.3739475387,229643
599.458479782322,232114
599.543012168852,235776
599.627544698535,237350
599.712077371617,234423
599.796610188342,230843
599.881143148956,232505
599.965676253703,235537
600.05020950283,233645
600.13474289658,229900
600.2192764352,227909
600.303810118934,229990
600.388343948028,229911
600.472877922726,227481
600.557412043273,229221
600.641946309916,229188
600.726480722899,227302
600.811015282466,225780
600.895549988864,224720
600.980084842338,223547
601.064619843132,225589
601.149154991491,226612
601.233690287662,229091
601.318225731888,229184
601.402761324415,226723
601.487297065489,228331
601.571832955354,228620
601.656368994255,229957
601.740905182438,229014
601.825441520148,225850
601.90997800763,228454
601.994514645128,231988
602.079051432889,232542
602.163588371157,230261
602.248125460177,229707
602.332662700195,228558
602.417200091456,229190
602.501737634204,228044
602.586275328686,224965
602.670813175145,223039
602.755351173828,231930
602.839889324979,234378
602.924427628843,232066
603.008966085667,232295
603.093504695693,229290
603.178043459169,225333
603.262582376339,227200
603.347121447448,229441
603.431660672741,228404
603.516200052464,225657
603.600739586861,223065
603.685279276178,221692
603.769819120659,221917
603.854359120551,221329
603.938899276098,223692
604.023439587545,227667
604.107980055137,226741
604.19252067912,226408
604.277061459738,227966
604.361602397237,225874
604.446143491862,222524
604.530684743859,232940
604.615226153471,246448
604.699767720944,245583
604.784309446525,236741
604.868851330456,232133
604.953393372984,235349
605.037935574354,239407
605.122477934812,234905
605.207020454601,249965
605.291563133967,252141
605.376105973156,238948
605.460648972412,230537
605.545192131981,224869
605.629735452108,221677
605.714278933038,219490
605.798822575015,225583
605.883366378286,227403
605.967910343095,223430
606.052454469688,220865
606.136998758309,219649
606.221543209204,222669
606.306087822618,223044
606.390632598795,220444
606.475177537982,222057
606.559722640423,225211
606.644267906364,226620
606.728813336049,227353
606.813358929724,224647
606.897904687633,221212
606.982450610022,219288
607.066996697137,217908
607.151542949221,220520
607.236089366521,224245
607.320635949282,222770
607.405182697748,219996
607.489729612165,222674
607.574276692777,222906
607.658823939831,219939
607.74337135357,221468
607.827918934241,224600
607.912466682089,222876
607.997014597358,219526
608.081562680293,228079
608.16611093114,229810
608.250659350145,226976
608.335207937551,226510
608.419756693605,225423
608.504305618551,222058
608.588854712634,222310
608.6734039761,221224
608.757953409194,228728
608.84250301216,233837
608.927052785245,228571
609.011602728693,223305
609.096152842749,219483
609.180703127658,216332
609.265253583666,214677
609.349804211018,214469
609.434355009958,216990
609.518905980733,216989
609.603457123586,221413
609.688008438764,254166
609.772559926511,258737
609.857111587073,238786
609.941663420694,227493
610.02621542762,221068
610.110767608096,221441
610.195319962366,220293
610.279872490677,216503
610.364425193274,214622
610.4489780704,213683
610.533531122303,212634
610.618084349226,213319
610.702637751414,216967
610.787191329114,219986
610.87174508257,218496
610.956299012027,221794
611.04085311773,221545
611.125407399925,217339
611.209961858857,214857
611.29451649477,237080
611.37907130791,250561
611.463626298523,239533
611.548181466852,230472
611.632736813144,230957
611.717292337643,227841
611.801848040595,221082
611.886403922244,216888
611.970959982837,217810
612.055516222617,219500
612.14007264183,220862
612.224629240722,221853
612.309186019537,219783
612.39374297852,229657
612.478300117917,231518
612.562857437973,239175
612.647414938933,240697
612.731972621042,228645
612.816530484545,219195
612.901088529688,230232
612.985646756714,230997
613.070205165871,222820
613.154763757402,217098
613.239322531553,211688
613.323881488569,211619
613.408440628695,210098
613.492999952176,206892
613.577559459258,208735
613.662119150185,211788
613.746679025203,209263
613.831239084557,205447
613.915799328492,206374
614.000359757252,205614
614.084920371084,203196
614.169481170232,201892
614.254042154942,201636
614.338603325458,200739
614.423164682026,202985
614.507726224891,206277
614.592287954298,204497
614.676849870492,218453
614.761411973718,221190
614.845974264222,210544
614.930536742248,204660
615.015099408042,205090
615.099662261849,204101
615.184225303914,200695
615.268788534481,201947
615.353351953797,201563
615.437915562106,205783
615.522479359654,206583
615.607043346685,202394
615.691607523446,215519
615.776171890179,218040
615.860736447132,208372
615.94530119455,202520
616.029866132676,201781
616.114431261757,200980
616.198996582037,202046
616.283562093762,204115
616.368127797177,205361
616.452693692527,202747
616.537259780057,198527
616.621826060012,199318
616.706392532638,202357
616.790959198179,200914
616.87552605688,197345
616.960093108988,217079
617.044660354746,222214
617.1292277944,218598
617.213795428195,222162
617.298363256377,215794
617.38293127919,206077
617.46749949688,200293
617.552067909691,196574
617.63663651787,194645
617.72120532166,565165
617.805774321307,674760
617.890343517057,476871
617.974912909154,356817
618.059482497843,287877
618.14405228337,249171
618.22862226598,226964
618.313192445918,214070
618.397762823429,221866
618.482333398757,226048
618.56690417215,217620
618.65147514385,213644
618.736046314105,210436
618.820617683158,206642
618.905189251254,204537
618.98976101864,203417
619.07433298556,202187
619.158905152259,205999
619.243477518983,228739
619.328050085976,231636
619.412622853484,221589
619.497195821751,218078
619.581768991023,220659
619.666342361546,217168
619.750915933564,210012
619.835489707321,206060
619.920063683065,210666
620.004637861039,214305
620.089212241489,210772
620.173786824659,206592
620.258361610796,205896
620.342936600144,205094
620.427511792947,204019
620.512087189453,209745
620.596662789905,238168
620.681238594548,251873
620.765814603629,238252
620.850390817391,223318
620.93496723608,216912
621.019543859942,218685
621.104120689221,215934
621.188697724162,211351
621.273274965011,207940
621.357852412012,204204
621.442430065412,203187
621.527007925454,202238
621.611585992385,203605
621.696164266449,204656
621.780742747892,202509
621.865321436958,200538
621.949900333892,199919
622.03447943894,201973
622.119058752348,202033
622.203638274359,199569
622.28821800522,201633
622.372797945175,201787
622.457378094469,199583
622.541958453348,197465
622.626539022057,197100
622.711119800841,196814
622.795700789945,195393
622.880281989613,206563
622.964863400093,208656
623.049445021627,200729
623.134026854462,196155
623.218608898843,192936
623.303191155015,194581
623.387773623222,195501
623.472356303711,196080
623.556939196726,197509
623.641522302512,195056
623.726105621315,191046
623.810689153379,191677
623.89527289895,190823
623.979856858273,190843
624.064441031593,195523
624.149025419156,197614
624.233610021205,199367
624.318194837987,198766
624.402779869747,196568
624.487365116729,198095
624.571950579179,197683
624.656536257342,191935
624.741122151463,186456
624.825708261788,185548
624.91029458856,190596
624.994881132027,189462
625.079467892432,187397
625.16405487002,185065
625.248642065038,181759
625.33322947773,213480
625.41781710834,224532
625.502404957115,344730
625.5869930243,374268
625.671581310139,292881
625.756169814878,596736
625.840758538762,666997
625.925347482035,459387
626.009936644944,347002
626.094526027733,279504
626.179115630648,233754
626.263705453933,207912
626.348295497833,196325
626.432885762595,187971
626.517476248462,180829
626.60206695568,190494
626.686657884495,191582
626.771249035151,182431
626.855840407893,183243
626.940432002967,181569
627.025023820618,179910
627.10961586109,193081
627.19420812463,192884
627.278800611482,192368
627.363393321891,191388
627.447986256102,217994
627.532579414361,220852
627.617172796912,198024
627.701766404002,184054
627.786360235874,176262
627.870954292774,175523
627.955548574948,173641
628.04014308264,184044
628.124737816095,185785
628.209332775559,179689
628.293927961276,175065
628.378523373493,169698
628.463119012454,166448
628.547714878403,165103
628.632310971587,168313
628.716907292251,171563
628.801503840639,172861
628.886100616996,170336
628.970697621569,166808
629.055294854601,165175
629.139892316339,167413
629.224490007026,170255
629.309087926909,168722
629.393686076233,168308
629.478284455242,167302
629.562883064182,164201
629.647481903298,162105
629.732080972835,161244
629.816680273037,163617
629.901279804152,163627
629.985879566422,164817
630.070479560095,168134
630.155079785414,168861
630.239680242624,165325
630.324280931972,161337
630.408881853702,166755
630.493483008059,169684
630.578084395288,165146
630.662686015635,161077
630.747287869345,164173
630.831889956662,164611
630.916492277832,160842
631.001094833101,157922
631.085697622712,156768
631.170300646912,159946
631.254903905945,160483
631.339507400056,164908
631.424111129492,168033
631.508715094496,171471
631.593319295314,180688
631.677923732192,180159
631.762528405373,173725
631.847133315104,169374
631.93173846163,163884
632.016343845195,162157
632.100949466045,160100
632.185555324425,156778
632.270161420579,155201
632.354767754754,154355
632.439374327195,156152
632.523981138146,156000
632.608588187852,153720
632.693195476559,154208
632.777803004512,154022
632.862410771956,153818
632.947018779136,154074
633.031627026297,154136
633.116235513685,156126
633.200844241544,162050
633.28545321012,161613
633.370062419658,156661
633.454671870403,153830
633.539281562599,152079
633.623891496493,150876
633.708501672329,150183
633.793112090353,152886
633.877722750809,153141
633.962333653943,151544
634.0469448,150221
634.131556189225,149006
634.216167821863,151691
634.300779698159,152404
634.385391818359,150267
634.470004182707,149158
634.554616791449,148258
634.639229644829,150455
634.723842743094,167509
634.808456086488,173467
634.893069675256,164056
634.977683509643,159257
635.062297589895,159147
635.146911916256,159109
635.231526488972,155708
635.316141308288,314720
635.400756374449,357756
635.4853716877,274716
635.569987248286,226750
635.654603056453,193954
635.739219112446,174142
635.823835416509,163015
635.908451968888,162043
635.993068769827,179359
636.077685819573,178293
636.16230311837,185333
636.246920666464,182724
636.331538464099,285916
636.41615651152,309919
636.500774808974,239971
636.585393356704,198459
636.670012154956,198567
636.754631203976,195260
636.839250504007,175931
636.923870055296,161869
637.008489858088,155956
637.093109912628,152250
637.17773021916,148031
637.26235077793,145283
637.346971589183,153227
637.431592653165,158494
637.51621397012,153819
637.600835540293,150973
637.68545736393,150463
637.770079441276,150812
637.854701772576,148435
637.939324358074,144757
638.023947198017,142665
