Scan Date:,2025-05-26 16:01:15Z
Integration Time:,1000
Number of Averages:,100

Pixel Number,Wavelength (nm),Sum Spectrum,Averaged Spectrum
0,464.9839,56584,565.84
1,465.068515076491,56110,561.1
2,465.153129906126,56365,563.65
3,465.237744489151,56128,561.28
4,465.322358825812,55928,559.28
5,465.406972916352,55802,558.02
6,465.491586761018,55718,557.18
7,465.576200360054,55777,557.77
8,465.660813713705,55920,559.2
9,465.745426822218,55937,559.37
10,465.830039685836,55963,559.63
11,465.914652304805,55950,559.5
12,465.99926467937,55800,558
13,466.083876809776,55936,559.36
14,466.168488696269,56296,562.96
15,466.253100339093,194064,1940.64
16,466.337711738494,233181,2331.81
17,466.422322894716,160612,1606.12
18,466.506933808006,117445,1174.45
19,466.591544478607,92268,922.68
20,466.676154906766,77821,778.21
21,466.760765092726,69782,697.82
22,466.845375036735,68880,688.8
23,466.929984739036,67865,678.65
24,467.014594199874,65007,650.07
25,467.099203419495,62942,629.42
26,467.183812398145,61419,614.19
27,467.268421136067,60614,606.14
28,467.353029633508,89767,897.67
29,467.437637890711,99867,998.67
30,467.522245907924,88054,880.54
31,467.60685368539,78430,784.3
32,467.691461223355,69989,699.89
33,467.776068522063,65426,654.26
34,467.860675581761,62592,625.92
35,467.945282402693,65685,656.85
36,468.029888985104,72799,727.99
37,468.11449532924,71833,718.33
38,468.199101435345,69590,695.9
39,468.283707303665,67397,673.97
40,468.368312934445,63974,639.74
41,468.45291832793,65574,655.74
42,468.537523484364,68541,685.41
43,468.622128403994,91425,914.25
44,468.706733087065,102035,1020.35
45,468.791337533821,89193,891.93
46,468.875941744507,76538,765.38
47,468.96054571937,69774,697.74
48,469.045149458653,66413,664.13
49,469.129752962602,64034,640.34
50,469.214356231462,62247,622.47
51,469.298959265479,61597,615.97
52,469.383562064897,61257,612.57
53,469.468164629962,60947,609.47
54,469.552766960919,63656,636.56
55,469.637369058012,67581,675.81
56,469.721970921487,66448,664.48
57,469.80657255159,64155,641.55
58,469.891173948565,65812,658.12
59,469.975775112657,65125,651.25
60,470.060376044111,62636,626.36
61,470.144976743173,61488,614.88
62,470.229577210088,64035,640.35
63,470.314177445101,64646,646.46
64,470.398777448457,66156,661.56
65,470.483377220402,89501,895.01
66,470.567976761179,96794,967.94
67,470.652576071035,85545,855.45
68,470.737175150215,75862,758.62
69,470.821773998963,69296,692.96
70,470.906372617525,68544,685.44
71,470.990971006146,66861,668.61
72,471.075569165072,97851,978.51
73,471.160167094546,106033,1060.33
74,471.244764794815,90863,908.63
75,471.329362266123,80517,805.17
76,471.413959508717,75499,754.99
77,471.498556522839,77982,779.82
78,471.583153308737,78554,785.54
79,471.667749866655,75026,750.26
80,471.752346196838,73923,739.23
81,471.836942299532,73841,738.41
82,471.921538174981,77770,777.7
83,472.00613382343,75909,759.09
84,472.090729245126,69531,695.31
85,472.175324440312,65375,653.75
86,472.259919409234,66585,665.85
87,472.344514152137,66266,662.66
88,472.429108669267,63296,632.96
89,472.513702960868,62791,627.91
90,472.598297027185,64398,643.98
91,472.682890868465,63946,639.46
92,472.767484484951,62109,621.09
93,472.852077876889,60756,607.56
94,472.936671044524,63587,635.87
95,473.021263988101,64388,643.88
96,473.105856707865,63150,631.5
97,473.190449204062,67942,679.42
98,473.275041476937,83530,835.3
99,473.359633526735,90097,900.97
100,473.4442253537,81301,813.01
101,473.528816958078,75022,750.22
102,473.613408340115,73852,738.52
103,473.697999500055,70434,704.34
104,473.782590438143,66090,660.9
105,473.867181154625,63889,638.89
106,473.951771649745,66445,664.45
107,474.03636192375,66446,664.46
108,474.120951976883,64135,641.35
109,474.20554180939,62680,626.8
110,474.290131421517,61562,615.62
111,474.374720813508,64661,646.61
112,474.459309985608,65308,653.08
113,474.543898938063,63150,631.5
114,474.628487671118,61976,619.76
115,474.713076185018,61283,612.83
116,474.797664480008,64729,647.29
117,474.882252556332,96037,960.37
118,474.966840414238,105132,1051.32
119,475.051428053968,122968,1229.68
120,475.13601547577,120568,1205.68
121,475.220602679887,94794,947.94
122,475.305189666564,79416,794.16
123,475.389776436048,70882,708.82
124,475.474362988583,66037,660.37
125,475.558949324414,63203,632.03
126,475.643535443787,61709,617.09
127,475.728121346946,60883,608.83
128,475.812707034136,60246,602.46
129,475.897292505604,84069,840.69
130,475.981877761593,95333,953.33
131,476.066462802349,86633,866.33
132,476.151047628118,80594,805.94
133,476.235632239144,73855,738.55
134,476.320216635672,67490,674.9
135,476.404800817948,67385,673.85
136,476.489384786216,66966,669.66
137,476.573968540723,68631,686.31
138,476.658552081712,88648,886.48
139,476.74313540943,91608,916.08
140,476.827718524121,79078,790.78
141,476.91230142603,71073,710.73
142,476.996884115403,69786,697.86
143,477.081466592484,68178,681.78
144,477.166048857519,64681,646.81
145,477.250630910753,66110,661.1
146,477.335212752432,66164,661.64
147,477.419794382799,63606,636.06
148,477.504375802101,64968,649.68
149,477.588957010582,65567,655.67
150,477.673538008487,63580,635.8
151,477.758118796063,106653,1066.53
152,477.842699373553,118294,1182.94
153,477.927279741204,93705,937.05
154,478.011859899259,78859,788.59
155,478.096439847965,70187,701.87
156,478.181019587566,66046,660.46
157,478.265599118308,64204,642.04
158,478.350178440435,62417,624.17
159,478.434757554193,61358,613.58
160,478.519336459827,73521,735.21
161,478.603915157582,76298,762.98
162,478.688493647704,68998,689.98
163,478.773071930436,127685,1276.85
164,478.857650006026,142781,1427.81
165,478.942227874716,108518,1085.18
166,479.026805536754,99901,999.01
167,479.111382992383,93671,936.71
168,479.19596024185,83974,839.74
169,479.280537285398,75920,759.2
170,479.365114123274,68793,687.93
171,479.449690755722,64610,646.1
172,479.534267182988,62331,623.31
173,479.618843405317,60681,606.81
174,479.703419422953,63300,633
175,479.787995236142,68291,682.91
176,479.87257084513,67576,675.76
177,479.95714625016,64345,643.45
178,480.041721451479,62275,622.75
179,480.126296449331,61376,613.76
180,480.210871243962,63937,639.37
181,480.295445835617,64704,647.04
182,480.380020224541,66015,660.15
183,480.464594410979,65678,656.78
184,480.549168395175,66843,668.43
185,480.633742177377,66446,664.46
186,480.718315757827,63601,636.01
187,480.802889136772,61795,617.95
188,480.887462314457,60531,605.31
189,480.972035291127,59641,596.41
190,481.056608067026,63437,634.37
191,481.141180642401,76891,768.91
192,481.225753017496,78041,780.41
193,481.310325192556,70032,700.32
194,481.394897167827,68545,685.45
195,481.479468943554,67110,671.1
196,481.564040519981,64044,640.44
197,481.648611897354,62085,620.85
198,481.733183075918,60719,607.19
199,481.817754055918,63574,635.74
200,481.9023248376,64193,641.93
201,481.986895421208,65206,652.06
202,482.071465806988,100287,1002.87
203,482.156035995184,108236,1082.36
204,482.240605986042,91243,912.43
205,482.325175779807,79744,797.44
206,482.409745376725,71178,711.78
207,482.494314777039,66116,661.16
208,482.578883980996,63356,633.56
209,482.663452988841,61814,618.14
210,482.748021800818,60585,605.85
211,482.832590417173,60305,603.05
212,482.91715883815,63923,639.23
213,483.001727063996,67840,678.4
214,483.086295094955,66727,667.27
215,483.170862931273,64050,640.5
216,483.255430573193,63073,630.73
217,483.339998020963,65642,656.42
218,483.424565274826,66062,660.62
219,483.509132335028,63630,636.3
220,483.593699201814,62151,621.51
221,483.678265875429,64323,643.23
222,483.762832356118,64257,642.57
223,483.847398644127,62009,620.09
224,483.9319647397,64289,642.89
225,484.016530643083,76368,763.68
226,484.101096354521,77865,778.65
227,484.185661874258,71016,710.16
228,484.270227202541,66218,662.18
229,484.354792339614,63367,633.67
230,484.439357285722,62373,623.73
231,484.523922041111,64928,649.28
232,484.608486606025,68335,683.35
233,484.69305098071,67256,672.56
234,484.777615165411,66077,660.77
235,484.862179160373,67985,679.85
236,484.946742965841,66589,665.89
237,485.03130658206,66229,662.29
238,485.115870009276,69039,690.39
239,485.200433247733,67695,676.95
240,485.284996297677,64795,647.95
241,485.369559159353,88097,880.97
242,485.454121833005,97276,972.76
243,485.53868431888,84226,842.26
244,485.623246617222,74949,749.49
245,485.707808728276,69327,693.27
246,485.792370652288,65214,652.14
247,485.876932389502,65851,658.51
248,485.961493940164,65418,654.18
249,486.046055304519,63062,630.62
250,486.130616482813,62434,624.34
251,486.215177475289,62348,623.48
252,486.299738282193,68449,684.49
253,486.384298903771,69931,699.31
254,486.468859340268,65601,656.01
255,486.553419591928,62507,625.07
256,486.637979658997,61492,614.92
257,486.722539541719,60933,609.33
258,486.807099240341,63252,632.52
259,486.891658755108,63896,638.96
260,486.976218086263,61841,618.41
261,487.060777234053,60675,606.75
262,487.145336198723,59978,599.78
263,487.229894980517,59296,592.96
264,487.314453579682,59690,596.9
265,487.399011996461,60071,600.71
266,487.483570231101,59834,598.34
267,487.568128283845,59594,595.94
268,487.652686154941,59157,591.57
269,487.737243844632,59198,591.98
270,487.821801353163,63420,634.2
271,487.906358680781,64479,644.79
272,487.990915827729,62284,622.84
273,488.075472794253,61131,611.31
274,488.160029580599,65276,652.76
275,488.244586187011,66174,661.74
276,488.329142613735,63857,638.57
277,488.413698861015,69009,690.09
278,488.498254929097,69797,697.97
279,488.582810818225,69235,692.35
280,488.667366528646,68790,687.9
281,488.751922060605,65457,654.57
282,488.836477414345,63485,634.85
283,488.921032590113,62757,627.57
284,489.005587588153,63760,637.6
285,489.090142408711,92383,923.83
286,489.174697052032,102222,1022.22
287,489.259251518361,89918,899.18
288,489.343805807943,79237,792.37
289,489.428359921024,70817,708.17
290,489.512913857847,65770,657.7
291,489.597467618659,63427,634.27
292,489.682021203705,74098,740.98
293,489.76657461323,76601,766.01
294,489.851127847479,69009,690.09
295,489.935680906696,66472,664.72
296,490.020233791128,64646,646.46
297,490.104786501019,62164,621.64
298,490.189339036615,64613,646.13
299,490.27389139816,64856,648.56
300,490.3584435859,62208,622.08
301,490.44299560008,60802,608.02
302,490.527547440945,59916,599.16
303,490.612099108739,59524,595.24
304,490.69665060371,59463,594.63
305,490.7812019261,59840,598.4
306,490.865753076156,63340,633.4
307,490.950304054123,64476,644.76
308,491.034854860246,62660,626.6
309,491.119405494769,61378,613.78
310,491.203955957939,60870,608.7
311,491.288506249999,60847,608.47
312,491.373056371197,60148,601.48
313,491.457606321775,63658,636.58
314,491.54215610198,65636,656.36
315,491.626705712057,63565,635.65
316,491.711255152251,61577,615.77
317,491.795804422807,60163,601.63
318,491.88035352397,59468,594.68
319,491.964902455985,59729,597.29
320,492.049451219098,63725,637.25
321,492.133999813553,64387,643.87
322,492.218548239596,62106,621.06
323,492.303096497471,64242,642.42
324,492.387644587425,66821,668.21
325,492.472192509702,68448,684.48
326,492.556740264546,75203,752.03
327,492.641287852205,74234,742.34
328,492.725835272921,67637,676.37
329,492.810382526942,64961,649.61
330,492.894929614511,74087,740.87
331,492.979476535874,75503,755.03
332,493.064023291276,69083,690.83
333,493.148569880962,67680,676.8
334,493.233116305178,65948,659.48
335,493.317662564167,62887,628.87
336,493.402208658177,62089,620.89
337,493.486754587451,61420,614.2
338,493.571300352235,60557,605.57
339,493.655845952774,60040,600.4
340,493.740391389313,63397,633.97
341,493.824936662097,63943,639.43
342,493.909481771372,64516,645.16
343,493.994026717382,64330,643.3
344,494.078571500372,62136,621.36
345,494.163116120589,61029,610.29
346,494.247660578276,60406,604.06
347,494.33220487368,88219,882.19
348,494.416749007044,96446,964.46
349,494.501292978615,81563,815.63
350,494.585836788637,72105,721.05
351,494.670380437356,66813,668.13
352,494.754923925017,64551,645.51
353,494.839467251864,66745,667.45
354,494.924010418144,66246,662.46
355,495.0085534241,63045,630.45
356,495.093096269979,77292,772.92
357,495.177638956025,80785,807.85
358,495.262181482484,75131,751.31
359,495.3467238496,73633,736.33
360,495.431266057619,69520,695.2
361,495.515808106786,69074,690.74
362,495.600349997346,67789,677.89
363,495.684891729544,64358,643.58
364,495.769433303626,63941,639.41
365,495.853974719836,63058,630.58
366,495.938515978419,61324,613.24
367,496.023057079622,60390,603.9
368,496.107598023688,60036,600.36
369,496.192138810863,63450,634.5
370,496.276679441392,63915,639.15
371,496.361219915521,63567,635.67
372,496.445760233493,94493,944.93
373,496.530300395556,102051,1020.51
374,496.614840401953,84388,843.88
375,496.69938025293,79591,795.91
376,496.783919948731,75423,754.23
377,496.868459489603,72098,720.98
378,496.95299887579,68990,689.9
379,497.037538107538,72472,724.72
380,497.12207718509,72327,723.27
381,497.206616108694,70454,704.54
382,497.291154878593,68267,682.67
383,497.375693495033,64866,648.66
384,497.460231958259,62495,624.95
385,497.544770268516,61667,616.67
386,497.629308426049,61524,615.24
387,497.713846431104,60602,606.02
388,497.798384283926,62989,629.89
389,497.882921984759,63786,637.86
390,497.967459533848,62158,621.58
391,498.05199693144,64474,644.74
392,498.136534177779,68591,685.91
393,498.22107127311,67873,678.73
394,498.305608217678,64546,645.46
395,498.390145011729,62536,625.36
396,498.474681655507,61317,613.17
397,498.559218149259,60768,607.68
398,498.643754493228,60859,608.59
399,498.72829068766,60413,604.13
400,498.8128267328,59679,596.79
401,498.897362628894,59497,594.97
402,498.981898376185,59813,598.13
403,499.066433974921,60492,604.92
404,499.150969425345,64335,643.35
405,499.235504727703,79951,799.51
406,499.32003988224,81681,816.81
407,499.404574889201,75610,756.1
408,499.489109748831,72085,720.85
409,499.573644461376,67576,675.76
410,499.65817902708,64140,641.4
411,499.742713446188,62204,622.04
412,499.827247718947,61181,611.81
413,499.9117818456,60714,607.14
414,499.996315826393,59817,598.17
415,500.080849661572,59124,591.24
416,500.165383351381,59412,594.12
417,500.249916896065,59336,593.36
418,500.33445029587,59910,599.1
419,500.41898355104,78687,786.87
420,500.503516661822,83753,837.53
421,500.588049628459,73536,735.36
422,500.672582451197,68154,681.54
423,500.757115130282,65075,650.75
424,500.841647665958,63190,631.9
425,500.92618005847,61952,619.52
426,501.010712308064,86746,867.46
427,501.095244414985,96276,962.76
428,501.179776379478,86311,863.11
429,501.264308201788,77467,774.67
430,501.34883988216,73766,737.66
431,501.433371420839,69815,698.15
432,501.517902818071,64896,648.96
433,501.6024340741,66646,666.46
434,501.686965189172,68853,688.53
435,501.771496163532,66590,665.9
436,501.856026997425,63524,635.24
437,501.940557691096,61704,617.04
438,502.02508824479,60883,608.83
439,502.109618658753,64444,644.44
440,502.194148933229,65052,650.52
441,502.278679068464,62359,623.59
442,502.363209064702,61291,612.91
443,502.44773892219,60866,608.66
444,502.532268641171,63618,636.18
445,502.616798221892,64424,644.24
446,502.701327664597,63189,631.89
447,502.785856969531,61991,619.91
448,502.87038613694,64169,641.69
449,502.954915167069,67678,676.78
450,503.039444060163,66353,663.53
451,503.123972816466,63506,635.06
452,503.208501436225,65640,656.4
453,503.293029919684,66403,664.03
454,503.377558267088,67939,679.39
455,503.462086478683,71017,710.17
456,503.546614554714,73222,732.22
457,503.631142495425,70648,706.48
458,503.715670301062,66043,660.43
459,503.800197971871,63219,632.19
460,503.884725508095,61679,616.79
461,503.969252909981,63911,639.11
462,504.053780177773,67914,679.14
463,504.138307311717,67306,673.06
464,504.222834312058,67690,676.9
465,504.307361179041,67223,672.23
466,504.39188791291,67956,679.56
467,504.476414513912,68737,687.37
468,504.560940982291,82581,825.81
469,504.645467318292,84336,843.36
470,504.729993522161,73864,738.64
471,504.814519594143,71196,711.96
472,504.899045534482,71227,712.27
473,504.983571343424,73177,731.77
474,505.068097021215,74300,743
475,505.152622568098,73823,738.23
476,505.23714798432,84227,842.27
477,505.321673270126,83594,835.94
478,505.40619842576,73668,736.68
479,505.490723451468,67864,678.64
480,505.575248347494,67449,674.49
481,505.659773114085,66143,661.43
482,505.744297751485,91328,913.28
483,505.828822259939,101078,1010.78
484,505.913346639693,86062,860.62
485,505.997870890991,74996,749.96
486,506.082395014079,68576,685.76
487,506.166919009201,64919,649.19
488,506.251442876604,62663,626.63
489,506.335966616531,64468,644.68
490,506.420490229229,64684,646.84
491,506.505013714942,62930,629.3
492,506.589537073916,62146,621.46
493,506.674060306396,64422,644.22
494,506.758583412626,65577,655.77
495,506.843106392852,63769,637.69
496,506.927629247319,62420,624.2
497,507.012151976272,61616,616.16
498,507.096674579957,64218,642.18
499,507.181197058618,65527,655.27
500,507.2657194125,64026,640.26
501,507.350241641849,91124,911.24
502,507.43476374691,101826,1018.26
503,507.519285727928,86923,869.23
504,507.603807585148,75680,756.8
505,507.688329318816,69417,694.17
506,507.772850929175,68971,689.71
507,507.857372416473,70997,709.97
508,507.941893780953,68773,687.73
509,508.02641502286,65420,654.2
510,508.110936142441,62990,629.9
511,508.195457139939,64710,647.1
512,508.279978015601,64876,648.76
513,508.364498769671,63376,633.76
514,508.449019402395,62340,623.4
515,508.533539914017,61326,613.26
516,508.618060304783,63583,635.83
517,508.702580574937,64246,642.46
518,508.787100724726,62925,629.25
519,508.871620754394,63502,635.02
520,508.956140664186,77876,778.76
521,509.040660454347,85206,852.06
522,509.125180125123,92792,927.92
523,509.209699676758,89842,898.42
524,509.294219109499,96710,967.1
525,509.378738423589,94384,943.84
526,509.463257619274,83599,835.99
527,509.5477766968,76019,760.19
528,509.632295656411,68988,689.88
529,509.716814498352,64972,649.72
530,509.801333222869,62674,626.74
531,509.885851830207,61537,615.37
532,509.97037032061,61402,614.02
533,510.054888694324,61246,612.46
534,510.139406951595,64782,647.82
535,510.223925092667,65528,655.28
536,510.308443117785,63369,633.69
537,510.392961027195,62704,627.04
538,510.477478821141,65296,652.96
539,510.56199649987,68670,686.7
540,510.646514063625,71254,712.54
541,510.731031512652,72717,727.17
542,510.815548847197,69797,697.97
543,510.900066067503,66559,665.59
544,510.984583173818,64062,640.62
545,511.069100166384,65430,654.3
546,511.153617045449,65447,654.47
547,511.238133811256,66953,669.53
548,511.322650464052,66605,666.05
549,511.407167004081,63705,637.05
550,511.491683431587,69218,692.18
551,511.576199746818,70220,702.2
552,511.660715950017,69141,691.41
553,511.745232041429,67763,677.63
554,511.829748021301,64702,647.02
555,511.914263889876,63064,630.64
556,511.9987796474,63280,632.8
557,512.083295294119,62976,629.76
558,512.167810830277,62477,624.77
559,512.252326256119,64815,648.15
560,512.336841571891,68132,681.32
561,512.421356777838,82045,820.45
562,512.505871874205,83642,836.42
563,512.590386861236,77802,778.02
564,512.674901739178,72805,728.05
565,512.759416508275,67726,677.26
566,512.843931168773,64649,646.49
567,512.928445720916,66274,662.74
568,513.01296016495,69449,694.49
569,513.097474501119,67834,678.34
570,513.18198872967,64914,649.14
571,513.266502850847,63486,634.86
572,513.351016864895,66060,660.6
573,513.435530772059,66580,665.8
574,513.520044572585,64306,643.06
575,513.604558266717,62988,629.88
576,513.689071854701,69198,691.98
577,513.773585336782,72799,727.99
578,513.858098713206,73550,735.5
579,513.942611984216,74589,745.89
580,514.027125150058,77567,775.67
581,514.111638210978,78792,787.92
582,514.196151167221,74180,741.8
583,514.280664019031,68629,686.29
584,514.365176766654,65673,656.73
585,514.449689410336,66629,666.29
586,514.53420195032,69451,694.51
587,514.618714386852,68248,682.48
588,514.703226720178,64934,649.34
589,514.787738950542,63143,631.43
590,514.87225107819,62028,620.28
591,514.956763103367,61346,613.46
592,515.041275026318,61215,612.15
593,515.125786847287,68948,689.48
594,515.210298566521,71023,710.23
595,515.294810184265,66774,667.74
596,515.379321700762,64596,645.96
597,515.463833116259,63891,638.91
598,515.548344431001,63084,630.84
599,515.632855645233,65877,658.77
600,515.7173667592,66579,665.79
601,515.801877773147,65849,658.49
602,515.886388687319,68028,680.28
603,515.970899501962,67323,673.23
604,516.05541021732,64620,646.2
605,516.139920833639,62988,629.88
606,516.224431351163,62194,621.94
607,516.308941770138,62031,620.31
608,516.39345209081,61648,616.48
609,516.477962313423,61242,612.42
610,516.562472438222,64276,642.76
611,516.646982465452,68732,687.32
612,516.731492395359,73148,731.48
613,516.816002228188,72360,723.6
614,516.900511964184,68127,681.27
615,516.985021603591,71862,718.62
616,517.069531146656,78425,784.25
617,517.154040593623,85692,856.92
618,517.238549944738,82473,824.73
619,517.323059200245,77022,770.22
620,517.40756836039,73132,731.32
621,517.492077425417,68530,685.3
622,517.576586395573,65653,656.53
623,517.661095271101,91979,919.79
624,517.745604052248,98472,984.72
625,517.830112739258,82634,826.34
626,517.914621332376,80837,808.37
627,517.999129831848,78437,784.37
628,518.083638237919,71910,719.1
629,518.168146550834,67521,675.21
630,518.252654770838,64941,649.41
631,518.337162898176,63760,637.6
632,518.421670933093,62956,629.56
633,518.506178875835,62487,624.87
634,518.590686726646,62078,620.78
635,518.675194485772,62403,624.03
636,518.759702153457,65667,656.67
637,518.844209729948,66421,664.21
638,518.928717215489,64674,646.74
639,519.013224610325,66739,667.39
640,519.097731914701,67697,676.97
641,519.182239128863,65953,659.53
642,519.266746253055,64743,647.43
643,519.351253287523,63970,639.7
644,519.435760232512,63402,634.02
645,519.520267088267,63277,632.77
646,519.604773855033,62996,629.96
647,519.689280533056,62811,628.11
648,519.77378712258,62855,628.55
649,519.85829362385,62663,626.63
650,519.942800037113,66233,662.33
651,520.027306362612,67164,671.64
652,520.111812600593,64826,648.26
653,520.196318751301,63352,633.52
654,520.280824814981,62325,623.25
655,520.365330791879,61715,617.15
656,520.449836682239,62187,621.87
657,520.534342486307,63157,631.57
658,520.618848204327,63115,631.15
659,520.703353836546,65892,658.92
660,520.787859383207,66711,667.11
661,520.872364844557,71489,714.89
662,520.95687022084,90596,905.96
663,521.041375512301,91995,919.95
664,521.125880719186,79871,798.71
665,521.21038584174,72809,728.09
666,521.294890880208,81209,812.09
667,521.379395834834,82285,822.85
668,521.463900705865,77443,774.43
669,521.548405493545,73922,739.22
670,521.632910198119,69580,695.8
671,521.717414819833,66975,669.75
672,521.801919358931,65398,653.98
673,521.88642381566,64553,645.53
674,521.970928190263,67635,676.35
675,522.055432482986,224464,2244.64
676,522.139936694074,266209,2662.09
677,522.224440823773,184365,1843.65
678,522.308944872327,135586,1355.86
679,522.393448839982,105560,1055.6
680,522.477952726982,91309,913.09
681,522.562456533574,99037,990.37
682,522.646960260001,95857,958.57
683,522.731463906509,86683,866.83
684,522.815967473344,83341,833.41
685,522.90047096075,77195,771.95
686,522.984974368973,71412,714.12
687,523.069477698257,68237,682.37
688,523.153980948848,66537,665.37
689,523.238484120991,65512,655.12
690,523.322987214931,65173,651.73
691,523.407490230914,68680,686.8
692,523.491993169183,73498,734.98
693,523.576496029985,106800,1068
694,523.660998813565,112930,1129.3
695,523.745501520167,121049,1210.49
696,523.830004150038,117003,1170.03
697,523.914506703421,95509,955.09
698,523.999009180562,82904,829.04
699,524.083511581707,75253,752.53
700,524.1680139071,70920,709.2
701,524.252516156987,68575,685.75
702,524.337018331612,67331,673.31
703,524.421520431221,69917,699.17
704,524.506022456059,70660,706.6
705,524.590524406371,68726,687.26
706,524.675026282403,87561,875.61
707,524.759528084398,93119,931.19
708,524.844029812603,82099,820.99
709,524.928531467263,75309,753.09
710,525.013033048623,87982,879.82
711,525.097534556927,91207,912.07
712,525.182035992421,81279,812.79
713,525.266537355351,74936,749.36
714,525.351038645961,71737,717.37
715,525.435539864496,73659,736.59
716,525.520041011202,73586,735.86
717,525.604542086324,71492,714.92
718,525.689043090106,78250,782.5
719,525.773544022794,79303,793.03
720,525.858044884634,78420,784.2
721,525.942545675869,77038,770.38
722,526.027046396746,73194,731.94
723,526.11154704751,71005,710.05
724,526.196047628405,69914,699.14
725,526.280548139677,73156,731.56
726,526.36504858157,73897,738.97
727,526.449548954331,71478,714.78
728,526.534049258204,70754,707.54
729,526.618549493434,73670,736.7
730,526.703049660267,74068,740.68
731,526.787549758947,72247,722.47
732,526.87204978972,73850,738.5
733,526.956549752831,74355,743.55
734,527.041049648525,72728,727.28
735,527.125549477046,71593,715.93
736,527.210049238641,88323,883.23
737,527.294548933555,94942,949.42
738,527.379048562032,86198,861.98
739,527.463548124317,79444,794.44
740,527.548047620657,76657,766.57
741,527.632547051295,74925,749.25
742,527.717046416477,73516,735.16
743,527.801545716449,77622,776.22
744,527.886044951455,78717,787.17
745,527.97054412174,84384,843.84
746,528.05504322755,84582,845.82
747,528.139542269129,78915,789.15
748,528.224041246724,77702,777.02
749,528.308540160578,79701,797.01
750,528.393039010938,78941,789.41
751,528.477537798047,76234,762.34
752,528.562036522152,77559,775.59
753,528.646535183498,80597,805.97
754,528.731033782329,82393,823.93
755,528.815532318891,80175,801.75
756,528.900030793429,77039,770.39
757,528.984529206188,75059,750.59
758,529.069027557414,74067,740.67
759,529.15352584735,73621,736.21
760,529.238024076243,73165,731.65
761,529.322522244338,72824,728.24
762,529.407020351879,73106,731.06
763,529.491518399112,73726,737.26
764,529.576016386283,73922,739.22
765,529.660514313635,73683,736.83
766,529.745012181415,73295,732.95
767,529.829509989866,73195,731.95
768,529.914007739236,73410,734.1
769,529.998505429768,77030,770.3
770,530.083003061708,78592,785.92
771,530.167500635301,77077,770.77
772,530.251998150792,76185,761.85
773,530.336495608426,76329,763.29
774,530.420993008449,79600,796
775,530.505490351105,83345,833.45
776,530.589987636639,85364,853.64
777,530.674484865298,86847,868.47
778,530.758982037325,84625,846.25
779,530.843479152966,81059,810.59
780,530.927976212466,79017,790.17
781,531.012473216071,78609,786.09
782,531.096970164025,126699,1266.99
783,531.181467056574,142689,1426.89
784,531.265963893962,117259,1172.59
785,531.350460676435,100336,1003.36
786,531.434957404238,90806,908.06
787,531.519454077616,85274,852.74
788,531.603950696814,84093,840.93
789,531.688447262078,83913,839.13
790,531.772943773652,82255,822.55
791,531.857440231782,80482,804.82
792,531.941936636713,79088,790.88
793,532.026432988689,81190,811.9
794,532.110929287956,81649,816.49
795,532.19542553476,82627,826.27
796,532.279921729345,81745,817.45
797,532.364417871956,78294,782.94
798,532.448913962839,75827,758.27
799,532.533410002239,74230,742.3
800,532.6179059904,72914,729.14
801,532.702401927568,71313,713.13
802,532.786897813989,69821,698.21
803,532.871393649906,75461,754.61
804,532.955889435567,79704,797.04
805,533.040385171214,76477,764.77
806,533.124880857094,100129,1001.29
807,533.209376493452,104837,1048.37
808,533.293872080533,87904,879.04
809,533.378367618582,77586,775.86
810,533.462863107844,93474,934.74
811,533.547358548564,95393,953.93
812,533.631853940988,84174,841.74
813,533.71634928536,76823,768.23
814,533.800844581926,80865,808.65
815,533.885339830931,79416,794.16
816,533.96983503262,71481,714.81
817,534.054330187238,66800,668
818,534.13882529503,66940,669.4
819,534.223320356242,65885,658.85
820,534.307815371118,62979,629.79
821,534.392310339903,61496,614.96
822,534.476805262844,60733,607.33
823,534.561300140184,60364,603.64
824,534.64579497217,66511,665.11
825,534.730289759045,67839,678.39
826,534.814784501056,67137,671.37
827,534.899279198448,66382,663.82
828,534.983773851465,63823,638.23
829,535.068268460352,65371,653.71
830,535.152763025356,74575,745.75
831,535.23725754672,93030,930.3
832,535.321752024691,93016,930.16
833,535.406246459513,79818,798.18
834,535.490740851431,71270,712.7
835,535.575235200691,66274,662.74
836,535.659729507538,63606,636.06
837,535.744223772216,462601,4626.01
838,535.828717994971,575851,5758.51
839,535.913212176048,359857,3598.57
840,535.997706315693,231454,2314.54
841,536.08220041415,167541,1675.41
842,536.166694471664,128253,1282.53
843,536.251188488481,99268,992.68
844,536.335682464845,82371,823.71
845,536.420176401003,73008,730.08
846,536.504670297198,67424,674.24
847,536.589164153677,63816,638.16
848,536.673657970684,61990,619.9
849,536.758151748464,62159,621.59
850,536.842645487263,61934,619.34
851,536.927139187325,60774,607.74
852,537.011632848896,63483,634.83
853,537.096126472221,64525,645.25
854,537.180620057546,66953,669.53
855,537.265113605114,69627,696.27
856,537.349607115172,67302,673.02
857,537.434100587964,64961,649.61
858,537.518594023736,63092,630.92
859,537.603087422733,61796,617.96
860,537.687580785199,61519,615.19
861,537.772074111381,63946,639.46
862,537.856567401522,74960,749.6
863,537.941060655869,87340,873.4
864,538.025553874667,83800,838
865,538.11004705816,74514,745.14
866,538.194540206593,69705,697.05
867,538.279033320213,68102,681.02
868,538.363526399263,69592,695.92
869,538.44801944399,74105,741.05
870,538.532512454637,80182,801.82
871,538.617005431451,88834,888.34
872,538.701498374677,93578,935.78
873,538.785991284559,94673,946.73
874,538.870484161343,94191,941.91
875,538.954977005273,94445,944.45
876,539.039469816596,91179,911.79
877,539.123962595556,85802,858.02
878,539.208455342398,88213,882.13
879,539.292948057368,90397,903.97
880,539.37744074071,85626,856.26
881,539.46193339267,83986,839.86
882,539.546426013493,84630,846.3
883,539.630918603424,87476,874.76
884,539.715411162708,85207,852.07
885,539.79990369159,82103,821.03
886,539.884396190315,79098,790.98
887,539.968888659129,99645,996.45
888,540.053381098277,108663,1086.63
889,540.137873508003,94551,945.51
890,540.222365888553,82276,822.76
891,540.306858240173,74953,749.53
892,540.391350563106,69830,698.3
893,540.475842857599,72842,728.42
894,540.560335123896,72470,724.7
895,540.644827362243,70486,704.86
896,540.729319572884,71553,715.53
897,540.813811756066,68919,689.19
898,540.898303912032,64943,649.43
899,540.982796041028,62706,627.06
900,541.0672881433,61384,613.84
901,541.151780219092,60850,608.5
902,541.23627226865,60246,602.46
903,541.320764292218,59694,596.94
904,541.405256290042,60058,600.58
905,541.489748262367,62578,625.78
906,541.574240209438,67207,672.07
907,541.6587321315,67174,671.74
908,541.743224028798,67562,675.62
909,541.827715901578,66410,664.1
910,541.912207750085,63161,631.61
911,541.996699574563,61760,617.6
912,542.081191375258,61092,610.92
913,542.165683152415,64264,642.64
914,542.250174906279,64781,647.81
915,542.334666637096,62383,623.83
916,542.41915834511,60979,609.79
917,542.503650030566,80921,809.21
918,542.58814169371,89767,897.67
919,542.672633334787,86351,863.51
920,542.757124954042,80200,802
921,542.841616551719,71876,718.76
922,542.926108128065,70215,702.15
923,543.010599683325,68635,686.35
924,543.095091217743,66165,661.65
925,543.179582731564,91178,911.78
926,543.264074225034,97611,976.11
927,543.348565698398,83581,835.81
928,543.433057151901,76664,766.64
929,543.517548585789,74102,741.02
930,543.602040000305,80383,803.83
931,543.686531395696,87512,875.12
932,543.771022772206,88727,887.27
933,543.855514130081,92596,925.96
934,543.940005469566,98817,988.17
935,544.024496790906,100403,1004.03
936,544.108988094346,107148,1071.48
937,544.193479380131,113295,1132.95
938,544.277970648506,112408,1124.08
939,544.362461899717,111042,1110.42
940,544.446953134009,115198,1151.98
941,544.531444351626,117768,1177.68
942,544.615935552814,119593,1195.93
943,544.700426737818,122294,1222.94
944,544.784917906884,122952,1229.52
945,544.869409060255,126495,1264.95
946,544.953900198178,128300,1283
947,545.038391320898,127451,1274.51
948,545.122882428659,127466,1274.66
949,545.207373521708,127936,1279.36
950,545.291864600288,128497,1284.97
951,545.376355664645,129141,1291.41
952,545.460846715024,161058,1610.58
953,545.545337751671,170576,1705.76
954,545.62982877483,154845,1548.45
955,545.714319784747,148473,1484.73
956,545.798810781666,147433,1474.33
957,545.883301765834,143984,1439.84
958,545.967792737495,142643,1426.43
959,546.052283696893,141050,1410.5
960,546.136774644275,140986,1409.86
961,546.221265579886,139709,1397.09
962,546.30575650397,136561,1365.61
963,546.390247416772,134764,1347.64
964,546.474738318539,133407,1334.07
965,546.559229209514,133197,1331.97
966,546.643720089944,133050,1330.5
967,546.728210960073,132828,1328.28
968,546.812701820146,135381,1353.81
969,546.897192670409,141298,1412.98
970,546.981683511106,142347,1423.47
971,547.066174342483,139786,1397.86
972,547.150665164785,139797,1397.97
973,547.235155978257,142839,1428.39
974,547.319646783145,142337,1423.37
975,547.404137579692,140599,1405.99
976,547.488628368145,139758,1397.58
977,547.573119148749,138826,1388.26
978,547.657609921748,138556,1385.56
979,547.742100687388,141682,1416.82
980,547.826591445914,143353,1433.53
981,547.911082197572,142264,1422.64
982,547.995572942605,141187,1411.87
983,548.08006368126,140068,1400.68
984,548.164554413782,139315,1393.15
985,548.249045140415,138880,1388.8
986,548.333535861404,139130,1391.3
987,548.418026576996,155702,1557.02
988,548.502517287435,160348,1603.48
989,548.587007992966,152380,1523.8
990,548.671498693834,148195,1481.95
991,548.755989390285,151369,1513.69
992,548.840480082563,154667,1546.67
993,548.924970770915,151775,1517.75
994,549.009461455584,148225,1482.25
995,549.093952136815,149428,1494.28
996,549.178442814856,148834,1488.34
997,549.262933489949,146473,1464.73
998,549.347424162341,152462,1524.62
999,549.431914832276,153881,1538.81
1000,549.5164055,149692,1496.92
1001,549.600896165758,149007,1490.07
1002,549.685386829794,148493,1484.93
1003,549.769877492355,146818,1468.18
1004,549.854368153685,146381,1463.81
1005,549.938858814029,163417,1634.17
1006,550.023349473633,170987,1709.87
1007,550.107840132742,166127,1661.27
1008,550.1923307916,160336,1603.36
1009,550.276821450453,154250,1542.5
1010,550.361312109546,150869,1508.69
1011,550.445802769124,152544,1525.44
1012,550.530293429432,152784,1527.84
1013,550.614784090716,150473,1504.73
1014,550.69927475322,149152,1491.52
1015,550.78376541719,148788,1487.88
1016,550.868256082871,148486,1484.86
1017,550.952746750508,149043,1490.43
1018,551.037237420346,152447,1524.47
1019,551.12172809263,153961,1539.61
1020,551.206218767606,152672,1526.72
1021,551.290709445518,151502,1515.02
1022,551.375200126611,150967,1509.67
1023,551.459690811131,154608,1546.08
1024,551.544181499323,155398,1553.98
1025,551.628672191433,153263,1532.63
1026,551.713162887704,152002,1520.02
1027,551.797653588383,151343,1513.43
1028,551.882144293714,151030,1510.3
1029,551.966635003943,151311,1513.11
1030,552.051125719314,155060,1550.6
1031,552.135616440073,161558,1615.58
1032,552.220107166465,161106,1611.06
1033,552.304597898735,159691,1596.91
1034,552.389088637129,158606,1586.06
1035,552.473579381891,176517,1765.17
1036,552.558070133266,180508,1805.08
1037,552.6425608915,169105,1691.05
1038,552.727051656838,163085,1630.85
1039,552.811542429524,183849,1838.49
1040,552.896033209805,187929,1879.29
1041,552.980523997925,177595,1775.95
1042,553.065014794129,170407,1704.07
1043,553.149505598662,163868,1638.68
1044,553.23399641177,160313,1603.13
1045,553.318487233698,161232,1612.32
1046,553.402978064691,173664,1736.64
1047,553.487468904993,185548,1855.48
1048,553.571959754851,180511,1805.11
1049,553.656450614509,169718,1697.18
1050,553.740941484213,163065,1630.65
1051,553.825432364206,165881,1658.81
1052,553.909923254736,166076,1660.76
1053,553.994414156046,167964,1679.64
1054,554.078905068382,167021,1670.21
1055,554.16339599199,162013,1620.13
1056,554.247886927113,159984,1599.84
1057,554.332377873998,180713,1807.13
1058,554.416868832889,185904,1859.04
1059,554.501359804032,173794,1737.94
1060,554.585850787671,167090,1670.9
1061,554.670341784053,163144,1631.44
1062,554.754832793421,160824,1608.24
1063,554.839323816021,159671,1596.71
1064,554.923814852099,158895,1588.95
1065,555.008305901899,158910,1589.1
1066,555.092796965667,166361,1663.61
1067,555.177288043647,168021,1680.21
1068,555.261779136085,189201,1892.01
1069,555.346270243226,194488,1944.88
1070,555.430761365315,183650,1836.5
1071,555.515252502597,179010,1790.1
1072,555.599743655318,174020,1740.2
1073,555.684234823722,168757,1687.57
1074,555.768726008055,168737,1687.37
1075,555.853217208561,171051,1710.51
1076,555.937708425486,168329,1683.29
1077,556.022199659075,187877,1878.77
1078,556.106690909574,192733,1927.33
1079,556.191182177226,182623,1826.23
1080,556.275673462278,175366,1753.66
1081,556.360164764975,172313,1723.13
1082,556.444656085561,174658,1746.58
1083,556.529147424282,172514,1725.14
1084,556.613638781383,168844,1688.44
1085,556.698130157109,166619,1666.19
1086,556.782621551706,168379,1683.79
1087,556.867112965417,168494,1684.94
1088,556.951604398489,171197,1711.97
1089,557.036095851167,177829,1778.29
1090,557.120587323695,176043,1760.43
1091,557.20507881632,170348,1703.48
1092,557.289570329285,167014,1670.14
1093,557.374061862836,168701,1687.01
1094,557.458553417219,169765,1697.65
1095,557.543044992678,170507,1705.07
1096,557.627536589459,169964,1699.64
1097,557.712028207806,171256,1712.56
1098,557.796519847966,170289,1702.89
1099,557.881011510182,173678,1736.78
1100,557.9655031947,177456,1774.56
1101,558.049994901765,174357,1743.57
1102,558.134486631623,170044,1700.44
1103,558.218978384519,167179,1671.79
1104,558.303470160697,168873,1688.73
1105,558.387961960402,168752,1687.52
1106,558.472453783881,168772,1687.72
1107,558.556945631378,169456,1694.56
1108,558.641437503137,196404,1964.04
1109,558.725929399405,211955,2119.55
1110,558.810421320427,198644,1986.44
1111,558.894913266447,184298,1842.98
1112,558.97940523771,176685,1766.85
1113,559.063897234463,175519,1755.19
1114,559.14838925695,177155,1771.55
1115,559.232881305415,174753,1747.53
1116,559.317373380105,171059,1710.59
1117,559.401865481264,172679,1726.79
1118,559.486357609138,172886,1728.86
1119,559.570849763971,170473,1704.73
1120,559.65534194601,169553,1695.53
1121,559.739834155498,172726,1727.26
1122,559.824326392681,173236,1732.36
1123,559.908818657804,174175,1741.75
1124,559.993310951113,173699,1736.99
1125,560.077803272852,171253,1712.53
1126,560.162295623266,169976,1699.76
1127,560.246788002602,168836,1688.36
1128,560.331280411103,171687,1716.87
1129,560.415772849015,175951,1759.51
1130,560.500265316583,178601,1786.01
1131,560.584757814052,182930,1829.3
1132,560.669250341668,181115,1811.15
1133,560.753742899676,175448,1754.48
1134,560.83823548832,175507,1755.07
1135,560.922728107845,174865,1748.65
1136,561.007220758498,172749,1727.49
1137,561.091713440523,171646,1716.46
1138,561.176206154165,170961,1709.61
1139,561.260698899669,171230,1712.3
1140,561.345191677281,171329,1713.29
1141,561.429684487245,171081,1710.81
1142,561.514177329807,171581,1715.81
1143,561.598670205212,171999,1719.99
1144,561.683163113705,172733,1727.33
1145,561.767656055531,172805,1728.05
1146,561.852149030935,175144,1751.44
1147,561.936642040163,179181,1791.81
1148,562.021135083459,178257,1782.57
1149,562.105628161069,175754,1757.54
1150,562.190121273237,177650,1776.5
1151,562.27461442021,177394,1773.94
1152,562.359107602232,185597,1855.97
1153,562.443600819547,186455,1864.55
1154,562.528094072403,183003,1830.03
1155,562.612587361042,188586,1885.86
1156,562.697080685712,190330,1903.3
1157,562.781574046656,187709,1877.09
1158,562.866067444119,201126,2011.26
1159,562.950560878348,201237,2012.37
1160,563.035054349587,188979,1889.79
1161,563.119547858082,184945,1849.45
1162,563.204041404076,182065,1820.65
1163,563.288534987816,179137,1791.37
1164,563.373028609547,176592,1765.92
1165,563.457522269514,174691,1746.91
1166,563.542015967961,173588,1735.88
1167,563.626509705135,176335,1763.35
1168,563.71100348128,180495,1804.95
1169,563.795497296641,179355,1793.55
1170,563.879991151464,176301,1763.01
1171,563.964485045993,174946,1749.46
1172,564.048978980475,174492,1744.92
1173,564.133472955153,174922,1749.22
1174,564.217966970273,175148,1751.48
1175,564.30246102608,178481,1784.81
1176,564.386955122819,182338,1823.38
1177,564.471449260736,184310,1843.1
1178,564.555943440075,181721,1817.21
1179,564.640437661083,177787,1777.87
1180,564.724931924002,245468,2454.68
1181,564.80942622908,267656,2676.56
1182,564.893920576561,230990,2309.9
1183,564.97841496669,210507,2105.07
1184,565.062909399713,197953,1979.53
1185,565.147403875874,198410,1984.1
1186,565.231898395419,195268,1952.68
1187,565.316392958592,186154,1861.54
1188,565.400887565639,180835,1808.35
1189,565.485382216806,178030,1780.3
1190,565.569876912336,176427,1764.27
1191,565.654371652476,175702,1757.02
1192,565.73886643747,178391,1783.91
1193,565.823361267564,179644,1796.44
1194,565.907856143003,197580,1975.8
1195,565.992351064031,202434,2024.34
1196,566.076846030894,192008,1920.08
1197,566.161341043838,185523,1855.23
1198,566.245836103106,181383,1813.83
1199,566.330331208945,179567,1795.67
1200,566.4148263616,179008,1790.08
1201,566.499321561315,181707,1817.07
1202,566.583816808336,182191,1821.91
1203,566.668312102908,183478,1834.78
1204,566.752807445276,183095,1830.95
1205,566.837302835685,182557,1825.57
1206,566.92179827438,183995,1839.95
1207,567.006293761607,183391,1833.91
1208,567.090789297611,181922,1819.22
1209,567.175284882636,185728,1857.28
1210,567.259780516928,186432,1864.32
1211,567.344276200732,183496,1834.96
1212,567.428771934293,182087,1820.87
1213,567.513267717856,184063,1840.63
1214,567.597763551667,184080,1840.8
1215,567.68225943597,181876,1818.76
1216,567.766755371011,200689,2006.89
1217,567.851251357034,205854,2058.54
1218,567.935747394286,194477,1944.77
1219,568.020243483011,194180,1941.8
1220,568.104739623454,192012,1920.12
1221,568.18923581586,208512,2085.12
1222,568.273732060474,211392,2113.92
1223,568.358228357543,197264,1972.64
1224,568.442724707309,188962,1889.62
1225,568.52722111002,184503,1845.03
1226,568.61171756592,181933,1819.33
1227,568.696214075254,180963,1809.63
1228,568.780710638267,180018,1800.18
1229,568.865207255205,179724,1797.24
1230,568.949703926312,180015,1800.15
1231,569.034200651834,183186,1831.86
1232,569.118697432015,183974,1839.74
1233,569.203194267102,182229,1822.29
1234,569.287691157338,184299,1842.99
1235,569.37218810297,189894,1898.94
1236,569.456685104242,199332,1993.32
1237,569.5411821614,198682,1986.82
1238,569.625679274688,191656,1916.56
1239,569.710176444352,190573,1905.73
1240,569.794673670637,188298,1882.98
1241,569.879170953788,184326,1843.26
1242,569.96366829405,185494,1854.94
1243,570.048165691668,192199,1921.99
1244,570.132663146887,191981,1919.81
1245,570.217160659954,193783,1937.83
1246,570.301658231112,192668,1926.68
1247,570.386155860606,187924,1879.24
1248,570.470653548683,185428,1854.28
1249,570.555151295587,183629,1836.29
1250,570.639649101562,182582,1825.82
1251,570.724146966856,182265,1822.65
1252,570.808644891712,185367,1853.67
1253,570.893142876375,190322,1903.22
1254,570.977640921091,190778,1907.78
1255,571.062139026105,190725,1907.25
1256,571.146637191662,207531,2075.31
1257,571.231135418007,210313,2103.13
1258,571.315633705386,199323,1993.23
1259,571.400132054043,195591,1955.91
1260,571.484630464223,195701,1957.01
1261,571.569128936172,192415,1924.15
1262,571.653627470135,187560,1875.6
1263,571.738126066357,191535,1915.35
1264,571.822624725083,195288,1952.88
1265,571.907123446559,191352,1913.52
1266,571.991622231028,193468,1934.68
1267,572.076121078737,198493,1984.93
1268,572.160619989931,195546,1955.46
1269,572.245118964855,192464,1924.64
1270,572.329618003753,189215,1892.15
1271,572.414117106872,188969,1889.69
1272,572.498616274455,193413,1934.13
1273,572.583115506749,190928,1909.28
1274,572.667614803999,184616,1846.16
1275,572.752114166448,181047,1810.47
1276,572.836613594344,179545,1795.45
1277,572.921113087931,179101,1791.01
1278,573.005612647453,178308,1783.08
1279,573.090112273157,177829,1778.29
1280,573.174611965286,181405,1814.05
1281,573.259111724088,188442,1884.42
1282,573.343611549805,195719,1957.19
1283,573.428111442685,218577,2185.77
1284,573.512611402971,222230,2222.3
1285,573.597111430909,248667,2486.67
1286,573.681611526744,251518,2515.18
1287,573.766111690721,232017,2320.17
1288,573.850611923086,215508,2155.08
1289,573.935112224083,199602,1996.02
1290,574.019612593957,190714,1907.14
1291,574.104113032955,186662,1866.62
1292,574.18861354132,187546,1875.46
1293,574.273114119298,186884,1868.84
1294,574.357614767134,187251,1872.51
1295,574.442115485074,185843,1858.43
1296,574.526616273362,229313,2293.13
1297,574.611117132243,240797,2407.97
1298,574.695618061963,230542,2305.42
1299,574.780119062767,222849,2228.49
1300,574.8646201349,207361,2073.61
1301,574.949121278607,199044,1990.44
1302,575.033622494133,195368,1953.68
1303,575.118123781723,193714,1937.14
1304,575.202625141623,189629,1896.29
1305,575.287126574078,184685,1846.85
1306,575.371628079332,181977,1819.77
1307,575.456129657631,180773,1807.73
1308,575.54063130922,180123,1801.23
1309,575.625133034344,182892,1828.92
1310,575.709634833249,189337,1893.37
1311,575.794136706179,188749,1887.49
1312,575.878638653379,184101,1841.01
1313,575.963140675095,180980,1809.8
1314,576.047642771572,179172,1791.72
1315,576.132144943055,178722,1787.22
1316,576.216647189789,182719,1827.19
1317,576.301149512019,183527,1835.27
1318,576.38565190999,181031,1810.31
1319,576.470154383948,179511,1795.11
1320,576.554656934138,179016,1790.16
1321,576.639159560804,182680,1826.8
1322,576.723662264192,184024,1840.24
1323,576.808165044547,211741,2117.41
1324,576.892667902114,221453,2214.53
1325,576.977170837139,205150,2051.5
1326,577.061673849866,192765,1927.65
1327,577.146176940541,185804,1858.04
1328,577.230680109408,182382,1823.82
1329,577.315183356713,180908,1809.08
1330,577.399686682701,182899,1828.99
1331,577.484190087617,205400,2054
1332,577.568693571706,208961,2089.61
1333,577.653197135214,195265,1952.65
1334,577.737700778385,190677,1906.77
1335,577.822204501465,186565,1865.65
1336,577.906708304698,181639,1816.39
1337,577.991212188331,210825,2108.25
1338,578.075716152607,217625,2176.25
1339,578.160220197773,203083,2030.83
1340,578.244724324073,193771,1937.71
1341,578.329228531752,192706,1927.06
1342,578.413732821056,193525,1935.25
1343,578.49823719223,187709,1877.09
1344,578.582741645518,181714,1817.14
1345,578.667246181166,181284,1812.84
1346,578.75175079942,180377,1803.77
1347,578.836255500524,180756,1807.56
1348,578.920760284723,187336,1873.36
1349,579.005265152262,186966,1869.66
1350,579.089770103388,181753,1817.53
1351,579.174275138344,178236,1782.36
1352,579.258780257375,175855,1758.55
1353,579.343285460728,174705,1747.05
1354,579.427790748647,173990,1739.9
1355,579.512296121378,173281,1732.81
1356,579.596801579165,172782,1727.82
1357,579.681307122253,173526,1735.26
1358,579.765812750888,173302,1733.02
1359,579.850318465315,172291,1722.91
1360,579.934824265779,172142,1721.42
1361,580.019330152525,172015,1720.15
1362,580.103836125799,189604,1896.04
1363,580.188342185844,194472,1944.72
1364,580.272848332908,187738,1877.38
1365,580.357354567233,182791,1827.91
1366,580.441860889067,177914,1779.14
1367,580.526367298654,175262,1752.62
1368,580.610873796238,180004,1800.04
1369,580.695380382066,180173,1801.73
1370,580.779887056382,175844,1758.44
1371,580.864393819432,177601,1776.01
1372,580.94890067146,177561,1775.61
1373,581.033407612712,174066,1740.66
1374,581.117914643433,172189,1721.89
1375,581.202421763867,171212,1712.12
1376,581.286928974261,170787,1707.87
1377,581.371436274859,173073,1730.73
1378,581.455943665907,173570,1735.7
1379,581.540451147649,174881,1748.81
1380,581.62495872033,173947,1739.47
1381,581.709466384197,171325,1713.25
1382,581.793974139493,170372,1703.72
1383,581.878481986465,176144,1761.44
1384,581.962989925357,176917,1769.17
1385,582.047497956414,179778,1797.78
1386,582.132006079881,182480,1824.8
1387,582.216514296004,178338,1783.38
1388,582.301022605028,173749,1737.49
1389,582.385531007198,180069,1800.69
1390,582.470039502758,181188,1811.88
1391,582.554548091955,175562,1755.62
1392,582.639056775033,172201,1722.01
1393,582.723565552238,169757,1697.57
1394,582.808074423814,168635,1686.35
1395,582.892583390007,167917,1679.17
1396,582.977092451061,174241,1742.41
1397,583.061601607223,175964,1759.64
1398,583.146110858736,173540,1735.4
1399,583.230620205847,173061,1730.61
1400,583.3151296488,171140,1711.4
1401,583.399639187841,172001,1720.01
1402,583.484148823214,171411,1714.11
1403,583.568658555165,168900,1689
1404,583.653168383939,167671,1676.71
1405,583.73767830978,173019,1730.19
1406,583.822188332935,174510,1745.1
1407,583.906698453649,174073,1740.73
1408,583.991208672165,172735,1727.35
1409,584.075718988731,169385,1693.85
1410,584.16022940359,170261,1702.61
1411,584.244739916987,170019,1700.19
1412,584.329250529169,167408,1674.08
1413,584.41376124038,165625,1656.25
1414,584.498272050865,164515,1645.15
1415,584.58278296087,164278,1642.78
1416,584.667293970638,172824,1728.24
1417,584.751805080417,182032,1820.32
1418,584.83631629045,179503,1795.03
1419,584.920827600983,172903,1729.03
1420,585.005339012262,169047,1690.47
1421,585.08985052453,169485,1694.85
1422,585.174362138034,171770,1717.7
1423,585.258873853018,173040,1730.4
1424,585.343385669727,170709,1707.09
1425,585.427897588408,166968,1669.68
1426,585.512409609304,164497,1644.97
1427,585.596921732661,163352,1633.52
1428,585.681433958724,165404,1654.04
1429,585.765946287739,165916,1659.16
1430,585.85045871995,167894,1678.94
1431,585.934971255602,171577,1715.77
1432,586.019483894941,177027,1770.27
1433,586.103996638212,178438,1784.38
1434,586.18850948566,173111,1731.11
1435,586.27302243753,168461,1684.61
1436,586.357535494067,165628,1656.28
1437,586.442048655516,186756,1867.56
1438,586.526561922122,211580,2115.8
1439,586.611075294132,204264,2042.64
1440,586.695588771789,186208,1862.08
1441,586.780102355339,175975,1759.75
1442,586.864616045027,173327,1733.27
1443,586.949129841097,170254,1702.54
1444,587.033643743797,165622,1656.22
1445,587.118157753369,162883,1628.83
1446,587.20267187006,161373,1613.73
1447,587.287186094115,160346,1603.46
1448,587.371700425779,160003,1600.03
1449,587.456214865296,159721,1597.21
1450,587.540729412912,159459,1594.59
1451,587.625244068873,159535,1595.35
1452,587.709758833423,162282,1622.82
1453,587.794273706808,163001,1630.01
1454,587.878788689272,161530,1615.3
1455,587.963303781061,160199,1601.99
1456,588.047818982419,159440,1594.4
1457,588.132334293593,161732,1617.32
1458,588.216849714827,165859,1658.59
1459,588.301365246366,165061,1650.61
1460,588.385880888455,162223,1622.23
1461,588.47039664134,160325,1603.25
1462,588.554912505266,159001,1590.01
1463,588.639428480477,161687,1616.87
1464,588.72394456722,166821,1668.21
1465,588.808460765738,173252,1732.52
1466,588.892977076278,171533,1715.33
1467,588.977493499084,165460,1654.6
1468,589.062010034401,161161,1611.61
1469,589.146526682475,158456,1584.56
1470,589.231043443551,157442,1574.42
1471,589.315560317874,156349,1563.49
1472,589.400077305689,155624,1556.24
1473,589.48459440724,155664,1556.64
1474,589.569111622774,158677,1586.77
1475,589.653628952536,164540,1645.4
1476,589.73814639677,164513,1645.13
1477,589.822663955722,161068,1610.68
1478,589.907181629636,244243,2442.43
1479,589.991699418759,273318,2733.18
1480,590.076217323334,235699,2356.99
1481,590.160735343608,206826,2068.26
1482,590.245253479825,184509,1845.09
1483,590.329771732231,171249,1712.49
1484,590.41429010107,194582,1945.82
1485,590.498808586588,199142,1991.42
1486,590.58332718903,180488,1804.88
1487,590.667845908641,171604,1716.04
1488,590.752364745666,165561,1655.61
1489,590.83688370035,160492,1604.92
1490,590.921402772939,160856,1608.56
1491,591.005921963678,166541,1665.41
1492,591.090441272811,165490,1654.9
1493,591.174960700584,163392,1633.92
1494,591.259480247241,164079,1640.79
1495,591.343999913029,164505,1645.05
1496,591.428519698192,161533,1615.33
1497,591.513039602976,157711,1577.11
1498,591.597559627625,156151,1561.51
1499,591.682079772385,155098,1550.98
1500,591.7666000375,153844,1538.44
1501,591.851120423216,153875,1538.75
1502,591.935640929779,153968,1539.68
1503,592.020161557432,155012,1550.12
1504,592.104682306422,154998,1549.98
1505,592.189203176993,153763,1537.63
1506,592.273724169391,152929,1529.29
1507,592.35824528386,152399,1523.99
1508,592.442766520647,152290,1522.9
1509,592.527287879995,156071,1560.71
1510,592.611809362151,157654,1576.54
1511,592.696330967358,182009,1820.09
1512,592.780852695863,187513,1875.13
1513,592.865374547911,172438,1724.38
1514,592.949896523746,163456,1634.56
1515,593.034418623614,158353,1583.53
1516,593.11894084776,190782,1907.82
1517,593.203463196429,198781,1987.81
1518,593.287985669866,179173,1791.73
1519,593.372508268317,167493,1674.93
1520,593.457030992026,161035,1610.35
1521,593.541553841238,157323,1573.23
1522,593.626076816199,155635,1556.35
1523,593.710599917154,154175,1541.75
1524,593.795123144348,152863,1528.63
1525,593.879646498027,151667,1516.67
1526,593.964169978434,157818,1578.18
1527,594.048693585816,159765,1597.65
1528,594.133217320417,155853,1558.53
1529,594.217741182483,156461,1564.61
1530,594.302265172259,155806,1558.06
1531,594.38678928999,156296,1562.96
1532,594.47131353592,155587,1555.87
1533,594.555837910296,155944,1559.44
1534,594.640362413363,155134,1551.34
1535,594.724887045364,172959,1729.59
1536,594.809411806547,177254,1772.54
1537,594.893936697155,165288,1652.88
1538,594.978461717434,164485,1644.85
1539,595.062986867629,162077,1620.77
1540,595.147512147985,157081,1570.81
1541,595.232037558747,161024,1610.24
1542,595.316563100161,167235,1672.35
1543,595.401088772471,164455,1644.55
1544,595.485614575923,158163,1581.63
1545,595.570140510762,154307,1543.07
1546,595.654666577233,152048,1520.48
1547,595.73919277558,153922,1539.22
1548,595.82371910605,155452,1554.52
1549,595.908245568888,153710,1537.1
1550,595.992772164338,158155,1581.55
1551,596.077298892645,166129,1661.29
1552,596.161825754055,163696,1636.96
1553,596.246352748813,156663,1566.63
1554,596.330879877164,153113,1531.13
1555,596.415407139353,165424,1654.24
1556,596.499934535626,168397,1683.97
1557,596.584462066227,161318,1613.18
1558,596.668989731401,159963,1599.63
1559,596.753517531394,160451,1604.51
1560,596.838045466451,160430,1604.3
1561,596.922573536817,157115,1571.15
1562,597.007101742737,153241,1532.41
1563,597.091630084456,180784,1807.84
1564,597.17615856222,202307,2023.07
1565,597.260687176273,190735,1907.35
1566,597.345215926861,176473,1764.73
1567,597.429744814228,172579,1725.79
1568,597.51427383862,165938,1659.38
1569,597.598803000283,157816,1578.16
1570,597.68333229946,159691,1596.91
1571,597.767861736398,158632,1586.32
1572,597.852391311341,159803,1598.03
1573,597.936921024535,158643,1586.43
1574,598.021450876224,156731,1567.31
1575,598.105980866655,157798,1577.98
1576,598.190510996071,155136,1551.36
1577,598.275041264718,154722,1547.22
1578,598.359571672842,156458,1564.58
1579,598.444102220687,158369,1583.69
1580,598.528632908498,156235,1562.35
1581,598.613163736522,155033,1550.33
1582,598.697694705001,161057,1610.57
1583,598.782225814183,162641,1626.41
1584,598.866757064312,160377,1603.77
1585,598.951288455633,156007,1560.07
1586,599.035819988391,154510,1545.1
1587,599.120351662832,156609,1566.09
1588,599.2048834792,154271,1542.71
1589,599.289415437741,149911,1499.11
1590,599.3739475387,148075,1480.75
1591,599.458479782322,150944,1509.44
1592,599.543012168852,154421,1544.21
1593,599.627544698535,156078,1560.78
1594,599.712077371617,153634,1536.34
1595,599.796610188342,150394,1503.94
1596,599.881143148956,152026,1520.26
1597,599.965676253703,154604,1546.04
1598,600.05020950283,152817,1528.17
1599,600.13474289658,149324,1493.24
1600,600.2192764352,147264,1472.64
1601,600.303810118934,149384,1493.84
1602,600.388343948028,149655,1496.55
1603,600.472877922726,147275,1472.75
1604,600.557412043273,148971,1489.71
1605,600.641946309916,149188,1491.88
1606,600.726480722899,147468,1474.68
1607,600.811015282466,146196,1461.96
1608,600.895549988864,145413,1454.13
1609,600.980084842338,144366,1443.66
1610,601.064619843132,146277,1462.77
1611,601.149154991491,147281,1472.81
1612,601.233690287662,149827,1498.27
1613,601.318225731888,150152,1501.52
1614,601.402761324415,147575,1475.75
1615,601.487297065489,148968,1489.68
1616,601.571832955354,149352,1493.52
1617,601.656368994255,150764,1507.64
1618,601.740905182438,149812,1498.12
1619,601.825441520148,146825,1468.25
1620,601.90997800763,149272,1492.72
1621,601.994514645128,152481,1524.81
1622,602.079051432889,153197,1531.97
1623,602.163588371157,151181,1511.81
1624,602.248125460177,150905,1509.05
1625,602.332662700195,150124,1501.24
1626,602.417200091456,150927,1509.27
1627,602.501737634204,149645,1496.45
1628,602.586275328686,146561,1465.61
1629,602.670813175145,144903,1449.03
1630,602.755351173828,153493,1534.93
1631,602.839889324979,155585,1555.85
1632,602.924427628843,153403,1534.03
1633,603.008966085667,153898,1538.98
1634,603.093504695693,150925,1509.25
1635,603.178043459169,146808,1468.08
1636,603.262582376339,148635,1486.35
1637,603.347121447448,151118,1511.18
1638,603.431660672741,150357,1503.57
1639,603.516200052464,147667,1476.67
1640,603.600739586861,145194,1451.94
1641,603.685279276178,143895,1438.95
1642,603.769819120659,144275,1442.75
1643,603.854359120551,144098,1440.98
1644,603.938899276098,147162,1471.62
1645,604.023439587545,151138,1511.38
1646,604.107980055137,149894,1498.94
1647,604.19252067912,149491,1494.91
1648,604.277061459738,150919,1509.19
1649,604.361602397237,148655,1486.55
1650,604.446143491862,144960,1449.6
1651,604.530684743859,156994,1569.94
1652,604.615226153471,171341,1713.41
1653,604.699767720944,169705,1697.05
1654,604.784309446525,160414,1604.14
1655,604.868851330456,155680,1556.8
1656,604.953393372984,159018,1590.18
1657,605.037935574354,162525,1625.25
1658,605.122477934812,157592,1575.92
1659,605.207020454601,172905,1729.05
1660,605.291563133967,175113,1751.13
1661,605.376105973156,161731,1617.31
1662,605.460648972412,153418,1534.18
1663,605.545192131981,147530,1475.3
1664,605.629735452108,144409,1444.09
1665,605.714278933038,142838,1428.38
1666,605.798822575015,148946,1489.46
1667,605.883366378286,150610,1506.1
1668,605.967910343095,146387,1463.87
1669,606.052454469688,143472,1434.72
1670,606.136998758309,142293,1422.93
1671,606.221543209204,145624,1456.24
1672,606.306087822618,146423,1464.23
1673,606.390632598795,144247,1442.47
1674,606.475177537982,146141,1461.41
1675,606.559722640423,149246,1492.46
1676,606.644267906364,150573,1505.73
1677,606.728813336049,151473,1514.73
1678,606.813358929724,148720,1487.2
1679,606.897904687633,144656,1446.56
1680,606.982450610022,142509,1425.09
1681,607.066996697137,141207,1412.07
1682,607.151542949221,143739,1437.39
1683,607.236089366521,147154,1471.54
1684,607.320635949282,146084,1460.84
1685,607.405182697748,143697,1436.97
1686,607.489729612165,146283,1462.83
1687,607.574276692777,146604,1466.04
1688,607.658823939831,143833,1438.33
1689,607.74337135357,145482,1454.82
1690,607.827918934241,148535,1485.35
1691,607.912466682089,146985,1469.85
1692,607.997014597358,143740,1437.4
1693,608.081562680293,152319,1523.19
1694,608.16611093114,154185,1541.85
1695,608.250659350145,151222,1512.22
1696,608.335207937551,151532,1515.32
1697,608.419756693605,151142,1511.42
1698,608.504305618551,147498,1474.98
1699,608.588854712634,147378,1473.78
1700,608.6734039761,146632,1466.32
1701,608.757953409194,154003,1540.03
1702,608.84250301216,158885,1588.85
1703,608.927052785245,153378,1533.78
1704,609.011602728693,148412,1484.12
1705,609.096152842749,145137,1451.37
1706,609.180703127658,142431,1424.31
1707,609.265253583666,140869,1408.69
1708,609.349804211018,140249,1402.49
1709,609.434355009958,143038,1430.38
1710,609.518905980733,143346,1433.46
1711,609.603457123586,147928,1479.28
1712,609.688008438764,181031,1810.31
1713,609.772559926511,185576,1855.76
1714,609.857111587073,165313,1653.13
1715,609.941663420694,153606,1536.06
1716,610.02621542762,147097,1470.97
1717,610.110767608096,147218,1472.18
1718,610.195319962366,145871,1458.71
1719,610.279872490677,142380,1423.8
1720,610.364425193274,140255,1402.55
1721,610.4489780704,139081,1390.81
1722,610.533531122303,138532,1385.32
1723,610.618084349226,139318,1393.18
1724,610.702637751414,142853,1428.53
1725,610.787191329114,146160,1461.6
1726,610.87174508257,144657,1446.57
1727,610.956299012027,148503,1485.03
1728,611.04085311773,148728,1487.28
1729,611.125407399925,144276,1442.76
1730,611.209961858857,141470,1414.7
1731,611.29451649477,164070,1640.7
1732,611.37907130791,177622,1776.22
1733,611.463626298523,165973,1659.73
1734,611.548181466852,156842,1568.42
1735,611.632736813144,157625,1576.25
1736,611.717292337643,154352,1543.52
1737,611.801848040595,147632,1476.32
1738,611.886403922244,143972,1439.72
1739,611.970959982837,144706,1447.06
1740,612.055516222617,146317,1463.17
1741,612.14007264183,148036,1480.36
1742,612.224629240722,149357,1493.57
1743,612.309186019537,147709,1477.09
1744,612.39374297852,158473,1584.73
1745,612.478300117917,160683,1606.83
1746,612.562857437973,168263,1682.63
1747,612.647414938933,169715,1697.15
1748,612.731972621042,157904,1579.04
1749,612.816530484545,148137,1481.37
1750,612.901088529688,159607,1596.07
1751,612.985646756714,161211,1612.11
1752,613.070205165871,153159,1531.59
1753,613.154763757402,147396,1473.96
1754,613.239322531553,142161,1421.61
1755,613.323881488569,142265,1422.65
1756,613.408440628695,140663,1406.63
1757,613.492999952176,137593,1375.93
1758,613.577559459258,139310,1393.1
1759,613.662119150185,141927,1419.27
1760,613.746679025203,140123,1401.23
1761,613.831239084557,137057,1370.57
1762,613.915799328492,138463,1384.63
1763,614.000359757252,138129,1381.29
1764,614.084920371084,135890,1358.9
1765,614.169481170232,134786,1347.86
1766,614.254042154942,134434,1344.34
1767,614.338603325458,133679,1336.79
1768,614.423164682026,136222,1362.22
1769,614.507726224891,139641,1396.41
1770,614.592287954298,138087,1380.87
1771,614.676849870492,152976,1529.76
1772,614.761411973718,155983,1559.83
1773,614.845974264222,144870,1448.7
1774,614.930536742248,138743,1387.43
1775,615.015099408042,138974,1389.74
1776,615.099662261849,137898,1378.98
1777,615.184225303914,134788,1347.88
1778,615.268788534481,136269,1362.69
1779,615.353351953797,135816,1358.16
1780,615.437915562106,139840,1398.4
1781,615.522479359654,140734,1407.34
1782,615.607043346685,136301,1363.01
1783,615.691607523446,150097,1500.97
1784,615.776171890179,152931,1529.31
1785,615.860736447132,142918,1429.18
1786,615.94530119455,137033,1370.33
1787,616.029866132676,136727,1367.27
1788,616.114431261757,136086,1360.86
1789,616.198996582037,137245,1372.45
1790,616.283562093762,139286,1392.86
1791,616.368127797177,140458,1404.58
1792,616.452693692527,138072,1380.72
1793,616.537259780057,133955,1339.55
1794,616.621826060012,134975,1349.75
1795,616.706392532638,138332,1383.32
1796,616.790959198179,136929,1369.29
1797,616.87552605688,133387,1333.87
1798,616.960093108988,153017,1530.17
1799,617.044660354746,157826,1578.26
1800,617.1292277944,154030,1540.3
1801,617.213795428195,157728,1577.28
1802,617.298363256377,151693,1516.93
1803,617.38293127919,141869,1418.69
1804,617.46749949688,135722,1357.22
1805,617.552067909691,132182,1321.82
1806,617.63663651787,130141,1301.41
1807,617.72120532166,539964,5399.64
1808,617.805774321307,661403,6614.03
1809,617.890343517057,441506,4415.06
1810,617.974912909154,308110,3081.1
1811,618.059482497843,231440,2314.4
1812,618.14405228337,188461,1884.61
1813,618.22862226598,163619,1636.19
1814,618.313192445918,148939,1489.39
1815,618.397762823429,155916,1559.16
1816,618.482333398757,159647,1596.47
1817,618.56690417215,150836,1508.36
1818,618.65147514385,146752,1467.52
1819,618.736046314105,143003,1430.03
1820,618.820617683158,138766,1387.66
1821,618.905189251254,136849,1368.49
1822,618.98976101864,136109,1361.09
1823,619.07433298556,135025,1350.25
1824,619.158905152259,138891,1388.91
1825,619.243477518983,161932,1619.32
1826,619.328050085976,164925,1649.25
1827,619.412622853484,154638,1546.38
1828,619.497195821751,151107,1511.07
1829,619.581768991023,153369,1533.69
1830,619.666342361546,149648,1496.48
1831,619.750915933564,142440,1424.4
1832,619.835489707321,138447,1384.47
1833,619.920063683065,142844,1428.44
1834,620.004637861039,146402,1464.02
1835,620.089212241489,142824,1428.24
1836,620.173786824659,138466,1384.66
1837,620.258361610796,137133,1371.33
1838,620.342936600144,136109,1361.09
1839,620.427511792947,135480,1354.8
1840,620.512087189453,141547,1415.47
1841,620.596662789905,170278,1702.78
1842,620.681238594548,183907,1839.07
1843,620.765814603629,170145,1701.45
1844,620.850390817391,154930,1549.3
1845,620.93496723608,148789,1487.89
1846,621.019543859942,150954,1509.54
1847,621.104120689221,148273,1482.73
1848,621.188697724162,143998,1439.98
1849,621.273274965011,140962,1409.62
1850,621.357852412012,137567,1375.67
1851,621.442430065412,136581,1365.81
1852,621.527007925454,135473,1354.73
1853,621.611585992385,137235,1372.35
1854,621.696164266449,138436,1384.36
1855,621.780742747892,136427,1364.27
1856,621.865321436958,134389,1343.89
1857,621.949900333892,133624,1336.24
1858,622.03447943894,136320,1363.2
1859,622.119058752348,136540,1365.4
1860,622.203638274359,134289,1342.89
1861,622.28821800522,136769,1367.69
1862,622.372797945175,137295,1372.95
1863,622.457378094469,135015,1350.15
1864,622.541958453348,132985,1329.85
1865,622.626539022057,133015,1330.15
1866,622.711119800841,132978,1329.78
1867,622.795700789945,131847,1318.47
1868,622.880281989613,143534,1435.34
1869,622.964863400093,145970,1459.7
1870,623.049445021627,138126,1381.26
1871,623.134026854462,133764,1337.64
1872,623.218608898843,131119,1311.19
1873,623.303191155015,133177,1331.77
1874,623.387773623222,133960,1339.6
1875,623.472356303711,135298,1352.98
1876,623.556939196726,137453,1374.53
1877,623.641522302512,134882,1348.82
1878,623.726105621315,130631,1306.31
1879,623.810689153379,131361,1313.61
1880,623.89527289895,130823,1308.23
1881,623.979856858273,131482,1314.82
1882,624.064441031593,136622,1366.22
1883,624.149025419156,138842,1388.42
1884,624.233610021205,141172,1411.72
1885,624.318194837987,141032,1410.32
1886,624.402779869747,138807,1388.07
1887,624.487365116729,140036,1400.36
1888,624.571950579179,139440,1394.4
1889,624.656536257342,133916,1339.16
1890,624.741122151463,128697,1286.97
1891,624.825708261788,128646,1286.46
1892,624.91029458856,134579,1345.79
1893,624.994881132027,133735,1337.35
1894,625.079467892432,131510,1315.1
1895,625.16405487002,129089,1290.89
1896,625.248642065038,125609,1256.09
1897,625.33322947773,157508,1575.08
1898,625.41781710834,168895,1688.95
1899,625.502404957115,289735,2897.35
1900,625.5869930243,319583,3195.83
1901,625.671581310139,238379,2383.79
1902,625.756169814878,599068,5990.68
1903,625.840758538762,685501,6855.01
1904,625.925347482035,446782,4467.82
1905,626.009936644944,316626,3166.26
1906,626.094526027733,239093,2390.93
1907,626.179115630648,187467,1874.67
1908,626.263705453933,158440,1584.4
1909,626.348295497833,144994,1449.94
1910,626.432885762595,135740,1357.4
1911,626.517476248462,128065,1280.65
1912,626.60206695568,138099,1380.99
1913,626.686657884495,139549,1395.49
1914,626.771249035151,129784,1297.84
1915,626.855840407893,130629,1306.29
1916,626.940432002967,129006,1290.06
1917,627.025023820618,127961,1279.61
1918,627.10961586109,141868,1418.68
1919,627.19420812463,141677,1416.77
1920,627.278800611482,140910,1409.1
1921,627.363393321891,139634,1396.34
1922,627.447986256102,165809,1658.09
1923,627.532579414361,168836,1688.36
1924,627.617172796912,146499,1464.99
1925,627.701766404002,132990,1329.9
1926,627.786360235874,124967,1249.67
1927,627.870954292774,124018,1240.18
1928,627.955548574948,122391,1223.91
1929,628.04014308264,133383,1333.83
1930,628.124737816095,135489,1354.89
1931,628.209332775559,129672,1296.72
1932,628.293927961276,125364,1253.64
1933,628.378523373493,120268,1202.68
1934,628.463119012454,117068,1170.68
1935,628.547714878403,116012,1160.12
1936,628.632310971587,119312,1193.12
1937,628.716907292251,122630,1226.3
1938,628.801503840639,123885,1238.85
1939,628.886100616996,121116,1211.16
1940,628.970697621569,117498,1174.98
1941,629.055294854601,115566,1155.66
1942,629.139892316339,117812,1178.12
1943,629.224490007026,120866,1208.66
1944,629.309087926909,119544,1195.44
1945,629.393686076233,119808,1198.08
1946,629.478284455242,118446,1184.46
1947,629.562883064182,115076,1150.76
1948,629.647481903298,113461,1134.61
1949,629.732080972835,112811,1128.11
1950,629.816680273037,115252,1152.52
1951,629.901279804152,115230,1152.3
1952,629.985879566422,116283,1162.83
1953,630.070479560095,119755,1197.55
1954,630.155079785414,121007,1210.07
1955,630.239680242624,118512,1185.12
1956,630.324280931972,115033,1150.33
1957,630.408881853702,120772,1207.72
1958,630.493483008059,123747,1237.47
1959,630.578084395288,119173,1191.73
1960,630.662686015635,115027,1150.27
1961,630.747287869345,118406,1184.06
1962,630.831889956662,119096,1190.96
1963,630.916492277832,115237,1152.37
1964,631.001094833101,112352,1123.52
1965,631.085697622712,111121,1111.21
1966,631.170300646912,114212,1142.12
1967,631.254903905945,114864,1148.64
1968,631.339507400056,119168,1191.68
1969,631.424111129492,121842,1218.42
1970,631.508715094496,125848,1258.48
1971,631.593319295314,135032,1350.32
1972,631.677923732192,134380,1343.8
1973,631.762528405373,128296,1282.96
1974,631.847133315104,124211,1242.11
1975,631.93173846163,119009,1190.09
1976,632.016343845195,117493,1174.93
1977,632.100949466045,115396,1153.96
1978,632.185555324425,111665,1116.65
1979,632.270161420579,109810,1098.1
1980,632.354767754754,109266,1092.66
1981,632.439374327195,111383,1113.83
1982,632.523981138146,111573,1115.73
1983,632.608588187852,109554,1095.54
1984,632.693195476559,110064,1100.64
1985,632.777803004512,110144,1101.44
1986,632.862410771956,109894,1098.94
1987,632.947018779136,110254,1102.54
1988,633.031627026297,110695,1106.95
1989,633.116235513685,112947,1129.47
1990,633.200844241544,118910,1189.1
1991,633.28545321012,118265,1182.65
1992,633.370062419658,113197,1131.97
1993,633.454671870403,110521,1105.21
1994,633.539281562599,108924,1089.24
1995,633.623891496493,107892,1078.92
1996,633.708501672329,107202,1072.02
1997,633.793112090353,109689,1096.89
1998,633.877722750809,110033,1100.33
1999,633.962333653943,108243,1082.43
2000,634.0469448,106966,1069.66
2001,634.131556189225,106108,1061.08
2002,634.216167821863,108801,1088.01
2003,634.300779698159,109578,1095.78
2004,634.385391818359,107944,1079.44
2005,634.470004182707,106862,1068.62
2006,634.554616791449,105961,1059.61
2007,634.639229644829,108668,1086.68
2008,634.723842743094,125810,1258.1
2009,634.808456086488,131700,1317
2010,634.893069675256,122858,1228.58
2011,634.977683509643,118579,1185.79
2012,635.062297589895,118647,1186.47
2013,635.146911916256,118259,1182.59
2014,635.231526488972,114369,1143.69
2015,635.316141308288,279092,2790.92
2016,635.400756374449,323901,3239.01
2017,635.4853716877,238175,2381.75
2018,635.569987248286,188398,1883.98
2019,635.654603056453,154239,1542.39
2020,635.739219112446,133145,1331.45
2021,635.823835416509,122012,1220.12
2022,635.908451968888,121124,1211.24
2023,635.993068769827,138515,1385.15
2024,636.077685819573,137978,1379.78
2025,636.16230311837,145257,1452.57
2026,636.246920666464,142429,1424.29
2027,636.331538464099,246999,2469.99
2028,636.41615651152,271291,2712.91
2029,636.500774808974,200612,2006.12
2030,636.585393356704,158712,1587.12
2031,636.670012154956,158843,1588.43
2032,636.754631203976,155339,1553.39
2033,636.839250504007,135480,1354.8
2034,636.923870055296,121290,1212.9
2035,637.008489858088,115672,1156.72
2036,637.093109912628,112258,1122.58
2037,637.17773021916,108417,1084.17
2038,637.26235077793,105721,1057.21
2039,637.346971589183,113418,1134.18
2040,637.431592653165,119083,1190.83
2041,637.51621397012,114221,1142.21
2042,637.600835540293,111027,1110.27
2043,637.68545736393,110922,1109.22
2044,637.770079441276,111551,1115.51
2045,637.854701772576,109155,1091.55
2046,637.939324358074,105920,1059.2
2047,638.023947198017,103896,1038.96
