464.9839,49891
465.068515076491,49939
465.153129906126,50224
465.237744489151,50023
465.322358825812,49868
465.406972916352,49836
465.491586761018,49673
465.576200360054,49942
465.660813713705,50310
465.745426822218,50263
465.830039685836,50160
465.914652304805,50199
465.99926467937,50192
466.083876809776,50230
466.168488696269,50403
466.253100339093,194403
466.337711738494,235171
466.422322894716,158730
466.506933808006,113430
466.591544478607,87635
466.676154906766,72840
466.760765092726,64200
466.845375036735,62783
466.929984739036,61411
467.014594199874,58717
467.099203419495,56970
467.183812398145,55433
467.268421136067,54889
467.353029633508,85294
467.437637890711,95892
467.522245907924,83464
467.60685368539,73024
467.691461223355,64347
467.776068522063,60009
467.860675581761,57297
467.945282402693,60598
468.029888985104,67791
468.11449532924,66862
468.199101435345,64835
468.283707303665,62139
468.368312934445,58215
468.45291832793,59472
468.537523484364,62694
468.622128403994,86853
468.706733087065,97719
468.791337533821,84304
468.875941744507,71461
468.96054571937,64803
469.045149458653,61229
469.129752962602,58501
469.214356231462,56483
469.298959265479,55371
469.383562064897,54916
469.468164629962,54774
469.552766960919,57723
469.637369058012,62174
469.721970921487,61293
469.80657255159,59094
469.891173948565,60986
469.975775112657,60193
470.060376044111,57478
470.144976743173,56296
470.229577210088,58966
470.314177445101,59252
470.398777448457,60691
470.483377220402,85014
470.567976761179,92566
470.652576071035,80833
470.737175150215,70846
470.821773998963,63889
470.906372617525,62968
470.990971006146,61140
471.075569165072,92918
471.160167094546,101550
471.244764794815,85909
471.329362266123,75085
471.413959508717,69691
471.498556522839,72257
471.583153308737,72563
471.667749866655,69155
471.752346196838,68589
471.836942299532,68912
471.921538174981,72768
472.00613382343,70291
472.090729245126,63741
472.175324440312,59635
472.259919409234,60467
472.344514152137,59863
472.429108669267,57074
472.513702960868,56670
472.598297027185,58411
472.682890868465,58225
472.767484484951,56290
472.852077876889,54775
472.936671044524,57569
473.021263988101,58273
473.105856707865,57016
473.190449204062,62274
473.275041476937,78759
473.359633526735,85923
473.4442253537,76775
473.528816958078,69951
473.613408340115,68343
473.697999500055,64560
473.782590438143,60250
473.867181154625,57819
473.951771649745,60428
474.03636192375,60485
474.120951976883,58025
474.20554180939,56811
474.290131421517,55966
474.374720813508,59582
474.459309985608,60086
474.543898938063,57470
474.628487671118,56074
474.713076185018,55327
474.797664480008,58469
474.882252556332,90585
474.966840414238,100200
475.051428053968,118685
475.13601547577,116360
475.220602679887,90203
475.305189666564,74662
475.389776436048,65661
475.474362988583,60399
475.558949324414,57189
475.643535443787,55852
475.728121346946,55241
475.812707034136,54383
475.897292505604,78656
475.981877761593,90113
476.066462802349,81735
476.151047628118,75263
476.235632239144,68166
476.320216635672,61812
476.404800817948,61862
476.489384786216,61171
476.573968540723,63238
476.658552081712,84203
476.74313540943,86918
476.827718524121,73790
476.91230142603,65461
476.996884115403,63867
477.081466592484,61868
477.166048857519,58121
477.250630910753,60071
477.335212752432,60328
477.419794382799,57732
477.504375802101,59413
477.588957010582,60152
477.673538008487,58004
477.758118796063,102510
477.842699373553,114547
477.927279741204,89025
478.011859899259,73685
478.096439847965,64921
478.181019587566,60721
478.265599118308,58777
478.350178440435,56786
478.434757554193,55873
478.519336459827,68429
478.603915157582,71144
478.688493647704,63634
478.773071930436,124820
478.857650006026,140730
478.942227874716,105403
479.026805536754,96428
479.111382992383,89584
479.19596024185,79947
479.280537285398,71373
479.365114123274,63845
479.449690755722,59343
479.534267182988,56625
479.618843405317,55127
479.703419422953,57919
479.787995236142,62657
479.87257084513,61821
479.95714625016,58746
480.041721451479,56859
480.126296449331,56065
480.210871243962,58552
480.295445835617,59148
480.380020224541,60321
480.464594410979,59918
480.549168395175,61044
480.633742177377,60874
480.718315757827,58139
480.802889136772,56140
480.887462314457,55116
480.972035291127,54384
481.056608067026,58016
481.141180642401,71882
481.225753017496,73112
481.310325192556,64866
481.394897167827,63253
481.479468943554,61555
481.564040519981,58560
481.648611897354,56760
481.733183075918,55295
481.817754055918,58233
481.9023248376,58817
481.986895421208,59752
482.071465806988,95746
482.156035995184,103595
482.240605986042,86466
482.325175779807,75010
482.409745376725,66280
482.494314777039,60779
482.578883980996,57676
482.663452988841,56234
482.748021800818,55281
482.832590417173,54977
482.91715883815,58653
483.001727063996,62602
483.086295094955,61641
483.170862931273,58961
483.255430573193,57770
483.339998020963,60448
483.424565274826,61091
483.509132335028,58825
483.593699201814,56976
483.678265875429,59020
483.762832356118,59005
483.847398644127,56434
483.9319647397,58815
484.016530643083,71278
484.101096354521,72726
484.185661874258,65799
484.270227202541,60986
484.354792339614,57879
484.439357285722,56650
484.523922041111,59417
484.608486606025,62832
484.69305098071,61505
484.777615165411,60387
484.862179160373,62371
484.946742965841,60728
485.03130658206,60588
485.115870009276,63923
485.200433247733,62492
485.284996297677,58792
485.369559159353,82678
485.454121833005,92303
485.53868431888,78716
485.623246617222,69644
485.707808728276,63873
485.792370652288,59276
485.876932389502,60011
485.961493940164,59988
486.046055304519,57652
486.130616482813,56893
486.215177475289,56624
486.299738282193,62874
486.384298903771,64367
486.468859340268,60021
486.553419591928,56997
486.637979658997,56020
486.722539541719,55088
486.807099240341,57333
486.891658755108,58010
486.976218086263,55860
487.060777234053,54896
487.145336198723,54331
487.229894980517,53686
487.314453579682,54185
487.399011996461,54430
487.483570231101,53999
487.568128283845,53892
487.652686154941,53568
487.737243844632,53962
487.821801353163,58445
487.906358680781,59197
487.990915827729,56638
488.075472794253,55646
488.160029580599,60125
488.244586187011,61180
488.329142613735,58445
488.413698861015,63832
488.498254929097,64826
488.582810818225,64317
488.667366528646,63758
488.751922060605,60106
488.836477414345,57571
488.921032590113,56890
489.005587588153,58377
489.090142408711,88321
489.174697052032,98560
489.259251518361,85706
489.343805807943,74519
489.428359921024,65442
489.512913857847,60245
489.597467618659,57683
489.682021203705,68951
489.76657461323,71727
489.851127847479,64006
489.935680906696,61422
490.020233791128,59460
490.104786501019,56732
490.189339036615,59228
490.27389139816,59607
490.3584435859,57135
490.44299560008,55422
490.527547440945,54446
490.612099108739,54046
490.69665060371,53820
490.7812019261,53982
490.865753076156,57488
490.950304054123,58500
491.034854860246,56842
491.119405494769,55376
491.203955957939,54625
491.288506249999,54920
491.373056371197,54714
491.457606321775,58141
491.54215610198,60237
491.626705712057,58144
491.711255152251,56099
491.795804422807,54896
491.88035352397,54186
491.964902455985,54452
492.049451219098,58376
492.133999813553,58810
492.218548239596,56530
492.303096497471,58616
492.387644587425,61477
492.472192509702,63323
492.556740264546,70768
492.641287852205,70106
492.725835272921,63110
492.810382526942,59973
492.894929614511,69245
492.979476535874,70504
493.064023291276,63755
493.148569880962,62141
493.233116305178,60401
493.317662564167,57618
493.402208658177,56857
493.486754587451,56349
493.571300352235,55431
493.655845952774,54367
493.740391389313,57497
493.824936662097,58371
493.909481771372,58923
493.994026717382,58359
494.078571500372,56387
494.163116120589,55693
494.247660578276,55329
494.33220487368,84495
494.416749007044,92968
494.501292978615,77273
494.585836788637,67352
494.670380437356,61518
494.754923925017,58567
494.839467251864,60626
494.924010418144,60233
495.0085534241,57277
495.093096269979,72128
495.177638956025,75866
495.262181482484,69871
495.3467238496,68365
495.431266057619,64194
495.515808106786,63241
495.600349997346,61507
495.684891729544,58292
495.769433303626,58178
495.853974719836,57327
495.938515978419,55629
496.023057079622,54846
496.107598023688,54663
496.192138810863,57877
496.276679441392,58386
496.361219915521,58196
496.445760233493,90403
496.530300395556,98382
496.614840401953,80290
496.69938025293,74803
496.783919948731,70080
496.868459489603,66968
496.95299887579,63809
497.037538107538,67119
497.12207718509,66610
497.206616108694,64545
497.291154878593,62552
497.375693495033,59288
497.460231958259,56858
497.544770268516,55851
497.629308426049,55840
497.713846431104,55093
497.798384283926,57696
497.882921984759,58275
497.967459533848,56628
498.05199693144,59326
498.136534177779,63648
498.22107127311,62647
498.305608217678,58968
498.390145011729,56921
498.474681655507,55712
498.559218149259,55217
498.643754493228,55376
498.72829068766,54864
498.8128267328,54124
498.897362628894,53859
498.981898376185,54004
499.066433974921,54562
499.150969425345,58827
499.235504727703,74661
499.32003988224,76370
499.404574889201,70296
499.489109748831,66290
499.573644461376,61506
499.65817902708,58328
499.742713446188,56746
499.827247718947,55800
499.9117818456,55374
499.996315826393,54567
500.080849661572,54211
500.165383351381,54648
500.249916896065,54643
500.33445029587,54783
500.41898355104,74500
500.503516661822,79976
500.588049628459,69103
500.672582451197,63375
500.757115130282,60026
500.841647665958,57943
500.92618005847,56709
501.010712308064,82314
501.095244414985,92080
501.179776379478,81658
501.264308201788,72422
501.34883988216,68717
501.433371420839,64907
501.517902818071,59769
501.6024340741,61394
501.686965189172,64065
501.771496163532,61867
501.856026997425,58244
501.940557691096,56102
502.02508824479,55034
502.109618658753,58693
502.194148933229,59490
502.278679068464,57016
502.363209064702,55861
502.44773892219,55175
502.532268641171,58053
502.616798221892,59194
502.701327664597,57902
502.785856969531,56656
502.87038613694,59196
502.954915167069,62966
503.039444060163,61597
503.123972816466,58417
503.208501436225,60477
503.293029919684,61159
503.377558267088,62477
503.462086478683,65622
503.546614554714,67878
503.631142495425,65179
503.715670301062,60518
503.800197971871,57564
503.884725508095,55777
503.969252909981,58209
504.053780177773,62364
504.138307311717,61777
504.222834312058,62379
504.307361179041,62296
504.39188791291,63272
504.476414513912,64071
504.560940982291,78337
504.645467318292,80039
504.729993522161,69253
504.814519594143,66111
504.899045534482,66040
504.983571343424,68115
505.068097021215,69124
505.152622568098,68132
505.23714798432,79030
505.321673270126,78769
505.40619842576,68736
505.490723451468,62776
505.575248347494,62281
505.659773114085,61105
505.744297751485,86999
505.828822259939,97307
505.913346639693,82021
505.997870890991,70649
506.082395014079,63973
506.166919009201,60328
506.251442876604,57714
506.335966616531,59393
506.420490229229,59540
506.505013714942,57633
506.589537073916,56880
506.674060306396,59318
506.758583412626,60422
506.843106392852,58441
506.927629247319,56749
507.012151976272,55699
507.096674579957,58558
507.181197058618,60471
507.2657194125,58930
507.350241641849,87139
507.43476374691,98437
507.519285727928,82865
507.603807585148,71052
507.688329318816,64430
507.772850929175,63871
507.857372416473,65838
507.941893780953,63788
508.02641502286,60471
508.110936142441,58153
508.195457139939,59819
508.279978015601,59618
508.364498769671,57985
508.449019402395,56734
508.533539914017,56104
508.618060304783,59198
508.702580574937,59777
508.787100724726,57809
508.871620754394,58277
508.956140664186,73547
509.040660454347,81336
509.125180125123,89281
509.209699676758,86231
509.294219109499,92868
509.378738423589,90294
509.463257619274,79106
509.5477766968,71454
509.632295656411,64354
509.716814498352,60256
509.801333222869,57725
509.885851830207,56285
509.97037032061,56081
510.054888694324,55864
510.139406951595,59483
510.223925092667,60315
510.308443117785,57994
510.392961027195,57303
510.477478821141,60225
510.56199649987,63849
510.646514063625,66426
510.731031512652,68340
510.815548847197,65604
510.900066067503,61993
510.984583173818,59557
511.069100166384,60571
511.153617045449,60303
511.238133811256,61559
511.322650464052,61131
511.407167004081,58562
511.491683431587,64534
511.576199746818,65594
511.660715950017,64628
511.745232041429,63330
511.829748021301,60069
511.914263889876,58339
511.9987796474,58686
512.083295294119,58193
512.167810830277,57477
512.252326256119,59759
512.336841571891,62772
512.421356777838,77179
512.505871874205,79145
512.590386861236,73272
512.674901739178,68979
512.759416508275,63778
512.843931168773,60125
512.928445720916,61563
513.01296016495,65086
513.097474501119,63552
513.18198872967,60484
513.266502850847,58684
513.351016864895,60997
513.435530772059,61476
513.520044572585,59216
513.604558266717,57664
513.689071854701,63844
513.773585336782,67593
513.858098713206,68349
513.942611984216,69624
514.027125150058,72898
514.111638210978,74298
514.196151167221,69689
514.280664019031,63918
514.365176766654,60673
514.449689410336,61793
514.53420195032,64864
514.618714386852,63559
514.703226720178,60361
514.787738950542,58360
514.87225107819,57147
514.956763103367,56468
515.041275026318,56197
515.125786847287,64243
515.210298566521,66522
515.294810184265,61940
515.379321700762,59610
515.463833116259,58880
515.548344431001,57836
515.632855645233,60702
515.7173667592,61452
515.801877773147,61088
515.886388687319,63459
515.970899501962,62437
516.05541021732,59705
516.139920833639,58399
516.224431351163,57661
516.308941770138,57371
516.39345209081,57008
516.477962313423,56830
516.562472438222,59944
516.646982465452,64412
516.731492395359,68990
516.816002228188,68268
516.900511964184,63852
516.985021603591,67768
517.069531146656,74769
517.154040593623,82449
517.238549944738,78874
517.323059200245,72857
517.40756836039,68475
517.492077425417,63505
517.576586395573,60599
517.661095271101,87972
517.745604052248,95069
517.830112739258,78810
517.914621332376,76773
517.999129831848,73864
518.083638237919,67343
518.168146550834,63451
518.252654770838,60928
518.337162898176,59643
518.421670933093,58379
518.506178875835,57569
518.590686726646,57185
518.675194485772,57612
518.759702153457,61007
518.844209729948,61975
518.928717215489,60247
519.013224610325,62548
519.097731914701,63275
519.182239128863,61376
519.266746253055,60160
519.351253287523,59439
519.435760232512,58784
519.520267088267,58601
519.604773855033,58316
519.689280533056,57921
519.77378712258,57897
519.85829362385,57735
519.942800037113,61596
520.027306362612,62702
520.111812600593,60367
520.196318751301,59140
520.280824814981,58382
520.365330791879,58062
520.449836682239,58626
520.534342486307,59138
520.618848204327,59003
520.703353836546,61957
520.787859383207,62511
520.872364844557,67609
520.95687022084,87966
521.041375512301,89555
521.125880719186,76484
521.21038584174,68726
521.294890880208,77642
521.379395834834,78730
521.463900705865,73339
521.548405493545,69468
521.632910198119,65139
521.717414819833,62646
521.801919358931,60934
521.88642381566,59838
521.970928190263,63144
522.055432482986,242308
522.139936694074,290325
522.224440823773,197164
522.308944872327,141337
522.393448839982,107392
522.477952726982,90780
522.562456533574,97243
522.646960260001,93649
522.731463906509,83827
522.815967473344,80075
522.90047096075,73801
522.984974368973,67589
523.069477698257,64103
523.153980948848,62670
523.238484120991,61747
523.322987214931,61303
523.407490230914,64778
523.491993169183,69502
523.576496029985,104032
523.660998813565,110720
523.745501520167,119215
523.830004150038,115166
523.914506703421,92679
523.999009180562,79209
524.083511581707,71207
524.1680139071,66925
524.252516156987,64513
524.337018331612,63048
524.421520431221,65355
524.506022456059,65999
524.590524406371,63851
524.675026282403,83775
524.759528084398,90015
524.844029812603,78911
524.928531467263,72055
525.013033048623,85663
525.097534556927,88782
525.182035992421,78042
525.266537355351,71533
525.351038645961,68072
525.435539864496,69835
525.520041011202,69480
525.604542086324,67275
525.689043090106,74276
525.773544022794,75491
525.858044884634,74798
525.942545675869,73478
526.027046396746,69519
526.11154704751,67355
526.196047628405,66440
526.280548139677,69702
526.36504858157,70437
526.449548954331,68104
526.534049258204,67130
526.618549493434,70191
526.703049660267,70690
526.787549758947,68708
526.87204978972,70392
526.956549752831,70989
527.041049648525,69240
527.125549477046,67973
527.210049238641,85435
527.294548933555,92424
527.379048562032,83348
527.463548124317,76532
527.548047620657,73691
527.632547051295,72211
527.717046416477,71022
527.801545716449,74333
527.886044951455,75095
527.97054412174,81068
528.05504322755,81376
528.139542269129,76128
528.224041246724,75189
528.308540160578,77150
528.393039010938,76335
528.477537798047,73142
528.562036522152,74158
528.646535183498,77628
528.731033782329,79788
528.815532318891,77365
528.900030793429,74199
528.984529206188,72325
529.069027557414,71327
529.15352584735,71007
529.238024076243,70582
529.322522244338,70307
529.407020351879,70424
529.491518399112,70898
529.576016386283,71050
529.660514313635,70945
529.745012181415,70671
529.829509989866,70603
529.914007739236,71059
529.998505429768,75057
530.083003061708,76291
530.167500635301,74584
530.251998150792,73642
530.336495608426,74114
530.420993008449,77465
530.505490351105,81572
530.589987636639,83823
530.674484865298,85124
530.758982037325,82755
530.843479152966,79146
530.927976212466,77167
531.012473216071,76350
531.096970164025,126997
531.181467056574,144250
531.265963893962,117607
531.350460676435,99589
531.434957404238,89599
531.519454077616,83842
531.603950696814,82529
531.688447262078,82165
531.772943773652,80404
531.857440231782,78554
531.941936636713,77160
532.026432988689,79537
532.110929287956,79972
532.19542553476,80982
532.279921729345,80127
532.364417871956,76473
532.448913962839,73661
532.533410002239,71762
532.6179059904,70092
532.702401927568,67989
532.786897813989,66365
532.871393649906,72168
532.955889435567,76596
533.040385171214,73181
533.124880857094,97379
533.209376493452,101788
533.293872080533,83871
533.378367618582,72833
533.462863107844,89265
533.547358548564,91452
533.631853940988,79773
533.71634928536,71713
533.800844581926,75653
533.885339830931,74308
533.96983503262,66300
534.054330187238,61310
534.13882529503,61288
534.223320356242,60278
534.307815371118,57409
534.392310339903,55469
534.476805262844,54351
534.561300140184,53928
534.64579497217,60663
534.730289759045,62092
534.814784501056,61594
534.899279198448,60885
534.983773851465,57990
535.068268460352,59331
535.152763025356,68968
535.23725754672,88287
535.321752024691,88321
535.406246459513,74948
535.490740851431,65875
535.575235200691,60264
535.659729507538,57244
535.744223772216,466407
535.828717994971,582797
535.913212176048,361174
535.997706315693,229339
536.08220041415,164054
536.166694471664,124185
536.251188488481,94587
536.335682464845,77166
536.420176401003,67593
536.504670297198,61889
536.589164153677,58217
536.673657970684,56419
536.758151748464,56637
536.842645487263,56311
536.927139187325,55429
537.011632848896,58245
537.096126472221,59148
537.180620057546,61368
537.265113605114,64317
537.349607115172,62084
537.434100587964,59406
537.518594023736,57371
537.603087422733,55800
537.687580785199,55517
537.772074111381,58502
537.856567401522,70036
537.941060655869,82430
538.025553874667,78271
538.11004705816,68418
538.194540206593,62945
538.279033320213,59696
538.363526399263,58832
538.44801944399,60346
538.532512454637,63291
538.617005431451,70114
538.701498374677,75334
538.785991284559,78686
538.870484161343,82363
538.954977005273,88478
539.039469816596,90496
539.123962595556,88730
539.208455342398,93368
539.292948057368,96223
539.37744074071,90847
539.46193339267,87935
539.546426013493,87420
539.630918603424,89419
539.715411162708,86100
539.79990369159,82026
539.884396190315,78367
539.968888659129,99765
540.053381098277,109475
540.137873508003,94695
540.222365888553,81325
540.306858240173,73354
540.391350563106,68237
540.475842857599,71655
540.560335123896,71018
540.644827362243,68741
540.729319572884,69904
540.813811756066,66715
540.898303912032,61894
540.982796041028,58730
541.0672881433,56856
541.151780219092,55882
541.23627226865,55267
541.320764292218,54592
541.405256290042,54514
541.489748262367,56891
541.574240209438,62050
541.6587321315,61716
541.743224028798,61920
541.827715901578,60844
541.912207750085,57467
541.996699574563,56175
542.081191375258,55646
542.165683152415,58810
542.250174906279,59208
542.334666637096,56702
542.41915834511,55615
542.503650030566,76642
542.58814169371,85640
542.672633334787,81728
542.757124954042,75273
542.841616551719,66614
542.926108128065,64876
543.010599683325,63179
543.095091217743,60728
543.179582731564,86782
543.264074225034,93966
543.348565698398,79769
543.433057151901,72569
543.517548585789,69968
543.602040000305,77151
543.686531395696,85322
543.771022772206,86919
543.855514130081,91825
543.940005469566,99411
544.024496790906,101854
544.108988094346,109726
544.193479380131,116526
544.277970648506,116264
544.362461899717,115749
544.446953134009,120488
544.531444351626,123134
544.615935552814,125252
544.700426737818,128776
544.784917906884,130129
544.869409060255,134219
544.953900198178,136442
545.038391320898,135654
545.122882428659,135686
545.207373521708,136173
545.291864600288,137136
545.376355664645,138306
545.460846715024,171853
545.545337751671,182065
545.62982877483,166088
545.714319784747,159947
545.798810781666,158843
545.883301765834,155512
545.967792737495,153995
546.052283696893,151770
546.136774644275,151618
546.221265579886,150006
546.30575650397,146944
546.390247416772,145057
546.474738318539,143289
546.559229209514,142884
546.643720089944,142934
546.728210960073,142962
546.812701820146,145909
546.897192670409,151791
546.981683511106,152894
547.066174342483,150830
547.150665164785,151199
547.235155978257,154117
547.319646783145,153933
547.404137579692,152348
547.488628368145,151435
547.573119148749,150228
547.657609921748,149915
547.742100687388,153370
547.826591445914,154805
547.911082197572,153638
547.995572942605,152681
548.08006368126,151272
548.164554413782,150246
548.249045140415,150071
548.333535861404,150618
548.418026576996,168115
548.502517287435,173125
548.587007992966,165140
548.671498693834,160233
548.755989390285,163744
548.840480082563,167660
548.924970770915,164315
549.009461455584,160573
549.093952136815,161838
549.178442814856,161391
549.262933489949,158716
549.347424162341,165229
549.431914832276,167054
549.5164055,162404
549.600896165758,161688
549.685386829794,161477
549.769877492355,160039
549.854368153685,159599
549.938858814029,177612
550.023349473633,185390
550.107840132742,180069
550.1923307916,173728
550.276821450453,167511
550.361312109546,164323
550.445802769124,166246
550.530293429432,166542
550.614784090716,164136
550.69927475322,162845
550.78376541719,162108
550.868256082871,161811
550.952746750508,162418
551.037237420346,165499
551.12172809263,166835
551.206218767606,165642
551.290709445518,164655
551.375200126611,164170
551.459690811131,167715
551.544181499323,168897
551.628672191433,167081
551.713162887704,165701
551.797653588383,164838
551.882144293714,164606
551.966635003943,164945
552.051125719314,168647
552.135616440073,175544
552.220107166465,175448
552.304597898735,174130
552.389088637129,172965
552.473579381891,191813
552.558070133266,196400
552.6425608915,184553
552.727051656838,177766
552.811542429524,199188
552.896033209805,203806
552.980523997925,192811
553.065014794129,184858
553.149505598662,178045
553.23399641177,174484
553.318487233698,175776
553.402978064691,189050
553.487468904993,201475
553.571959754851,195861
553.656450614509,184707
553.740941484213,178395
553.825432364206,181278
553.909923254736,181286
553.994414156046,182990
554.078905068382,181873
554.16339599199,177007
554.247886927113,175041
554.332377873998,196654
554.416868832889,201774
554.501359804032,188866
554.585850787671,181602
554.670341784053,177611
554.754832793421,175798
554.839323816021,174576
554.923814852099,173591
555.008305901899,173361
555.092796965667,180816
555.177288043647,183086
555.261779136085,205492
555.346270243226,210847
555.430761365315,199252
555.515252502597,194346
555.599743655318,189325
555.684234823722,184216
555.768726008055,184381
555.853217208561,186579
555.937708425486,184293
556.022199659075,204333
556.106690909574,208844
556.191182177226,198599
556.275673462278,191268
556.360164764975,187755
556.444656085561,190151
556.529147424282,187772
556.613638781383,183944
556.698130157109,182361
556.782621551706,184333
556.867112965417,184536
556.951604398489,187803
557.036095851167,194739
557.120587323695,192509
557.20507881632,186343
557.289570329285,182825
557.374061862836,184363
557.458553417219,185437
557.543044992678,186231
557.627536589459,185423
557.712028207806,187061
557.796519847966,186577
557.881011510182,190087
557.9655031947,194039
558.049994901765,190432
558.134486631623,185199
558.218978384519,182222
558.303470160697,184187
558.387961960402,184445
558.472453783881,184451
558.556945631378,185143
558.641437503137,213142
558.725929399405,230260
558.810421320427,217010
558.894913266447,201561
558.97940523771,193138
559.063897234463,191734
559.14838925695,193578
559.232881305415,191563
559.317373380105,187610
559.401865481264,189428
559.486357609138,189553
559.570849763971,186730
559.65534194601,185883
559.739834155498,189381
559.824326392681,189630
559.908818657804,190270
559.993310951113,189516
560.077803272852,187123
560.162295623266,186143
560.246788002602,185390
560.331280411103,188442
560.415772849015,192232
560.500265316583,194981
560.584757814052,199995
560.669250341668,198014
560.753742899676,192108
560.83823548832,192272
560.922728107845,191399
561.007220758498,188469
561.091713440523,187190
561.176206154165,186055
561.260698899669,186029
561.345191677281,186260
561.429684487245,186010
561.514177329807,186057
561.598670205212,186704
561.683163113705,188072
561.767656055531,188569
561.852149030935,191500
561.936642040163,196040
562.021135083459,195468
562.105628161069,192626
562.190121273237,194438
562.27461442021,193847
562.359107602232,202697
562.443600819547,204119
562.528094072403,200232
562.612587361042,206009
562.697080685712,207930
562.781574046656,204842
562.866067444119,218424
562.950560878348,218502
563.035054349587,205725
563.119547858082,201790
563.204041404076,198857
563.288534987816,195870
563.373028609547,193289
563.457522269514,191557
563.542015967961,190719
563.626509705135,193210
563.71100348128,196965
563.795497296641,196085
563.879991151464,193242
563.964485045993,191804
564.048978980475,191144
564.133472955153,191826
564.217966970273,191764
564.30246102608,194750
564.386955122819,198608
564.471449260736,200866
564.555943440075,198812
564.640437661083,195340
564.724931924002,265783
564.80942622908,288366
564.893920576561,249749
564.97841496669,228209
565.062909399713,215182
565.147403875874,215685
565.231898395419,212305
565.316392958592,203139
565.400887565639,197345
565.485382216806,194288
565.569876912336,193087
565.654371652476,192335
565.73886643747,194424
565.823361267564,195576
565.907856143003,214707
565.992351064031,219962
566.076846030894,209170
566.161341043838,202432
566.245836103106,198191
566.330331208945,196303
566.4148263616,195407
566.499321561315,198233
566.583816808336,198937
566.668312102908,200652
566.752807445276,200612
566.837302835685,199608
566.92179827438,200603
567.006293761607,200315
567.090789297611,198568
567.175284882636,203336
567.259780516928,204736
567.344276200732,201241
567.428771934293,199178
567.513267717856,201111
567.597763551667,201160
567.68225943597,198652
567.766755371011,217823
567.851251357034,223031
567.935747394286,211671
568.020243483011,211684
568.104739623454,209654
568.18923581586,226450
568.273732060474,229293
568.358228357543,215063
568.442724707309,206846
568.52722111002,202313
568.61171756592,199684
568.696214075254,198389
568.780710638267,197238
568.865207255205,196514
568.949703926312,197469
569.034200651834,201164
569.118697432015,201551
569.203194267102,199242
569.287691157338,201226
569.37218810297,207133
569.456685104242,216804
569.5411821614,216392
569.625679274688,208992
569.710176444352,207515
569.794673670637,205092
569.879170953788,201222
569.96366829405,202493
570.048165691668,209215
570.132663146887,208247
570.217160659954,210259
570.301658231112,209472
570.386155860606,204272
570.470653548683,201250
570.555151295587,199192
570.639649101562,198176
570.724146966856,197948
570.808644891712,200831
570.893142876375,206201
570.977640921091,207192
571.062139026105,207042
571.146637191662,224475
571.231135418007,226981
571.315633705386,215367
571.400132054043,212100
571.484630464223,212614
571.569128936172,209113
571.653627470135,204612
571.738126066357,209181
571.822624725083,213035
571.907123446559,208935
571.991622231028,211260
572.076121078737,216518
572.160619989931,213105
572.245118964855,209574
572.329618003753,206163
572.414117106872,205740
572.498616274455,210382
572.583115506749,207394
572.667614803999,200959
572.752114166448,197369
572.836613594344,196006
572.921113087931,195630
573.005612647453,194682
573.090112273157,194021
573.174611965286,197728
573.259111724088,204834
573.343611549805,211977
573.428111442685,235074
573.512611402971,239241
573.597111430909,266886
573.681611526744,269933
573.766111690721,249751
573.850611923086,232453
573.935112224083,216010
574.019612593957,206822
574.104113032955,203050
574.18861354132,204016
574.273114119298,203293
574.357614767134,203963
574.442115485074,202840
574.526616273362,247960
574.611117132243,259868
574.695618061963,249492
574.780119062767,240798
574.8646201349,223316
574.949121278607,214406
575.033622494133,211474
575.118123781723,209715
575.202625141623,205198
575.287126574078,199884
575.371628079332,196942
575.456129657631,196007
575.54063130922,195748
575.625133034344,198954
575.709634833249,204988
575.794136706179,203861
575.878638653379,199117
575.963140675095,196258
576.047642771572,194163
576.132144943055,193551
576.216647189789,197768
576.301149512019,198817
576.38565190999,196185
576.470154383948,194144
576.554656934138,193713
576.639159560804,197773
576.723662264192,199034
576.808165044547,228045
576.892667902114,238172
576.977170837139,220771
577.061673849866,207829
577.146176940541,200642
577.230680109408,197126
577.315183356713,195646
577.399686682701,197559
577.484190087617,220924
577.568693571706,224877
577.653197135214,210598
577.737700778385,205764
577.822204501465,201873
577.906708304698,196608
577.991212188331,227122
578.075716152607,234532
578.160220197773,219668
578.244724324073,209722
578.329228531752,208002
578.413732821056,208394
578.49823719223,201973
578.582741645518,195390
578.667246181166,195102
578.75175079942,194660
578.836255500524,195394
578.920760284723,202210
579.005265152262,201497
579.089770103388,195706
579.174275138344,191965
579.258780257375,189674
579.343285460728,188566
579.427790748647,187541
579.512296121378,186604
579.596801579165,185895
579.681307122253,186562
579.765812750888,187332
579.850318465315,186476
579.934824265779,185736
580.019330152525,185401
580.103836125799,203673
580.188342185844,208783
580.272848332908,201973
580.357354567233,196738
580.441860889067,191323
580.526367298654,188398
580.610873796238,193469
580.695380382066,194014
580.779887056382,189674
580.864393819432,191542
580.94890067146,191276
581.033407612712,187174
581.117914643433,185083
581.202421763867,184360
581.286928974261,183844
581.371436274859,186320
581.455943665907,186958
581.540451147649,188002
581.62495872033,186808
581.709466384197,183504
581.793974139493,182280
581.878481986465,188741
581.962989925357,189744
582.047497956414,192624
582.132006079881,195030
582.216514296004,190310
582.301022605028,186074
582.385531007198,193079
582.470039502758,194394
582.554548091955,188651
582.639056775033,184932
582.723565552238,182228
582.808074423814,181080
582.892583390007,180544
582.977092451061,186643
583.061601607223,188104
583.146110858736,185799
583.230620205847,185550
583.3151296488,183469
583.399639187841,184084
583.484148823214,183499
583.568658555165,181072
583.653168383939,179480
583.73767830978,185189
583.822188332935,186957
583.906698453649,185842
583.991208672165,183647
584.075718988731,180386
584.16022940359,181583
584.244739916987,181173
584.329250529169,178578
584.41376124038,177015
584.498272050865,176372
584.58278296087,176259
584.667293970638,184710
584.751805080417,193577
584.83631629045,190787
584.920827600983,184467
585.005339012262,180951
585.08985052453,181728
585.174362138034,184015
585.258873853018,185483
585.343385669727,182634
585.427897588408,178379
585.512409609304,175986
585.596921732661,174770
585.681433958724,176176
585.765946287739,176301
585.85045871995,178627
585.934971255602,182467
586.019483894941,188413
586.103996638212,190087
586.18850948566,184752
586.27302243753,180140
586.357535494067,176858
586.442048655516,198824
586.526561922122,224501
586.611075294132,216249
586.695588771789,197639
586.780102355339,187039
586.864616045027,184172
586.949129841097,181021
587.033643743797,176366
587.118157753369,173743
587.20267187006,172364
587.287186094115,171507
587.371700425779,170774
587.456214865296,169927
587.540729412912,169326
587.625244068873,169051
587.709758833423,172252
587.794273706808,173228
587.878788689272,171617
587.963303781061,170357
588.047818982419,169697
588.132334293593,172535
588.216849714827,176564
588.301365246366,175236
588.385880888455,172284
588.47039664134,170572
588.554912505266,169464
588.639428480477,172702
588.72394456722,178179
588.808460765738,184291
588.892977076278,181782
588.977493499084,174920
589.062010034401,170557
589.146526682475,168108
589.231043443551,166671
589.315560317874,165672
589.400077305689,165179
589.48459440724,165323
589.569111622774,168339
589.653628952536,174458
589.73814639677,174476
589.822663955722,170406
589.907181629636,257931
589.991699418759,288871
590.076217323334,249373
590.160735343608,218688
590.245253479825,195449
590.329771732231,181687
590.41429010107,205717
590.498808586588,210319
590.58332718903,191278
590.667845908641,182152
590.752364745666,175727
590.83688370035,170273
590.921402772939,170299
591.005921963678,176257
591.090441272811,175040
591.174960700584,172875
591.259480247241,173671
591.343999913029,174221
591.428519698192,171657
591.513039602976,167830
591.597559627625,165579
591.682079772385,164520
591.7666000375,163031
591.851120423216,162580
591.935640929779,162239
592.020161557432,163600
592.104682306422,163746
592.189203176993,162506
592.273724169391,161663
592.35824528386,161047
592.442766520647,161044
592.527287879995,164812
592.611809362151,166420
592.696330967358,192117
592.780852695863,198109
592.865374547911,182782
592.949896523746,173710
593.034418623614,168316
593.11894084776,201429
593.203463196429,209336
593.287985669866,189063
593.372508268317,176981
593.457030992026,169743
593.541553841238,165471
593.626076816199,163607
593.710599917154,162022
593.795123144348,160791
593.879646498027,160054
593.964169978434,166179
594.048693585816,167952
594.133217320417,163974
594.217741182483,165156
594.302265172259,164206
594.38678928999,164600
594.47131353592,163931
594.555837910296,164698
594.640362413363,164081
594.724887045364,182258
594.809411806547,186227
594.893936697155,173773
594.978461717434,173171
595.062986867629,171294
595.147512147985,165852
595.232037558747,169266
595.316563100161,175624
595.401088772471,173279
595.485614575923,167314
595.570140510762,163357
595.654666577233,160842
595.73919277558,162665
595.82371910605,164063
595.908245568888,162523
595.992772164338,166825
596.077298892645,174674
596.161825754055,172071
596.246352748813,165410
596.330879877164,161774
596.415407139353,173900
596.499934535626,176830
596.584462066227,169915
596.668989731401,168113
596.753517531394,168383
596.838045466451,168618
596.922573536817,165296
597.007101742737,161250
597.091630084456,189831
597.17615856222,212374
597.260687176273,200642
597.345215926861,185720
597.429744814228,181808
597.51427383862,174579
597.598803000283,165876
597.68333229946,168058
597.767861736398,166680
597.852391311341,167640
597.936921024535,166673
598.021450876224,164862
598.105980866655,166251
598.190510996071,163559
598.275041264718,162933
598.359571672842,164776
598.444102220687,167010
598.528632908498,164452
598.613163736522,163165
598.697694705001,169254
598.782225814183,170680
598.866757064312,168141
598.951288455633,164056
599.035819988391,162726
599.120351662832,164482
599.2048834792,161734
599.289415437741,157495
599.3739475387,155405
599.458479782322,158109
599.543012168852,161873
599.627544698535,163339
599.712077371617,160498
599.796610188342,157058
599.881143148956,158887
599.965676253703,161991
600.05020950283,160378
600.13474289658,156646
600.2192764352,154850
600.303810118934,157219
600.388343948028,157294
600.472877922726,154594
600.557412043273,156415
600.641946309916,156219
600.726480722899,154419
600.811015282466,153342
600.895549988864,152406
600.980084842338,151664
601.064619843132,153613
601.149154991491,154443
601.233690287662,157040
601.318225731888,157272
601.402761324415,154901
601.487297065489,156341
601.571832955354,156524
601.656368994255,157398
601.740905182438,156184
601.825441520148,153275
601.90997800763,156169
601.994514645128,160042
602.079051432889,161186
602.163588371157,158808
602.248125460177,158108
602.332662700195,157073
602.417200091456,157972
602.501737634204,156651
602.586275328686,153687
602.670813175145,152175
602.755351173828,160921
602.839889324979,162916
602.924427628843,160591
603.008966085667,161184
603.093504695693,158302
603.178043459169,154628
603.262582376339,156804
603.347121447448,159403
603.431660672741,158178
603.516200052464,155104
603.600739586861,152219
603.685279276178,151025
603.769819120659,151089
603.854359120551,150188
603.938899276098,152927
604.023439587545,157169
604.107980055137,156296
604.19252067912,156428
604.277061459738,157985
604.361602397237,155479
604.446143491862,152199
604.530684743859,164800
604.615226153471,179339
604.699767720944,177236
604.784309446525,167450
604.868851330456,162837
604.953393372984,166047
605.037935574354,169564
605.122477934812,164492
605.207020454601,180404
605.291563133967,182690
605.376105973156,169190
605.460648972412,160724
605.545192131981,154903
605.629735452108,151416
605.714278933038,149356
605.798822575015,155829
605.883366378286,157801
605.967910343095,153464
606.052454469688,150462
606.136998758309,149495
606.221543209204,152907
606.306087822618,153685
606.390632598795,151190
606.475177537982,152857
606.559722640423,156055
606.644267906364,157380
606.728813336049,158144
606.813358929724,155050
606.897904687633,151234
606.982450610022,149371
607.066996697137,148065
607.151542949221,150761
607.236089366521,154639
607.320635949282,153374
607.405182697748,150432
607.489729612165,153013
607.574276692777,153232
607.658823939831,150393
607.74337135357,151928
607.827918934241,155189
607.912466682089,153634
607.997014597358,150075
608.081562680293,159405
608.16611093114,161466
608.250659350145,158335
608.335207937551,158099
608.419756693605,157138
608.504305618551,153904
608.588854712634,153847
608.6734039761,152963
608.757953409194,160761
608.84250301216,165921
608.927052785245,160122
609.011602728693,154630
609.096152842749,151222
609.180703127658,148504
609.265253583666,146706
609.349804211018,146037
609.434355009958,149111
609.518905980733,149396
609.603457123586,154269
609.688008438764,188844
609.772559926511,193552
609.857111587073,172535
609.941663420694,160519
610.02621542762,153717
610.110767608096,153836
610.195319962366,152712
610.279872490677,149152
610.364425193274,146728
610.4489780704,145493
610.533531122303,145088
610.618084349226,145977
610.702637751414,149541
610.787191329114,152421
610.87174508257,150630
610.956299012027,154457
611.04085311773,154643
611.125407399925,150238
611.209961858857,147506
611.29451649477,170846
611.37907130791,185133
611.463626298523,173463
611.548181466852,163773
611.632736813144,164037
611.717292337643,160755
611.801848040595,153946
611.886403922244,149891
611.970959982837,150994
612.055516222617,152846
612.14007264183,154568
612.224629240722,156103
612.309186019537,154274
612.39374297852,164631
612.478300117917,166472
612.562857437973,174740
612.647414938933,176372
612.731972621042,163511
612.816530484545,153600
612.901088529688,166163
612.985646756714,167659
613.070205165871,158982
613.154763757402,152818
613.239322531553,146941
613.323881488569,147060
613.408440628695,145608
613.492999952176,142414
613.577559459258,144128
613.662119150185,147111
613.746679025203,144848
613.831239084557,141416
613.915799328492,143300
614.000359757252,142897
614.084920371084,140485
614.169481170232,139239
614.254042154942,139069
614.338603325458,138224
614.423164682026,141055
614.507726224891,144550
614.592287954298,142577
614.676849870492,157787
614.761411973718,160924
614.845974264222,149499
614.930536742248,143335
615.015099408042,143544
615.099662261849,142212
615.184225303914,139150
615.268788534481,140719
615.353351953797,140029
615.437915562106,144295
615.522479359654,145409
615.607043346685,140881
615.691607523446,155392
615.776171890179,158263
615.860736447132,147755
615.94530119455,141930
616.029866132676,141840
616.114431261757,140818
616.198996582037,141692
616.283562093762,143851
616.368127797177,144714
616.452693692527,141891
616.537259780057,137734
616.621826060012,139176
616.706392532638,142916
616.790959198179,141094
616.87552605688,136806
616.960093108988,157675
617.044660354746,163318
617.1292277944,159661
617.213795428195,163315
617.298363256377,156787
617.38293127919,146658
617.46749949688,140082
617.552067909691,136151
617.63663651787,133837
617.72120532166,590004
617.805774321307,724827
617.890343517057,479358
617.974912909154,330748
618.059482497843,245438
618.14405228337,197233
618.22862226598,169467
618.313192445918,153203
618.397762823429,159618
618.482333398757,163047
618.56690417215,153357
618.65147514385,148491
618.736046314105,144716
618.820617683158,140425
618.905189251254,138682
618.98976101864,137985
619.07433298556,136958
619.158905152259,141349
619.243477518983,165073
619.328050085976,168481
619.412622853484,158025
619.497195821751,154219
619.581768991023,156654
619.666342361546,153019
619.750915933564,145739
619.835489707321,141548
619.920063683065,146355
620.004637861039,150229
620.089212241489,146013
620.173786824659,141561
620.258361610796,140419
620.342936600144,139416
620.427511792947,138448
620.512087189453,144559
620.596662789905,174685
620.681238594548,188852
620.765814603629,174313
620.850390817391,158714
620.93496723608,152750
621.019543859942,155434
621.104120689221,152808
621.188697724162,148086
621.273274965011,144141
621.357852412012,140287
621.442430065412,139686
621.527007925454,138825
621.611585992385,140798
621.696164266449,142164
621.780742747892,140192
621.865321436958,138055
621.949900333892,137219
622.03447943894,139759
622.119058752348,139974
622.203638274359,137421
622.28821800522,140225
622.372797945175,141059
622.457378094469,138806
622.541958453348,136738
622.626539022057,137123
622.711119800841,137198
622.795700789945,135984
622.880281989613,148084
622.964863400093,150597
623.049445021627,142569
623.134026854462,138341
623.218608898843,135871
623.303191155015,138259
623.387773623222,138892
623.472356303711,139879
623.556939196726,141728
623.641522302512,138985
623.726105621315,135080
623.810689153379,136204
623.89527289895,135383
623.979856858273,136019
624.064441031593,141508
624.149025419156,143690
624.233610021205,145751
624.318194837987,145543
624.402779869747,143112
624.487365116729,144332
624.571950579179,144334
624.656536257342,138737
624.741122151463,132993
624.825708261788,132356
624.91029458856,138219
624.994881132027,137047
625.079467892432,134527
625.16405487002,132425
625.248642065038,128931
625.33322947773,162111
625.41781710834,174144
625.502404957115,298579
625.5869930243,329100
625.671581310139,245160
625.756169814878,583404
625.840758538762,662858
625.925347482035,435129
626.009936644944,311263
626.094526027733,237157
626.179115630648,187247
626.263705453933,159214
626.348295497833,146406
626.432885762595,137444
626.517476248462,130062
626.60206695568,140298
626.686657884495,141867
626.771249035151,132196
626.855840407893,133314
626.940432002967,131791
627.025023820618,130698
627.10961586109,145059
627.19420812463,144959
627.278800611482,144369
627.363393321891,143382
627.447986256102,170791
627.532579414361,173787
627.617172796912,150281
627.701766404002,135822
627.786360235874,127915
627.870954292774,126752
627.955548574948,124470
628.04014308264,135688
628.124737816095,137685
628.209332775559,131725
628.293927961276,127170
628.378523373493,121779
628.463119012454,118185
628.547714878403,116916
628.632310971587,120146
628.716907292251,123761
628.801503840639,125423
628.886100616996,123020
628.970697621569,118983
629.055294854601,117035
629.139892316339,119613
629.224490007026,122900
629.309087926909,121549
629.393686076233,121569
629.478284455242,120245
629.562883064182,116878
629.647481903298,114957
629.732080972835,114228
629.816680273037,116546
629.901279804152,116720
629.985879566422,118130
630.070479560095,121676
630.155079785414,123068
630.239680242624,119926
630.324280931972,115942
630.408881853702,122070
630.493483008059,125147
630.578084395288,120286
630.662686015635,115896
630.747287869345,119579
630.831889956662,120145
630.916492277832,115823
631.001094833101,113043
631.085697622712,112002
631.170300646912,115409
631.254903905945,116071
631.339507400056,120840
631.424111129492,123998
631.508715094496,127662
631.593319295314,137082
631.677923732192,136220
631.762528405373,129799
631.847133315104,125479
631.93173846163,119950
632.016343845195,118179
632.100949466045,116112
632.185555324425,112885
632.270161420579,111001
632.354767754754,110327
632.439374327195,112366
632.523981138146,112323
632.608588187852,110320
632.693195476559,111224
632.777803004512,111148
632.862410771956,110627
632.947018779136,110670
633.031627026297,110966
633.116235513685,113315
633.200844241544,119699
633.28545321012,119330
633.370062419658,113921
633.454671870403,110687
633.539281562599,109106
633.623891496493,108304
633.708501672329,108173
633.793112090353,110908
633.877722750809,110790
633.962333653943,108631
634.0469448,107274
634.131556189225,106624
634.216167821863,109381
634.300779698159,110140
634.385391818359,108320
634.470004182707,107426
634.554616791449,106365
634.639229644829,108643
634.723842743094,126687
634.808456086488,132992
634.893069675256,123246
634.977683509643,118477
635.062297589895,118356
635.146911916256,118394
635.231526488972,114657
635.316141308288,284255
635.400756374449,330196
635.4853716877,242008
635.569987248286,191112
635.654603056453,155825
635.739219112446,134433
635.823835416509,123077
635.908451968888,122268
635.993068769827,140715
636.077685819573,140257
636.16230311837,147466
636.246920666464,144348
636.331538464099,254025
636.41615651152,279375
636.500774808974,205409
636.585393356704,161370
636.670012154956,161495
636.754631203976,157956
636.839250504007,137255
636.923870055296,122571
637.008489858088,116563
637.093109912628,112668
637.17773021916,108086
637.26235077793,105226
637.346971589183,113678
637.431592653165,119486
637.51621397012,114669
637.600835540293,111317
637.68545736393,111186
637.770079441276,111909
637.854701772576,109349
637.939324358074,105740
638.023947198017,104036
