Scan Date:,2025-05-26 15:04:40Z
Integration Time:,1000
Number of Averages:,100

Pixel Number,Wavelength (nm),Sum Spectrum,Averaged Spectrum
0,464.9839,105092,1050.92
1,465.068515076491,104662,1046.62
2,465.153129906126,104828,1048.28
3,465.237744489151,104707,1047.07
4,465.322358825812,104467,1044.67
5,465.406972916352,104606,1046.06
6,465.491586761018,104979,1049.79
7,465.576200360054,105093,1050.93
8,465.660813713705,105024,1050.24
9,465.745426822218,104990,1049.9
10,465.830039685836,105085,1050.85
11,465.914652304805,105095,1050.95
12,465.99926467937,104802,1048.02
13,466.083876809776,104824,1048.24
14,466.168488696269,105065,1050.65
15,466.253100339093,204035,2040.35
16,466.337711738494,231936,2319.36
17,466.422322894716,179398,1793.98
18,466.506933808006,148349,1483.49
19,466.591544478607,130453,1304.53
20,466.676154906766,120289,1202.89
21,466.760765092726,114787,1147.87
22,466.845375036735,113892,1138.92
23,466.929984739036,113069,1130.69
24,467.014594199874,111020,1110.2
25,467.099203419495,109498,1094.98
26,467.183812398145,108341,1083.41
27,467.268421136067,107758,1077.58
28,467.353029633508,129264,1292.64
29,467.437637890711,136957,1369.57
30,467.522245907924,128536,1285.36
31,467.60685368539,121341,1213.41
32,467.691461223355,115186,1151.86
33,467.776068522063,111998,1119.98
34,467.860675581761,110119,1101.19
35,467.945282402693,112134,1121.34
36,468.029888985104,116862,1168.62
37,468.11449532924,116153,1161.53
38,468.199101435345,114877,1148.77
39,468.283707303665,113087,1130.87
40,468.368312934445,110441,1104.41
41,468.45291832793,111322,1113.22
42,468.537523484364,113451,1134.51
43,468.622128403994,130905,1309.05
44,468.706733087065,139111,1391.11
45,468.791337533821,129408,1294.08
46,468.875941744507,120185,1201.85
47,468.96054571937,115060,1150.6
48,469.045149458653,112214,1122.14
49,469.129752962602,110345,1103.45
50,469.214356231462,108924,1089.24
51,469.298959265479,108361,1083.61
52,469.383562064897,108466,1084.66
53,469.468164629962,108378,1083.78
54,469.552766960919,110307,1103.07
55,469.637369058012,113602,1136.02
56,469.721970921487,112856,1128.56
57,469.80657255159,110799,1107.99
58,469.891173948565,111623,1116.23
59,469.975775112657,111259,1112.59
60,470.060376044111,109233,1092.33
61,470.144976743173,108441,1084.41
62,470.229577210088,110376,1103.76
63,470.314177445101,110933,1109.33
64,470.398777448457,112121,1121.21
65,470.483377220402,129528,1295.28
66,470.567976761179,134876,1348.76
67,470.652576071035,126253,1262.53
68,470.737175150215,118973,1189.73
69,470.821773998963,114138,1141.38
70,470.906372617525,113594,1135.94
71,470.990971006146,112268,1122.68
72,471.075569165072,135294,1352.94
73,471.160167094546,141566,1415.66
74,471.244764794815,130171,1301.71
75,471.329362266123,122371,1223.71
76,471.413959508717,118732,1187.32
77,471.498556522839,120551,1205.51
78,471.583153308737,120952,1209.52
79,471.667749866655,118310,1183.1
80,471.752346196838,117213,1172.13
81,471.836942299532,117390,1173.9
82,471.921538174981,120570,1205.7
83,472.00613382343,119283,1192.83
84,472.090729245126,114728,1147.28
85,472.175324440312,111657,1116.57
86,472.259919409234,112048,1120.48
87,472.344514152137,111585,1115.85
88,472.429108669267,109708,1097.08
89,472.513702960868,109572,1095.72
90,472.598297027185,110820,1108.2
91,472.682890868465,110525,1105.25
92,472.767484484951,109149,1091.49
93,472.852077876889,108207,1082.07
94,472.936671044524,110398,1103.98
95,473.021263988101,111028,1110.28
96,473.105856707865,110137,1101.37
97,473.190449204062,113818,1138.18
98,473.275041476937,125211,1252.11
99,473.359633526735,129903,1299.03
100,473.4442253537,123376,1233.76
101,473.528816958078,118729,1187.29
102,473.613408340115,117656,1176.56
103,473.697999500055,114938,1149.38
104,473.782590438143,111923,1119.23
105,473.867181154625,110296,1102.96
106,473.951771649745,112483,1124.83
107,474.03636192375,112384,1123.84
108,474.120951976883,110312,1103.12
109,474.20554180939,109273,1092.73
110,474.290131421517,108616,1086.16
111,474.374720813508,111056,1110.56
112,474.459309985608,111678,1116.78
113,474.543898938063,110017,1100.17
114,474.628487671118,108782,1087.82
115,474.713076185018,107996,1079.96
116,474.797664480008,110520,1105.2
117,474.882252556332,134140,1341.4
118,474.966840414238,141154,1411.54
119,475.051428053968,154809,1548.09
120,475.13601547577,153332,1533.32
121,475.220602679887,134145,1341.45
122,475.305189666564,122500,1225
123,475.389776436048,115814,1158.14
124,475.474362988583,112057,1120.57
125,475.558949324414,109677,1096.77
126,475.643535443787,108817,1088.17
127,475.728121346946,108425,1084.25
128,475.812707034136,108032,1080.32
129,475.897292505604,125650,1256.5
130,475.981877761593,134088,1340.88
131,476.066462802349,128032,1280.32
132,476.151047628118,123425,1234.25
133,476.235632239144,118213,1182.13
134,476.320216635672,113343,1133.43
135,476.404800817948,113354,1133.54
136,476.489384786216,113080,1130.8
137,476.573968540723,114349,1143.49
138,476.658552081712,128952,1289.52
139,476.74313540943,130731,1307.31
140,476.827718524121,121456,1214.56
141,476.91230142603,115568,1155.68
142,476.996884115403,114435,1144.35
143,477.081466592484,113093,1130.93
144,477.166048857519,110455,1104.55
145,477.250630910753,111766,1117.66
146,477.335212752432,111777,1117.77
147,477.419794382799,109941,1099.41
148,477.504375802101,111297,1112.97
149,477.588957010582,111769,1117.69
150,477.673538008487,110110,1101.1
151,477.758118796063,141561,1415.61
152,477.842699373553,150091,1500.91
153,477.927279741204,132114,1321.14
154,478.011859899259,121486,1214.86
155,478.096439847965,115254,1152.54
156,478.181019587566,112241,1122.41
157,478.265599118308,110784,1107.84
158,478.350178440435,109329,1093.29
159,478.434757554193,108867,1088.67
160,478.519336459827,117998,1179.98
161,478.603915157582,120226,1202.26
162,478.688493647704,114587,1145.87
163,478.773071930436,157367,1573.67
164,478.857650006026,168679,1686.79
165,478.942227874716,143667,1436.67
166,479.026805536754,137363,1373.63
167,479.111382992383,132430,1324.3
168,479.19596024185,125328,1253.28
169,479.280537285398,119211,1192.11
170,479.365114123274,114069,1140.69
171,479.449690755722,110944,1109.44
172,479.534267182988,109243,1092.43
173,479.618843405317,108450,1084.5
174,479.703419422953,110515,1105.15
175,479.787995236142,113808,1138.08
176,479.87257084513,113140,1131.4
177,479.95714625016,110768,1107.68
178,480.041721451479,109664,1096.64
179,480.126296449331,109122,1091.22
180,480.210871243962,110540,1105.4
181,480.295445835617,110950,1109.5
182,480.380020224541,111868,1118.68
183,480.464594410979,111568,1115.68
184,480.549168395175,112682,1126.82
185,480.633742177377,112219,1122.19
186,480.718315757827,109860,1098.6
187,480.802889136772,108659,1086.59
188,480.887462314457,108248,1082.48
189,480.972035291127,108224,1082.24
190,481.056608067026,110906,1109.06
191,481.141180642401,120779,1207.79
192,481.225753017496,121487,1214.87
193,481.310325192556,115104,1151.04
194,481.394897167827,114090,1140.9
195,481.479468943554,113019,1130.19
196,481.564040519981,110886,1108.86
197,481.648611897354,109623,1096.23
198,481.733183075918,108581,1085.81
199,481.817754055918,110672,1106.72
200,481.9023248376,110871,1108.71
201,481.986895421208,111454,1114.54
202,482.071465806988,138085,1380.85
203,482.156035995184,144030,1440.3
204,482.240605986042,130922,1309.22
205,482.325175779807,122403,1224.03
206,482.409745376725,116217,1162.17
207,482.494314777039,112581,1125.81
208,482.578883980996,110460,1104.6
209,482.663452988841,109301,1093.01
210,482.748021800818,108623,1086.23
211,482.832590417173,108558,1085.58
212,482.91715883815,111147,1111.47
213,483.001727063996,114029,1140.29
214,483.086295094955,113153,1131.53
215,483.170862931273,110960,1109.6
216,483.255430573193,110112,1101.12
217,483.339998020963,112065,1120.65
218,483.424565274826,112839,1128.39
219,483.509132335028,111143,1111.43
220,483.593699201814,109828,1098.28
221,483.678265875429,111300,1113
222,483.762832356118,111399,1113.99
223,483.847398644127,109609,1096.09
224,483.9319647397,111207,1112.07
225,484.016530643083,120058,1200.58
226,484.101096354521,121007,1210.07
227,484.185661874258,116166,1161.66
228,484.270227202541,112681,1126.81
229,484.354792339614,110381,1103.81
230,484.439357285722,109555,1095.55
231,484.523922041111,111735,1117.35
232,484.608486606025,114134,1141.34
233,484.69305098071,113136,1131.36
234,484.777615165411,112215,1122.15
235,484.862179160373,113752,1137.52
236,484.946742965841,113307,1133.07
237,485.03130658206,113587,1135.87
238,485.115870009276,115469,1154.69
239,485.200433247733,114120,1141.2
240,485.284996297677,111673,1116.73
241,485.369559159353,128219,1282.19
242,485.454121833005,134736,1347.36
243,485.53868431888,125399,1253.99
244,485.623246617222,118989,1189.89
245,485.707808728276,114749,1147.49
246,485.792370652288,111598,1115.98
247,485.876932389502,112194,1121.94
248,485.961493940164,111742,1117.42
249,486.046055304519,109778,1097.78
250,486.130616482813,109379,1093.79
251,486.215177475289,109394,1093.94
252,486.299738282193,114111,1141.11
253,486.384298903771,115258,1152.58
254,486.468859340268,112267,1122.67
255,486.553419591928,110175,1101.75
256,486.637979658997,109131,1091.31
257,486.722539541719,108252,1082.52
258,486.807099240341,110074,1100.74
259,486.891658755108,110686,1106.86
260,486.976218086263,109604,1096.04
261,487.060777234053,109033,1090.33
262,487.145336198723,108446,1084.46
263,487.229894980517,108245,1082.45
264,487.314453579682,108575,1085.75
265,487.399011996461,108536,1085.36
266,487.483570231101,108044,1080.44
267,487.568128283845,108055,1080.55
268,487.652686154941,108040,1080.4
269,487.737243844632,107950,1079.5
270,487.821801353163,110993,1109.93
271,487.906358680781,112024,1120.24
272,487.990915827729,110537,1105.37
273,488.075472794253,109656,1096.56
274,488.160029580599,112488,1124.88
275,488.244586187011,113036,1130.36
276,488.329142613735,111236,1112.36
277,488.413698861015,115146,1151.46
278,488.498254929097,115826,1158.26
279,488.582810818225,115396,1153.96
280,488.667366528646,115017,1150.17
281,488.751922060605,112459,1124.59
282,488.836477414345,110926,1109.26
283,488.921032590113,110470,1104.7
284,489.005587588153,111282,1112.82
285,489.090142408711,132767,1327.67
286,489.174697052032,140155,1401.55
287,489.259251518361,130841,1308.41
288,489.343805807943,122739,1227.39
289,489.428359921024,116540,1165.4
290,489.512913857847,113211,1132.11
291,489.597467618659,111720,1117.2
292,489.682021203705,119690,1196.9
293,489.76657461323,121368,1213.68
294,489.851127847479,116013,1160.13
295,489.935680906696,113890,1138.9
296,490.020233791128,112327,1123.27
297,490.104786501019,110439,1104.39
298,490.189339036615,112012,1120.12
299,490.27389139816,112322,1123.22
300,490.3584435859,110708,1107.08
301,490.44299560008,109663,1096.63
302,490.527547440945,109010,1090.1
303,490.612099108739,108531,1085.31
304,490.69665060371,108263,1082.63
305,490.7812019261,108501,1085.01
306,490.865753076156,111198,1111.98
307,490.950304054123,112072,1120.72
308,491.034854860246,110551,1105.51
309,491.119405494769,109676,1096.76
310,491.203955957939,109321,1093.21
311,491.288506249999,109251,1092.51
312,491.373056371197,109004,1090.04
313,491.457606321775,111556,1115.56
314,491.54215610198,112831,1128.31
315,491.626705712057,111196,1111.96
316,491.711255152251,110043,1100.43
317,491.795804422807,109213,1092.13
318,491.88035352397,108680,1086.8
319,491.964902455985,108977,1089.77
320,492.049451219098,111699,1116.99
321,492.133999813553,111968,1119.68
322,492.218548239596,110281,1102.81
323,492.303096497471,111576,1115.76
324,492.387644587425,113692,1136.92
325,492.472192509702,115223,1152.23
326,492.556740264546,120362,1203.62
327,492.641287852205,119689,1196.89
328,492.725835272921,114700,1147
329,492.810382526942,112401,1124.01
330,492.894929614511,118765,1187.65
331,492.979476535874,119772,1197.72
332,493.064023291276,115203,1152.03
333,493.148569880962,114024,1140.24
334,493.233116305178,112709,1127.09
335,493.317662564167,110801,1108.01
336,493.402208658177,110575,1105.75
337,493.486754587451,110479,1104.79
338,493.571300352235,109810,1098.1
339,493.655845952774,109119,1091.19
340,493.740391389313,111388,1113.88
341,493.824936662097,111908,1119.08
342,493.909481771372,112188,1121.88
343,493.994026717382,111881,1118.81
344,494.078571500372,110460,1104.6
345,494.163116120589,110054,1100.54
346,494.247660578276,109926,1099.26
347,494.33220487368,128681,1286.81
348,494.416749007044,133995,1339.95
349,494.501292978615,123983,1239.83
350,494.585836788637,117676,1176.76
351,494.670380437356,113991,1139.91
352,494.754923925017,112417,1124.17
353,494.839467251864,114286,1142.86
354,494.924010418144,114098,1140.98
355,495.0085534241,111968,1119.68
356,495.093096269979,122122,1221.22
357,495.177638956025,124461,1244.61
358,495.262181482484,120300,1203
359,495.3467238496,119150,1191.5
360,495.431266057619,116218,1162.18
361,495.515808106786,116005,1160.05
362,495.600349997346,114776,1147.76
363,495.684891729544,112226,1122.26
364,495.769433303626,111943,1119.43
365,495.853974719836,111539,1115.39
366,495.938515978419,110429,1104.29
367,496.023057079622,109985,1099.85
368,496.107598023688,109625,1096.25
369,496.192138810863,111954,1119.54
370,496.276679441392,112370,1123.7
371,496.361219915521,112109,1121.09
372,496.445760233493,135454,1354.54
373,496.530300395556,141276,1412.76
374,496.614840401953,128256,1282.56
375,496.69938025293,124485,1244.85
376,496.783919948731,121175,1211.75
377,496.868459489603,118820,1188.2
378,496.95299887579,116444,1164.44
379,497.037538107538,118849,1188.49
380,497.12207718509,118735,1187.35
381,497.206616108694,117326,1173.26
382,497.291154878593,115895,1158.95
383,497.375693495033,113350,1133.5
384,497.460231958259,111635,1116.35
385,497.544770268516,110610,1106.1
386,497.629308426049,110493,1104.93
387,497.713846431104,110158,1101.58
388,497.798384283926,111901,1119.01
389,497.882921984759,112534,1125.34
390,497.967459533848,111563,1115.63
391,498.05199693144,113538,1135.38
392,498.136534177779,116494,1164.94
393,498.22107127311,115613,1156.13
394,498.305608217678,113025,1130.25
395,498.390145011729,111324,1113.24
396,498.474681655507,110320,1103.2
397,498.559218149259,110201,1102.01
398,498.643754493228,110477,1104.77
399,498.72829068766,110197,1101.97
400,498.8128267328,109523,1095.23
401,498.897362628894,109499,1094.99
402,498.981898376185,109691,1096.91
403,499.066433974921,110158,1101.58
404,499.150969425345,112961,1129.61
405,499.235504727703,124301,1243.01
406,499.32003988224,125559,1255.59
407,499.404574889201,120814,1208.14
408,499.489109748831,117938,1179.38
409,499.573644461376,114724,1147.24
410,499.65817902708,112384,1123.84
411,499.742713446188,111227,1112.27
412,499.827247718947,110819,1108.19
413,499.9117818456,110687,1106.87
414,499.996315826393,110224,1102.24
415,500.080849661572,109939,1099.39
416,500.165383351381,110123,1101.23
417,500.249916896065,110020,1100.2
418,500.33445029587,110232,1102.32
419,500.41898355104,123629,1236.29
420,500.503516661822,127478,1274.78
421,500.588049628459,120094,1200.94
422,500.672582451197,116174,1161.74
423,500.757115130282,114006,1140.06
424,500.841647665958,112703,1127.03
425,500.92618005847,111590,1115.9
426,501.010712308064,130029,1300.29
427,501.095244414985,137371,1373.71
428,501.179776379478,129951,1299.51
429,501.264308201788,123102,1231.02
430,501.34883988216,120262,1202.62
431,501.433371420839,117718,1177.18
432,501.517902818071,114066,1140.66
433,501.6024340741,115307,1153.07
434,501.686965189172,116877,1168.77
435,501.771496163532,115124,1151.24
436,501.856026997425,112968,1129.68
437,501.940557691096,111952,1119.52
438,502.02508824479,111044,1110.44
439,502.109618658753,113690,1136.9
440,502.194148933229,114249,1142.49
441,502.278679068464,112151,1121.51
442,502.363209064702,111351,1113.51
443,502.44773892219,111216,1112.16
444,502.532268641171,113393,1133.93
445,502.616798221892,113899,1138.99
446,502.701327664597,112674,1126.74
447,502.785856969531,111763,1117.63
448,502.87038613694,113595,1135.95
449,502.954915167069,116397,1163.97
450,503.039444060163,115338,1153.38
451,503.123972816466,113405,1134.05
452,503.208501436225,115159,1151.59
453,503.293029919684,115778,1157.78
454,503.377558267088,116573,1165.73
455,503.462086478683,118729,1187.29
456,503.546614554714,120421,1204.21
457,503.631142495425,118350,1183.5
458,503.715670301062,114897,1148.97
459,503.800197971871,112688,1126.88
460,503.884725508095,111605,1116.05
461,503.969252909981,113485,1134.85
462,504.053780177773,116561,1165.61
463,504.138307311717,116401,1164.01
464,504.222834312058,117000,1170
465,504.307361179041,116764,1167.64
466,504.39188791291,117183,1171.83
467,504.476414513912,117746,1177.46
468,504.560940982291,128021,1280.21
469,504.645467318292,129298,1292.98
470,504.729993522161,121359,1213.59
471,504.814519594143,118997,1189.97
472,504.899045534482,119027,1190.27
473,504.983571343424,120349,1203.49
474,505.068097021215,121149,1211.49
475,505.152622568098,121094,1210.94
476,505.23714798432,128977,1289.77
477,505.321673270126,128715,1287.15
478,505.40619842576,121585,1215.85
479,505.490723451468,117160,1171.6
480,505.575248347494,116901,1169.01
481,505.659773114085,115825,1158.25
482,505.744297751485,134710,1347.1
483,505.828822259939,142176,1421.76
484,505.913346639693,131152,1311.52
485,505.997870890991,123066,1230.66
486,506.082395014079,118273,1182.73
487,506.166919009201,115548,1155.48
488,506.251442876604,113720,1137.2
489,506.335966616531,114891,1148.91
490,506.420490229229,114982,1149.82
491,506.505013714942,113879,1138.79
492,506.589537073916,113658,1136.58
493,506.674060306396,115610,1156.1
494,506.758583412626,116384,1163.84
495,506.843106392852,114934,1149.34
496,506.927629247319,113849,1138.49
497,507.012151976272,113117,1131.17
498,507.096674579957,114955,1149.55
499,507.181197058618,115857,1158.57
500,507.2657194125,114673,1146.73
501,507.350241641849,135268,1352.68
502,507.43476374691,143451,1434.51
503,507.519285727928,132446,1324.46
504,507.603807585148,123784,1237.84
505,507.688329318816,118896,1188.96
506,507.772850929175,118270,1182.7
507,507.857372416473,119887,1198.87
508,507.941893780953,118387,1183.87
509,508.02641502286,115893,1158.93
510,508.110936142441,114111,1141.11
511,508.195457139939,115303,1153.03
512,508.279978015601,115560,1155.6
513,508.364498769671,114374,1143.74
514,508.449019402395,113331,1133.31
515,508.533539914017,112751,1127.51
516,508.618060304783,114659,1146.59
517,508.702580574937,114826,1148.26
518,508.787100724726,113679,1136.79
519,508.871620754394,114366,1143.66
520,508.956140664186,124951,1249.51
521,509.040660454347,130576,1305.76
522,509.125180125123,135857,1358.57
523,509.209699676758,133572,1335.72
524,509.294219109499,138179,1381.79
525,509.378738423589,136499,1364.99
526,509.463257619274,129120,1291.2
527,509.5477766968,124000,1240
528,509.632295656411,118882,1188.82
529,509.716814498352,115741,1157.41
530,509.801333222869,114057,1140.57
531,509.885851830207,113069,1130.69
532,509.97037032061,112868,1128.68
533,510.054888694324,112608,1126.08
534,510.139406951595,114934,1149.34
535,510.223925092667,115333,1153.33
536,510.308443117785,114045,1140.45
537,510.392961027195,113432,1134.32
538,510.477478821141,115517,1155.17
539,510.56199649987,118408,1184.08
540,510.646514063625,120292,1202.92
541,510.731031512652,121450,1214.5
542,510.815548847197,119389,1193.89
543,510.900066067503,116845,1168.45
544,510.984583173818,115092,1150.92
545,511.069100166384,116107,1161.07
546,511.153617045449,116037,1160.37
547,511.238133811256,116935,1169.35
548,511.322650464052,116611,1166.11
549,511.407167004081,114523,1145.23
550,511.491683431587,118586,1185.86
551,511.576199746818,119715,1197.15
552,511.660715950017,119431,1194.31
553,511.745232041429,118245,1182.45
554,511.829748021301,116043,1160.43
555,511.914263889876,114832,1148.32
556,511.9987796474,114556,1145.56
557,512.083295294119,114102,1141.02
558,512.167810830277,113733,1137.33
559,512.252326256119,115595,1155.95
560,512.336841571891,118213,1182.13
561,512.421356777838,128077,1280.77
562,512.505871874205,129122,1291.22
563,512.590386861236,125222,1252.22
564,512.674901739178,121754,1217.54
565,512.759416508275,118078,1180.78
566,512.843931168773,115885,1158.85
567,512.928445720916,117121,1171.21
568,513.01296016495,119781,1197.81
569,513.097474501119,119101,1191.01
570,513.18198872967,116804,1168.04
571,513.266502850847,115361,1153.61
572,513.351016864895,117217,1172.17
573,513.435530772059,117812,1178.12
574,513.520044572585,116114,1161.14
575,513.604558266717,114786,1147.86
576,513.689071854701,119273,1192.73
577,513.773585336782,121613,1216.13
578,513.858098713206,121998,1219.98
579,513.942611984216,123092,1230.92
580,514.027125150058,125340,1253.4
581,514.111638210978,126568,1265.68
582,514.196151167221,123438,1234.38
583,514.280664019031,119048,1190.48
584,514.365176766654,116718,1167.18
585,514.449689410336,117709,1177.09
586,514.53420195032,119992,1199.92
587,514.618714386852,119091,1190.91
588,514.703226720178,116610,1166.1
589,514.787738950542,115285,1152.85
590,514.87225107819,114719,1147.19
591,514.956763103367,114414,1144.14
592,515.041275026318,114083,1140.83
593,515.125786847287,119546,1195.46
594,515.210298566521,120706,1207.06
595,515.294810184265,117564,1175.64
596,515.379321700762,116248,1162.48
597,515.463833116259,115786,1157.86
598,515.548344431001,115250,1152.5
599,515.632855645233,117315,1173.15
600,515.7173667592,117923,1179.23
601,515.801877773147,117529,1175.29
602,515.886388687319,119035,1190.35
603,515.970899501962,118611,1186.11
604,516.05541021732,116792,1167.92
605,516.139920833639,115760,1157.6
606,516.224431351163,115082,1150.82
607,516.308941770138,114829,1148.29
608,516.39345209081,114604,1146.04
609,516.477962313423,114465,1144.65
610,516.562472438222,116802,1168.02
611,516.646982465452,119952,1199.52
612,516.731492395359,123193,1231.93
613,516.816002228188,122472,1224.72
614,516.900511964184,119299,1192.99
615,516.985021603591,122252,1222.52
616,517.069531146656,127296,1272.96
617,517.154040593623,132974,1329.74
618,517.238549944738,130541,1305.41
619,517.323059200245,126176,1261.76
620,517.40756836039,123180,1231.8
621,517.492077425417,119829,1198.29
622,517.576586395573,117745,1177.45
623,517.661095271101,137612,1376.12
624,517.745604052248,142869,1428.69
625,517.830112739258,131044,1310.44
626,517.914621332376,129435,1294.35
627,517.999129831848,127360,1273.6
628,518.083638237919,122654,1226.54
629,518.168146550834,119602,1196.02
630,518.252654770838,117439,1174.39
631,518.337162898176,116514,1165.14
632,518.421670933093,116055,1160.55
633,518.506178875835,115689,1156.89
634,518.590686726646,115418,1154.18
635,518.675194485772,115841,1158.41
636,518.759702153457,118127,1181.27
637,518.844209729948,118715,1187.15
638,518.928717215489,117478,1174.78
639,519.013224610325,119015,1190.15
640,519.097731914701,119707,1197.07
641,519.182239128863,118355,1183.55
642,519.266746253055,117387,1173.87
643,519.351253287523,116698,1166.98
644,519.435760232512,116168,1161.68
645,519.520267088267,116246,1162.46
646,519.604773855033,116239,1162.39
647,519.689280533056,115813,1158.13
648,519.77378712258,115758,1157.58
649,519.85829362385,115556,1155.56
650,519.942800037113,118171,1181.71
651,520.027306362612,119070,1190.7
652,520.111812600593,117730,1177.3
653,520.196318751301,116692,1166.92
654,520.280824814981,116193,1161.93
655,520.365330791879,115865,1158.65
656,520.449836682239,115860,1158.6
657,520.534342486307,116381,1163.81
658,520.618848204327,116331,1163.31
659,520.703353836546,118545,1185.45
660,520.787859383207,119117,1191.17
661,520.872364844557,122518,1225.18
662,520.95687022084,136331,1363.31
663,521.041375512301,137083,1370.83
664,521.125880719186,128303,1283.03
665,521.21038584174,123057,1230.57
666,521.294890880208,129382,1293.82
667,521.379395834834,130231,1302.31
668,521.463900705865,126595,1265.95
669,521.548405493545,123859,1238.59
670,521.632910198119,120778,1207.78
671,521.717414819833,119327,1193.27
672,521.801919358931,118083,1180.83
673,521.88642381566,117280,1172.8
674,521.970928190263,119600,1196
675,522.055432482986,240332,2403.32
676,522.139936694074,272726,2727.26
677,522.224440823773,209836,2098.36
678,522.308944872327,172071,1720.71
679,522.393448839982,149173,1491.73
680,522.477952726982,138435,1384.35
681,522.562456533574,143443,1434.43
682,522.646960260001,140845,1408.45
683,522.731463906509,134019,1340.19
684,522.815967473344,131545,1315.45
685,522.90047096075,127260,1272.6
686,522.984974368973,122882,1228.82
687,523.069477698257,120525,1205.25
688,523.153980948848,119173,1191.73
689,523.238484120991,118144,1181.44
690,523.322987214931,117753,1177.53
691,523.407490230914,120066,1200.66
692,523.491993169183,123506,1235.06
693,523.576496029985,149043,1490.43
694,523.660998813565,154044,1540.44
695,523.745501520167,160034,1600.34
696,523.830004150038,157192,1571.92
697,523.914506703421,140902,1409.02
698,523.999009180562,131117,1311.17
699,524.083511581707,125293,1252.93
700,524.1680139071,121758,1217.58
701,524.252516156987,119840,1198.4
702,524.337018331612,118740,1187.4
703,524.421520431221,120514,1205.14
704,524.506022456059,121442,1214.42
705,524.590524406371,120049,1200.49
706,524.675026282403,134375,1343.75
707,524.759528084398,138900,1389
708,524.844029812603,130658,1306.58
709,524.928531467263,125440,1254.4
710,525.013033048623,135279,1352.79
711,525.097534556927,137791,1377.91
712,525.182035992421,130230,1302.3
713,525.266537355351,125560,1255.6
714,525.351038645961,123129,1231.29
715,525.435539864496,124437,1244.37
716,525.520041011202,124247,1242.47
717,525.604542086324,122422,1224.22
718,525.689043090106,126985,1269.85
719,525.773544022794,127929,1279.29
720,525.858044884634,127593,1275.93
721,525.942545675869,126570,1265.7
722,526.027046396746,123799,1237.99
723,526.11154704751,122390,1223.9
724,526.196047628405,121731,1217.31
725,526.280548139677,123810,1238.1
726,526.36504858157,124238,1242.38
727,526.449548954331,122523,1225.23
728,526.534049258204,121927,1219.27
729,526.618549493434,123869,1238.69
730,526.703049660267,123910,1239.1
731,526.787549758947,122856,1228.56
732,526.87204978972,124190,1241.9
733,526.956549752831,124666,1246.66
734,527.041049648525,123512,1235.12
735,527.125549477046,122281,1222.81
736,527.210049238641,134888,1348.88
737,527.294548933555,140054,1400.54
738,527.379048562032,133415,1334.15
739,527.463548124317,128432,1284.32
740,527.548047620657,126351,1263.51
741,527.632547051295,124975,1249.75
742,527.717046416477,124092,1240.92
743,527.801545716449,127127,1271.27
744,527.886044951455,127990,1279.9
745,527.97054412174,132218,1322.18
746,528.05504322755,132293,1322.93
747,528.139542269129,128118,1281.18
748,528.224041246724,127363,1273.63
749,528.308540160578,128679,1286.79
750,528.393039010938,128060,1280.6
751,528.477537798047,126152,1261.52
752,528.562036522152,126497,1264.97
753,528.646535183498,128646,1286.46
754,528.731033782329,129965,1299.65
755,528.815532318891,128309,1283.09
756,528.900030793429,126364,1263.64
757,528.984529206188,125046,1250.46
758,529.069027557414,124110,1241.1
759,529.15352584735,123583,1235.83
760,529.238024076243,123331,1233.31
761,529.322522244338,123339,1233.39
762,529.407020351879,123686,1236.86
763,529.491518399112,124126,1241.26
764,529.576016386283,124329,1243.29
765,529.660514313635,124363,1243.63
766,529.745012181415,124154,1241.54
767,529.829509989866,124067,1240.67
768,529.914007739236,124135,1241.35
769,529.998505429768,126350,1263.5
770,530.083003061708,127320,1273.2
771,530.167500635301,126542,1265.42
772,530.251998150792,125933,1259.33
773,530.336495608426,125806,1258.06
774,530.420993008449,127921,1279.21
775,530.505490351105,130568,1305.68
776,530.589987636639,132075,1320.75
777,530.674484865298,133109,1331.09
778,530.758982037325,131637,1316.37
779,530.843479152966,129098,1290.98
780,530.927976212466,128022,1280.22
781,531.012473216071,127846,1278.46
782,531.096970164025,162578,1625.78
783,531.181467056574,174367,1743.67
784,531.265963893962,156030,1560.3
785,531.350460676435,143530,1435.3
786,531.434957404238,136479,1364.79
787,531.519454077616,132514,1325.14
788,531.603950696814,131480,1314.8
789,531.688447262078,131051,1310.51
790,531.772943773652,129783,1297.83
791,531.857440231782,128597,1285.97
792,531.941936636713,127930,1279.3
793,532.026432988689,129467,1294.67
794,532.110929287956,129404,1294.04
795,532.19542553476,129613,1296.13
796,532.279921729345,128506,1285.06
797,532.364417871956,125533,1255.33
798,532.448913962839,123122,1231.22
799,532.533410002239,121314,1213.14
800,532.6179059904,120066,1200.66
801,532.702401927568,118554,1185.54
802,532.786897813989,117060,1170.6
803,532.871393649906,120955,1209.55
804,532.955889435567,123977,1239.77
805,533.040385171214,121439,1214.39
806,533.124880857094,139479,1394.79
807,533.209376493452,142940,1429.4
808,533.293872080533,129743,1297.43
809,533.378367618582,121592,1215.92
810,533.462863107844,132763,1327.63
811,533.547358548564,134094,1340.94
812,533.631853940988,125705,1257.05
813,533.71634928536,119966,1199.66
814,533.800844581926,122676,1226.76
815,533.885339830931,121651,1216.51
816,533.96983503262,115876,1158.76
817,534.054330187238,112167,1121.67
818,534.13882529503,112001,1120.01
819,534.223320356242,111222,1112.22
820,534.307815371118,109159,1091.59
821,534.392310339903,108107,1081.07
822,534.476805262844,107618,1076.18
823,534.561300140184,107547,1075.47
824,534.64579497217,112268,1122.68
825,534.730289759045,113213,1132.13
826,534.814784501056,112691,1126.91
827,534.899279198448,112049,1120.49
828,534.983773851465,109765,1097.65
829,535.068268460352,110664,1106.64
830,535.152763025356,117785,1177.85
831,535.23725754672,131575,1315.75
832,535.321752024691,131415,1314.15
833,535.406246459513,121741,1217.41
834,535.490740851431,115324,1153.24
835,535.575235200691,111614,1116.14
836,535.659729507538,109677,1096.77
837,535.744223772216,409787,4097.87
838,535.828717994971,494523,4945.23
839,535.913212176048,332465,3324.65
840,535.997706315693,236212,2362.12
841,536.08220041415,187916,1879.16
842,536.166694471664,158186,1581.86
843,536.251188488481,136374,1363.74
844,536.335682464845,123687,1236.87
845,536.420176401003,116712,1167.12
846,536.504670297198,112529,1125.29
847,536.589164153677,109811,1098.11
848,536.673657970684,108307,1083.07
849,536.758151748464,108340,1083.4
850,536.842645487263,108098,1080.98
851,536.927139187325,107418,1074.18
852,537.011632848896,109590,1095.9
853,537.096126472221,110496,1104.96
854,537.180620057546,112194,1121.94
855,537.265113605114,114287,1142.87
856,537.349607115172,112754,1127.54
857,537.434100587964,110518,1105.18
858,537.518594023736,108990,1089.9
859,537.603087422733,108212,1082.12
860,537.687580785199,108329,1083.29
861,537.772074111381,110346,1103.46
862,537.856567401522,118284,1182.84
863,537.941060655869,127270,1272.7
864,538.025553874667,124613,1246.13
865,538.11004705816,117635,1176.35
866,538.194540206593,113570,1135.7
867,538.279033320213,111264,1112.64
868,538.363526399263,111117,1111.17
869,538.44801944399,113111,1131.11
870,538.532512454637,116618,1166.18
871,538.617005431451,123484,1234.84
872,538.701498374677,129382,1293.82
873,538.785991284559,134023,1340.23
874,538.870484161343,139310,1393.1
875,538.954977005273,146005,1460.05
876,539.039469816596,149598,1495.98
877,539.123962595556,150255,1502.55
878,539.208455342398,154925,1549.25
879,539.292948057368,156801,1568.01
880,539.37744074071,151807,1518.07
881,539.46193339267,148528,1485.28
882,539.546426013493,146713,1467.13
883,539.630918603424,146558,1465.58
884,539.715411162708,142419,1424.19
885,539.79990369159,137972,1379.72
886,539.884396190315,134150,1341.5
887,539.968888659129,147700,1477
888,540.053381098277,153341,1533.41
889,540.137873508003,142163,1421.63
890,540.222365888553,132177,1321.77
891,540.306858240173,125994,1259.94
892,540.391350563106,121541,1215.41
893,540.475842857599,123163,1231.63
894,540.560335123896,122369,1223.69
895,540.644827362243,120421,1204.21
896,540.729319572884,120570,1205.7
897,540.813811756066,117544,1175.44
898,540.898303912032,113498,1134.98
899,540.982796041028,111044,1110.44
900,541.0672881433,109563,1095.63
901,541.151780219092,108818,1088.18
902,541.23627226865,108155,1081.55
903,541.320764292218,107651,1076.51
904,541.405256290042,107772,1077.72
905,541.489748262367,109478,1094.78
906,541.574240209438,112943,1129.43
907,541.6587321315,112589,1125.89
908,541.743224028798,112554,1125.54
909,541.827715901578,111756,1117.56
910,541.912207750085,109688,1096.88
911,541.996699574563,108890,1088.9
912,542.081191375258,108479,1084.79
913,542.165683152415,110647,1106.47
914,542.250174906279,110852,1108.52
915,542.334666637096,108962,1089.62
916,542.41915834511,108120,1081.2
917,542.503650030566,123187,1231.87
918,542.58814169371,129744,1297.44
919,542.672633334787,126961,1269.61
920,542.757124954042,122306,1223.06
921,542.841616551719,116079,1160.79
922,542.926108128065,114792,1147.92
923,543.010599683325,113764,1137.64
924,543.095091217743,112174,1121.74
925,543.179582731564,131202,1312.02
926,543.264074225034,136193,1361.93
927,543.348565698398,126083,1260.83
928,543.433057151901,121311,1213.11
929,543.517548585789,119986,1199.86
930,543.602040000305,125278,1252.78
931,543.686531395696,131605,1316.05
932,543.771022772206,133429,1334.29
933,543.855514130081,137002,1370.02
934,543.940005469566,142070,1420.7
935,544.024496790906,143635,1436.35
936,544.108988094346,149015,1490.15
937,544.193479380131,153292,1532.92
938,544.277970648506,152625,1526.25
939,544.362461899717,151754,1517.54
940,544.446953134009,154815,1548.15
941,544.531444351626,156659,1566.59
942,544.615935552814,157927,1579.27
943,544.700426737818,160027,1600.27
944,544.784917906884,160929,1609.29
945,544.869409060255,164030,1640.3
946,544.953900198178,165977,1659.77
947,545.038391320898,165444,1654.44
948,545.122882428659,165510,1655.1
949,545.207373521708,165535,1655.35
950,545.291864600288,165834,1658.34
951,545.376355664645,166572,1665.72
952,545.460846715024,190519,1905.19
953,545.545337751671,197999,1979.99
954,545.62982877483,186459,1864.59
955,545.714319784747,181483,1814.83
956,545.798810781666,180812,1808.12
957,545.883301765834,178538,1785.38
958,545.967792737495,177258,1772.58
959,546.052283696893,175616,1756.16
960,546.136774644275,175154,1751.54
961,546.221265579886,173980,1739.8
962,546.30575650397,171699,1716.99
963,546.390247416772,170091,1700.91
964,546.474738318539,169234,1692.34
965,546.559229209514,169388,1693.88
966,546.643720089944,169196,1691.96
967,546.728210960073,168960,1689.6
968,546.812701820146,171153,1711.53
969,546.897192670409,175525,1755.25
970,546.981683511106,175913,1759.13
971,547.066174342483,174068,1740.68
972,547.150665164785,174529,1745.29
973,547.235155978257,176591,1765.91
974,547.319646783145,176284,1762.84
975,547.404137579692,174848,1748.48
976,547.488628368145,174152,1741.52
977,547.573119148749,173619,1736.19
978,547.657609921748,173038,1730.38
979,547.742100687388,175287,1752.87
980,547.826591445914,175709,1757.09
981,547.911082197572,174662,1746.62
982,547.995572942605,174218,1742.18
983,548.08006368126,173462,1734.62
984,548.164554413782,173083,1730.83
985,548.249045140415,172849,1728.49
986,548.333535861404,173097,1730.97
987,548.418026576996,184917,1849.17
988,548.502517287435,188141,1881.41
989,548.587007992966,182137,1821.37
990,548.671498693834,178747,1787.47
991,548.755989390285,181047,1810.47
992,548.840480082563,183724,1837.24
993,548.924970770915,181939,1819.39
994,549.009461455584,179480,1794.8
995,549.093952136815,180469,1804.69
996,549.178442814856,179947,1799.47
997,549.262933489949,177873,1778.73
998,549.347424162341,182328,1823.28
999,549.431914832276,183129,1831.29
1000,549.5164055,179916,1799.16
1001,549.600896165758,179385,1793.85
1002,549.685386829794,178920,1789.2
1003,549.769877492355,177950,1779.5
1004,549.854368153685,177946,1779.46
1005,549.938858814029,190630,1906.3
1006,550.023349473633,196404,1964.04
1007,550.107840132742,192827,1928.27
1008,550.1923307916,188187,1881.87
1009,550.276821450453,183307,1833.07
1010,550.361312109546,180790,1807.9
1011,550.445802769124,181895,1818.95
1012,550.530293429432,181817,1818.17
1013,550.614784090716,180030,1800.3
1014,550.69927475322,179207,1792.07
1015,550.78376541719,178765,1787.65
1016,550.868256082871,178269,1782.69
1017,550.952746750508,178752,1787.52
1018,551.037237420346,181587,1815.87
1019,551.12172809263,182472,1824.72
1020,551.206218767606,181020,1810.2
1021,551.290709445518,180198,1801.98
1022,551.375200126611,179655,1796.55
1023,551.459690811131,182350,1823.5
1024,551.544181499323,183086,1830.86
1025,551.628672191433,181589,1815.89
1026,551.713162887704,180554,1805.54
1027,551.797653588383,179934,1799.34
1028,551.882144293714,179796,1797.96
1029,551.966635003943,179990,1799.9
1030,552.051125719314,182668,1826.68
1031,552.135616440073,187593,1875.93
1032,552.220107166465,187390,1873.9
1033,552.304597898735,186324,1863.24
1034,552.389088637129,185470,1854.7
1035,552.473579381891,198687,1986.87
1036,552.558070133266,202052,2020.52
1037,552.6425608915,193614,1936.14
1038,552.727051656838,188406,1884.06
1039,552.811542429524,203613,2036.13
1040,552.896033209805,206840,2068.4
1041,552.980523997925,198746,1987.46
1042,553.065014794129,193455,1934.55
1043,553.149505598662,188616,1886.16
1044,553.23399641177,185586,1855.86
1045,553.318487233698,186408,1864.08
1046,553.402978064691,196168,1961.68
1047,553.487468904993,205045,2050.45
1048,553.571959754851,200951,2009.51
1049,553.656450614509,192726,1927.26
1050,553.740941484213,187752,1877.52
1051,553.825432364206,189837,1898.37
1052,553.909923254736,190002,1900.02
1053,553.994414156046,191381,1913.81
1054,554.078905068382,190626,1906.26
1055,554.16339599199,187340,1873.4
1056,554.247886927113,185720,1857.2
1057,554.332377873998,199918,1999.18
1058,554.416868832889,203281,2032.81
1059,554.501359804032,194401,1944.01
1060,554.585850787671,189498,1894.98
1061,554.670341784053,187028,1870.28
1062,554.754832793421,185710,1857.1
1063,554.839323816021,184819,1848.19
1064,554.923814852099,184366,1843.66
1065,555.008305901899,184192,1841.92
1066,555.092796965667,189490,1894.9
1067,555.177288043647,190949,1909.49
1068,555.261779136085,207009,2070.09
1069,555.346270243226,210767,2107.67
1070,555.430761365315,202591,2025.91
1071,555.515252502597,198945,1989.45
1072,555.599743655318,194845,1948.45
1073,555.684234823722,190970,1909.7
1074,555.768726008055,191143,1911.43
1075,555.853217208561,192529,1925.29
1076,555.937708425486,190664,1906.64
1077,556.022199659075,204963,2049.63
1078,556.106690909574,208625,2086.25
1079,556.191182177226,201618,2016.18
1080,556.275673462278,196380,1963.8
1081,556.360164764975,193742,1937.42
1082,556.444656085561,194924,1949.24
1083,556.529147424282,193258,1932.58
1084,556.613638781383,190815,1908.15
1085,556.698130157109,189203,1892.03
1086,556.782621551706,190403,1904.03
1087,556.867112965417,190471,1904.71
1088,556.951604398489,192524,1925.24
1089,557.036095851167,197670,1976.7
1090,557.120587323695,196461,1964.61
1091,557.20507881632,192177,1921.77
1092,557.289570329285,189606,1896.06
1093,557.374061862836,190815,1908.15
1094,557.458553417219,191170,1911.7
1095,557.543044992678,191379,1913.79
1096,557.627536589459,190766,1907.66
1097,557.712028207806,191560,1915.6
1098,557.796519847966,191177,1911.77
1099,557.881011510182,193731,1937.31
1100,557.9655031947,196572,1965.72
1101,558.049994901765,194054,1940.54
1102,558.134486631623,190455,1904.55
1103,558.218978384519,188434,1884.34
1104,558.303470160697,189844,1898.44
1105,558.387961960402,189826,1898.26
1106,558.472453783881,189450,1894.5
1107,558.556945631378,189955,1899.55
1108,558.641437503137,209931,2099.31
1109,558.725929399405,221238,2212.38
1110,558.810421320427,211658,2116.58
1111,558.894913266447,201201,2012.01
1112,558.97940523771,195280,1952.8
1113,559.063897234463,194208,1942.08
1114,559.14838925695,195289,1952.89
1115,559.232881305415,193674,1936.74
1116,559.317373380105,190799,1907.99
1117,559.401865481264,191930,1919.3
1118,559.486357609138,191966,1919.66
1119,559.570849763971,190094,1900.94
1120,559.65534194601,189410,1894.1
1121,559.739834155498,191635,1916.35
1122,559.824326392681,191842,1918.42
1123,559.908818657804,192393,1923.93
1124,559.993310951113,191730,1917.3
1125,560.077803272852,189495,1894.95
1126,560.162295623266,188338,1883.38
1127,560.246788002602,187667,1876.67
1128,560.331280411103,189831,1898.31
1129,560.415772849015,192605,1926.05
1130,560.500265316583,194411,1944.11
1131,560.584757814052,197615,1976.15
1132,560.669250341668,196223,1962.23
1133,560.753742899676,192202,1922.02
1134,560.83823548832,192211,1922.11
1135,560.922728107845,191407,1914.07
1136,561.007220758498,189500,1895
1137,561.091713440523,188775,1887.75
1138,561.176206154165,188237,1882.37
1139,561.260698899669,188376,1883.76
1140,561.345191677281,188647,1886.47
1141,561.429684487245,188286,1882.86
1142,561.514177329807,188278,1882.78
1143,561.598670205212,188251,1882.51
1144,561.683163113705,188927,1889.27
1145,561.767656055531,189647,1896.47
1146,561.852149030935,191924,1919.24
1147,561.936642040163,195112,1951.12
1148,562.021135083459,194024,1940.24
1149,562.105628161069,191710,1917.1
1150,562.190121273237,192981,1929.81
1151,562.27461442021,192879,1928.79
1152,562.359107602232,198804,1988.04
1153,562.443600819547,199375,1993.75
1154,562.528094072403,196572,1965.72
1155,562.612587361042,200412,2004.12
1156,562.697080685712,201502,2015.02
1157,562.781574046656,199366,1993.66
1158,562.866067444119,209121,2091.21
1159,562.950560878348,209231,2092.31
1160,563.035054349587,199910,1999.1
1161,563.119547858082,196862,1968.62
1162,563.204041404076,194671,1946.71
1163,563.288534987816,192275,1922.75
1164,563.373028609547,190196,1901.96
1165,563.457522269514,188924,1889.24
1166,563.542015967961,188122,1881.22
1167,563.626509705135,189745,1897.45
1168,563.71100348128,192394,1923.94
1169,563.795497296641,191520,1915.2
1170,563.879991151464,189383,1893.83
1171,563.964485045993,188265,1882.65
1172,564.048978980475,187666,1876.66
1173,564.133472955153,187901,1879.01
1174,564.217966970273,187879,1878.79
1175,564.30246102608,190181,1901.81
1176,564.386955122819,192793,1927.93
1177,564.471449260736,194221,1942.21
1178,564.555943440075,192452,1924.52
1179,564.640437661083,189721,1897.21
1180,564.724931924002,239603,2396.03
1181,564.80942622908,255773,2557.73
1182,564.893920576561,228505,2285.05
1183,564.97841496669,212695,2126.95
1184,565.062909399713,202944,2029.44
1185,565.147403875874,203572,2035.72
1186,565.231898395419,201570,2015.7
1187,565.316392958592,195039,1950.39
1188,565.400887565639,191077,1910.77
1189,565.485382216806,188927,1889.27
1190,565.569876912336,187775,1877.75
1191,565.654371652476,186932,1869.32
1192,565.73886643747,188714,1887.14
1193,565.823361267564,189771,1897.71
1194,565.907856143003,202949,2029.49
1195,565.992351064031,206443,2064.43
1196,566.076846030894,198973,1989.73
1197,566.161341043838,194371,1943.71
1198,566.245836103106,191542,1915.42
1199,566.330331208945,189956,1899.56
1200,566.4148263616,188990,1889.9
1201,566.499321561315,190638,1906.38
1202,566.583816808336,191184,1911.84
1203,566.668312102908,192319,1923.19
1204,566.752807445276,192041,1920.41
1205,566.837302835685,191448,1914.48
1206,566.92179827438,192075,1920.75
1207,567.006293761607,191400,1914
1208,567.090789297611,190128,1901.28
1209,567.175284882636,193475,1934.75
1210,567.259780516928,194443,1944.43
1211,567.344276200732,192010,1920.1
1212,567.428771934293,190500,1905
1213,567.513267717856,192196,1921.96
1214,567.597763551667,192507,1925.07
1215,567.68225943597,190904,1909.04
1216,567.766755371011,204543,2045.43
1217,567.851251357034,208208,2082.08
1218,567.935747394286,199793,1997.93
1219,568.020243483011,199356,1993.56
1220,568.104739623454,197686,1976.86
1221,568.18923581586,209875,2098.75
1222,568.273732060474,211976,2119.76
1223,568.358228357543,201511,2015.11
1224,568.442724707309,195271,1952.71
1225,568.52722111002,191834,1918.34
1226,568.61171756592,190001,1900.01
1227,568.696214075254,189120,1891.2
1228,568.780710638267,188237,1882.37
1229,568.865207255205,187613,1876.13
1230,568.949703926312,187776,1877.76
1231,569.034200651834,190145,1901.45
1232,569.118697432015,190184,1901.84
1233,569.203194267102,188550,1885.5
1234,569.287691157338,189837,1898.37
1235,569.37218810297,193511,1935.11
1236,569.456685104242,200388,2003.88
1237,569.5411821614,200209,2002.09
1238,569.625679274688,194975,1949.75
1239,569.710176444352,194034,1940.34
1240,569.794673670637,192308,1923.08
1241,569.879170953788,189275,1892.75
1242,569.96366829405,189742,1897.42
1243,570.048165691668,194269,1942.69
1244,570.132663146887,193890,1938.9
1245,570.217160659954,195656,1956.56
1246,570.301658231112,195317,1953.17
1247,570.386155860606,191415,1914.15
1248,570.470653548683,189220,1892.2
1249,570.555151295587,188003,1880.03
1250,570.639649101562,187359,1873.59
1251,570.724146966856,186817,1868.17
1252,570.808644891712,188835,1888.35
1253,570.893142876375,192692,1926.92
1254,570.977640921091,193185,1931.85
1255,571.062139026105,192789,1927.89
1256,571.146637191662,204905,2049.05
1257,571.231135418007,206932,2069.32
1258,571.315633705386,198516,1985.16
1259,571.400132054043,195840,1958.4
1260,571.484630464223,196541,1965.41
1261,571.569128936172,194507,1945.07
1262,571.653627470135,191205,1912.05
1263,571.738126066357,194156,1941.56
1264,571.822624725083,197090,1970.9
1265,571.907123446559,194506,1945.06
1266,571.991622231028,195935,1959.35
1267,572.076121078737,199282,1992.82
1268,572.160619989931,197377,1973.77
1269,572.245118964855,195115,1951.15
1270,572.329618003753,192542,1925.42
1271,572.414117106872,192149,1921.49
1272,572.498616274455,195248,1952.48
1273,572.583115506749,193365,1933.65
1274,572.667614803999,188825,1888.25
1275,572.752114166448,185778,1857.78
1276,572.836613594344,184564,1845.64
1277,572.921113087931,184205,1842.05
1278,573.005612647453,183438,1834.38
1279,573.090112273157,183031,1830.31
1280,573.174611965286,185737,1857.37
1281,573.259111724088,190857,1908.57
1282,573.343611549805,196079,1960.79
1283,573.428111442685,212768,2127.68
1284,573.512611402971,215020,2150.2
1285,573.597111430909,235000,2350
1286,573.681611526744,237219,2372.19
1287,573.766111690721,222307,2223.07
1288,573.850611923086,209591,2095.91
1289,573.935112224083,197517,1975.17
1290,574.019612593957,190861,1908.61
1291,574.104113032955,187556,1875.56
1292,574.18861354132,188095,1880.95
1293,574.273114119298,187650,1876.5
1294,574.357614767134,187941,1879.41
1295,574.442115485074,186987,1869.87
1296,574.526616273362,218722,2187.22
1297,574.611117132243,227505,2275.05
1298,574.695618061963,220424,2204.24
1299,574.780119062767,214664,2146.64
1300,574.8646201349,203009,2030.09
1301,574.949121278607,196758,1967.58
1302,575.033622494133,193888,1938.88
1303,575.118123781723,192044,1920.44
1304,575.202625141623,188780,1887.8
1305,575.287126574078,185354,1853.54
1306,575.371628079332,183603,1836.03
1307,575.456129657631,182667,1826.67
1308,575.54063130922,182387,1823.87
1309,575.625133034344,184879,1848.79
1310,575.709634833249,189127,1891.27
1311,575.794136706179,188124,1881.24
1312,575.878638653379,184789,1847.89
1313,575.963140675095,182972,1829.72
1314,576.047642771572,181753,1817.53
1315,576.132144943055,181388,1813.88
1316,576.216647189789,184281,1842.81
1317,576.301149512019,184722,1847.22
1318,576.38565190999,182976,1829.76
1319,576.470154383948,181688,1816.88
1320,576.554656934138,181268,1812.68
1321,576.639159560804,184478,1844.78
1322,576.723662264192,185261,1852.61
1323,576.808165044547,206323,2063.23
1324,576.892667902114,214053,2140.53
1325,576.977170837139,201746,2017.46
1326,577.061673849866,192541,1925.41
1327,577.146176940541,187447,1874.47
1328,577.230680109408,184730,1847.3
1329,577.315183356713,183623,1836.23
1330,577.399686682701,185039,1850.39
1331,577.484190087617,201714,2017.14
1332,577.568693571706,204330,2043.3
1333,577.653197135214,194054,1940.54
1334,577.737700778385,190789,1907.89
1335,577.822204501465,188023,1880.23
1336,577.906708304698,183996,1839.96
1337,577.991212188331,204364,2043.64
1338,578.075716152607,209511,2095.11
1339,578.160220197773,199509,1995.09
1340,578.244724324073,192672,1926.72
1341,578.329228531752,191739,1917.39
1342,578.413732821056,192247,1922.47
1343,578.49823719223,187901,1879.01
1344,578.582741645518,183636,1836.36
1345,578.667246181166,183269,1832.69
1346,578.75175079942,182527,1825.27
1347,578.836255500524,182996,1829.96
1348,578.920760284723,188059,1880.59
1349,579.005265152262,187311,1873.11
1350,579.089770103388,183125,1831.25
1351,579.174275138344,180707,1807.07
1352,579.258780257375,178672,1786.72
1353,579.343285460728,177500,1775
1354,579.427790748647,177206,1772.06
1355,579.512296121378,176872,1768.72
1356,579.596801579165,176195,1761.95
1357,579.681307122253,176816,1768.16
1358,579.765812750888,177358,1773.58
1359,579.850318465315,176600,1766
1360,579.934824265779,176195,1761.95
1361,580.019330152525,176135,1761.35
1362,580.103836125799,189216,1892.16
1363,580.188342185844,192958,1929.58
1364,580.272848332908,187824,1878.24
1365,580.357354567233,184178,1841.78
1366,580.441860889067,180557,1805.57
1367,580.526367298654,178522,1785.22
1368,580.610873796238,182333,1823.33
1369,580.695380382066,182454,1824.54
1370,580.779887056382,179212,1792.12
1371,580.864393819432,180374,1803.74
1372,580.94890067146,180001,1800.01
1373,581.033407612712,177603,1776.03
1374,581.117914643433,176345,1763.45
1375,581.202421763867,175970,1759.7
1376,581.286928974261,175493,1754.93
1377,581.371436274859,177053,1770.53
1378,581.455943665907,176945,1769.45
1379,581.540451147649,177517,1775.17
1380,581.62495872033,177139,1771.39
1381,581.709466384197,175279,1752.79
1382,581.793974139493,174320,1743.2
1383,581.878481986465,178299,1782.99
1384,581.962989925357,178884,1788.84
1385,582.047497956414,180735,1807.35
1386,582.132006079881,182665,1826.65
1387,582.216514296004,179845,1798.45
1388,582.301022605028,176890,1768.9
1389,582.385531007198,181829,1818.29
1390,582.470039502758,182563,1825.63
1391,582.554548091955,178548,1785.48
1392,582.639056775033,175889,1758.89
1393,582.723565552238,173697,1736.97
1394,582.808074423814,172831,1728.31
1395,582.892583390007,172667,1726.67
1396,582.977092451061,177311,1773.11
1397,583.061601607223,178495,1784.95
1398,583.146110858736,176966,1769.66
1399,583.230620205847,176868,1768.68
1400,583.3151296488,175595,1755.95
1401,583.399639187841,175934,1759.34
1402,583.484148823214,175156,1751.56
1403,583.568658555165,173537,1735.37
1404,583.653168383939,172752,1727.52
1405,583.73767830978,176531,1765.31
1406,583.822188332935,177161,1771.61
1407,583.906698453649,176505,1765.05
1408,583.991208672165,175169,1751.69
1409,584.075718988731,172906,1729.06
1410,584.16022940359,174033,1740.33
1411,584.244739916987,174023,1740.23
1412,584.329250529169,172127,1721.27
1413,584.41376124038,170930,1709.3
1414,584.498272050865,170639,1706.39
1415,584.58278296087,171111,1711.11
1416,584.667293970638,177191,1771.91
1417,584.751805080417,183202,1832.02
1418,584.83631629045,181122,1811.22
1419,584.920827600983,176394,1763.94
1420,585.005339012262,173744,1737.44
1421,585.08985052453,174594,1745.94
1422,585.174362138034,176088,1760.88
1423,585.258873853018,176639,1766.39
1424,585.343385669727,175003,1750.03
1425,585.427897588408,172417,1724.17
1426,585.512409609304,170697,1706.97
1427,585.596921732661,169662,1696.62
1428,585.681433958724,170611,1706.11
1429,585.765946287739,170516,1705.16
1430,585.85045871995,171866,1718.66
1431,585.934971255602,174699,1746.99
1432,586.019483894941,179134,1791.34
1433,586.103996638212,180780,1807.8
1434,586.18850948566,177207,1772.07
1435,586.27302243753,173705,1737.05
1436,586.357535494067,171163,1711.63
1437,586.442048655516,186192,1861.92
1438,586.526561922122,204471,2044.71
1439,586.611075294132,198809,1988.09
1440,586.695588771789,185543,1855.43
1441,586.780102355339,178507,1785.07
1442,586.864616045027,176421,1764.21
1443,586.949129841097,173869,1738.69
1444,587.033643743797,170688,1706.88
1445,587.118157753369,169192,1691.92
1446,587.20267187006,168204,1682.04
1447,587.287186094115,167774,1677.74
1448,587.371700425779,167321,1673.21
1449,587.456214865296,166624,1666.24
1450,587.540729412912,166358,1663.58
1451,587.625244068873,166156,1661.56
1452,587.709758833423,168535,1685.35
1453,587.794273706808,169665,1696.65
1454,587.878788689272,168664,1686.64
1455,587.963303781061,167749,1677.49
1456,588.047818982419,167106,1671.06
1457,588.132334293593,168727,1687.27
1458,588.216849714827,171989,1719.89
1459,588.301365246366,171563,1715.63
1460,588.385880888455,169248,1692.48
1461,588.47039664134,167619,1676.19
1462,588.554912505266,166559,1665.59
1463,588.639428480477,168577,1685.77
1464,588.72394456722,172266,1722.66
1465,588.808460765738,176792,1767.92
1466,588.892977076278,175677,1756.77
1467,588.977493499084,171159,1711.59
1468,589.062010034401,168428,1684.28
1469,589.146526682475,166793,1667.93
1470,589.231043443551,165735,1657.35
1471,589.315560317874,165099,1650.99
1472,589.400077305689,164665,1646.65
1473,589.48459440724,164600,1646
1474,589.569111622774,166532,1665.32
1475,589.653628952536,170608,1706.08
1476,589.73814639677,170355,1703.55
1477,589.822663955722,167618,1676.18
1478,589.907181629636,225466,2254.66
1479,589.991699418759,246398,2463.98
1480,590.076217323334,220760,2207.6
1481,590.160735343608,200274,2002.74
1482,590.245253479825,184354,1843.54
1483,590.329771732231,175101,1751.01
1484,590.41429010107,192812,1928.12
1485,590.498808586588,196171,1961.71
1486,590.58332718903,182347,1823.47
1487,590.667845908641,176140,1761.4
1488,590.752364745666,171938,1719.38
1489,590.83688370035,167990,1679.9
1490,590.921402772939,167810,1678.1
1491,591.005921963678,172100,1721
1492,591.090441272811,171460,1714.6
1493,591.174960700584,169939,1699.39
1494,591.259480247241,170417,1704.17
1495,591.343999913029,170659,1706.59
1496,591.428519698192,168844,1688.44
1497,591.513039602976,165895,1658.95
1498,591.597559627625,164233,1642.33
1499,591.682079772385,163546,1635.46
1500,591.7666000375,162906,1629.06
1501,591.851120423216,162393,1623.93
1502,591.935640929779,162303,1623.03
1503,592.020161557432,163664,1636.64
1504,592.104682306422,164083,1640.83
1505,592.189203176993,163011,1630.11
1506,592.273724169391,162064,1620.64
1507,592.35824528386,161563,1615.63
1508,592.442766520647,161300,1613
1509,592.527287879995,163852,1638.52
1510,592.611809362151,164831,1648.31
1511,592.696330967358,183190,1831.9
1512,592.780852695863,187540,1875.4
1513,592.865374547911,176205,1762.05
1514,592.949896523746,169615,1696.15
1515,593.034418623614,166189,1661.89
1516,593.11894084776,190906,1909.06
1517,593.203463196429,196926,1969.26
1518,593.287985669866,181753,1817.53
1519,593.372508268317,172701,1727.01
1520,593.457030992026,167605,1676.05
1521,593.541553841238,164739,1647.39
1522,593.626076816199,163245,1632.45
1523,593.710599917154,162411,1624.11
1524,593.795123144348,161853,1618.53
1525,593.879646498027,161072,1610.72
1526,593.964169978434,165401,1654.01
1527,594.048693585816,166896,1668.96
1528,594.133217320417,163810,1638.1
1529,594.217741182483,163998,1639.98
1530,594.302265172259,163524,1635.24
1531,594.38678928999,164176,1641.76
1532,594.47131353592,163856,1638.56
1533,594.555837910296,164450,1644.5
1534,594.640362413363,164022,1640.22
1535,594.724887045364,177124,1771.24
1536,594.809411806547,179838,1798.38
1537,594.893936697155,171027,1710.27
1538,594.978461717434,170612,1706.12
1539,595.062986867629,168910,1689.1
1540,595.147512147985,164921,1649.21
1541,595.232037558747,167322,1673.22
1542,595.316563100161,171871,1718.71
1543,595.401088772471,170038,1700.38
1544,595.485614575923,165880,1658.8
1545,595.570140510762,162964,1629.64
1546,595.654666577233,161081,1610.81
1547,595.73919277558,162538,1625.38
1548,595.82371910605,163648,1636.48
1549,595.908245568888,162374,1623.74
1550,595.992772164338,165473,1654.73
1551,596.077298892645,171228,1712.28
1552,596.161825754055,169557,1695.57
1553,596.246352748813,164523,1645.23
1554,596.330879877164,161720,1617.2
1555,596.415407139353,170438,1704.38
1556,596.499934535626,172533,1725.33
1557,596.584462066227,167247,1672.47
1558,596.668989731401,166202,1662.02
1559,596.753517531394,167295,1672.95
1560,596.838045466451,167716,1677.16
1561,596.922573536817,165109,1651.09
1562,597.007101742737,162231,1622.31
1563,597.091630084456,181270,1812.7
1564,597.17615856222,196576,1965.76
1565,597.260687176273,188774,1887.74
1566,597.345215926861,178848,1788.48
1567,597.429744814228,176498,1764.98
1568,597.51427383862,171829,1718.29
1569,597.598803000283,165413,1654.13
1570,597.68333229946,166446,1664.46
1571,597.767861736398,165661,1656.61
1572,597.852391311341,166737,1667.37
1573,597.936921024535,165969,1659.69
1574,598.021450876224,164550,1645.5
1575,598.105980866655,165298,1652.98
1576,598.190510996071,163387,1633.87
1577,598.275041264718,162779,1627.79
1578,598.359571672842,163741,1637.41
1579,598.444102220687,165125,1651.25
1580,598.528632908498,163660,1636.6
1581,598.613163736522,163249,1632.49
1582,598.697694705001,167716,1677.16
1583,598.782225814183,168989,1689.89
1584,598.866757064312,167283,1672.83
1585,598.951288455633,163705,1637.05
1586,599.035819988391,162282,1622.82
1587,599.120351662832,163829,1638.29
1588,599.2048834792,162225,1622.25
1589,599.289415437741,159407,1594.07
1590,599.3739475387,158154,1581.54
1591,599.458479782322,159916,1599.16
1592,599.543012168852,162137,1621.37
1593,599.627544698535,163334,1633.34
1594,599.712077371617,161465,1614.65
1595,599.796610188342,158598,1585.98
1596,599.881143148956,159683,1596.83
1597,599.965676253703,161993,1619.93
1598,600.05020950283,160714,1607.14
1599,600.13474289658,157739,1577.39
1600,600.2192764352,156350,1563.5
1601,600.303810118934,157913,1579.13
1602,600.388343948028,157841,1578.41
1603,600.472877922726,156264,1562.64
1604,600.557412043273,157873,1578.73
1605,600.641946309916,158111,1581.11
1606,600.726480722899,156860,1568.6
1607,600.811015282466,155818,1558.18
1608,600.895549988864,154931,1549.31
1609,600.980084842338,154136,1541.36
1610,601.064619843132,155510,1555.1
1611,601.149154991491,156277,1562.77
1612,601.233690287662,158042,1580.42
1613,601.318225731888,158044,1580.44
1614,601.402761324415,156145,1561.45
1615,601.487297065489,157197,1571.97
1616,601.571832955354,157606,1576.06
1617,601.656368994255,158533,1585.33
1618,601.740905182438,157687,1576.87
1619,601.825441520148,155615,1556.15
1620,601.90997800763,157382,1573.82
1621,601.994514645128,159638,1596.38
1622,602.079051432889,160255,1602.55
1623,602.163588371157,158856,1588.56
1624,602.248125460177,158606,1586.06
1625,602.332662700195,157854,1578.54
1626,602.417200091456,158355,1583.55
1627,602.501737634204,157666,1576.66
1628,602.586275328686,155472,1554.72
1629,602.670813175145,154135,1541.35
1630,602.755351173828,160465,1604.65
1631,602.839889324979,162323,1623.23
1632,602.924427628843,160917,1609.17
1633,603.008966085667,161400,1614
1634,603.093504695693,159269,1592.69
1635,603.178043459169,156150,1561.5
1636,603.262582376339,157370,1573.7
1637,603.347121447448,159165,1591.65
1638,603.431660672741,158242,1582.42
1639,603.516200052464,156054,1560.54
1640,603.600739586861,154178,1541.78
1641,603.685279276178,153211,1532.11
1642,603.769819120659,153403,1534.03
1643,603.854359120551,153286,1532.86
1644,603.938899276098,155286,1552.86
1645,604.023439587545,158006,1580.06
1646,604.107980055137,156980,1569.8
1647,604.19252067912,156825,1568.25
1648,604.277061459738,157918,1579.18
1649,604.361602397237,156250,1562.5
1650,604.446143491862,154054,1540.54
1651,604.530684743859,163333,1633.33
1652,604.615226153471,173922,1739.22
1653,604.699767720944,172559,1725.59
1654,604.784309446525,165550,1655.5
1655,604.868851330456,162089,1620.89
1656,604.953393372984,164004,1640.04
1657,605.037935574354,166392,1663.92
1658,605.122477934812,162742,1627.42
1659,605.207020454601,174145,1741.45
1660,605.291563133967,175684,1756.84
1661,605.376105973156,165850,1658.5
1662,605.460648972412,159967,1599.67
1663,605.545192131981,155674,1556.74
1664,605.629735452108,152772,1527.72
1665,605.714278933038,151521,1515.21
1666,605.798822575015,156158,1561.58
1667,605.883366378286,157495,1574.95
1668,605.967910343095,154538,1545.38
1669,606.052454469688,152696,1526.96
1670,606.136998758309,152009,1520.09
1671,606.221543209204,154366,1543.66
1672,606.306087822618,154702,1547.02
1673,606.390632598795,152817,1528.17
1674,606.475177537982,153787,1537.87
1675,606.559722640423,156179,1561.79
1676,606.644267906364,157477,1574.77
1677,606.728813336049,158175,1581.75
1678,606.813358929724,156136,1561.36
1679,606.897904687633,153254,1532.54
1680,606.982450610022,151415,1514.15
1681,607.066996697137,150336,1503.36
1682,607.151542949221,152668,1526.68
1683,607.236089366521,155554,1555.54
1684,607.320635949282,154404,1544.04
1685,607.405182697748,152363,1523.63
1686,607.489729612165,154264,1542.64
1687,607.574276692777,154309,1543.09
1688,607.658823939831,152005,1520.05
1689,607.74337135357,153242,1532.42
1690,607.827918934241,155345,1553.45
1691,607.912466682089,153986,1539.86
1692,607.997014597358,151882,1518.82
1693,608.081562680293,158641,1586.41
1694,608.16611093114,159671,1596.71
1695,608.250659350145,157621,1576.21
1696,608.335207937551,157838,1578.38
1697,608.419756693605,156933,1569.33
1698,608.504305618551,154129,1541.29
1699,608.588854712634,154145,1541.45
1700,608.6734039761,153774,1537.74
1701,608.757953409194,159414,1594.14
1702,608.84250301216,163145,1631.45
1703,608.927052785245,158937,1589.37
1704,609.011602728693,154534,1545.34
1705,609.096152842749,152133,1521.33
1706,609.180703127658,150514,1505.14
1707,609.265253583666,149077,1490.77
1708,609.349804211018,148558,1485.58
1709,609.434355009958,150663,1506.63
1710,609.518905980733,150956,1509.56
1711,609.603457123586,154654,1546.54
1712,609.688008438764,179651,1796.51
1713,609.772559926511,183178,1831.78
1714,609.857111587073,168144,1681.44
1715,609.941663420694,159065,1590.65
1716,610.02621542762,153965,1539.65
1717,610.110767608096,154218,1542.18
1718,610.195319962366,153561,1535.61
1719,610.279872490677,150747,1507.47
1720,610.364425193274,148935,1489.35
1721,610.4489780704,148425,1484.25
1722,610.533531122303,148207,1482.07
1723,610.618084349226,148322,1483.22
1724,610.702637751414,150780,1507.8
1725,610.787191329114,153410,1534.1
1726,610.87174508257,151936,1519.36
1727,610.956299012027,154391,1543.91
1728,611.04085311773,154576,1545.76
1729,611.125407399925,151487,1514.87
1730,611.209961858857,149479,1494.79
1731,611.29451649477,165929,1659.29
1732,611.37907130791,176016,1760.16
1733,611.463626298523,168017,1680.17
1734,611.548181466852,161381,1613.81
1735,611.632736813144,161412,1614.12
1736,611.717292337643,159008,1590.08
1737,611.801848040595,154198,1541.98
1738,611.886403922244,151298,1512.98
1739,611.970959982837,151821,1518.21
1740,612.055516222617,153227,1532.27
1741,612.14007264183,154687,1546.87
1742,612.224629240722,155702,1557.02
1743,612.309186019537,154425,1544.25
1744,612.39374297852,162189,1621.89
1745,612.478300117917,163290,1632.9
1746,612.562857437973,168693,1686.93
1747,612.647414938933,169763,1697.63
1748,612.731972621042,160855,1608.55
1749,612.816530484545,154027,1540.27
1750,612.901088529688,162985,1629.85
1751,612.985646756714,164156,1641.56
1752,613.070205165871,157924,1579.24
1753,613.154763757402,153250,1532.5
1754,613.239322531553,149392,1493.92
1755,613.323881488569,149756,1497.56
1756,613.408440628695,148878,1488.78
1757,613.492999952176,146517,1465.17
1758,613.577559459258,147840,1478.4
1759,613.662119150185,150022,1500.22
1760,613.746679025203,148716,1487.16
1761,613.831239084557,146410,1464.1
1762,613.915799328492,147610,1476.1
1763,614.000359757252,147483,1474.83
1764,614.084920371084,145651,1456.51
1765,614.169481170232,144930,1449.3
1766,614.254042154942,144926,1449.26
1767,614.338603325458,144292,1442.92
1768,614.423164682026,146237,1462.37
1769,614.507726224891,149036,1490.36
1770,614.592287954298,147697,1476.97
1771,614.676849870492,158684,1586.84
1772,614.761411973718,161016,1610.16
1773,614.845974264222,153072,1530.72
1774,614.930536742248,148561,1485.61
1775,615.015099408042,148648,1486.48
1776,615.099662261849,147748,1477.48
1777,615.184225303914,145559,1455.59
1778,615.268788534481,146724,1467.24
1779,615.353351953797,146583,1465.83
1780,615.437915562106,149597,1495.97
1781,615.522479359654,150153,1501.53
1782,615.607043346685,146882,1468.82
1783,615.691607523446,156393,1563.93
1784,615.776171890179,158421,1584.21
1785,615.860736447132,151443,1514.43
1786,615.94530119455,147351,1473.51
1787,616.029866132676,147186,1471.86
1788,616.114431261757,146460,1464.6
1789,616.198996582037,146930,1469.3
1790,616.283562093762,148380,1483.8
1791,616.368127797177,149306,1493.06
1792,616.452693692527,147329,1473.29
1793,616.537259780057,144242,1442.42
1794,616.621826060012,145288,1452.88
1795,616.706392532638,147806,1478.06
1796,616.790959198179,146769,1467.69
1797,616.87552605688,143914,1439.14
1798,616.960093108988,158820,1588.2
1799,617.044660354746,162966,1629.66
1800,617.1292277944,160024,1600.24
1801,617.213795428195,162831,1628.31
1802,617.298363256377,158114,1581.14
1803,617.38293127919,150678,1506.78
1804,617.46749949688,146401,1464.01
1805,617.552067909691,143539,1435.39
1806,617.63663651787,141911,1419.11
1807,617.72120532166,433920,4339.2
1808,617.805774321307,520365,5203.65
1809,617.890343517057,364226,3642.26
1810,617.974912909154,269112,2691.12
1811,618.059482497843,214253,2142.53
1812,618.14405228337,183094,1830.94
1813,618.22862226598,165193,1651.93
1814,618.313192445918,154732,1547.32
1815,618.397762823429,159850,1598.5
1816,618.482333398757,162714,1627.14
1817,618.56690417215,155989,1559.89
1818,618.65147514385,152690,1526.9
1819,618.736046314105,150266,1502.66
1820,618.820617683158,147490,1474.9
1821,618.905189251254,146159,1461.59
1822,618.98976101864,145566,1455.66
1823,619.07433298556,144947,1449.47
1824,619.158905152259,148060,1480.6
1825,619.243477518983,165422,1654.22
1826,619.328050085976,168076,1680.76
1827,619.412622853484,160472,1604.72
1828,619.497195821751,157809,1578.09
1829,619.581768991023,159457,1594.57
1830,619.666342361546,156904,1569.04
1831,619.750915933564,152066,1520.66
1832,619.835489707321,149405,1494.05
1833,619.920063683065,152673,1526.73
1834,620.004637861039,155209,1552.09
1835,620.089212241489,152576,1525.76
1836,620.173786824659,149286,1492.86
1837,620.258361610796,148469,1484.69
1838,620.342936600144,147792,1477.92
1839,620.427511792947,146954,1469.54
1840,620.512087189453,151646,1516.46
1841,620.596662789905,173444,1734.44
1842,620.681238594548,183647,1836.47
1843,620.765814603629,173369,1733.69
1844,620.850390817391,162199,1621.99
1845,620.93496723608,157628,1576.28
1846,621.019543859942,159434,1594.34
1847,621.104120689221,157801,1578.01
1848,621.188697724162,154740,1547.4
1849,621.273274965011,152488,1524.88
1850,621.357852412012,149740,1497.4
1851,621.442430065412,149199,1491.99
1852,621.527007925454,148509,1485.09
1853,621.611585992385,149739,1497.39
1854,621.696164266449,150534,1505.34
1855,621.780742747892,149212,1492.12
1856,621.865321436958,147839,1478.39
1857,621.949900333892,147435,1474.35
1858,622.03447943894,149704,1497.04
1859,622.119058752348,150317,1503.17
1860,622.203638274359,148876,1488.76
1861,622.28821800522,150855,1508.55
1862,622.372797945175,151442,1514.42
1863,622.457378094469,150029,1500.29
1864,622.541958453348,148623,1486.23
1865,622.626539022057,148457,1484.57
1866,622.711119800841,148459,1484.59
1867,622.795700789945,147598,1475.98
1868,622.880281989613,156127,1561.27
1869,622.964863400093,158293,1582.93
1870,623.049445021627,152936,1529.36
1871,623.134026854462,149682,1496.82
1872,623.218608898843,147619,1476.19
1873,623.303191155015,148956,1489.56
1874,623.387773623222,149575,1495.75
1875,623.472356303711,150691,1506.91
1876,623.556939196726,152412,1524.12
1877,623.641522302512,150922,1509.22
1878,623.726105621315,148112,1481.12
1879,623.810689153379,148530,1485.3
1880,623.89527289895,147857,1478.57
1881,623.979856858273,148315,1483.15
1882,624.064441031593,151751,1517.51
1883,624.149025419156,153122,1531.22
1884,624.233610021205,154744,1547.44
1885,624.318194837987,154763,1547.63
1886,624.402779869747,153385,1533.85
1887,624.487365116729,154072,1540.72
1888,624.571950579179,153811,1538.11
1889,624.656536257342,149769,1497.69
1890,624.741122151463,145590,1455.9
1891,624.825708261788,145182,1451.82
1892,624.91029458856,149863,1498.63
1893,624.994881132027,149612,1496.12
1894,625.079467892432,147855,1478.55
1895,625.16405487002,146064,1460.64
1896,625.248642065038,143669,1436.69
1897,625.33322947773,167992,1679.92
1898,625.41781710834,176790,1767.9
1899,625.502404957115,274854,2748.54
1900,625.5869930243,299245,2992.45
1901,625.671581310139,234152,2341.52
1902,625.756169814878,539128,5391.28
1903,625.840758538762,613459,6134.59
1904,625.925347482035,414197,4141.97
1905,626.009936644944,303524,3035.24
1906,626.094526027733,237861,2378.61
1907,626.179115630648,195252,1952.52
1908,626.263705453933,171401,1714.01
1909,626.348295497833,159996,1599.96
1910,626.432885762595,152238,1522.38
1911,626.517476248462,146117,1461.17
1912,626.60206695568,153150,1531.5
1913,626.686657884495,154178,1541.78
1914,626.771249035151,147285,1472.85
1915,626.855840407893,147887,1478.87
1916,626.940432002967,146888,1468.88
1917,627.025023820618,146149,1461.49
1918,627.10961586109,156302,1563.02
1919,627.19420812463,156274,1562.74
1920,627.278800611482,155566,1555.66
1921,627.363393321891,154665,1546.65
1922,627.447986256102,174680,1746.8
1923,627.532579414361,177010,1770.1
1924,627.617172796912,160186,1601.86
1925,627.701766404002,150126,1501.26
1926,627.786360235874,144232,1442.32
1927,627.870954292774,143336,1433.36
1928,627.955548574948,142065,1420.65
1929,628.04014308264,149942,1499.42
1930,628.124737816095,151509,1515.09
1931,628.209332775559,147576,1475.76
1932,628.293927961276,144250,1442.5
1933,628.378523373493,140279,1402.79
1934,628.463119012454,137697,1376.97
1935,628.547714878403,136467,1364.67
1936,628.632310971587,138418,1384.18
1937,628.716907292251,141285,1412.85
1938,628.801503840639,143134,1431.34
1939,628.886100616996,141615,1416.15
1940,628.970697621569,138840,1388.4
1941,629.055294854601,137389,1373.89
1942,629.139892316339,139016,1390.16
1943,629.224490007026,141373,1413.73
1944,629.309087926909,140543,1405.43
1945,629.393686076233,140616,1406.16
1946,629.478284455242,139657,1396.57
1947,629.562883064182,137356,1373.56
1948,629.647481903298,135918,1359.18
1949,629.732080972835,135440,1354.4
1950,629.816680273037,137266,1372.66
1951,629.901279804152,137453,1374.53
1952,629.985879566422,138566,1385.66
1953,630.070479560095,141140,1411.4
1954,630.155079785414,142098,1420.98
1955,630.239680242624,139933,1399.33
1956,630.324280931972,137402,1374.02
1957,630.408881853702,141730,1417.3
1958,630.493483008059,143675,1436.75
1959,630.578084395288,140532,1405.32
1960,630.662686015635,137639,1376.39
1961,630.747287869345,139846,1398.46
1962,630.831889956662,140126,1401.26
1963,630.916492277832,137569,1375.69
1964,631.001094833101,135877,1358.77
1965,631.085697622712,135028,1350.28
1966,631.170300646912,137196,1371.96
1967,631.254903905945,137555,1375.55
1968,631.339507400056,140857,1408.57
1969,631.424111129492,142956,1429.56
1970,631.508715094496,145619,1456.19
1971,631.593319295314,152311,1523.11
1972,631.677923732192,151955,1519.55
1973,631.762528405373,147485,1474.85
1974,631.847133315104,144252,1442.52
1975,631.93173846163,140406,1404.06
1976,632.016343845195,139490,1394.9
1977,632.100949466045,137921,1379.21
1978,632.185555324425,135418,1354.18
1979,632.270161420579,134161,1341.61
1980,632.354767754754,133495,1334.95
1981,632.439374327195,135082,1350.82
1982,632.523981138146,135256,1352.56
1983,632.608588187852,133872,1338.72
1984,632.693195476559,134006,1340.06
1985,632.777803004512,133965,1339.65
1986,632.862410771956,134147,1341.47
1987,632.947018779136,134442,1344.42
1988,633.031627026297,134626,1346.26
1989,633.116235513685,136247,1362.47
1990,633.200844241544,140630,1406.3
1991,633.28545321012,140455,1404.55
1992,633.370062419658,136952,1369.52
1993,633.454671870403,135005,1350.05
1994,633.539281562599,133642,1336.42
1995,633.623891496493,132603,1326.03
1996,633.708501672329,132126,1321.26
1997,633.793112090353,134187,1341.87
1998,633.877722750809,134488,1344.88
1999,633.962333653943,133146,1331.46
2000,634.0469448,132498,1324.98
2001,634.131556189225,131951,1319.51
2002,634.216167821863,133963,1339.63
2003,634.300779698159,134500,1345
2004,634.385391818359,133198,1331.98
2005,634.470004182707,132575,1325.75
2006,634.554616791449,131980,1319.8
2007,634.639229644829,133871,1338.71
2008,634.723842743094,146810,1468.1
2009,634.808456086488,151142,1511.42
2010,634.893069675256,144199,1441.99
2011,634.977683509643,140704,1407.04
2012,635.062297589895,140368,1403.68
2013,635.146911916256,140250,1402.5
2014,635.231526488972,137880,1378.8
2015,635.316141308288,256178,2561.78
2016,635.400756374449,288354,2883.54
2017,635.4853716877,226978,2269.78
2018,635.569987248286,191525,1915.25
2019,635.654603056453,167000,1670
2020,635.739219112446,152048,1520.48
2021,635.823835416509,144066,1440.66
2022,635.908451968888,143494,1434.94
2023,635.993068769827,156409,1564.09
2024,636.077685819573,155861,1558.61
2025,636.16230311837,161223,1612.23
2026,636.246920666464,159230,1592.3
2027,636.331538464099,233447,2334.47
2028,636.41615651152,250268,2502.68
2029,636.500774808974,199344,1993.44
2030,636.585393356704,169357,1693.57
2031,636.670012154956,170605,1706.05
2032,636.754631203976,168733,1687.33
2033,636.839250504007,154123,1541.23
2034,636.923870055296,143879,1438.79
2035,637.008489858088,139973,1399.73
2036,637.093109912628,137449,1374.49
2037,637.17773021916,134442,1344.42
2038,637.26235077793,132338,1323.38
2039,637.346971589183,138037,1380.37
2040,637.431592653165,141999,1419.99
2041,637.51621397012,138628,1386.28
2042,637.600835540293,136511,1365.11
2043,637.68545736393,136589,1365.89
2044,637.770079441276,137235,1372.35
2045,637.854701772576,135587,1355.87
2046,637.939324358074,132950,1329.5
2047,638.023947198017,131340,1313.4
