464.9839,48219
465.068515076491,47824
465.153129906126,48163
465.237744489151,48262
465.322358825812,47930
465.406972916352,47719
465.491586761018,47688
465.576200360054,47526
465.660813713705,47540
465.745426822218,47774
465.830039685836,47905
465.914652304805,48109
465.99926467937,48457
466.083876809776,48448
466.168488696269,48330
466.253100339093,194911
466.337711738494,236362
466.422322894716,158698
466.506933808006,112898
466.591544478607,86247
466.676154906766,71056
466.760765092726,62181
466.845375036735,60685
466.929984739036,59468
467.014594199874,56934
467.099203419495,55169
467.183812398145,53405
467.268421136067,52509
467.353029633508,82943
467.437637890711,93460
467.522245907924,81231
467.60685368539,71337
467.691461223355,62851
467.776068522063,58552
467.860675581761,55694
467.945282402693,58789
468.029888985104,65435
468.11449532924,64533
468.199101435345,63152
468.283707303665,60828
468.368312934445,56789
468.45291832793,57856
468.537523484364,61082
468.622128403994,85623
468.706733087065,96886
468.791337533821,83112
468.875941744507,69973
468.96054571937,63063
469.045149458653,59142
469.129752962602,56607
469.214356231462,54647
469.298959265479,53519
469.383562064897,53052
469.468164629962,52696
469.552766960919,55762
469.637369058012,60382
469.721970921487,59633
469.80657255159,57220
469.891173948565,58795
469.975775112657,57928
470.060376044111,54820
470.144976743173,53528
470.229577210088,56581
470.314177445101,57193
470.398777448457,59083
470.483377220402,83598
470.567976761179,90845
470.652576071035,78778
470.737175150215,68444
470.821773998963,61615
470.906372617525,61383
470.990971006146,59621
471.075569165072,91821
471.160167094546,100517
471.244764794815,84492
471.329362266123,73431
471.413959508717,68106
471.498556522839,70671
471.583153308737,71190
471.667749866655,67927
471.752346196838,67042
471.836942299532,67045
471.921538174981,70815
472.00613382343,68477
472.090729245126,61785
472.175324440312,57574
472.259919409234,58776
472.344514152137,58153
472.429108669267,55140
472.513702960868,54841
472.598297027185,56676
472.682890868465,56469
472.767484484951,54358
472.852077876889,52680
472.936671044524,55711
473.021263988101,56464
473.105856707865,54951
473.190449204062,60217
473.275041476937,76989
473.359633526735,84174
473.4442253537,74924
473.528816958078,68227
473.613408340115,67149
473.697999500055,63156
473.782590438143,58410
473.867181154625,56144
473.951771649745,59068
474.03636192375,58950
474.120951976883,56217
474.20554180939,55135
474.290131421517,54074
474.374720813508,57355
474.459309985608,57979
474.543898938063,55379
474.628487671118,53909
474.713076185018,53383
474.797664480008,57171
474.882252556332,89876
474.966840414238,99286
475.051428053968,117783
475.13601547577,115427
475.220602679887,88861
475.305189666564,72846
475.389776436048,63957
475.474362988583,58918
475.558949324414,55588
475.643535443787,54031
475.728121346946,53679
475.812707034136,53171
475.897292505604,78153
475.981877761593,89629
476.066462802349,80410
476.151047628118,73628
476.235632239144,66436
476.320216635672,59798
476.404800817948,59800
476.489384786216,59448
476.573968540723,61365
476.658552081712,82192
476.74313540943,84722
476.827718524121,71745
476.91230142603,63505
476.996884115403,61982
477.081466592484,60264
477.166048857519,56611
477.250630910753,58356
477.335212752432,58474
477.419794382799,55837
477.504375802101,57574
477.588957010582,58426
477.673538008487,56472
477.758118796063,101551
477.842699373553,113479
477.927279741204,87844
478.011859899259,72329
478.096439847965,63235
478.181019587566,58851
478.265599118308,56943
478.350178440435,55444
478.434757554193,54142
478.519336459827,66847
478.603915157582,69732
478.688493647704,61723
478.773071930436,123590
478.857650006026,139962
478.942227874716,104175
479.026805536754,94871
479.111382992383,88043
479.19596024185,77922
479.280537285398,69350
479.365114123274,61904
479.449690755722,57492
479.534267182988,54861
479.618843405317,53209
479.703419422953,56064
479.787995236142,61320
479.87257084513,60490
479.95714625016,57248
480.041721451479,55186
480.126296449331,53985
480.210871243962,56552
480.295445835617,57458
480.380020224541,59074
480.464594410979,58367
480.549168395175,59127
480.633742177377,58888
480.718315757827,56049
480.802889136772,54264
480.887462314457,53170
480.972035291127,52290
481.056608067026,56193
481.141180642401,70728
481.225753017496,71957
481.310325192556,63152
481.394897167827,61485
481.479468943554,59933
481.564040519981,56641
481.648611897354,54637
481.733183075918,53323
481.817754055918,56466
481.9023248376,56992
481.986895421208,58004
482.071465806988,94763
482.156035995184,102762
482.240605986042,84763
482.325175779807,72866
482.409745376725,64058
482.494314777039,58574
482.578883980996,55230
482.663452988841,53551
482.748021800818,52553
482.832590417173,52297
482.91715883815,56237
483.001727063996,60765
483.086295094955,59679
483.170862931273,56639
483.255430573193,55460
483.339998020963,58064
483.424565274826,58726
483.509132335028,56336
483.593699201814,54452
483.678265875429,56880
483.762832356118,57095
483.847398644127,54696
483.9319647397,56956
484.016530643083,69388
484.101096354521,70812
484.185661874258,63708
484.270227202541,58800
484.354792339614,55948
484.439357285722,55034
484.523922041111,58004
484.608486606025,61366
484.69305098071,59497
484.777615165411,58029
484.862179160373,60416
484.946742965841,59105
485.03130658206,58843
485.115870009276,61928
485.200433247733,60579
485.284996297677,57374
485.369559159353,82447
485.454121833005,91890
485.53868431888,77615
485.623246617222,68101
485.707808728276,62106
485.792370652288,57654
485.876932389502,58428
485.961493940164,57989
486.046055304519,55541
486.130616482813,55006
486.215177475289,54812
486.299738282193,61349
486.384298903771,63167
486.468859340268,58529
486.553419591928,55385
486.637979658997,54264
486.722539541719,53537
486.807099240341,55955
486.891658755108,56402
486.976218086263,54021
487.060777234053,52906
487.145336198723,52419
487.229894980517,51849
487.314453579682,52339
487.399011996461,52661
487.483570231101,52263
487.568128283845,51791
487.652686154941,51127
487.737243844632,51315
487.821801353163,56146
487.906358680781,57230
487.990915827729,54547
488.075472794253,53204
488.160029580599,57609
488.244586187011,58553
488.329142613735,56216
488.413698861015,61669
488.498254929097,62489
488.582810818225,61750
488.667366528646,61397
488.751922060605,57895
488.836477414345,55845
488.921032590113,55476
489.005587588153,56547
489.090142408711,86737
489.174697052032,97277
489.259251518361,84342
489.343805807943,72827
489.428359921024,63151
489.512913857847,57711
489.597467618659,55325
489.682021203705,66620
489.76657461323,69013
489.851127847479,61181
489.935680906696,58780
490.020233791128,56960
490.104786501019,54378
490.189339036615,56933
490.27389139816,57738
490.3584435859,55450
490.44299560008,53820
490.527547440945,52711
490.612099108739,51943
490.69665060371,51657
490.7812019261,51880
490.865753076156,55297
490.950304054123,56543
491.034854860246,55017
491.119405494769,53917
491.203955957939,52946
491.288506249999,52949
491.373056371197,52623
491.457606321775,56260
491.54215610198,58559
491.626705712057,56483
491.711255152251,54416
491.795804422807,52913
491.88035352397,52140
491.964902455985,52512
492.049451219098,56309
492.133999813553,56829
492.218548239596,54687
492.303096497471,56651
492.387644587425,59319
492.472192509702,61534
492.556740264546,69279
492.641287852205,68294
492.725835272921,60979
492.810382526942,57934
492.894929614511,67583
492.979476535874,69014
493.064023291276,61944
493.148569880962,60429
493.233116305178,58460
493.317662564167,55279
493.402208658177,54491
493.486754587451,53661
493.571300352235,52887
493.655845952774,52536
493.740391389313,56068
493.824936662097,56774
493.909481771372,57197
493.994026717382,56506
494.078571500372,54498
494.163116120589,53661
494.247660578276,53222
494.33220487368,82149
494.416749007044,90390
494.501292978615,74936
494.585836788637,65250
494.670380437356,59588
494.754923925017,56873
494.839467251864,58877
494.924010418144,58461
495.0085534241,55395
495.093096269979,70117
495.177638956025,73737
495.262181482484,68066
495.3467238496,66557
495.431266057619,61996
495.515808106786,61376
495.600349997346,60059
495.684891729544,56684
495.769433303626,56233
495.853974719836,55169
495.938515978419,53299
496.023057079622,52656
496.107598023688,52487
496.192138810863,55893
496.276679441392,56325
496.361219915521,56000
496.445760233493,88269
496.530300395556,96097
496.614840401953,77773
496.69938025293,72388
496.783919948731,67781
496.868459489603,64898
496.95299887579,61916
497.037538107538,65196
497.12207718509,64653
497.206616108694,62837
497.291154878593,60818
497.375693495033,57435
497.460231958259,55127
497.544770268516,53823
497.629308426049,53659
497.713846431104,53093
497.798384283926,55737
497.882921984759,56418
497.967459533848,54683
498.05199693144,57484
498.136534177779,62050
498.22107127311,61077
498.305608217678,57398
498.390145011729,55352
498.474681655507,53985
498.559218149259,53124
498.643754493228,53170
498.72829068766,52844
498.8128267328,52293
498.897362628894,52300
498.981898376185,52439
499.066433974921,52699
499.150969425345,56386
499.235504727703,72593
499.32003988224,74583
499.404574889201,68425
499.489109748831,64571
499.573644461376,59844
499.65817902708,56601
499.742713446188,54793
499.827247718947,53772
499.9117818456,53144
499.996315826393,52487
500.080849661572,52139
500.165383351381,52299
500.249916896065,52129
500.33445029587,52488
500.41898355104,72202
500.503516661822,77939
500.588049628459,67456
500.672582451197,61694
500.757115130282,58061
500.841647665958,55752
500.92618005847,54461
501.010712308064,80295
501.095244414985,90285
501.179776379478,80091
501.264308201788,70653
501.34883988216,66849
501.433371420839,63387
501.517902818071,58289
501.6024340741,59719
501.686965189172,62011
501.771496163532,59675
501.856026997425,56238
501.940557691096,54180
502.02508824479,53231
502.109618658753,56847
502.194148933229,57401
502.278679068464,54948
502.363209064702,53958
502.44773892219,53001
502.532268641171,56001
502.616798221892,57272
502.701327664597,55783
502.785856969531,54572
502.87038613694,56920
502.954915167069,60513
503.039444060163,59255
503.123972816466,56390
503.208501436225,58671
503.293029919684,59455
503.377558267088,60677
503.462086478683,63522
503.546614554714,65813
503.631142495425,63050
503.715670301062,58340
503.800197971871,55204
503.884725508095,53539
503.969252909981,56123
504.053780177773,60566
504.138307311717,59768
504.222834312058,60130
504.307361179041,60140
504.39188791291,61350
504.476414513912,62212
504.560940982291,76526
504.645467318292,78246
504.729993522161,67221
504.814519594143,63756
504.899045534482,63505
504.983571343424,65757
505.068097021215,67214
505.152622568098,66535
505.23714798432,77651
505.321673270126,77413
505.40619842576,67154
505.490723451468,60828
505.575248347494,60411
505.659773114085,58919
505.744297751485,85120
505.828822259939,95505
505.913346639693,80022
505.997870890991,68367
506.082395014079,61550
506.166919009201,57893
506.251442876604,55616
506.335966616531,57427
506.420490229229,57387
506.505013714942,55804
506.589537073916,55000
506.674060306396,57415
506.758583412626,58516
506.843106392852,56724
506.927629247319,55431
507.012151976272,54051
507.096674579957,56593
507.181197058618,58572
507.2657194125,57173
507.350241641849,85388
507.43476374691,96592
507.519285727928,80919
507.603807585148,68766
507.688329318816,62218
507.772850929175,61825
507.857372416473,64169
507.941893780953,62094
508.02641502286,58396
508.110936142441,55921
508.195457139939,57700
508.279978015601,57737
508.364498769671,56088
508.449019402395,54915
508.533539914017,54066
508.618060304783,56810
508.702580574937,57201
508.787100724726,55296
508.871620754394,55849
508.956140664186,71101
509.040660454347,79090
509.125180125123,87543
509.209699676758,84647
509.294219109499,91502
509.378738423589,88866
509.463257619274,77322
509.5477766968,69317
509.632295656411,62156
509.716814498352,57984
509.801333222869,55541
509.885851830207,54141
509.97037032061,53732
510.054888694324,53411
510.139406951595,57380
510.223925092667,58423
510.308443117785,55863
510.392961027195,54905
510.477478821141,57841
510.56199649987,61451
510.646514063625,64110
510.731031512652,65970
510.815548847197,63044
510.900066067503,59396
510.984583173818,56894
511.069100166384,58326
511.153617045449,58183
511.238133811256,59432
511.322650464052,59236
511.407167004081,56384
511.491683431587,62158
511.576199746818,63254
511.660715950017,62490
511.745232041429,60912
511.829748021301,57662
511.914263889876,56100
511.9987796474,56084
512.083295294119,55397
512.167810830277,54803
512.252326256119,57328
512.336841571891,60904
512.421356777838,75372
512.505871874205,76884
512.590386861236,71122
512.674901739178,67362
512.759416508275,62446
512.843931168773,58748
512.928445720916,60062
513.01296016495,63202
513.097474501119,61437
513.18198872967,58128
513.266502850847,56509
513.351016864895,58677
513.435530772059,59061
513.520044572585,56768
513.604558266717,55412
513.689071854701,61815
513.773585336782,65288
513.858098713206,65993
513.942611984216,67500
514.027125150058,70775
514.111638210978,72038
514.196151167221,67159
514.280664019031,61537
514.365176766654,58598
514.449689410336,59582
514.53420195032,62743
514.618714386852,61480
514.703226720178,58207
514.787738950542,56575
514.87225107819,55512
514.956763103367,54687
515.041275026318,54231
515.125786847287,62101
515.210298566521,64077
515.294810184265,59720
515.379321700762,57568
515.463833116259,56928
515.548344431001,56051
515.632855645233,58921
515.7173667592,59264
515.801877773147,58499
515.886388687319,60891
515.970899501962,60008
516.05541021732,57208
516.139920833639,55780
516.224431351163,55093
516.308941770138,54800
516.39345209081,54342
516.477962313423,53904
516.562472438222,57181
516.646982465452,61634
516.731492395359,66149
516.816002228188,65397
516.900511964184,61065
516.985021603591,65038
517.069531146656,72144
517.154040593623,79982
517.238549944738,76459
517.323059200245,70245
517.40756836039,65927
517.492077425417,61182
517.576586395573,58348
517.661095271101,85895
517.745604052248,93052
517.830112739258,76683
517.914621332376,74512
517.999129831848,71743
518.083638237919,65353
518.168146550834,60939
518.252654770838,57958
518.337162898176,56661
518.421670933093,55932
518.506178875835,55625
518.590686726646,55329
518.675194485772,55790
518.759702153457,59202
518.844209729948,60056
518.928717215489,58153
519.013224610325,60452
519.097731914701,61534
519.182239128863,59504
519.266746253055,57971
519.351253287523,57258
519.435760232512,56633
519.520267088267,56491
519.604773855033,56244
519.689280533056,55915
519.77378712258,55906
519.85829362385,55590
519.942800037113,59438
520.027306362612,60753
520.111812600593,58596
520.196318751301,57108
520.280824814981,56145
520.365330791879,55536
520.449836682239,55838
520.534342486307,56384
520.618848204327,56288
520.703353836546,59263
520.787859383207,59989
520.872364844557,64926
520.95687022084,85310
521.041375512301,86575
521.125880719186,73465
521.21038584174,66004
521.294890880208,75166
521.379395834834,76375
521.463900705865,71064
521.548405493545,67394
521.632910198119,62870
521.717414819833,60304
521.801919358931,58444
521.88642381566,57480
521.970928190263,61088
522.055432482986,237647
522.139936694074,284465
522.224440823773,192385
522.308944872327,137236
522.393448839982,104034
522.477952726982,88219
522.562456533574,95120
522.646960260001,91238
522.731463906509,81315
522.815967473344,77835
522.90047096075,71405
522.984974368973,65226
523.069477698257,61804
523.153980948848,60197
523.238484120991,59309
523.322987214931,58858
523.407490230914,62179
523.491993169183,66744
523.576496029985,102065
523.660998813565,109074
523.745501520167,117385
523.830004150038,113292
523.914506703421,90740
523.999009180562,77289
524.083511581707,69358
524.1680139071,64883
524.252516156987,62245
524.337018331612,60863
524.421520431221,63572
524.506022456059,64576
524.590524406371,62767
524.675026282403,82810
524.759528084398,88751
524.844029812603,77256
524.928531467263,70151
525.013033048623,83463
525.097534556927,86758
525.182035992421,76055
525.266537355351,69277
525.351038645961,65578
525.435539864496,67543
525.520041011202,67390
525.604542086324,65015
525.689043090106,72499
525.773544022794,74079
525.858044884634,73172
525.942545675869,71657
526.027046396746,67306
526.11154704751,65049
526.196047628405,64187
526.280548139677,67731
526.36504858157,68314
526.449548954331,65815
526.534049258204,65057
526.618549493434,67949
526.703049660267,68273
526.787549758947,66194
526.87204978972,68132
526.956549752831,68968
527.041049648525,67383
527.125549477046,66157
527.210049238641,83795
527.294548933555,90544
527.379048562032,81017
527.463548124317,73966
527.548047620657,71294
527.632547051295,69505
527.717046416477,68386
527.801545716449,73726
527.886044951455,75013
527.97054412174,80523
528.05504322755,80438
528.139542269129,74462
528.224041246724,73102
528.308540160578,74981
528.393039010938,73984
528.477537798047,70916
528.562036522152,72378
528.646535183498,75590
528.731033782329,77440
528.815532318891,75585
528.900030793429,72688
528.984529206188,70763
529.069027557414,69646
529.15352584735,68974
529.238024076243,68378
529.322522244338,68173
529.407020351879,68422
529.491518399112,69148
529.576016386283,69557
529.660514313635,69638
529.745012181415,69433
529.829509989866,69298
529.914007739236,69205
529.998505429768,72723
530.083003061708,74231
530.167500635301,72658
530.251998150792,71722
530.336495608426,71643
530.420993008449,74627
530.505490351105,78862
530.589987636639,81254
530.674484865298,82564
530.758982037325,80187
530.843479152966,76670
530.927976212466,74683
531.012473216071,74264
531.096970164025,126060
531.181467056574,143343
531.265963893962,116051
531.350460676435,97874
531.434957404238,87845
531.519454077616,82125
531.603950696814,80811
531.688447262078,80108
531.772943773652,78069
531.857440231782,76590
531.941936636713,75527
532.026432988689,77972
532.110929287956,78280
532.19542553476,78913
532.279921729345,77689
532.364417871956,74122
532.448913962839,71222
532.533410002239,69458
532.6179059904,68178
532.702401927568,66193
532.786897813989,64362
532.871393649906,70317
532.955889435567,74738
533.040385171214,71041
533.124880857094,95412
533.209376493452,100153
533.293872080533,82475
533.378367618582,71614
533.462863107844,88327
533.547358548564,90397
533.631853940988,78015
533.71634928536,70224
533.800844581926,74483
533.885339830931,72787
533.96983503262,64550
534.054330187238,59534
534.13882529503,59568
534.223320356242,58210
534.307815371118,55121
534.392310339903,53473
534.476805262844,52836
534.561300140184,52779
534.64579497217,59486
534.730289759045,60995
534.814784501056,60495
534.899279198448,59796
534.983773851465,56617
535.068268460352,57687
535.152763025356,67542
535.23725754672,87146
535.321752024691,86802
535.406246459513,73058
535.490740851431,64059
535.575235200691,58497
535.659729507538,55522
535.744223772216,480222
535.828717994971,600898
535.913212176048,370586
535.997706315693,233975
536.08220041415,165872
536.166694471664,124259
536.251188488481,93703
536.335682464845,75845
536.420176401003,65562
536.504670297198,59639
536.589164153677,56180
536.673657970684,54234
536.758151748464,54231
536.842645487263,53888
536.927139187325,53087
537.011632848896,55945
537.096126472221,57140
537.180620057546,59815
537.265113605114,62997
537.349607115172,60679
537.434100587964,58161
537.518594023736,56311
537.603087422733,54728
537.687580785199,54352
537.772074111381,57010
537.856567401522,68491
537.941060655869,81174
538.025553874667,77204
538.11004705816,66832
538.194540206593,61073
538.279033320213,58064
538.363526399263,56943
538.44801944399,58061
538.532512454637,61030
538.617005431451,68256
538.701498374677,73709
538.785991284559,76774
538.870484161343,80072
538.954977005273,85937
539.039469816596,87911
539.123962595556,86217
539.208455342398,91462
539.292948057368,94344
539.37744074071,88576
539.46193339267,85858
539.546426013493,85416
539.630918603424,87373
539.715411162708,84302
539.79990369159,80583
539.884396190315,76758
539.968888659129,97776
540.053381098277,107715
540.137873508003,93063
540.222365888553,79459
540.306858240173,71139
540.391350563106,65823
540.475842857599,69423
540.560335123896,69067
540.644827362243,66883
540.729319572884,67839
540.813811756066,64741
540.898303912032,60076
540.982796041028,57203
541.0672881433,55539
541.151780219092,54696
541.23627226865,53731
541.320764292218,52959
541.405256290042,53273
541.489748262367,56063
541.574240209438,60734
541.6587321315,60252
541.743224028798,60606
541.827715901578,59504
541.912207750085,56213
541.996699574563,55080
542.081191375258,54261
542.165683152415,57359
542.250174906279,57860
542.334666637096,55278
542.41915834511,53801
542.503650030566,75225
542.58814169371,84314
542.672633334787,80315
542.757124954042,73701
542.841616551719,65027
542.926108128065,63341
543.010599683325,61407
543.095091217743,58514
543.179582731564,84768
543.264074225034,91773
543.348565698398,77528
543.433057151901,70478
543.517548585789,67993
543.602040000305,75383
543.686531395696,83795
543.771022772206,85670
543.855514130081,90356
543.940005469566,97581
544.024496790906,100343
544.108988094346,108525
544.193479380131,115388
544.277970648506,115205
544.362461899717,114478
544.446953134009,119132
544.531444351626,122206
544.615935552814,124348
544.700426737818,127575
544.784917906884,128985
544.869409060255,133137
544.953900198178,135642
545.038391320898,135322
545.122882428659,135460
545.207373521708,135925
545.291864600288,136814
545.376355664645,137961
545.460846715024,171573
545.545337751671,181947
545.62982877483,165928
545.714319784747,159701
545.798810781666,158805
545.883301765834,155368
545.967792737495,153747
546.052283696893,151677
546.136774644275,151514
546.221265579886,149936
546.30575650397,146529
546.390247416772,144439
546.474738318539,143452
546.559229209514,143388
546.643720089944,143040
546.728210960073,142856
546.812701820146,145673
546.897192670409,151741
546.981683511106,152667
547.066174342483,150166
547.150665164785,151010
547.235155978257,154263
547.319646783145,153897
547.404137579692,152134
547.488628368145,151412
547.573119148749,150513
547.657609921748,150224
547.742100687388,153517
547.826591445914,154834
547.911082197572,153847
547.995572942605,153379
548.08006368126,152316
548.164554413782,151318
548.249045140415,150904
548.333535861404,151329
548.418026576996,168468
548.502517287435,173164
548.587007992966,164859
548.671498693834,159998
548.755989390285,163272
548.840480082563,167565
548.924970770915,164663
549.009461455584,160961
549.093952136815,162200
549.178442814856,162076
549.262933489949,159799
549.347424162341,166383
549.431914832276,167675
549.5164055,163028
549.600896165758,162464
549.685386829794,161991
549.769877492355,160159
549.854368153685,159557
549.938858814029,177613
550.023349473633,185981
550.107840132742,181102
550.1923307916,174618
550.276821450453,167991
550.361312109546,164499
550.445802769124,166427
550.530293429432,166613
550.614784090716,164226
550.69927475322,163435
550.78376541719,163038
550.868256082871,162504
550.952746750508,163030
551.037237420346,166410
551.12172809263,167636
551.206218767606,166167
551.290709445518,164932
551.375200126611,164019
551.459690811131,167849
551.544181499323,169260
551.628672191433,167403
551.713162887704,166008
551.797653588383,165499
551.882144293714,165278
551.966635003943,165474
552.051125719314,169533
552.135616440073,176537
552.220107166465,176571
552.304597898735,175226
552.389088637129,174024
552.473579381891,192800
552.558070133266,197119
552.6425608915,185227
552.727051656838,178422
552.811542429524,199897
552.896033209805,204437
552.980523997925,193677
553.065014794129,186208
553.149505598662,179333
553.23399641177,175621
553.318487233698,176954
553.402978064691,190479
553.487468904993,202932
553.571959754851,197400
553.656450614509,186074
553.740941484213,178991
553.825432364206,181841
553.909923254736,182154
553.994414156046,184229
554.078905068382,183171
554.16339599199,178252
554.247886927113,176109
554.332377873998,198238
554.416868832889,203819
554.501359804032,190672
554.585850787671,183016
554.670341784053,178393
554.754832793421,176127
554.839323816021,174967
554.923814852099,174518
555.008305901899,174679
555.092796965667,182153
555.177288043647,184146
555.261779136085,206574
555.346270243226,212438
555.430761365315,201006
555.515252502597,196222
555.599743655318,190657
555.684234823722,184659
555.768726008055,184833
555.853217208561,187129
555.937708425486,184532
556.022199659075,205208
556.106690909574,210607
556.191182177226,200255
556.275673462278,193018
556.360164764975,189520
556.444656085561,191505
556.529147424282,188839
556.613638781383,184863
556.698130157109,182967
556.782621551706,184917
556.867112965417,185306
556.951604398489,189046
557.036095851167,196124
557.120587323695,194095
557.20507881632,187924
557.289570329285,184177
557.374061862836,185940
557.458553417219,187082
557.543044992678,188319
557.627536589459,188105
557.712028207806,189178
557.796519847966,187968
557.881011510182,191608
557.9655031947,195698
558.049994901765,192012
558.134486631623,186834
558.218978384519,183904
558.303470160697,185723
558.387961960402,186027
558.472453783881,186187
558.556945631378,187064
558.641437503137,215158
558.725929399405,232243
558.810421320427,218953
558.894913266447,203724
558.97940523771,195262
559.063897234463,193874
559.14838925695,195564
559.232881305415,193168
559.317373380105,188688
559.401865481264,190236
559.486357609138,190755
559.570849763971,188246
559.65534194601,187285
559.739834155498,190501
559.824326392681,190917
559.908818657804,192429
559.993310951113,191986
560.077803272852,188928
560.162295623266,187308
560.246788002602,186545
560.331280411103,189554
560.415772849015,194009
560.500265316583,197136
560.584757814052,202332
560.669250341668,200375
560.753742899676,194189
560.83823548832,194594
560.922728107845,194147
561.007220758498,191292
561.091713440523,189803
561.176206154165,188896
561.260698899669,189196
561.345191677281,188935
561.429684487245,188858
561.514177329807,189313
561.598670205212,189676
561.683163113705,190735
561.767656055531,190858
561.852149030935,193621
561.936642040163,197954
562.021135083459,197028
562.105628161069,194028
562.190121273237,196187
562.27461442021,195871
562.359107602232,204705
562.443600819547,205865
562.528094072403,202084
562.612587361042,208129
562.697080685712,209837
562.781574046656,206612
562.866067444119,220307
562.950560878348,220671
563.035054349587,207530
563.119547858082,203567
563.204041404076,201205
563.288534987816,198384
563.373028609547,196035
563.457522269514,194166
563.542015967961,192679
563.626509705135,195183
563.71100348128,199451
563.795497296641,198353
563.879991151464,195398
563.964485045993,193930
564.048978980475,193105
564.133472955153,194048
564.217966970273,194272
564.30246102608,197366
564.386955122819,201568
564.471449260736,204035
564.555943440075,202094
564.640437661083,198158
564.724931924002,271481
564.80942622908,294824
564.893920576561,254712
564.97841496669,232007
565.062909399713,217730
565.147403875874,217739
565.231898395419,214435
565.316392958592,205341
565.400887565639,199662
565.485382216806,196429
565.569876912336,194815
565.654371652476,194067
565.73886643747,196735
565.823361267564,198296
565.907856143003,217457
565.992351064031,222642
566.076846030894,211857
566.161341043838,204840
566.245836103106,200388
566.330331208945,198736
566.4148263616,198133
566.499321561315,200453
566.583816808336,200984
566.668312102908,202630
566.752807445276,202449
566.837302835685,201956
566.92179827438,203423
567.006293761607,202667
567.090789297611,200947
567.175284882636,205566
567.259780516928,206709
567.344276200732,203222
567.428771934293,201411
567.513267717856,203631
567.597763551667,203364
567.68225943597,201126
567.766755371011,220859
567.851251357034,226370
567.935747394286,214601
568.020243483011,214033
568.104739623454,211636
568.18923581586,228568
568.273732060474,231734
568.358228357543,217583
568.442724707309,209489
568.52722111002,204636
568.61171756592,201697
568.696214075254,200443
568.780710638267,199294
568.865207255205,198382
568.949703926312,198775
569.034200651834,202522
569.118697432015,203210
569.203194267102,201379
569.287691157338,203876
569.37218810297,209694
569.456685104242,219663
569.5411821614,219074
569.625679274688,211633
569.710176444352,210454
569.794673670637,208170
569.879170953788,203616
569.96366829405,204558
570.048165691668,211143
570.132663146887,210415
570.217160659954,212800
570.301658231112,211953
570.386155860606,206894
570.470653548683,203847
570.555151295587,201845
570.639649101562,200713
570.724146966856,200273
570.808644891712,203206
570.893142876375,208592
570.977640921091,209544
571.062139026105,209325
571.146637191662,227222
571.231135418007,229979
571.315633705386,217839
571.400132054043,214362
571.484630464223,215141
571.569128936172,211716
571.653627470135,206760
571.738126066357,211063
571.822624725083,215059
571.907123446559,211141
571.991622231028,213391
572.076121078737,218607
572.160619989931,215339
572.245118964855,211741
572.329618003753,208249
572.414117106872,208427
572.498616274455,212854
572.583115506749,209482
572.667614803999,202798
572.752114166448,199144
572.836613594344,197731
572.921113087931,197098
573.005612647453,196211
573.090112273157,195659
573.174611965286,199883
573.259111724088,207411
573.343611549805,214468
573.428111442685,238462
573.512611402971,242536
573.597111430909,270116
573.681611526744,273132
573.766111690721,252959
573.850611923086,235817
573.935112224083,218925
574.019612593957,209446
574.104113032955,205308
574.18861354132,206071
574.273114119298,205210
574.357614767134,205532
574.442115485074,204584
574.526616273362,250560
574.611117132243,262377
574.695618061963,252042
574.780119062767,243469
574.8646201349,226126
574.949121278607,217244
575.033622494133,213634
575.118123781723,211633
575.202625141623,207462
575.287126574078,202180
575.371628079332,199480
575.456129657631,198751
575.54063130922,198090
575.625133034344,201081
575.709634833249,207169
575.794136706179,206193
575.878638653379,201252
575.963140675095,198111
576.047642771572,196105
576.132144943055,195230
576.216647189789,199097
576.301149512019,199857
576.38565190999,197258
576.470154383948,195808
576.554656934138,195328
576.639159560804,199520
576.723662264192,200937
576.808165044547,230009
576.892667902114,240274
576.977170837139,223098
577.061673849866,210086
577.146176940541,202950
577.230680109408,199496
577.315183356713,198266
577.399686682701,200228
577.484190087617,223516
577.568693571706,227131
577.653197135214,212855
577.737700778385,208169
577.822204501465,203816
577.906708304698,198523
577.991212188331,229737
578.075716152607,237625
578.160220197773,222084
578.244724324073,211799
578.329228531752,210192
578.413732821056,210436
578.49823719223,204021
578.582741645518,197819
578.667246181166,197425
578.75175079942,196639
578.836255500524,197202
578.920760284723,203883
579.005265152262,203294
579.089770103388,197764
579.174275138344,194023
579.258780257375,191548
579.343285460728,190412
579.427790748647,189866
579.512296121378,189000
579.596801579165,188234
579.681307122253,188981
579.765812750888,188970
579.850318465315,187882
579.934824265779,187598
580.019330152525,187371
580.103836125799,205453
580.188342185844,210395
580.272848332908,203321
580.357354567233,198174
580.441860889067,193204
580.526367298654,190294
580.610873796238,195476
580.695380382066,196045
580.779887056382,191402
580.864393819432,192997
580.94890067146,192652
581.033407612712,188884
581.117914643433,187008
581.202421763867,186621
581.286928974261,185856
581.371436274859,188109
581.455943665907,188559
581.540451147649,189428
581.62495872033,188403
581.709466384197,185314
581.793974139493,184112
581.878481986465,190189
581.962989925357,191091
582.047497956414,193913
582.132006079881,196625
582.216514296004,192123
582.301022605028,187427
582.385531007198,194473
582.470039502758,195798
582.554548091955,189839
582.639056775033,186441
582.723565552238,183966
582.808074423814,182601
582.892583390007,181810
582.977092451061,188558
583.061601607223,190284
583.146110858736,187781
583.230620205847,187487
583.3151296488,185276
583.399639187841,186141
583.484148823214,185308
583.568658555165,182852
583.653168383939,181614
583.73767830978,187110
583.822188332935,188233
583.906698453649,186977
583.991208672165,185178
584.075718988731,182035
584.16022940359,183447
584.244739916987,182988
584.329250529169,180089
584.41376124038,178286
584.498272050865,177820
584.58278296087,177925
584.667293970638,186547
584.751805080417,195486
584.83631629045,192551
584.920827600983,185869
585.005339012262,181904
585.08985052453,182448
585.174362138034,185040
585.258873853018,186495
585.343385669727,183945
585.427897588408,179747
585.512409609304,177227
585.596921732661,175458
585.681433958724,177123
585.765946287739,177732
585.85045871995,180018
585.934971255602,183941
586.019483894941,189831
586.103996638212,191464
586.18850948566,185784
586.27302243753,180803
586.357535494067,177211
586.442048655516,199114
586.526561922122,225660
586.611075294132,217758
586.695588771789,199011
586.780102355339,188502
586.864616045027,185345
586.949129841097,181905
587.033643743797,177191
587.118157753369,174463
587.20267187006,173148
587.287186094115,172248
587.371700425779,171542
587.456214865296,170624
587.540729412912,170224
587.625244068873,170237
587.709758833423,173314
587.794273706808,174317
587.878788689272,173255
587.963303781061,171947
588.047818982419,171040
588.132334293593,173856
588.216849714827,178134
588.301365246366,177066
588.385880888455,173739
588.47039664134,171319
588.554912505266,169641
588.639428480477,172675
588.72394456722,178460
588.808460765738,184930
588.892977076278,182977
588.977493499084,176632
589.062010034401,172386
589.146526682475,169732
589.231043443551,168057
589.315560317874,166884
589.400077305689,166247
589.48459440724,165975
589.569111622774,169212
589.653628952536,175560
589.73814639677,175402
589.822663955722,171486
589.907181629636,260156
589.991699418759,291348
590.076217323334,251284
590.160735343608,220456
590.245253479825,196942
590.329771732231,183134
590.41429010107,207226
590.498808586588,211299
590.58332718903,191933
590.667845908641,183097
590.752364745666,177050
590.83688370035,171508
590.921402772939,171480
591.005921963678,177347
591.090441272811,176153
591.174960700584,174203
591.259480247241,175063
591.343999913029,175142
591.428519698192,172470
591.513039602976,168814
591.597559627625,166845
591.682079772385,165492
591.7666000375,164185
591.851120423216,163823
591.935640929779,163851
592.020161557432,165362
592.104682306422,165311
592.189203176993,163713
592.273724169391,162780
592.35824528386,161938
592.442766520647,161686
592.527287879995,165675
592.611809362151,167188
592.696330967358,193087
592.780852695863,198965
592.865374547911,182766
592.949896523746,173715
593.034418623614,168589
593.11894084776,202375
593.203463196429,210765
593.287985669866,190210
593.372508268317,177857
593.457030992026,170554
593.541553841238,166288
593.626076816199,164784
593.710599917154,163495
593.795123144348,162189
593.879646498027,161163
593.964169978434,167161
594.048693585816,169164
594.133217320417,165395
594.217741182483,166422
594.302265172259,165685
594.38678928999,166341
594.47131353592,165702
594.555837910296,166313
594.640362413363,165126
594.724887045364,183068
594.809411806547,187131
594.893936697155,174931
594.978461717434,174667
595.062986867629,172293
595.147512147985,166542
595.232037558747,170091
595.316563100161,176612
595.401088772471,174172
595.485614575923,167957
595.570140510762,163783
595.654666577233,161282
595.73919277558,163327
595.82371910605,164901
595.908245568888,163108
595.992772164338,167363
596.077298892645,175364
596.161825754055,172746
596.246352748813,165900
596.330879877164,162592
596.415407139353,175370
596.499934535626,178410
596.584462066227,170829
596.668989731401,168952
596.753517531394,169503
596.838045466451,169768
596.922573536817,166313
597.007101742737,162253
597.091630084456,191534
597.17615856222,214323
597.260687176273,201937
597.345215926861,186351
597.429744814228,182427
597.51427383862,175258
597.598803000283,166631
597.68333229946,168940
597.767861736398,167565
597.852391311341,168569
597.936921024535,167632
598.021450876224,166128
598.105980866655,167437
598.190510996071,164659
598.275041264718,164230
598.359571672842,166112
598.444102220687,168172
598.528632908498,165237
598.613163736522,163792
598.697694705001,170120
598.782225814183,171638
598.866757064312,169295
598.951288455633,164853
599.035819988391,163209
599.120351662832,164921
599.2048834792,162573
599.289415437741,158658
599.3739475387,156522
599.458479782322,159099
599.543012168852,162937
599.627544698535,164753
599.712077371617,162136
599.796610188342,158421
599.881143148956,160315
599.965676253703,163141
600.05020950283,161091
600.13474289658,157325
600.2192764352,155227
600.303810118934,157900
600.388343948028,158200
600.472877922726,155810
600.557412043273,157987
600.641946309916,157674
600.726480722899,155351
600.811015282466,154105
600.895549988864,152961
600.980084842338,152083
601.064619843132,154285
601.149154991491,155043
601.233690287662,157534
601.318225731888,157640
601.402761324415,155189
601.487297065489,157149
601.571832955354,157637
601.656368994255,158714
601.740905182438,157581
601.825441520148,154621
601.90997800763,157534
601.994514645128,160930
602.079051432889,161690
602.163588371157,159722
602.248125460177,159322
602.332662700195,158671
602.417200091456,159395
602.501737634204,157987
602.586275328686,154830
602.670813175145,152911
602.755351173828,161999
602.839889324979,163931
602.924427628843,161158
603.008966085667,161599
603.093504695693,158886
603.178043459169,154855
603.262582376339,156702
603.347121447448,159266
603.431660672741,158388
603.516200052464,155759
603.600739586861,153139
603.685279276178,152346
603.769819120659,152798
603.854359120551,151959
603.938899276098,154760
604.023439587545,158754
604.107980055137,157253
604.19252067912,157123
604.277061459738,158469
604.361602397237,156118
604.446143491862,153039
604.530684743859,165394
604.615226153471,180145
604.699767720944,178540
604.784309446525,168605
604.868851330456,163563
604.953393372984,166867
605.037935574354,170475
605.122477934812,165265
605.207020454601,181233
605.291563133967,183311
605.376105973156,170030
605.460648972412,161940
605.545192131981,155759
605.629735452108,152098
605.714278933038,150030
605.798822575015,156411
605.883366378286,158114
605.967910343095,153592
606.052454469688,150631
606.136998758309,149933
606.221543209204,153512
606.306087822618,153785
606.390632598795,151154
606.475177537982,153228
606.559722640423,156973
606.644267906364,158690
606.728813336049,159577
606.813358929724,156587
606.897904687633,152652
606.982450610022,150195
607.066996697137,148413
607.151542949221,150935
607.236089366521,155113
607.320635949282,153908
607.405182697748,151040
607.489729612165,153492
607.574276692777,153751
607.658823939831,150788
607.74337135357,152775
607.827918934241,155976
607.912466682089,154092
607.997014597358,150813
608.081562680293,160193
608.16611093114,161822
608.250659350145,158713
608.335207937551,158524
608.419756693605,157264
608.504305618551,153793
608.588854712634,153787
608.6734039761,152677
608.757953409194,160663
608.84250301216,166066
608.927052785245,160251
609.011602728693,154869
609.096152842749,151508
609.180703127658,148776
609.265253583666,146952
609.349804211018,146430
609.434355009958,149374
609.518905980733,149457
609.603457123586,154678
609.688008438764,189546
609.772559926511,194417
609.857111587073,173359
609.941663420694,161025
610.02621542762,153824
610.110767608096,153885
610.195319962366,152684
610.279872490677,148954
610.364425193274,146749
610.4489780704,145725
610.533531122303,144919
610.618084349226,145642
610.702637751414,149584
610.787191329114,153291
610.87174508257,151893
610.956299012027,155238
611.04085311773,155145
611.125407399925,150845
611.209961858857,147995
611.29451649477,171411
611.37907130791,185484
611.463626298523,173604
611.548181466852,164573
611.632736813144,165150
611.717292337643,161165
611.801848040595,153877
611.886403922244,150018
611.970959982837,151176
612.055516222617,153018
612.14007264183,154831
612.224629240722,155959
612.309186019537,154210
612.39374297852,164847
612.478300117917,166778
612.562857437973,174926
612.647414938933,177028
612.731972621042,164307
612.816530484545,154167
612.901088529688,166825
612.985646756714,168324
613.070205165871,159946
613.154763757402,154159
613.239322531553,148301
613.323881488569,148011
613.408440628695,146331
613.492999952176,142966
613.577559459258,144452
613.662119150185,147481
613.746679025203,145257
613.831239084557,141567
613.915799328492,143019
614.000359757252,142744
614.084920371084,140344
614.169481170232,139303
614.254042154942,139396
614.338603325458,138576
614.423164682026,141172
614.507726224891,144998
614.592287954298,143115
614.676849870492,158508
614.761411973718,161593
614.845974264222,150160
614.930536742248,143741
615.015099408042,144050
615.099662261849,143025
615.184225303914,139944
615.268788534481,141447
615.353351953797,140983
615.437915562106,145493
615.522479359654,146230
615.607043346685,141558
615.691607523446,156140
615.776171890179,158895
615.860736447132,147918
615.94530119455,141831
616.029866132676,141712
616.114431261757,140931
616.198996582037,141898
616.283562093762,143849
616.368127797177,145258
616.452693692527,142713
616.537259780057,138047
616.621826060012,139365
616.706392532638,143122
616.790959198179,141286
616.87552605688,137290
616.960093108988,158189
617.044660354746,163928
617.1292277944,160147
617.213795428195,163553
617.298363256377,156693
617.38293127919,146131
617.46749949688,139611
617.552067909691,135852
617.63663651787,133680
617.72120532166,594587
617.805774321307,730454
617.890343517057,482723
617.974912909154,333217
618.059482497843,246869
618.14405228337,197828
618.22862226598,169430
618.313192445918,153237
618.397762823429,160187
618.482333398757,163447
618.56690417215,153652
618.65147514385,149035
618.736046314105,144923
618.820617683158,140705
618.905189251254,138842
618.98976101864,137904
619.07433298556,136920
619.158905152259,141260
619.243477518983,165583
619.328050085976,168844
619.412622853484,158236
619.497195821751,154684
619.581768991023,157055
619.666342361546,153168
619.750915933564,145419
619.835489707321,141126
619.920063683065,146085
620.004637861039,150207
620.089212241489,146094
620.173786824659,141262
620.258361610796,140161
620.342936600144,139122
620.427511792947,137964
620.512087189453,144048
620.596662789905,174461
620.681238594548,188973
620.765814603629,174403
620.850390817391,158417
620.93496723608,151832
621.019543859942,154367
621.104120689221,152182
621.188697724162,147810
621.273274965011,144074
621.357852412012,140375
621.442430065412,139991
621.527007925454,139166
621.611585992385,140586
621.696164266449,141472
621.780742747892,139323
621.865321436958,137377
621.949900333892,136701
622.03447943894,139517
622.119058752348,140141
622.203638274359,137832
622.28821800522,140167
622.372797945175,140715
622.457378094469,138565
622.541958453348,136581
622.626539022057,136741
622.711119800841,136572
622.795700789945,135299
622.880281989613,147603
622.964863400093,150287
623.049445021627,142462
623.134026854462,138040
623.218608898843,135338
623.303191155015,137680
623.387773623222,138831
623.472356303711,140130
623.556939196726,142019
623.641522302512,139231
623.726105621315,134835
623.810689153379,135722
623.89527289895,134996
623.979856858273,135837
624.064441031593,141345
624.149025419156,143415
624.233610021205,145489
624.318194837987,145242
624.402779869747,142810
624.487365116729,144273
624.571950579179,144229
624.656536257342,138393
624.741122151463,132544
624.825708261788,132206
624.91029458856,138514
624.994881132027,137573
625.079467892432,135078
625.16405487002,132546
625.248642065038,128778
625.33322947773,162376
625.41781710834,174501
625.502404957115,299784
625.5869930243,330804
625.671581310139,246240
625.756169814878,531949
625.840758538762,596452
625.925347482035,396780
626.009936644944,289498
626.094526027733,224888
626.179115630648,180241
626.263705453933,155038
626.348295497833,143583
626.432885762595,135527
626.517476248462,129055
626.60206695568,140296
626.686657884495,142208
626.771249035151,132242
626.855840407893,133085
626.940432002967,131532
627.025023820618,130839
627.10961586109,145645
627.19420812463,145288
627.278800611482,144351
627.363393321891,143146
627.447986256102,170713
627.532579414361,173846
627.617172796912,149951
627.701766404002,135369
627.786360235874,126925
627.870954292774,126063
627.955548574948,124127
628.04014308264,135691
628.124737816095,137937
628.209332775559,132056
628.293927961276,127446
628.378523373493,122046
628.463119012454,118381
628.547714878403,116668
628.632310971587,120078
628.716907292251,123698
628.801503840639,125075
628.886100616996,122533
628.970697621569,118983
629.055294854601,116961
629.139892316339,119367
629.224490007026,122461
629.309087926909,121038
629.393686076233,121235
629.478284455242,119747
629.562883064182,116163
629.647481903298,114257
629.732080972835,113963
629.816680273037,116433
629.901279804152,116273
629.985879566422,117281
630.070479560095,120980
630.155079785414,122428
630.239680242624,119405
630.324280931972,115567
630.408881853702,121887
630.493483008059,125034
630.578084395288,120043
630.662686015635,115437
630.747287869345,118779
630.831889956662,119336
630.916492277832,115241
631.001094833101,112362
631.085697622712,111075
631.170300646912,114479
631.254903905945,115373
631.339507400056,120154
631.424111129492,123298
631.508715094496,126963
631.593319295314,136767
631.677923732192,136440
631.762528405373,129932
631.847133315104,125367
631.93173846163,119633
632.016343845195,117921
632.100949466045,115801
632.185555324425,112263
632.270161420579,110198
632.354767754754,109549
632.439374327195,111699
632.523981138146,111786
632.608588187852,109734
632.693195476559,110425
632.777803004512,110566
632.862410771956,110166
632.947018779136,110428
633.031627026297,110495
633.116235513685,112567
633.200844241544,118879
633.28545321012,118512
633.370062419658,113460
633.454671870403,110608
633.539281562599,108803
633.623891496493,107723
633.708501672329,106968
633.793112090353,109902
633.877722750809,110460
633.962333653943,108402
634.0469448,106662
634.131556189225,105892
634.216167821863,108657
634.300779698159,109047
634.385391818359,106606
634.470004182707,105677
634.554616791449,105115
634.639229644829,108096
634.723842743094,126397
634.808456086488,132627
634.893069675256,122835
634.977683509643,117898
635.062297589895,117805
635.146911916256,117874
635.231526488972,114462
635.316141308288,289414
635.400756374449,336822
635.4853716877,245483
635.569987248286,192637
635.654603056453,156552
635.739219112446,134636
635.823835416509,122645
635.908451968888,121631
635.993068769827,140055
636.077685819573,139314
636.16230311837,146674
636.246920666464,143728
636.331538464099,255054
636.41615651152,280492
636.500774808974,206021
636.585393356704,161573
636.670012154956,161266
636.754631203976,157910
636.839250504007,136813
636.923870055296,121224
637.008489858088,115057
637.093109912628,111315
637.17773021916,106924
637.26235077793,104375
637.346971589183,113015
637.431592653165,119007
637.51621397012,114166
637.600835540293,110712
637.68545736393,110573
637.770079441276,111138
637.854701772576,108351
637.939324358074,104711
638.023947198017,102902
