464.9839,44054
465.068515076491,43299
465.153129906126,43649
465.237744489151,43769
465.322358825812,43569
465.406972916352,43354
465.491586761018,43501
465.576200360054,43646
465.660813713705,43695
465.745426822218,43658
465.830039685836,43797
465.914652304805,43974
465.99926467937,43872
466.083876809776,43663
466.168488696269,43404
466.253100339093,193455
466.337711738494,236144
466.422322894716,156802
466.506933808006,110111
466.591544478607,83083
466.676154906766,67410
466.760765092726,58500
466.845375036735,57081
466.929984739036,55941
467.014594199874,52879
467.099203419495,50637
467.183812398145,48771
467.268421136067,48031
467.353029633508,79476
467.437637890711,90456
467.522245907924,78037
467.60685368539,67557
467.691461223355,58589
467.776068522063,54170
467.860675581761,51457
467.945282402693,54418
468.029888985104,61615
468.11449532924,60259
468.199101435345,57998
468.283707303665,55479
468.368312934445,51534
468.45291832793,52722
468.537523484364,56190
468.622128403994,81432
468.706733087065,92993
468.791337533821,78991
468.875941744507,65113
468.96054571937,57849
469.045149458653,54079
469.129752962602,51663
469.214356231462,49796
469.298959265479,48761
469.383562064897,48409
469.468164629962,48139
469.552766960919,50968
469.637369058012,55415
469.721970921487,54572
469.80657255159,52100
469.891173948565,53952
469.975775112657,53292
470.060376044111,50384
470.144976743173,49134
470.229577210088,52086
470.314177445101,52684
470.398777448457,54181
470.483377220402,79313
470.567976761179,87036
470.652576071035,74763
470.737175150215,64022
470.821773998963,56845
470.906372617525,56236
470.990971006146,54590
471.075569165072,88013
471.160167094546,96661
471.244764794815,80057
471.329362266123,68698
471.413959508717,63076
471.498556522839,65680
471.583153308737,66482
471.667749866655,63098
471.752346196838,62236
471.836942299532,62369
471.921538174981,66323
472.00613382343,63909
472.090729245126,57262
472.175324440312,52886
472.259919409234,53670
472.344514152137,53124
472.429108669267,50330
472.513702960868,49903
472.598297027185,51469
472.682890868465,51341
472.767484484951,49422
472.852077876889,48184
472.936671044524,51259
473.021263988101,51818
473.105856707865,50164
473.190449204062,55724
473.275041476937,72706
473.359633526735,80129
473.4442253537,71108
473.528816958078,64346
473.613408340115,62846
473.697999500055,58839
473.782590438143,54225
473.867181154625,51786
473.951771649745,54283
474.03636192375,54123
474.120951976883,51584
474.20554180939,50371
474.290131421517,49274
474.374720813508,52618
474.459309985608,53024
474.543898938063,50625
474.628487671118,49369
474.713076185018,48473
474.797664480008,52086
474.882252556332,85626
474.966840414238,95593
475.051428053968,114995
475.13601547577,112657
475.220602679887,85327
475.305189666564,68594
475.389776436048,59200
475.474362988583,53841
475.558949324414,50520
475.643535443787,48715
475.728121346946,48106
475.812707034136,47681
475.897292505604,73450
475.981877761593,85608
476.066462802349,76374
476.151047628118,69456
476.235632239144,61872
476.320216635672,55340
476.404800817948,55459
476.489384786216,54679
476.573968540723,56669
476.658552081712,78037
476.74313540943,80783
476.827718524121,67677
476.91230142603,59151
476.996884115403,57448
477.081466592484,55683
477.166048857519,51849
477.250630910753,53452
477.335212752432,53391
477.419794382799,50833
477.504375802101,52783
477.588957010582,53456
477.673538008487,51319
477.758118796063,97786
477.842699373553,110287
477.927279741204,83813
478.011859899259,67872
478.096439847965,58749
478.181019587566,54161
478.265599118308,51923
478.350178440435,50139
478.434757554193,49005
478.519336459827,61932
478.603915157582,65120
478.688493647704,57258
478.773071930436,120344
478.857650006026,136505
478.942227874716,99755
479.026805536754,91431
479.111382992383,84689
479.19596024185,73888
479.280537285398,64705
479.365114123274,56852
479.449690755722,51971
479.534267182988,49188
479.618843405317,47727
479.703419422953,50840
479.787995236142,56199
479.87257084513,55427
479.95714625016,51978
480.041721451479,49784
480.126296449331,48800
480.210871243962,51534
480.295445835617,52391
480.380020224541,53881
480.464594410979,53509
480.549168395175,54683
480.633742177377,54319
480.718315757827,51150
480.802889136772,49180
480.887462314457,48064
480.972035291127,47531
481.056608067026,51422
481.141180642401,66041
481.225753017496,67245
481.310325192556,58369
481.394897167827,56558
481.479468943554,54821
481.564040519981,51662
481.648611897354,49916
481.733183075918,48365
481.817754055918,51164
481.9023248376,51545
481.986895421208,52726
482.071465806988,90715
482.156035995184,98892
482.240605986042,80445
482.325175779807,68221
482.409745376725,59182
482.494314777039,53835
482.578883980996,50642
482.663452988841,49167
482.748021800818,48263
482.832590417173,47918
482.91715883815,51670
483.001727063996,56011
483.086295094955,54852
483.170862931273,51706
483.255430573193,50604
483.339998020963,53462
483.424565274826,53827
483.509132335028,51298
483.593699201814,49651
483.678265875429,51941
483.762832356118,52108
483.847398644127,49593
483.9319647397,51869
484.016530643083,64637
484.101096354521,66184
484.185661874258,58878
484.270227202541,53675
484.354792339614,50696
484.439357285722,49499
484.523922041111,52268
484.608486606025,56177
484.69305098071,55227
484.777615165411,54001
484.862179160373,56011
484.946742965841,54702
485.03130658206,54479
485.115870009276,57412
485.200433247733,55834
485.284996297677,52545
485.369559159353,78103
485.454121833005,88051
485.53868431888,73308
485.623246617222,63523
485.707808728276,57549
485.792370652288,52945
485.876932389502,53553
485.961493940164,53046
486.046055304519,50471
486.130616482813,49944
486.215177475289,49702
486.299738282193,56104
486.384298903771,57765
486.468859340268,53202
486.553419591928,50026
486.637979658997,49045
486.722539541719,48300
486.807099240341,50506
486.891658755108,50971
486.976218086263,48901
487.060777234053,47751
487.145336198723,47026
487.229894980517,46368
487.314453579682,46789
487.399011996461,47078
487.483570231101,46665
487.568128283845,46444
487.652686154941,46331
487.737243844632,46519
487.821801353163,51170
487.906358680781,52412
487.990915827729,50212
488.075472794253,48980
488.160029580599,53248
488.244586187011,54163
488.329142613735,51644
488.413698861015,57364
488.498254929097,58289
488.582810818225,57815
488.667366528646,57340
488.751922060605,53552
488.836477414345,51957
488.921032590113,51329
489.005587588153,51835
489.090142408711,82619
489.174697052032,93294
489.259251518361,80003
489.343805807943,68080
489.428359921024,58566
489.512913857847,53365
489.597467618659,50891
489.682021203705,62482
489.76657461323,65170
489.851127847479,57104
489.935680906696,54410
490.020233791128,52244
490.104786501019,49525
490.189339036615,52207
490.27389139816,52432
490.3584435859,49615
490.44299560008,47991
490.527547440945,47116
490.612099108739,46674
490.69665060371,46593
490.7812019261,46642
490.865753076156,50145
490.950304054123,51262
491.034854860246,49752
491.119405494769,48927
491.203955957939,48490
491.288506249999,48515
491.373056371197,47611
491.457606321775,51009
491.54215610198,53073
491.626705712057,50948
491.711255152251,48779
491.795804422807,47393
491.88035352397,46578
491.964902455985,46822
492.049451219098,50969
492.133999813553,51800
492.218548239596,49646
492.303096497471,51619
492.387644587425,54549
492.472192509702,56576
492.556740264546,64141
492.641287852205,63054
492.725835272921,55952
492.810382526942,52983
492.894929614511,62710
492.979476535874,64221
493.064023291276,56993
493.148569880962,55243
493.233116305178,53619
493.317662564167,50549
493.402208658177,49444
493.486754587451,48405
493.571300352235,47176
493.655845952774,46833
493.740391389313,50541
493.824936662097,51122
493.909481771372,51621
493.994026717382,51165
494.078571500372,48968
494.163116120589,48001
494.247660578276,47631
494.33220487368,77413
494.416749007044,86055
494.501292978615,70198
494.585836788637,60217
494.670380437356,54677
494.754923925017,52054
494.839467251864,54053
494.924010418144,53565
495.0085534241,50785
495.093096269979,66084
495.177638956025,69585
495.262181482484,63279
495.3467238496,61535
495.431266057619,56907
495.515808106786,56366
495.600349997346,55083
495.684891729544,51687
495.769433303626,51207
495.853974719836,50382
495.938515978419,48545
496.023057079622,47434
496.107598023688,46975
496.192138810863,50597
496.276679441392,51390
496.361219915521,50831
496.445760233493,84057
496.530300395556,92573
496.614840401953,73910
496.69938025293,68485
496.783919948731,63449
496.868459489603,59765
496.95299887579,56210
497.037538107538,59749
497.12207718509,59404
497.206616108694,57200
497.291154878593,55211
497.375693495033,51910
497.460231958259,49546
497.544770268516,48305
497.629308426049,48361
497.713846431104,47793
497.798384283926,50567
497.882921984759,51351
497.967459533848,49566
498.05199693144,52416
498.136534177779,56974
498.22107127311,55967
498.305608217678,51724
498.390145011729,49004
498.474681655507,47829
498.559218149259,47430
498.643754493228,47438
498.72829068766,47150
498.8128267328,46459
498.897362628894,46336
498.981898376185,46700
499.066433974921,47400
499.150969425345,51338
499.235504727703,68237
499.32003988224,70639
499.404574889201,64026
499.489109748831,59621
499.573644461376,54521
499.65817902708,51319
499.742713446188,49652
499.827247718947,48337
499.9117818456,47874
499.996315826393,47447
500.080849661572,47047
500.165383351381,46906
500.249916896065,46648
500.33445029587,47120
500.41898355104,67211
500.503516661822,72739
500.588049628459,61661
500.672582451197,55862
500.757115130282,52328
500.841647665958,50211
500.92618005847,48882
501.010712308064,75769
501.095244414985,86446
501.179776379478,75696
501.264308201788,65530
501.34883988216,61516
501.433371420839,57940
501.517902818071,52713
501.6024340741,54518
501.686965189172,56951
501.771496163532,54159
501.856026997425,50444
501.940557691096,48646
502.02508824479,47668
502.109618658753,51297
502.194148933229,51878
502.278679068464,49392
502.363209064702,48540
502.44773892219,47697
502.532268641171,50617
502.616798221892,51686
502.701327664597,50037
502.785856969531,48804
502.87038613694,51322
502.954915167069,55139
503.039444060163,53910
503.123972816466,50978
503.208501436225,53101
503.293029919684,53627
503.377558267088,54629
503.462086478683,57908
503.546614554714,60608
503.631142495425,57984
503.715670301062,53146
503.800197971871,50187
503.884725508095,48491
503.969252909981,50811
504.053780177773,54947
504.138307311717,54359
504.222834312058,54906
504.307361179041,54562
504.39188791291,55589
504.476414513912,56378
504.560940982291,71230
504.645467318292,73056
504.729993522161,61513
504.814519594143,58273
504.899045534482,58272
504.983571343424,60511
505.068097021215,61683
505.152622568098,60906
505.23714798432,72534
505.321673270126,72155
505.40619842576,61644
505.490723451468,55385
505.575248347494,54836
505.659773114085,53208
505.744297751485,80388
505.828822259939,90876
505.913346639693,74616
505.997870890991,62688
506.082395014079,55600
506.166919009201,51690
506.251442876604,49202
506.335966616531,51330
506.420490229229,51616
506.505013714942,49755
506.589537073916,49124
506.674060306396,51695
506.758583412626,52767
506.843106392852,50749
506.927629247319,49308
507.012151976272,48240
507.096674579957,51198
507.181197058618,52825
507.2657194125,50883
507.350241641849,80105
507.43476374691,92096
507.519285727928,76016
507.603807585148,63420
507.688329318816,56757
507.772850929175,56405
507.857372416473,58553
507.941893780953,56090
508.02641502286,52532
508.110936142441,50393
508.195457139939,52129
508.279978015601,51772
508.364498769671,49946
508.449019402395,48807
508.533539914017,47766
508.618060304783,50222
508.702580574937,50727
508.787100724726,49088
508.871620754394,49816
508.956140664186,65517
509.040660454347,73622
509.125180125123,81772
509.209699676758,78490
509.294219109499,85806
509.378738423589,83534
509.463257619274,72014
509.5477766968,63806
509.632295656411,56149
509.716814498352,51724
509.801333222869,49122
509.885851830207,47715
509.97037032061,47626
510.054888694324,47267
510.139406951595,50990
510.223925092667,52072
510.308443117785,49753
510.392961027195,48981
510.477478821141,51910
510.56199649987,55718
510.646514063625,58346
510.731031512652,60198
510.815548847197,57313
510.900066067503,53681
510.984583173818,51109
511.069100166384,52618
511.153617045449,52359
511.238133811256,53465
511.322650464052,53149
511.407167004081,50034
511.491683431587,55827
511.576199746818,56833
511.660715950017,55998
511.745232041429,54829
511.829748021301,51432
511.914263889876,49617
511.9987796474,50007
512.083295294119,49671
512.167810830277,49063
512.252326256119,51223
512.336841571891,54240
512.421356777838,69349
512.505871874205,71370
512.590386861236,65215
512.674901739178,59895
512.759416508275,54228
512.843931168773,50889
512.928445720916,52579
513.01296016495,56049
513.097474501119,54330
513.18198872967,51302
513.266502850847,49637
513.351016864895,52186
513.435530772059,52801
513.520044572585,50412
513.604558266717,48715
513.689071854701,55034
513.773585336782,58843
513.858098713206,59771
513.942611984216,61130
514.027125150058,64424
514.111638210978,65921
514.196151167221,61185
514.280664019031,55175
514.365176766654,51835
514.449689410336,52671
514.53420195032,55642
514.618714386852,54237
514.703226720178,50699
514.787738950542,48815
514.87225107819,47754
514.956763103367,47289
515.041275026318,47262
515.125786847287,55238
515.210298566521,57085
515.294810184265,52510
515.379321700762,50469
515.463833116259,49847
515.548344431001,48774
515.632855645233,51545
515.7173667592,52227
515.801877773147,51835
515.886388687319,54428
515.970899501962,53375
516.05541021732,50300
516.139920833639,48732
516.224431351163,48015
516.308941770138,47819
516.39345209081,47522
516.477962313423,47139
516.562472438222,50091
516.646982465452,54299
516.731492395359,59055
516.816002228188,58506
516.900511964184,54111
516.985021603591,58128
517.069531146656,65271
517.154040593623,73466
517.238549944738,69846
517.323059200245,63551
517.40756836039,58867
517.492077425417,53662
517.576586395573,50646
517.661095271101,78723
517.745604052248,85913
517.830112739258,69216
517.914621332376,67240
517.999129831848,64546
518.083638237919,57902
518.168146550834,53516
518.252654770838,50604
518.337162898176,49231
518.421670933093,48227
518.506178875835,47334
518.590686726646,46789
518.675194485772,47514
518.759702153457,50997
518.844209729948,51586
518.928717215489,49515
519.013224610325,51678
519.097731914701,52636
519.182239128863,50709
519.266746253055,49441
519.351253287523,48782
519.435760232512,48189
519.520267088267,47981
519.604773855033,47596
519.689280533056,47334
519.77378712258,47318
519.85829362385,46911
519.942800037113,50691
520.027306362612,51684
520.111812600593,49346
520.196318751301,48181
520.280824814981,47279
520.365330791879,46402
520.449836682239,46876
520.534342486307,47587
520.618848204327,47438
520.703353836546,50300
520.787859383207,51165
520.872364844557,56614
520.95687022084,77292
521.041375512301,78452
521.125880719186,65316
521.21038584174,57605
521.294890880208,66771
521.379395834834,67672
521.463900705865,62395
521.548405493545,58467
521.632910198119,53936
521.717414819833,51410
521.801919358931,49280
521.88642381566,47970
521.970928190263,51375
522.055432482986,235065
522.139936694074,284154
522.224440823773,188722
522.308944872327,131354
522.393448839982,96277
522.477952726982,79224
522.562456533574,86218
522.646960260001,82260
522.731463906509,72034
522.815967473344,68320
522.90047096075,61674
522.984974368973,55311
523.069477698257,51700
523.153980948848,49951
523.238484120991,48699
523.322987214931,48145
523.407490230914,51591
523.491993169183,56661
523.576496029985,92733
523.660998813565,99683
523.745501520167,108147
523.830004150038,103776
523.914506703421,80621
523.999009180562,66664
524.083511581707,58275
524.1680139071,53637
524.252516156987,50836
524.337018331612,49272
524.421520431221,51875
524.506022456059,52837
524.590524406371,50922
524.675026282403,71346
524.759528084398,77303
524.844029812603,65095
524.928531467263,57465
525.013033048623,71370
525.097534556927,74866
525.182035992421,63875
525.266537355351,57003
525.351038645961,53505
525.435539864496,55446
525.520041011202,55339
525.604542086324,52794
525.689043090106,59901
525.773544022794,61005
525.858044884634,59821
525.942545675869,58089
526.027046396746,54142
526.11154704751,51863
526.196047628405,50779
526.280548139677,54160
526.36504858157,54683
526.449548954331,52007
526.534049258204,51015
526.618549493434,54366
526.703049660267,54690
526.787549758947,52573
526.87204978972,54373
526.956549752831,54929
527.041049648525,52925
527.125549477046,51182
527.210049238641,69273
527.294548933555,76363
527.379048562032,66793
527.463548124317,59693
527.548047620657,56664
527.632547051295,54454
527.717046416477,52982
527.801545716449,56579
527.886044951455,57316
527.97054412174,64172
528.05504322755,65331
528.139542269129,59514
528.224041246724,57722
528.308540160578,58931
528.393039010938,57707
528.477537798047,54112
528.562036522152,54977
528.646535183498,58674
528.731033782329,60797
528.815532318891,58404
528.900030793429,54949
528.984529206188,52635
529.069027557414,51455
529.15352584735,50956
529.238024076243,50063
529.322522244338,49364
529.407020351879,49568
529.491518399112,50184
529.576016386283,50178
529.660514313635,50135
529.745012181415,50227
529.829509989866,50048
529.914007739236,49974
529.998505429768,53319
530.083003061708,54518
530.167500635301,52609
530.251998150792,51375
530.336495608426,51515
530.420993008449,54845
530.505490351105,58598
530.589987636639,60657
530.674484865298,61789
530.758982037325,59271
530.843479152966,55499
530.927976212466,53040
531.012473216071,52072
531.096970164025,104540
531.181467056574,122061
531.265963893962,93809
531.350460676435,74884
531.434957404238,64348
531.519454077616,58164
531.603950696814,56843
531.688447262078,55831
531.772943773652,53562
531.857440231782,51570
531.941936636713,50118
532.026432988689,52625
532.110929287956,53166
532.19542553476,54432
532.279921729345,54140
532.364417871956,51173
532.448913962839,49189
532.533410002239,48472
532.6179059904,48178
532.702401927568,47584
532.786897813989,47398
532.871393649906,54612
532.955889435567,60230
533.040385171214,57279
533.124880857094,83456
533.209376493452,89202
533.293872080533,71393
533.378367618582,60715
533.462863107844,79042
533.547358548564,82285
533.631853940988,70780
533.71634928536,63350
533.800844581926,68015
533.885339830931,66720
533.96983503262,58624
534.054330187238,53348
534.13882529503,53066
534.223320356242,52262
534.307815371118,49611
534.392310339903,47972
534.476805262844,47127
534.561300140184,46862
534.64579497217,53810
534.730289759045,55527
534.814784501056,55147
534.899279198448,54146
534.983773851465,50705
535.068268460352,52076
535.152763025356,62403
535.23725754672,82277
535.321752024691,82405
535.406246459513,68708
535.490740851431,59217
535.575235200691,53614
535.659729507538,50426
535.744223772216,482604
535.828717994971,605579
535.913212176048,371011
535.997706315693,231593
536.08220041415,162378
536.166694471664,119912
536.251188488481,88794
536.335682464845,70820
536.420176401003,60876
536.504670297198,54790
536.589164153677,50755
536.673657970684,48689
536.758151748464,48768
536.842645487263,48293
536.927139187325,47376
537.011632848896,50376
537.096126472221,51568
537.180620057546,54432
537.265113605114,57435
537.349607115172,55274
537.434100587964,52671
537.518594023736,50691
537.603087422733,49096
537.687580785199,48640
537.772074111381,51788
537.856567401522,63682
537.941060655869,76675
538.025553874667,73358
538.11004705816,65813
538.194540206593,66937
538.279033320213,76478
538.363526399263,93862
538.44801944399,115108
538.532512454637,135136
538.617005431451,153578
538.701498374677,162291
538.785991284559,160582
538.870484161343,152808
538.954977005273,146164
539.039469816596,136416
539.123962595556,124563
539.208455342398,122318
539.292948057368,120815
539.37744074071,111875
539.46193339267,106748
539.546426013493,103888
539.630918603424,103718
539.715411162708,98521
539.79990369159,92430
539.884396190315,86262
539.968888659129,105773
540.053381098277,113535
540.137873508003,95550
540.222365888553,79148
540.306858240173,68564
540.391350563106,61275
540.475842857599,63259
540.560335123896,61673
540.644827362243,59051
540.729319572884,60064
540.813811756066,57129
540.898303912032,52713
540.982796041028,50141
541.0672881433,48585
541.151780219092,47834
541.23627226865,47295
541.320764292218,46868
541.405256290042,47391
541.489748262367,50427
541.574240209438,55926
541.6587321315,55281
541.743224028798,55164
541.827715901578,54423
541.912207750085,51269
541.996699574563,50180
542.081191375258,50032
542.165683152415,53414
542.250174906279,54373
542.334666637096,52474
542.41915834511,51740
542.503650030566,74066
542.58814169371,83639
542.672633334787,80294
542.757124954042,74150
542.841616551719,65999
542.926108128065,65088
543.010599683325,63919
543.095091217743,61521
543.179582731564,88670
543.264074225034,96018
543.348565698398,80498
543.433057151901,71715
543.517548585789,67013
543.602040000305,71765
543.686531395696,76570
543.771022772206,73351
543.855514130081,72524
543.940005469566,74585
544.024496790906,72090
544.108988094346,75439
544.193479380131,78524
544.277970648506,74775
544.362461899717,70541
544.446953134009,72480
544.531444351626,72656
544.615935552814,71938
544.700426737818,72072
544.784917906884,70668
544.869409060255,72896
544.953900198178,72979
545.038391320898,70352
545.122882428659,68684
545.207373521708,67575
545.291864600288,67084
545.376355664645,66615
545.460846715024,99539
545.545337751671,109218
545.62982877483,91909
545.714319784747,84637
545.798810781666,83367
545.883301765834,79015
545.967792737495,76908
546.052283696893,75309
546.136774644275,75569
546.221265579886,74339
546.30575650397,71342
546.390247416772,69398
546.474738318539,67829
546.559229209514,67546
546.643720089944,67388
546.728210960073,66993
546.812701820146,69500
546.897192670409,75262
546.981683511106,75815
547.066174342483,72773
547.150665164785,72552
547.235155978257,75040
547.319646783145,74087
547.404137579692,71901
547.488628368145,70636
547.573119148749,69204
547.657609921748,68592
547.742100687388,71832
547.826591445914,73000
547.911082197572,71811
547.995572942605,71167
548.08006368126,69991
548.164554413782,69049
548.249045140415,68815
548.333535861404,68945
548.418026576996,86519
548.502517287435,91146
548.587007992966,82138
548.671498693834,76677
548.755989390285,79768
548.840480082563,83345
548.924970770915,79806
549.009461455584,75579
549.093952136815,76308
549.178442814856,75563
549.262933489949,72825
549.347424162341,78866
549.431914832276,80002
549.5164055,75456
549.600896165758,74726
549.685386829794,73881
549.769877492355,71991
549.854368153685,71395
549.938858814029,89816
550.023349473633,98174
550.107840132742,92776
550.1923307916,85680
550.276821450453,78580
550.361312109546,74897
550.445802769124,76855
550.530293429432,76981
550.614784090716,74002
550.69927475322,72308
550.78376541719,71345
550.868256082871,70487
550.952746750508,70562
551.037237420346,73757
551.12172809263,74811
551.206218767606,73091
551.290709445518,71932
551.375200126611,71236
551.459690811131,75075
551.544181499323,76095
551.628672191433,74190
551.713162887704,72878
551.797653588383,71895
551.882144293714,71265
551.966635003943,70978
552.051125719314,74879
552.135616440073,81991
552.220107166465,81326
552.304597898735,79388
552.389088637129,77880
552.473579381891,96921
552.558070133266,101282
552.6425608915,88755
552.727051656838,81943
552.811542429524,104080
552.896033209805,108286
552.980523997925,96642
553.065014794129,88234
553.149505598662,81011
553.23399641177,77153
553.318487233698,78528
553.402978064691,92368
553.487468904993,105273
553.571959754851,99396
553.656450614509,87450
553.740941484213,80519
553.825432364206,83514
553.909923254736,83685
553.994414156046,85857
554.078905068382,84718
554.16339599199,79229
554.247886927113,76335
554.332377873998,98602
554.416868832889,104066
554.501359804032,90567
554.585850787671,82846
554.670341784053,78229
554.754832793421,75600
554.839323816021,73921
554.923814852099,72760
555.008305901899,72459
555.092796965667,80074
555.177288043647,82001
555.261779136085,104780
555.346270243226,110188
555.430761365315,98163
555.515252502597,92785
555.599743655318,87172
555.684234823722,81631
555.768726008055,81897
555.853217208561,84171
555.937708425486,81630
556.022199659075,102739
556.106690909574,107476
556.191182177226,96503
556.275673462278,88546
556.360164764975,85098
556.444656085561,87433
556.529147424282,84561
556.613638781383,80158
556.698130157109,77913
556.782621551706,79616
556.867112965417,79523
556.951604398489,82560
557.036095851167,89314
557.120587323695,86888
557.20507881632,80639
557.289570329285,76956
557.374061862836,78333
557.458553417219,79325
557.543044992678,80014
557.627536589459,79597
557.712028207806,81141
557.796519847966,80176
557.881011510182,83858
557.9655031947,87722
558.049994901765,84011
558.134486631623,79273
558.218978384519,76315
558.303470160697,78132
558.387961960402,77896
558.472453783881,77899
558.556945631378,78868
558.641437503137,107738
558.725929399405,124420
558.810421320427,110088
558.894913266447,94266
558.97940523771,85651
559.063897234463,83948
559.14838925695,85441
559.232881305415,82715
559.317373380105,78339
559.401865481264,79700
559.486357609138,79515
559.570849763971,76777
559.65534194601,75508
559.739834155498,78983
559.824326392681,79532
559.908818657804,80412
559.993310951113,79791
560.077803272852,76883
560.162295623266,75265
560.246788002602,74220
560.331280411103,77282
560.415772849015,81308
560.500265316583,83981
560.584757814052,88883
560.669250341668,86851
560.753742899676,80664
560.83823548832,81134
560.922728107845,80157
561.007220758498,76849
561.091713440523,75360
561.176206154165,74368
561.260698899669,74482
561.345191677281,73973
561.429684487245,73151
561.514177329807,73176
561.598670205212,73687
561.683163113705,74686
561.767656055531,74608
561.852149030935,77532
561.936642040163,81744
562.021135083459,80228
562.105628161069,77111
562.190121273237,79341
562.27461442021,79266
562.359107602232,88449
562.443600819547,89961
562.528094072403,86028
562.612587361042,92298
562.697080685712,94037
562.781574046656,90874
562.866067444119,104976
562.950560878348,104936
563.035054349587,91414
563.119547858082,87285
563.204041404076,84567
563.288534987816,81352
563.373028609547,78436
563.457522269514,76371
563.542015967961,75100
563.626509705135,77452
563.71100348128,81766
563.795497296641,80608
563.879991151464,77251
563.964485045993,75331
564.048978980475,74098
564.133472955153,74491
564.217966970273,74463
564.30246102608,77521
564.386955122819,81786
564.471449260736,84166
564.555943440075,81829
564.640437661083,78007
564.724931924002,151722
564.80942622908,175521
564.893920576561,134987
564.97841496669,112073
565.062909399713,98139
565.147403875874,98548
565.231898395419,95333
565.316392958592,86030
565.400887565639,80575
565.485382216806,77705
565.569876912336,75771
565.654371652476,74349
565.73886643747,76504
565.823361267564,77516
565.907856143003,96982
565.992351064031,102125
566.076846030894,90538
566.161341043838,83282
566.245836103106,78787
566.330331208945,76429
566.4148263616,75200
566.499321561315,77802
566.583816808336,78168
566.668312102908,79588
566.752807445276,79129
566.837302835685,77867
566.92179827438,78812
567.006293761607,77912
567.090789297611,75669
567.175284882636,80062
567.259780516928,81387
567.344276200732,78028
567.428771934293,75738
567.513267717856,77941
567.597763551667,78251
567.68225943597,75877
567.766755371011,95975
567.851251357034,101587
567.935747394286,89606
568.020243483011,89265
568.104739623454,87014
568.18923581586,104270
568.273732060474,107173
568.358228357543,92302
568.442724707309,83913
568.52722111002,79360
568.61171756592,76392
568.696214075254,74905
568.780710638267,74006
568.865207255205,73383
568.949703926312,73706
569.034200651834,77162
569.118697432015,77952
569.203194267102,75987
569.287691157338,77999
569.37218810297,83899
569.456685104242,93783
569.5411821614,92982
569.625679274688,85502
569.710176444352,84401
569.794673670637,82434
569.879170953788,78352
569.96366829405,79308
570.048165691668,86293
570.132663146887,85737
570.217160659954,87610
570.301658231112,86745
570.386155860606,81730
570.470653548683,78541
570.555151295587,76416
570.639649101562,75014
570.724146966856,74319
570.808644891712,77595
570.893142876375,82798
570.977640921091,82914
571.062139026105,82060
571.146637191662,99514
571.231135418007,101970
571.315633705386,89533
571.400132054043,85634
571.484630464223,86241
571.569128936172,83379
571.653627470135,78920
571.738126066357,83576
571.822624725083,88021
571.907123446559,84332
571.991622231028,86605
572.076121078737,91884
572.160619989931,88954
572.245118964855,85968
572.329618003753,82963
572.414117106872,83563
572.498616274455,88337
572.583115506749,85637
572.667614803999,79580
572.752114166448,76032
572.836613594344,74618
572.921113087931,74466
573.005612647453,73634
573.090112273157,73012
573.174611965286,76728
573.259111724088,84266
573.343611549805,91671
573.428111442685,115924
573.512611402971,119657
573.597111430909,147950
573.681611526744,151362
573.766111690721,130263
573.850611923086,111985
573.935112224083,94715
574.019612593957,85110
574.104113032955,80139
574.18861354132,80522
574.273114119298,79603
574.357614767134,80021
574.442115485074,78769
574.526616273362,125973
574.611117132243,138673
574.695618061963,127917
574.780119062767,119539
574.8646201349,102678
574.949121278607,93861
575.033622494133,90331
575.118123781723,88275
575.202625141623,83877
575.287126574078,78929
575.371628079332,76457
575.456129657631,75093
575.54063130922,74338
575.625133034344,77683
575.709634833249,83959
575.794136706179,82934
575.878638653379,78631
575.963140675095,75752
576.047642771572,73713
576.132144943055,73129
576.216647189789,77791
576.301149512019,78950
576.38565190999,75953
576.470154383948,73999
576.554656934138,73418
576.639159560804,77587
576.723662264192,78848
576.808165044547,108500
576.892667902114,119012
576.977170837139,101445
577.061673849866,88400
577.146176940541,80890
577.230680109408,76849
577.315183356713,75019
577.399686682701,76861
577.484190087617,101370
577.568693571706,105628
577.653197135214,91015
577.737700778385,86677
577.822204501465,83007
577.906708304698,77907
577.991212188331,110215
578.075716152607,118336
578.160220197773,102503
578.244724324073,92332
578.329228531752,91084
578.413732821056,91976
578.49823719223,86060
578.582741645518,79761
578.667246181166,79342
578.75175079942,78371
578.836255500524,78920
578.920760284723,86200
579.005265152262,85862
579.089770103388,80168
579.174275138344,76391
579.258780257375,73913
579.343285460728,72559
579.427790748647,71709
579.512296121378,71165
579.596801579165,70572
579.681307122253,71274
579.765812750888,71541
579.850318465315,71051
579.934824265779,70791
580.019330152525,70817
580.103836125799,89711
580.188342185844,95365
580.272848332908,88448
580.357354567233,83063
580.441860889067,77599
580.526367298654,74360
580.610873796238,79691
580.695380382066,80759
580.779887056382,76446
580.864393819432,79121
580.94890067146,79157
581.033407612712,75534
581.117914643433,73821
581.202421763867,73019
581.286928974261,72522
581.371436274859,75190
581.455943665907,75641
581.540451147649,76803
581.62495872033,76210
581.709466384197,73419
581.793974139493,71900
581.878481986465,77689
581.962989925357,79124
582.047497956414,82462
582.132006079881,85910
582.216514296004,81573
582.301022605028,76600
582.385531007198,83859
582.470039502758,85248
582.554548091955,79149
582.639056775033,75341
582.723565552238,72803
582.808074423814,71740
582.892583390007,70937
582.977092451061,77538
583.061601607223,79554
583.146110858736,77329
583.230620205847,77167
583.3151296488,74916
583.399639187841,75333
583.484148823214,74560
583.568658555165,72095
583.653168383939,70793
583.73767830978,76514
583.822188332935,78417
583.906698453649,77817
583.991208672165,76090
584.075718988731,73162
584.16022940359,74474
584.244739916987,74117
584.329250529169,71633
584.41376124038,70282
584.498272050865,69803
584.58278296087,69922
584.667293970638,79111
584.751805080417,88424
584.83631629045,85586
584.920827600983,78983
585.005339012262,75145
585.08985052453,75987
585.174362138034,78487
585.258873853018,79814
585.343385669727,77398
585.427897588408,73376
585.512409609304,70750
585.596921732661,69271
585.681433958724,71063
585.765946287739,71407
585.85045871995,73608
585.934971255602,77667
586.019483894941,84055
586.103996638212,86090
586.18850948566,80716
586.27302243753,75998
586.357535494067,72716
586.442048655516,95456
586.526561922122,122397
586.611075294132,114298
586.695588771789,95074
586.780102355339,84145
586.864616045027,81121
586.949129841097,77663
587.033643743797,72933
587.118157753369,70621
587.20267187006,69420
587.287186094115,68752
587.371700425779,68392
587.456214865296,67757
587.540729412912,67346
587.625244068873,67203
587.709758833423,70466
587.794273706808,71996
587.878788689272,70819
587.963303781061,69658
588.047818982419,68954
588.132334293593,71610
588.216849714827,76010
588.301365246366,75232
588.385880888455,72083
588.47039664134,70124
588.554912505266,68835
588.639428480477,72113
588.72394456722,78137
588.808460765738,84771
588.892977076278,82612
588.977493499084,76237
589.062010034401,72216
589.146526682475,69911
589.231043443551,68567
589.315560317874,67805
589.400077305689,67473
589.48459440724,67254
589.569111622774,70272
589.653628952536,76370
589.73814639677,76095
589.822663955722,72221
589.907181629636,163626
589.991699418759,195825
590.076217323334,154098
590.160735343608,122082
590.245253479825,98237
590.329771732231,84306
590.41429010107,109923
590.498808586588,114590
590.58332718903,94459
590.667845908641,85653
590.752364745666,79506
590.83688370035,73917
590.921402772939,73896
591.005921963678,80158
591.090441272811,78973
591.174960700584,76851
591.259480247241,77833
591.343999913029,78418
591.428519698192,75950
591.513039602976,71828
591.597559627625,69597
591.682079772385,68382
591.7666000375,67114
591.851120423216,66778
591.935640929779,66581
592.020161557432,68338
592.104682306422,68662
592.189203176993,67228
592.273724169391,66249
592.35824528386,65630
592.442766520647,65662
592.527287879995,69819
592.611809362151,70910
592.696330967358,97070
592.780852695863,103337
592.865374547911,86947
592.949896523746,77860
593.034418623614,73262
593.11894084776,107982
593.203463196429,116432
593.287985669866,95347
593.372508268317,82680
593.457030992026,75390
593.541553841238,70881
593.626076816199,69260
593.710599917154,67888
593.795123144348,66617
593.879646498027,65672
593.964169978434,72599
594.048693585816,74866
594.133217320417,70535
594.217741182483,71429
594.302265172259,71025
594.38678928999,72117
594.47131353592,71893
594.555837910296,72594
594.640362413363,71607
594.724887045364,90192
594.809411806547,94490
594.893936697155,81874
594.978461717434,81261
595.062986867629,78868
595.147512147985,73188
595.232037558747,76820
595.316563100161,83728
595.401088772471,82271
595.485614575923,76165
595.570140510762,71553
595.654666577233,68658
595.73919277558,70250
595.82371910605,71452
595.908245568888,70028
595.992772164338,75081
596.077298892645,83253
596.161825754055,80636
596.246352748813,73483
596.330879877164,69849
596.415407139353,83193
596.499934535626,86484
596.584462066227,78816
596.668989731401,77238
596.753517531394,78287
596.838045466451,78748
596.922573536817,75189
597.007101742737,71105
597.091630084456,101024
597.17615856222,124247
597.260687176273,111965
597.345215926861,96577
597.429744814228,92259
597.51427383862,84744
597.598803000283,75838
597.68333229946,78142
597.767861736398,76793
597.852391311341,77740
597.936921024535,76720
598.021450876224,74785
598.105980866655,76163
598.190510996071,73127
598.275041264718,72277
598.359571672842,74453
598.444102220687,77093
598.528632908498,74620
598.613163736522,73283
598.697694705001,79563
598.782225814183,81220
598.866757064312,79002
598.951288455633,74416
599.035819988391,72992
599.120351662832,75248
599.2048834792,72725
599.289415437741,68372
599.3739475387,66802
599.458479782322,69909
599.543012168852,73708
599.627544698535,75396
599.712077371617,72549
599.796610188342,68678
599.881143148956,70706
599.965676253703,73961
600.05020950283,72081
600.13474289658,68355
600.2192764352,66408
600.303810118934,69019
600.388343948028,68893
600.472877922726,66254
600.557412043273,68775
600.641946309916,68781
600.726480722899,66414
600.811015282466,65147
600.895549988864,64015
600.980084842338,63228
601.064619843132,65905
601.149154991491,66764
601.233690287662,69095
601.318225731888,70196
601.402761324415,67866
601.487297065489,69503
601.571832955354,69814
601.656368994255,71141
601.740905182438,70069
601.825441520148,66762
601.90997800763,69370
601.994514645128,72973
602.079051432889,73610
602.163588371157,71260
602.248125460177,71191
602.332662700195,70136
602.417200091456,70875
602.501737634204,69633
602.586275328686,66446
602.670813175145,64644
602.755351173828,73994
602.839889324979,76481
602.924427628843,73851
603.008966085667,74673
603.093504695693,72008
603.178043459169,67766
603.262582376339,69386
603.347121447448,71763
603.431660672741,70965
603.516200052464,67988
603.600739586861,65053
603.685279276178,63796
603.769819120659,64144
603.854359120551,63868
603.938899276098,67705
604.023439587545,72185
604.107980055137,70473
604.19252067912,70207
604.277061459738,71991
604.361602397237,70065
604.446143491862,66622
604.530684743859,81617
604.615226153471,97390
604.699767720944,94262
604.784309446525,83255
604.868851330456,77724
604.953393372984,80750
605.037935574354,84490
605.122477934812,79578
605.207020454601,96059
605.291563133967,98384
605.376105973156,84297
605.460648972412,75662
605.545192131981,69638
605.629735452108,66029
605.714278933038,63910
605.798822575015,70513
605.883366378286,72509
605.967910343095,68066
606.052454469688,65092
606.136998758309,63920
606.221543209204,67248
606.306087822618,67943
606.390632598795,65359
606.475177537982,66890
606.559722640423,70394
606.644267906364,72275
606.728813336049,73420
606.813358929724,70419
606.897904687633,66347
606.982450610022,64020
607.066996697137,62577
607.151542949221,65049
607.236089366521,68999
607.320635949282,68006
607.405182697748,65124
607.489729612165,67902
607.574276692777,68330
607.658823939831,65524
607.74337135357,67255
607.827918934241,70739
607.912466682089,69071
607.997014597358,65790
608.081562680293,75008
608.16611093114,76468
608.250659350145,73381
608.335207937551,73310
608.419756693605,72667
608.504305618551,69427
608.588854712634,69447
608.6734039761,68320
608.757953409194,76031
608.84250301216,81909
608.927052785245,76155
609.011602728693,70548
609.096152842749,67202
609.180703127658,64332
609.265253583666,62506
609.349804211018,62050
609.434355009958,65077
609.518905980733,65346
609.603457123586,70628
609.688008438764,106695
609.772559926511,111746
609.857111587073,90292
609.941663420694,77478
610.02621542762,69810
610.110767608096,69676
610.195319962366,68411
610.279872490677,64776
610.364425193274,62943
610.4489780704,61865
610.533531122303,61505
610.618084349226,62526
610.702637751414,66005
610.787191329114,69362
610.87174508257,67499
610.956299012027,71041
611.04085311773,71041
611.125407399925,66578
611.209961858857,63787
611.29451649477,88081
611.37907130791,103128
611.463626298523,91293
611.548181466852,81593
611.632736813144,82251
611.717292337643,78727
611.801848040595,71392
611.886403922244,66963
611.970959982837,67937
612.055516222617,69839
612.14007264183,71741
612.224629240722,73275
612.309186019537,71520
612.39374297852,83027
612.478300117917,85358
612.562857437973,93861
612.647414938933,95664
612.731972621042,82793
612.816530484545,72819
612.901088529688,85768
612.985646756714,87424
613.070205165871,78591
613.154763757402,72516
613.239322531553,67157
613.323881488569,67462
613.408440628695,66427
613.492999952176,63453
613.577559459258,65325
613.662119150185,68854
613.746679025203,66823
613.831239084557,63354
613.915799328492,65121
614.000359757252,64937
614.084920371084,62776
614.169481170232,61797
614.254042154942,61841
614.338603325458,61279
614.423164682026,64364
614.507726224891,68445
614.592287954298,66576
614.676849870492,83018
614.761411973718,86603
614.845974264222,74376
614.930536742248,67709
615.015099408042,68076
615.099662261849,67129
615.184225303914,63680
615.268788534481,65164
615.353351953797,64835
615.437915562106,69260
615.522479359654,70173
615.607043346685,65286
615.691607523446,80244
615.776171890179,83658
615.860736447132,73150
615.94530119455,67131
616.029866132676,66790
616.114431261757,65948
616.198996582037,66887
616.283562093762,69115
616.368127797177,70458
616.452693692527,67838
616.537259780057,63253
616.621826060012,64466
616.706392532638,68418
616.790959198179,67248
616.87552605688,63452
616.960093108988,85179
617.044660354746,90972
617.1292277944,86930
617.213795428195,90688
617.298363256377,83991
617.38293127919,73118
617.46749949688,66290
617.552067909691,62195
617.63663651787,60105
617.72120532166,505413
617.805774321307,637821
617.890343517057,399021
617.974912909154,253572
618.059482497843,169873
618.14405228337,122569
618.22862226598,95009
618.313192445918,78722
618.397762823429,85712
618.482333398757,89330
618.56690417215,79443
618.65147514385,74503
618.736046314105,70422
618.820617683158,65582
618.905189251254,63555
618.98976101864,62717
619.07433298556,61456
619.158905152259,65662
619.243477518983,90537
619.328050085976,93993
619.412622853484,83008
619.497195821751,78953
619.581768991023,81082
619.666342361546,77059
619.750915933564,69307
619.835489707321,64801
619.920063683065,69601
620.004637861039,73269
620.089212241489,68865
620.173786824659,64234
620.258361610796,63072
620.342936600144,62093
620.427511792947,61023
620.512087189453,67250
620.596662789905,98364
620.681238594548,112877
620.765814603629,97840
620.850390817391,81633
620.93496723608,75199
621.019543859942,78055
621.104120689221,75311
621.188697724162,70607
621.273274965011,66847
621.357852412012,62554
621.442430065412,61717
621.527007925454,61029
621.611585992385,62894
621.696164266449,64289
621.780742747892,62705
621.865321436958,60572
621.949900333892,59773
622.03447943894,62660
622.119058752348,63089
622.203638274359,60996
622.28821800522,63832
622.372797945175,64579
622.457378094469,62439
622.541958453348,60923
622.626539022057,61273
622.711119800841,61441
622.795700789945,60477
622.880281989613,73650
622.964863400093,76697
623.049445021627,68315
623.134026854462,63789
623.218608898843,60994
623.303191155015,63434
623.387773623222,64774
623.472356303711,66286
623.556939196726,68668
623.641522302512,66370
623.726105621315,61982
623.810689153379,63320
623.89527289895,63042
623.979856858273,64074
624.064441031593,69825
624.149025419156,72677
624.233610021205,75392
624.318194837987,75506
624.402779869747,73411
624.487365116729,75209
624.571950579179,75353
624.656536257342,69655
624.741122151463,63736
624.825708261788,63422
624.91029458856,70157
624.994881132027,69383
625.079467892432,67012
625.16405487002,64994
625.248642065038,61554
625.33322947773,96951
625.41781710834,109466
625.502404957115,229230
625.5869930243,258806
625.671581310139,176739
625.756169814878,624936
625.840758538762,737766
625.925347482035,451111
626.009936644944,293111
626.094526027733,199273
626.179115630648,138340
626.263705453933,104200
626.348295497833,87417
626.432885762595,76344
626.517476248462,68809
626.60206695568,79447
626.686657884495,80344
626.771249035151,70034
626.855840407893,70928
626.940432002967,69169
627.025023820618,68951
627.10961586109,84353
627.19420812463,84119
627.278800611482,83444
627.363393321891,82474
627.447986256102,111061
627.532579414361,114563
627.617172796912,90609
627.701766404002,75652
627.786360235874,66872
627.870954292774,66122
627.955548574948,64153
628.04014308264,75862
628.124737816095,78351
628.209332775559,72206
628.293927961276,67251
628.378523373493,61882
628.463119012454,58375
628.547714878403,57297
628.632310971587,61356
628.716907292251,65050
628.801503840639,66562
628.886100616996,64131
628.970697621569,60374
629.055294854601,58600
629.139892316339,61228
629.224490007026,64637
629.309087926909,63122
629.393686076233,63300
629.478284455242,61914
629.562883064182,58303
629.647481903298,56709
629.732080972835,56306
629.816680273037,59065
629.901279804152,59345
629.985879566422,60830
630.070479560095,64844
630.155079785414,66292
630.239680242624,63133
630.324280931972,59226
630.408881853702,65943
630.493483008059,69422
630.578084395288,64598
630.662686015635,60220
630.747287869345,63645
630.831889956662,64198
630.916492277832,60269
631.001094833101,57548
631.085697622712,56439
631.170300646912,59582
631.254903905945,60175
631.339507400056,65208
631.424111129492,68324
631.508715094496,72009
631.593319295314,82147
631.677923732192,81987
631.762528405373,75573
631.847133315104,71425
631.93173846163,65937
632.016343845195,64268
632.100949466045,61950
632.185555324425,58296
632.270161420579,56365
632.354767754754,55643
632.439374327195,57773
632.523981138146,57643
632.608588187852,55442
632.693195476559,56392
632.777803004512,56854
632.862410771956,56787
632.947018779136,57054
633.031627026297,57372
633.116235513685,60404
633.200844241544,67615
633.28545321012,66949
633.370062419658,61104
633.454671870403,57960
633.539281562599,56309
633.623891496493,55367
633.708501672329,55021
633.793112090353,58122
633.877722750809,58629
633.962333653943,56577
634.0469448,55212
634.131556189225,54296
634.216167821863,57348
634.300779698159,58214
634.385391818359,56124
634.470004182707,55235
634.554616791449,54473
634.639229644829,57389
634.723842743094,76029
634.808456086488,82570
634.893069675256,72947
634.977683509643,68200
635.062297589895,68194
635.146911916256,67627
635.231526488972,63588
635.316141308288,241362
635.400756374449,290063
635.4853716877,197707
635.569987248286,144312
635.654603056453,107969
635.739219112446,85463
635.823835416509,73250
635.908451968888,72576
635.993068769827,91553
636.077685819573,90875
636.16230311837,99025
636.246920666464,96063
636.331538464099,209885
636.41615651152,236185
636.500774808974,159078
636.585393356704,113307
636.670012154956,113430
636.754631203976,110000
636.839250504007,88850
636.923870055296,73625
637.008489858088,67570
637.093109912628,64066
637.17773021916,59930
637.26235077793,57204
637.346971589183,66038
637.431592653165,72167
637.51621397012,67341
637.600835540293,63726
637.68545736393,63499
637.770079441276,64481
637.854701772576,61872
637.939324358074,57906
638.023947198017,55870
