Scan Date:,2025-05-26 15:56:24Z
Integration Time:,1000
Number of Averages:,100

Pixel Number,Wavelength (nm),Sum Spectrum,Averaged Spectrum
0,464.9839,58252,582.52
1,465.068515076491,57886,578.86
2,465.153129906126,58100,581
3,465.237744489151,57942,579.42
4,465.322358825812,57749,577.49
5,465.406972916352,57606,576.06
6,465.491586761018,57733,577.33
7,465.576200360054,57885,578.85
8,465.660813713705,57654,576.54
9,465.745426822218,57772,577.72
10,465.830039685836,57787,577.87
11,465.914652304805,57791,577.91
12,465.99926467937,58026,580.26
13,466.083876809776,57953,579.53
14,466.168488696269,57848,578.48
15,466.253100339093,193592,1935.92
16,466.337711738494,232218,2322.18
17,466.422322894716,160112,1601.12
18,466.506933808006,117570,1175.7
19,466.591544478607,93326,933.26
20,466.676154906766,79239,792.39
21,466.760765092726,71213,712.13
22,466.845375036735,70345,703.45
23,466.929984739036,69672,696.72
24,467.014594199874,66941,669.41
25,467.099203419495,64996,649.96
26,467.183812398145,63211,632.11
27,467.268421136067,62219,622.19
28,467.353029633508,91144,911.44
29,467.437637890711,101107,1011.07
30,467.522245907924,89514,895.14
31,467.60685368539,79960,799.6
32,467.691461223355,71913,719.13
33,467.776068522063,67788,677.88
34,467.860675581761,65435,654.35
35,467.945282402693,68490,684.9
36,468.029888985104,74791,747.91
37,468.11449532924,73838,738.38
38,468.199101435345,72202,722.02
39,468.283707303665,69967,699.67
40,468.368312934445,66300,663
41,468.45291832793,67466,674.66
42,468.537523484364,70672,706.72
43,468.622128403994,93883,938.83
44,468.706733087065,104266,1042.66
45,468.791337533821,91286,912.86
46,468.875941744507,78527,785.27
47,468.96054571937,71887,718.87
48,469.045149458653,68062,680.62
49,469.129752962602,65464,654.64
50,469.214356231462,63759,637.59
51,469.298959265479,62922,629.22
52,469.383562064897,62848,628.48
53,469.468164629962,62746,627.46
54,469.552766960919,65374,653.74
55,469.637369058012,69525,695.25
56,469.721970921487,68705,687.05
57,469.80657255159,66130,661.3
58,469.891173948565,67542,675.42
59,469.975775112657,66987,669.87
60,470.060376044111,64358,643.58
61,470.144976743173,63149,631.49
62,470.229577210088,65850,658.5
63,470.314177445101,66471,664.71
64,470.398777448457,68147,681.47
65,470.483377220402,91134,911.34
66,470.567976761179,98423,984.23
67,470.652576071035,87078,870.78
68,470.737175150215,77221,772.21
69,470.821773998963,70657,706.57
70,470.906372617525,70376,703.76
71,470.990971006146,69045,690.45
72,471.075569165072,99367,993.67
73,471.160167094546,107343,1073.43
74,471.244764794815,92408,924.08
75,471.329362266123,82207,822.07
76,471.413959508717,77260,772.6
77,471.498556522839,79729,797.29
78,471.583153308737,80228,802.28
79,471.667749866655,77004,770.04
80,471.752346196838,75853,758.53
81,471.836942299532,75777,757.77
82,471.921538174981,79435,794.35
83,472.00613382343,77150,771.5
84,472.090729245126,70845,708.45
85,472.175324440312,66697,666.97
86,472.259919409234,67778,677.78
87,472.344514152137,67268,672.68
88,472.429108669267,64516,645.16
89,472.513702960868,64095,640.95
90,472.598297027185,65992,659.92
91,472.682890868465,66126,661.26
92,472.767484484951,64549,645.49
93,472.852077876889,63252,632.52
94,472.936671044524,65801,658.01
95,473.021263988101,66192,661.92
96,473.105856707865,64487,644.87
97,473.190449204062,69378,693.78
98,473.275041476937,85133,851.33
99,473.359633526735,91825,918.25
100,473.4442253537,83162,831.62
101,473.528816958078,77110,771.1
102,473.613408340115,75939,759.39
103,473.697999500055,72167,721.67
104,473.782590438143,67643,676.43
105,473.867181154625,65393,653.93
106,473.951771649745,68090,680.9
107,474.03636192375,68130,681.3
108,474.120951976883,65760,657.6
109,474.20554180939,64622,646.22
110,474.290131421517,63419,634.19
111,474.374720813508,66185,661.85
112,474.459309985608,66753,667.53
113,474.543898938063,64718,647.18
114,474.628487671118,63462,634.62
115,474.713076185018,62840,628.4
116,474.797664480008,66203,662.03
117,474.882252556332,97027,970.27
118,474.966840414238,106260,1062.6
119,475.051428053968,124275,1242.75
120,475.13601547577,122176,1221.76
121,475.220602679887,96752,967.52
122,475.305189666564,81682,816.82
123,475.389776436048,73439,734.39
124,475.474362988583,68503,685.03
125,475.558949324414,65274,652.74
126,475.643535443787,63663,636.63
127,475.728121346946,62975,629.75
128,475.812707034136,62493,624.93
129,475.897292505604,85968,859.68
130,475.981877761593,96769,967.69
131,476.066462802349,88273,882.73
132,476.151047628118,82151,821.51
133,476.235632239144,75420,754.2
134,476.320216635672,69136,691.36
135,476.404800817948,69208,692.08
136,476.489384786216,68868,688.68
137,476.573968540723,70740,707.4
138,476.658552081712,90499,904.99
139,476.74313540943,93105,931.05
140,476.827718524121,80850,808.5
141,476.91230142603,72922,729.22
142,476.996884115403,71221,712.21
143,477.081466592484,69374,693.74
144,477.166048857519,65790,657.9
145,477.250630910753,67602,676.02
146,477.335212752432,67819,678.19
147,477.419794382799,65468,654.68
148,477.504375802101,67180,671.8
149,477.588957010582,67829,678.29
150,477.673538008487,65784,657.84
151,477.758118796063,108143,1081.43
152,477.842699373553,119437,1194.37
153,477.927279741204,95356,953.56
154,478.011859899259,80567,805.67
155,478.096439847965,71862,718.62
156,478.181019587566,68060,680.6
157,478.265599118308,66238,662.38
158,478.350178440435,64490,644.9
159,478.434757554193,63584,635.84
160,478.519336459827,75717,757.17
161,478.603915157582,78403,784.03
162,478.688493647704,70934,709.34
163,478.773071930436,128845,1288.45
164,478.857650006026,143935,1439.35
165,478.942227874716,110293,1102.93
166,479.026805536754,101790,1017.9
167,479.111382992383,95496,954.96
168,479.19596024185,85983,859.83
169,479.280537285398,77879,778.79
170,479.365114123274,71006,710.06
171,479.449690755722,66824,668.24
172,479.534267182988,64358,643.58
173,479.618843405317,62964,629.64
174,479.703419422953,65779,657.79
175,479.787995236142,70345,703.45
176,479.87257084513,69580,695.8
177,479.95714625016,66701,667.01
178,480.041721451479,64863,648.63
179,480.126296449331,63886,638.86
180,480.210871243962,65857,658.57
181,480.295445835617,66115,661.15
182,480.380020224541,67078,670.78
183,480.464594410979,66636,666.36
184,480.549168395175,67971,679.71
185,480.633742177377,68248,682.48
186,480.718315757827,65645,656.45
187,480.802889136772,64086,640.86
188,480.887462314457,63035,630.35
189,480.972035291127,61890,618.9
190,481.056608067026,65441,654.41
191,481.141180642401,79040,790.4
192,481.225753017496,80385,803.85
193,481.310325192556,72226,722.26
194,481.394897167827,70504,705.04
195,481.479468943554,68821,688.21
196,481.564040519981,65912,659.12
197,481.648611897354,64142,641.42
198,481.733183075918,62611,626.11
199,481.817754055918,65396,653.96
200,481.9023248376,66013,660.13
201,481.986895421208,67098,670.98
202,482.071465806988,102190,1021.9
203,482.156035995184,109792,1097.92
204,482.240605986042,92605,926.05
205,482.325175779807,81477,814.77
206,482.409745376725,73121,731.21
207,482.494314777039,68041,680.41
208,482.578883980996,65310,653.1
209,482.663452988841,63973,639.73
210,482.748021800818,62710,627.1
211,482.832590417173,62374,623.74
212,482.91715883815,66201,662.01
213,483.001727063996,70126,701.26
214,483.086295094955,68746,687.46
215,483.170862931273,66056,660.56
216,483.255430573193,65145,651.45
217,483.339998020963,67522,675.22
218,483.424565274826,67893,678.93
219,483.509132335028,65499,654.99
220,483.593699201814,63945,639.45
221,483.678265875429,66245,662.45
222,483.762832356118,66234,662.34
223,483.847398644127,63999,639.99
224,483.9319647397,66258,662.58
225,484.016530643083,77989,779.89
226,484.101096354521,79551,795.51
227,484.185661874258,72892,728.92
228,484.270227202541,68204,682.04
229,484.354792339614,65466,654.66
230,484.439357285722,64397,643.97
231,484.523922041111,67130,671.3
232,484.608486606025,70211,702.11
233,484.69305098071,68852,688.52
234,484.777615165411,67645,676.45
235,484.862179160373,69726,697.26
236,484.946742965841,68661,686.61
237,485.03130658206,68722,687.22
238,485.115870009276,71285,712.85
239,485.200433247733,70011,700.11
240,485.284996297677,66999,669.99
241,485.369559159353,89568,895.68
242,485.454121833005,98373,983.73
243,485.53868431888,85108,851.08
244,485.623246617222,76280,762.8
245,485.707808728276,70917,709.17
246,485.792370652288,67050,670.5
247,485.876932389502,67855,678.55
248,485.961493940164,67402,674.02
249,486.046055304519,64905,649.05
250,486.130616482813,64411,644.11
251,486.215177475289,64459,644.59
252,486.299738282193,70424,704.24
253,486.384298903771,71895,718.95
254,486.468859340268,67804,678.04
255,486.553419591928,64912,649.12
256,486.637979658997,63902,639.02
257,486.722539541719,63132,631.32
258,486.807099240341,65264,652.64
259,486.891658755108,65736,657.36
260,486.976218086263,63673,636.73
261,487.060777234053,62836,628.36
262,487.145336198723,62373,623.73
263,487.229894980517,61756,617.56
264,487.314453579682,62002,620.02
265,487.399011996461,62083,620.83
266,487.483570231101,61822,618.22
267,487.568128283845,61849,618.49
268,487.652686154941,61621,616.21
269,487.737243844632,61805,618.05
270,487.821801353163,66108,661.08
271,487.906358680781,67059,670.59
272,487.990915827729,64620,646.2
273,488.075472794253,63399,633.99
274,488.160029580599,67430,674.3
275,488.244586187011,68231,682.31
276,488.329142613735,65807,658.07
277,488.413698861015,70843,708.43
278,488.498254929097,71870,718.7
279,488.582810818225,71371,713.71
280,488.667366528646,71127,711.27
281,488.751922060605,67854,678.54
282,488.836477414345,65632,656.32
283,488.921032590113,64804,648.04
284,489.005587588153,65761,657.61
285,489.090142408711,94272,942.72
286,489.174697052032,104119,1041.19
287,489.259251518361,92004,920.04
288,489.343805807943,81231,812.31
289,489.428359921024,72625,726.25
290,489.512913857847,67651,676.51
291,489.597467618659,65466,654.66
292,489.682021203705,76320,763.2
293,489.76657461323,78661,786.61
294,489.851127847479,71292,712.92
295,489.935680906696,69121,691.21
296,490.020233791128,67437,674.37
297,490.104786501019,64991,649.91
298,490.189339036615,67100,671
299,490.27389139816,66924,669.24
300,490.3584435859,64443,644.43
301,490.44299560008,63174,631.74
302,490.527547440945,62298,622.98
303,490.612099108739,61852,618.52
304,490.69665060371,61710,617.1
305,490.7812019261,61892,618.92
306,490.865753076156,65147,651.47
307,490.950304054123,65958,659.58
308,491.034854860246,64347,643.47
309,491.119405494769,63234,632.34
310,491.203955957939,62543,625.43
311,491.288506249999,62673,626.73
312,491.373056371197,62093,620.93
313,491.457606321775,65411,654.11
314,491.54215610198,67588,675.88
315,491.626705712057,65780,657.8
316,491.711255152251,63576,635.76
317,491.795804422807,62181,621.81
318,491.88035352397,61559,615.59
319,491.964902455985,61616,616.16
320,492.049451219098,65501,655.01
321,492.133999813553,66181,661.81
322,492.218548239596,64117,641.17
323,492.303096497471,65890,658.9
324,492.387644587425,68418,684.18
325,492.472192509702,70239,702.39
326,492.556740264546,77496,774.96
327,492.641287852205,76831,768.31
328,492.725835272921,70141,701.41
329,492.810382526942,67242,672.42
330,492.894929614511,75951,759.51
331,492.979476535874,77334,773.34
332,493.064023291276,71026,710.26
333,493.148569880962,69960,699.6
334,493.233116305178,68095,680.95
335,493.317662564167,65067,650.67
336,493.402208658177,64141,641.41
337,493.486754587451,63287,632.87
338,493.571300352235,62286,622.86
339,493.655845952774,61870,618.7
340,493.740391389313,65382,653.82
341,493.824936662097,66103,661.03
342,493.909481771372,66406,664.06
343,493.994026717382,65860,658.6
344,494.078571500372,63768,637.68
345,494.163116120589,63063,630.63
346,494.247660578276,62900,629
347,494.33220487368,90545,905.45
348,494.416749007044,98470,984.7
349,494.501292978615,83787,837.87
350,494.585836788637,74426,744.26
351,494.670380437356,68977,689.77
352,494.754923925017,66595,665.95
353,494.839467251864,68598,685.98
354,494.924010418144,68121,681.21
355,495.0085534241,65519,655.19
356,495.093096269979,79159,791.59
357,495.177638956025,82557,825.57
358,495.262181482484,77118,771.18
359,495.3467238496,75622,756.22
360,495.431266057619,71460,714.6
361,495.515808106786,70799,707.99
362,495.600349997346,69637,696.37
363,495.684891729544,66560,665.6
364,495.769433303626,66090,660.9
365,495.853974719836,65156,651.56
366,495.938515978419,63390,633.9
367,496.023057079622,62736,627.36
368,496.107598023688,62681,626.81
369,496.192138810863,65550,655.5
370,496.276679441392,66009,660.09
371,496.361219915521,65607,656.07
372,496.445760233493,96379,963.79
373,496.530300395556,103949,1039.49
374,496.614840401953,86471,864.71
375,496.69938025293,81503,815.03
376,496.783919948731,77183,771.83
377,496.868459489603,73728,737.28
378,496.95299887579,70563,705.63
379,497.037538107538,73962,739.62
380,497.12207718509,73708,737.08
381,497.206616108694,71862,718.62
382,497.291154878593,69859,698.59
383,497.375693495033,66564,665.64
384,497.460231958259,64139,641.39
385,497.544770268516,63166,631.66
386,497.629308426049,63237,632.37
387,497.713846431104,62582,625.82
388,497.798384283926,64902,649.02
389,497.882921984759,65394,653.94
390,497.967459533848,63890,638.9
391,498.05199693144,66860,668.6
392,498.136534177779,71273,712.73
393,498.22107127311,70252,702.52
394,498.305608217678,66533,665.33
395,498.390145011729,64416,644.16
396,498.474681655507,63256,632.56
397,498.559218149259,62715,627.15
398,498.643754493228,63028,630.28
399,498.72829068766,62689,626.89
400,498.8128267328,61985,619.85
401,498.897362628894,61787,617.87
402,498.981898376185,61831,618.31
403,499.066433974921,62245,622.45
404,499.150969425345,65912,659.12
405,499.235504727703,81358,813.58
406,499.32003988224,83183,831.83
407,499.404574889201,76856,768.56
408,499.489109748831,73179,731.79
409,499.573644461376,69037,690.37
410,499.65817902708,65891,658.91
411,499.742713446188,64110,641.1
412,499.827247718947,63310,633.1
413,499.9117818456,63014,630.14
414,499.996315826393,62450,624.5
415,500.080849661572,61989,619.89
416,500.165383351381,62320,623.2
417,500.249916896065,62360,623.6
418,500.33445029587,62555,625.55
419,500.41898355104,80467,804.67
420,500.503516661822,85248,852.48
421,500.588049628459,75426,754.26
422,500.672582451197,70340,703.4
423,500.757115130282,67294,672.94
424,500.841647665958,65246,652.46
425,500.92618005847,63828,638.28
426,501.010712308064,88463,884.63
427,501.095244414985,98105,981.05
428,501.179776379478,88258,882.58
429,501.264308201788,79107,791.07
430,501.34883988216,75404,754.04
431,501.433371420839,71911,719.11
432,501.517902818071,67016,670.16
433,501.6024340741,68591,685.91
434,501.686965189172,70908,709.08
435,501.771496163532,68572,685.72
436,501.856026997425,65507,655.07
437,501.940557691096,63613,636.13
438,502.02508824479,62647,626.47
439,502.109618658753,66467,664.67
440,502.194148933229,67198,671.98
441,502.278679068464,64483,644.83
442,502.363209064702,63255,632.55
443,502.44773892219,62421,624.21
444,502.532268641171,65014,650.14
445,502.616798221892,66041,660.41
446,502.701327664597,64893,648.93
447,502.785856969531,64135,641.35
448,502.87038613694,66427,664.27
449,502.954915167069,69915,699.15
450,503.039444060163,68728,687.28
451,503.123972816466,65793,657.93
452,503.208501436225,67865,678.65
453,503.293029919684,68600,686
454,503.377558267088,69665,696.65
455,503.462086478683,72698,726.98
456,503.546614554714,75081,750.81
457,503.631142495425,72600,726
458,503.715670301062,68189,681.89
459,503.800197971871,65252,652.52
460,503.884725508095,63541,635.41
461,503.969252909981,65707,657.07
462,504.053780177773,69587,695.87
463,504.138307311717,69127,691.27
464,504.222834312058,69808,698.08
465,504.307361179041,69543,695.43
466,504.39188791291,69991,699.91
467,504.476414513912,70855,708.55
468,504.560940982291,84507,845.07
469,504.645467318292,86091,860.91
470,504.729993522161,75877,758.77
471,504.814519594143,72800,728
472,504.899045534482,72482,724.82
473,504.983571343424,74465,744.65
474,505.068097021215,75868,758.68
475,505.152622568098,75526,755.26
476,505.23714798432,86134,861.34
477,505.321673270126,85325,853.25
478,505.40619842576,75456,754.56
479,505.490723451468,69669,696.69
480,505.575248347494,69390,693.9
481,505.659773114085,68413,684.13
482,505.744297751485,93258,932.58
483,505.828822259939,102695,1026.95
484,505.913346639693,87778,877.78
485,505.997870890991,76893,768.93
486,506.082395014079,70471,704.71
487,506.166919009201,66938,669.38
488,506.251442876604,64671,646.71
489,506.335966616531,66410,664.1
490,506.420490229229,66555,665.55
491,506.505013714942,65027,650.27
492,506.589537073916,64316,643.16
493,506.674060306396,66573,665.73
494,506.758583412626,67634,676.34
495,506.843106392852,65801,658.01
496,506.927629247319,64472,644.72
497,507.012151976272,63209,632.09
498,507.096674579957,65716,657.16
499,507.181197058618,67533,675.33
500,507.2657194125,65940,659.4
501,507.350241641849,92590,925.9
502,507.43476374691,103260,1032.6
503,507.519285727928,88801,888.01
504,507.603807585148,77646,776.46
505,507.688329318816,71377,713.77
506,507.772850929175,70951,709.51
507,507.857372416473,72999,729.99
508,507.941893780953,70787,707.87
509,508.02641502286,67522,675.22
510,508.110936142441,65469,654.69
511,508.195457139939,66955,669.55
512,508.279978015601,66866,668.66
513,508.364498769671,65548,655.48
514,508.449019402395,64376,643.76
515,508.533539914017,63473,634.73
516,508.618060304783,65865,658.65
517,508.702580574937,65949,659.49
518,508.787100724726,64235,642.35
519,508.871620754394,65264,652.64
520,508.956140664186,79691,796.91
521,509.040660454347,87026,870.26
522,509.125180125123,94414,944.14
523,509.209699676758,91446,914.46
524,509.294219109499,98097,980.97
525,509.378738423589,95861,958.61
526,509.463257619274,85175,851.75
527,509.5477766968,77843,778.43
528,509.632295656411,71046,710.46
529,509.716814498352,67237,672.37
530,509.801333222869,65117,651.17
531,509.885851830207,63739,637.39
532,509.97037032061,63469,634.69
533,510.054888694324,62946,629.46
534,510.139406951595,66361,663.61
535,510.223925092667,67276,672.76
536,510.308443117785,65335,653.35
537,510.392961027195,64724,647.24
538,510.477478821141,67399,673.99
539,510.56199649987,71085,710.85
540,510.646514063625,73461,734.61
541,510.731031512652,74988,749.88
542,510.815548847197,72260,722.6
543,510.900066067503,68908,689.08
544,510.984583173818,66438,664.38
545,511.069100166384,67758,677.58
546,511.153617045449,67581,675.81
547,511.238133811256,68680,686.8
548,511.322650464052,68447,684.47
549,511.407167004081,65730,657.3
550,511.491683431587,71259,712.59
551,511.576199746818,72456,724.56
552,511.660715950017,71546,715.46
553,511.745232041429,70092,700.92
554,511.829748021301,66888,668.88
555,511.914263889876,65499,654.99
556,511.9987796474,65692,656.92
557,512.083295294119,65132,651.32
558,512.167810830277,64570,645.7
559,512.252326256119,66736,667.36
560,512.336841571891,69766,697.66
561,512.421356777838,83415,834.15
562,512.505871874205,85211,852.11
563,512.590386861236,79690,796.9
564,512.674901739178,75122,751.22
565,512.759416508275,70262,702.62
566,512.843931168773,67430,674.3
567,512.928445720916,68933,689.33
568,513.01296016495,71900,719
569,513.097474501119,70261,702.61
570,513.18198872967,67289,672.89
571,513.266502850847,65737,657.37
572,513.351016864895,68035,680.35
573,513.435530772059,68669,686.69
574,513.520044572585,66392,663.92
575,513.604558266717,65152,651.52
576,513.689071854701,71303,713.03
577,513.773585336782,74924,749.24
578,513.858098713206,75331,753.31
579,513.942611984216,76459,764.59
580,514.027125150058,79720,797.2
581,514.111638210978,81264,812.64
582,514.196151167221,76893,768.93
583,514.280664019031,71433,714.33
584,514.365176766654,68396,683.96
585,514.449689410336,69236,692.36
586,514.53420195032,71964,719.64
587,514.618714386852,70633,706.33
588,514.703226720178,67727,677.27
589,514.787738950542,66367,663.67
590,514.87225107819,65276,652.76
591,514.956763103367,64482,644.82
592,515.041275026318,64163,641.63
593,515.125786847287,71511,715.11
594,515.210298566521,73637,736.37
595,515.294810184265,69517,695.17
596,515.379321700762,67108,671.08
597,515.463833116259,66153,661.53
598,515.548344431001,65514,655.14
599,515.632855645233,68446,684.46
600,515.7173667592,69190,691.9
601,515.801877773147,68825,688.25
602,515.886388687319,71305,713.05
603,515.970899501962,70446,704.46
604,516.05541021732,67564,675.64
605,516.139920833639,66125,661.25
606,516.224431351163,65577,655.77
607,516.308941770138,65502,655.02
608,516.39345209081,64955,649.55
609,516.477962313423,64193,641.93
610,516.562472438222,67079,670.79
611,516.646982465452,71175,711.75
612,516.731492395359,75598,755.98
613,516.816002228188,75112,751.12
614,516.900511964184,71187,711.87
615,516.985021603591,74877,748.77
616,517.069531146656,81455,814.55
617,517.154040593623,88759,887.59
618,517.238549944738,85281,852.81
619,517.323059200245,79645,796.45
620,517.40756836039,75637,756.37
621,517.492077425417,71229,712.29
622,517.576586395573,68536,685.36
623,517.661095271101,94375,943.75
624,517.745604052248,101248,1012.48
625,517.830112739258,85927,859.27
626,517.914621332376,83692,836.92
627,517.999129831848,81052,810.52
628,518.083638237919,75029,750.29
629,518.168146550834,71235,712.35
630,518.252654770838,68500,685
631,518.337162898176,67081,670.81
632,518.421670933093,66254,662.54
633,518.506178875835,65812,658.12
634,518.590686726646,65565,655.65
635,518.675194485772,65879,658.79
636,518.759702153457,68958,689.58
637,518.844209729948,69905,699.05
638,518.928717215489,68305,683.05
639,519.013224610325,70674,706.74
640,519.097731914701,71736,717.36
641,519.182239128863,69696,696.96
642,519.266746253055,68444,684.44
643,519.351253287523,67556,675.56
644,519.435760232512,66818,668.18
645,519.520267088267,66322,663.22
646,519.604773855033,66031,660.31
647,519.689280533056,65943,659.43
648,519.77378712258,66091,660.91
649,519.85829362385,66257,662.57
650,519.942800037113,69866,698.66
651,520.027306362612,70864,708.64
652,520.111812600593,68888,688.88
653,520.196318751301,67578,675.78
654,520.280824814981,66677,666.77
655,520.365330791879,66459,664.59
656,520.449836682239,66859,668.59
657,520.534342486307,67312,673.12
658,520.618848204327,67211,672.11
659,520.703353836546,69886,698.86
660,520.787859383207,70438,704.38
661,520.872364844557,75082,750.82
662,520.95687022084,93995,939.95
663,521.041375512301,95612,956.12
664,521.125880719186,83825,838.25
665,521.21038584174,76649,766.49
666,521.294890880208,85014,850.14
667,521.379395834834,85897,858.97
668,521.463900705865,81033,810.33
669,521.548405493545,77680,776.8
670,521.632910198119,73199,731.99
671,521.717414819833,70676,706.76
672,521.801919358931,69271,692.71
673,521.88642381566,68703,687.03
674,521.970928190263,71981,719.81
675,522.055432482986,219043,2190.43
676,522.139936694074,258186,2581.86
677,522.224440823773,182065,1820.65
678,522.308944872327,136265,1362.65
679,522.393448839982,108031,1080.31
680,522.477952726982,95017,950.17
681,522.562456533574,102982,1029.82
682,522.646960260001,100299,1002.99
683,522.731463906509,91462,914.62
684,522.815967473344,88136,881.36
685,522.90047096075,82325,823.25
686,522.984974368973,76702,767.02
687,523.069477698257,73447,734.47
688,523.153980948848,71907,719.07
689,523.238484120991,71230,712.3
690,523.322987214931,70969,709.69
691,523.407490230914,74225,742.25
692,523.491993169183,79113,791.13
693,523.576496029985,112406,1124.06
694,523.660998813565,118593,1185.93
695,523.745501520167,126535,1265.35
696,523.830004150038,122531,1225.31
697,523.914506703421,101373,1013.73
698,523.999009180562,88754,887.54
699,524.083511581707,81514,815.14
700,524.1680139071,77421,774.21
701,524.252516156987,75014,750.14
702,524.337018331612,73604,736.04
703,524.421520431221,76126,761.26
704,524.506022456059,76924,769.24
705,524.590524406371,75043,750.43
706,524.675026282403,94156,941.56
707,524.759528084398,99973,999.73
708,524.844029812603,88843,888.43
709,524.928531467263,81986,819.86
710,525.013033048623,94717,947.17
711,525.097534556927,97889,978.89
712,525.182035992421,88222,882.22
713,525.266537355351,82112,821.12
714,525.351038645961,78812,788.12
715,525.435539864496,80849,808.49
716,525.520041011202,80782,807.82
717,525.604542086324,78568,785.68
718,525.689043090106,85222,852.22
719,525.773544022794,86627,866.27
720,525.858044884634,85779,857.79
721,525.942545675869,84423,844.23
722,526.027046396746,80665,806.65
723,526.11154704751,78615,786.15
724,526.196047628405,77771,777.71
725,526.280548139677,81316,813.16
726,526.36504858157,81996,819.96
727,526.449548954331,79689,796.89
728,526.534049258204,79226,792.26
729,526.618549493434,82033,820.33
730,526.703049660267,82357,823.57
731,526.787549758947,80761,807.61
732,526.87204978972,82633,826.33
733,526.956549752831,83170,831.7
734,527.041049648525,81571,815.71
735,527.125549477046,80469,804.69
736,527.210049238641,97477,974.77
737,527.294548933555,104244,1042.44
738,527.379048562032,95685,956.85
739,527.463548124317,89063,890.63
740,527.548047620657,86404,864.04
741,527.632547051295,84825,848.25
742,527.717046416477,83782,837.82
743,527.801545716449,87104,871.04
744,527.886044951455,87828,878.28
745,527.97054412174,93349,933.49
746,528.05504322755,93666,936.66
747,528.139542269129,88834,888.34
748,528.224041246724,87990,879.9
749,528.308540160578,90131,901.31
750,528.393039010938,89891,898.91
751,528.477537798047,87174,871.74
752,528.562036522152,88182,881.82
753,528.646535183498,91614,916.14
754,528.731033782329,93680,936.8
755,528.815532318891,91630,916.3
756,528.900030793429,88617,886.17
757,528.984529206188,86959,869.59
758,529.069027557414,86197,861.97
759,529.15352584735,86076,860.76
760,529.238024076243,85812,858.12
761,529.322522244338,85717,857.17
762,529.407020351879,86200,862
763,529.491518399112,86772,867.72
764,529.576016386283,86922,869.22
765,529.660514313635,87060,870.6
766,529.745012181415,87144,871.44
767,529.829509989866,87520,875.2
768,529.914007739236,87982,879.82
769,529.998505429768,91639,916.39
770,530.083003061708,93014,930.14
771,530.167500635301,91490,914.9
772,530.251998150792,90766,907.66
773,530.336495608426,91449,914.49
774,530.420993008449,94916,949.16
775,530.505490351105,98507,985.07
776,530.589987636639,100626,1006.26
777,530.674484865298,102147,1021.47
778,530.758982037325,100067,1000.67
779,530.843479152966,96553,965.53
780,530.927976212466,94605,946.05
781,531.012473216071,94259,942.59
782,531.096970164025,142207,1422.07
783,531.181467056574,158645,1586.45
784,531.265963893962,133355,1333.55
785,531.350460676435,116416,1164.16
786,531.434957404238,106893,1068.93
787,531.519454077616,101683,1016.83
788,531.603950696814,101009,1010.09
789,531.688447262078,100646,1006.46
790,531.772943773652,98946,989.46
791,531.857440231782,97318,973.18
792,531.941936636713,96036,960.36
793,532.026432988689,98264,982.64
794,532.110929287956,98729,987.29
795,532.19542553476,99363,993.63
796,532.279921729345,97750,977.5
797,532.364417871956,93682,936.82
798,532.448913962839,90410,904.1
799,532.533410002239,87895,878.95
800,532.6179059904,85771,857.71
801,532.702401927568,83252,832.52
802,532.786897813989,80918,809.18
803,532.871393649906,85588,855.88
804,532.955889435567,88917,889.17
805,533.040385171214,85050,850.5
806,533.124880857094,108137,1081.37
807,533.209376493452,111964,1119.64
808,533.293872080533,94085,940.85
809,533.378367618582,82772,827.72
810,533.462863107844,98122,981.22
811,533.547358548564,99956,999.56
812,533.631853940988,88309,883.09
813,533.71634928536,80784,807.84
814,533.800844581926,84411,844.11
815,533.885339830931,82648,826.48
816,533.96983503262,74624,746.24
817,534.054330187238,69662,696.62
818,534.13882529503,69440,694.4
819,534.223320356242,68589,685.89
820,534.307815371118,65914,659.14
821,534.392310339903,64377,643.77
822,534.476805262844,63468,634.68
823,534.561300140184,62937,629.37
824,534.64579497217,69079,690.79
825,534.730289759045,70538,705.38
826,534.814784501056,69823,698.23
827,534.899279198448,69218,692.18
828,534.983773851465,66759,667.59
829,535.068268460352,67958,679.58
830,535.152763025356,77202,772.02
831,535.23725754672,95648,956.48
832,535.321752024691,95414,954.14
833,535.406246459513,82514,825.14
834,535.490740851431,73627,736.27
835,535.575235200691,68186,681.86
836,535.659729507538,65527,655.27
837,535.744223772216,465048,4650.48
838,535.828717994971,578748,5787.48
839,535.913212176048,362437,3624.37
840,535.997706315693,233898,2338.98
841,536.08220041415,169781,1697.81
842,536.166694471664,130445,1304.45
843,536.251188488481,101763,1017.63
844,536.335682464845,84913,849.13
845,536.420176401003,75680,756.8
846,536.504670297198,70348,703.48
847,536.589164153677,66857,668.57
848,536.673657970684,64974,649.74
849,536.758151748464,64509,645.09
850,536.842645487263,63802,638.02
851,536.927139187325,63023,630.23
852,537.011632848896,65871,658.71
853,537.096126472221,66949,669.49
854,537.180620057546,69500,695
855,537.265113605114,72351,723.51
856,537.349607115172,69978,699.78
857,537.434100587964,67442,674.42
858,537.518594023736,65785,657.85
859,537.603087422733,64619,646.19
860,537.687580785199,64192,641.92
861,537.772074111381,66964,669.64
862,537.856567401522,77749,777.49
863,537.941060655869,89642,896.42
864,538.025553874667,86005,860.05
865,538.11004705816,77202,772.02
866,538.194540206593,73609,736.09
867,538.279033320213,74496,744.96
868,538.363526399263,80424,804.24
869,538.44801944399,90493,904.93
870,538.532512454637,101387,1013.87
871,538.617005431451,113201,1132.01
872,538.701498374677,120259,1202.59
873,538.785991284559,121031,1210.31
874,538.870484161343,117872,1178.72
875,538.954977005273,115337,1153.37
876,539.039469816596,109444,1094.44
877,539.123962595556,101676,1016.76
878,539.208455342398,102351,1023.51
879,539.292948057368,103264,1032.64
880,539.37744074071,97558,975.58
881,539.46193339267,95042,950.42
882,539.546426013493,95104,951.04
883,539.630918603424,97482,974.82
884,539.715411162708,94767,947.67
885,539.79990369159,90971,909.71
886,539.884396190315,87416,874.16
887,539.968888659129,107171,1071.71
888,540.053381098277,115572,1155.72
889,540.137873508003,100918,1009.18
890,540.222365888553,87598,875.98
891,540.306858240173,79397,793.97
892,540.391350563106,73712,737.12
893,540.475842857599,75957,759.57
894,540.560335123896,74933,749.33
895,540.644827362243,73118,731.18
896,540.729319572884,74411,744.11
897,540.813811756066,71842,718.42
898,540.898303912032,67965,679.65
899,540.982796041028,65764,657.64
900,541.0672881433,64480,644.8
901,541.151780219092,63898,638.98
902,541.23627226865,63236,632.36
903,541.320764292218,62551,625.51
904,541.405256290042,62628,626.28
905,541.489748262367,64996,649.96
906,541.574240209438,69861,698.61
907,541.6587321315,69550,695.5
908,541.743224028798,69665,696.65
909,541.827715901578,68786,687.86
910,541.912207750085,65833,658.33
911,541.996699574563,64604,646.04
912,542.081191375258,63974,639.74
913,542.165683152415,67026,670.26
914,542.250174906279,67484,674.84
915,542.334666637096,65229,652.29
916,542.41915834511,63952,639.52
917,542.503650030566,83975,839.75
918,542.58814169371,92447,924.47
919,542.672633334787,88825,888.25
920,542.757124954042,82835,828.35
921,542.841616551719,74678,746.78
922,542.926108128065,72790,727.9
923,543.010599683325,71215,712.15
924,543.095091217743,69105,691.05
925,543.179582731564,94293,942.93
926,543.264074225034,101155,1011.55
927,543.348565698398,88277,882.77
928,543.433057151901,82522,825.22
929,543.517548585789,81775,817.75
930,543.602040000305,90821,908.21
931,543.686531395696,101325,1013.25
932,543.771022772206,106121,1061.21
933,543.855514130081,113886,1138.86
934,543.940005469566,124007,1240.07
935,544.024496790906,129476,1294.76
936,544.108988094346,139935,1399.35
937,544.193479380131,149495,1494.95
938,544.277970648506,152044,1520.44
939,544.362461899717,153603,1536.03
940,544.446953134009,160026,1600.26
941,544.531444351626,164684,1646.84
942,544.615935552814,168143,1681.43
943,544.700426737818,172578,1725.78
944,544.784917906884,175378,1753.78
945,544.869409060255,181193,1811.93
946,544.953900198178,185052,1850.52
947,545.038391320898,185580,1855.8
948,545.122882428659,186371,1863.71
949,545.207373521708,187669,1876.69
950,545.291864600288,189537,1895.37
951,545.376355664645,191625,1916.25
952,545.460846715024,224086,2240.86
953,545.545337751671,234100,2341
954,545.62982877483,219424,2194.24
955,545.714319784747,213584,2135.84
956,545.798810781666,212641,2126.41
957,545.883301765834,209611,2096.11
958,545.967792737495,208403,2084.03
959,546.052283696893,206833,2068.33
960,546.136774644275,206699,2066.99
961,546.221265579886,205160,2051.6
962,546.30575650397,201989,2019.89
963,546.390247416772,200051,2000.51
964,546.474738318539,198722,1987.22
965,546.559229209514,198587,1985.87
966,546.643720089944,198482,1984.82
967,546.728210960073,198475,1984.75
968,546.812701820146,201613,2016.13
969,546.897192670409,207820,2078.2
970,546.981683511106,209061,2090.61
971,547.066174342483,207206,2072.06
972,547.150665164785,207835,2078.35
973,547.235155978257,211475,2114.75
974,547.319646783145,211912,2119.12
975,547.404137579692,210645,2106.45
976,547.488628368145,210156,2101.56
977,547.573119148749,209329,2093.29
978,547.657609921748,209199,2091.99
979,547.742100687388,212567,2125.67
980,547.826591445914,214348,2143.48
981,547.911082197572,213298,2132.98
982,547.995572942605,212662,2126.62
983,548.08006368126,211642,2116.42
984,548.164554413782,210687,2106.87
985,548.249045140415,210539,2105.39
986,548.333535861404,211128,2111.28
987,548.418026576996,227903,2279.03
988,548.502517287435,233216,2332.16
989,548.587007992966,225447,2254.47
990,548.671498693834,221087,2210.87
991,548.755989390285,224653,2246.53
992,548.840480082563,228372,2283.72
993,548.924970770915,225559,2255.59
994,549.009461455584,222310,2223.1
995,549.093952136815,224199,2241.99
996,549.178442814856,224274,2242.74
997,549.262933489949,222044,2220.44
998,549.347424162341,228240,2282.4
999,549.431914832276,229564,2295.64
1000,549.5164055,225440,2254.4
1001,549.600896165758,225595,2255.95
1002,549.685386829794,225235,2252.35
1003,549.769877492355,223226,2232.26
1004,549.854368153685,222379,2223.79
1005,549.938858814029,239441,2394.41
1006,550.023349473633,247529,2475.29
1007,550.107840132742,243197,2431.97
1008,550.1923307916,237203,2372.03
1009,550.276821450453,231372,2313.72
1010,550.361312109546,228527,2285.27
1011,550.445802769124,230393,2303.93
1012,550.530293429432,231155,2311.55
1013,550.614784090716,229391,2293.91
1014,550.69927475322,228433,2284.33
1015,550.78376541719,228394,2283.94
1016,550.868256082871,228403,2284.03
1017,550.952746750508,229052,2290.52
1018,551.037237420346,232397,2323.97
1019,551.12172809263,233701,2337.01
1020,551.206218767606,232567,2325.67
1021,551.290709445518,231913,2319.13
1022,551.375200126611,230942,2309.42
1023,551.459690811131,234397,2343.97
1024,551.544181499323,236056,2360.56
1025,551.628672191433,234749,2347.49
1026,551.713162887704,233517,2335.17
1027,551.797653588383,232682,2326.82
1028,551.882144293714,232237,2322.37
1029,551.966635003943,232497,2324.97
1030,552.051125719314,236553,2365.53
1031,552.135616440073,243240,2432.4
1032,552.220107166465,243504,2435.04
1033,552.304597898735,242582,2425.82
1034,552.389088637129,241652,2416.52
1035,552.473579381891,259487,2594.87
1036,552.558070133266,263903,2639.03
1037,552.6425608915,252737,2527.37
1038,552.727051656838,246168,2461.68
1039,552.811542429524,266997,2669.97
1040,552.896033209805,271944,2719.44
1041,552.980523997925,261462,2614.62
1042,553.065014794129,254253,2542.53
1043,553.149505598662,248334,2483.34
1044,553.23399641177,245150,2451.5
1045,553.318487233698,246458,2464.58
1046,553.402978064691,259298,2592.98
1047,553.487468904993,270889,2708.89
1048,553.571959754851,265443,2654.43
1049,553.656450614509,255063,2550.63
1050,553.740941484213,248768,2487.68
1051,553.825432364206,251479,2514.79
1052,553.909923254736,251298,2512.98
1053,553.994414156046,252957,2529.57
1054,554.078905068382,252564,2525.64
1055,554.16339599199,248570,2485.7
1056,554.247886927113,246691,2466.91
1057,554.332377873998,267123,2671.23
1058,554.416868832889,271991,2719.91
1059,554.501359804032,260041,2600.41
1060,554.585850787671,253804,2538.04
1061,554.670341784053,250499,2504.99
1062,554.754832793421,248738,2487.38
1063,554.839323816021,247642,2476.42
1064,554.923814852099,246934,2469.34
1065,555.008305901899,247141,2471.41
1066,555.092796965667,254269,2542.69
1067,555.177288043647,255937,2559.37
1068,555.261779136085,277785,2777.85
1069,555.346270243226,283582,2835.82
1070,555.430761365315,272382,2723.82
1071,555.515252502597,267777,2677.77
1072,555.599743655318,262868,2628.68
1073,555.684234823722,258046,2580.46
1074,555.768726008055,258510,2585.1
1075,555.853217208561,260661,2606.61
1076,555.937708425486,258224,2582.24
1077,556.022199659075,277774,2777.74
1078,556.106690909574,282553,2825.53
1079,556.191182177226,272768,2727.68
1080,556.275673462278,265791,2657.91
1081,556.360164764975,262809,2628.09
1082,556.444656085561,265017,2650.17
1083,556.529147424282,262917,2629.17
1084,556.613638781383,259840,2598.4
1085,556.698130157109,258074,2580.74
1086,556.782621551706,260165,2601.65
1087,556.867112965417,261178,2611.78
1088,556.951604398489,264785,2647.85
1089,557.036095851167,271115,2711.15
1090,557.120587323695,268781,2687.81
1091,557.20507881632,263148,2631.48
1092,557.289570329285,259981,2599.81
1093,557.374061862836,261886,2618.86
1094,557.458553417219,262965,2629.65
1095,557.543044992678,263516,2635.16
1096,557.627536589459,262728,2627.28
1097,557.712028207806,264088,2640.88
1098,557.796519847966,263512,2635.12
1099,557.881011510182,267057,2670.57
1100,557.9655031947,270677,2706.77
1101,558.049994901765,267296,2672.96
1102,558.134486631623,262431,2624.31
1103,558.218978384519,259353,2593.53
1104,558.303470160697,261240,2612.4
1105,558.387961960402,261413,2614.13
1106,558.472453783881,261379,2613.79
1107,558.556945631378,262395,2623.95
1108,558.641437503137,289532,2895.32
1109,558.725929399405,305670,3056.7
1110,558.810421320427,292510,2925.1
1111,558.894913266447,278222,2782.22
1112,558.97940523771,270401,2704.01
1113,559.063897234463,268948,2689.48
1114,559.14838925695,270894,2708.94
1115,559.232881305415,269210,2692.1
1116,559.317373380105,265845,2658.45
1117,559.401865481264,267729,2677.29
1118,559.486357609138,268107,2681.07
1119,559.570849763971,265823,2658.23
1120,559.65534194601,265424,2654.24
1121,559.739834155498,268815,2688.15
1122,559.824326392681,269106,2691.06
1123,559.908818657804,270386,2703.86
1124,559.993310951113,269746,2697.46
1125,560.077803272852,267305,2673.05
1126,560.162295623266,266292,2662.92
1127,560.246788002602,265264,2652.64
1128,560.331280411103,267964,2679.64
1129,560.415772849015,271884,2718.84
1130,560.500265316583,274245,2742.45
1131,560.584757814052,278866,2788.66
1132,560.669250341668,277092,2770.92
1133,560.753742899676,271888,2718.88
1134,560.83823548832,272516,2725.16
1135,560.922728107845,271755,2717.55
1136,561.007220758498,269453,2694.53
1137,561.091713440523,268451,2684.51
1138,561.176206154165,267588,2675.88
1139,561.260698899669,268359,2683.59
1140,561.345191677281,268856,2688.56
1141,561.429684487245,268877,2688.77
1142,561.514177329807,269352,2693.52
1143,561.598670205212,269821,2698.21
1144,561.683163113705,271306,2713.06
1145,561.767656055531,271572,2715.72
1146,561.852149030935,274380,2743.8
1147,561.936642040163,279149,2791.49
1148,562.021135083459,278224,2782.24
1149,562.105628161069,275107,2751.07
1150,562.190121273237,276531,2765.31
1151,562.27461442021,275798,2757.98
1152,562.359107602232,284149,2841.49
1153,562.443600819547,285507,2855.07
1154,562.528094072403,282003,2820.03
1155,562.612587361042,287286,2872.86
1156,562.697080685712,288567,2885.67
1157,562.781574046656,285351,2853.51
1158,562.866067444119,298459,2984.59
1159,562.950560878348,299106,2991.06
1160,563.035054349587,286758,2867.58
1161,563.119547858082,282746,2827.46
1162,563.204041404076,280306,2803.06
1163,563.288534987816,277828,2778.28
1164,563.373028609547,275398,2753.98
1165,563.457522269514,273513,2735.13
1166,563.542015967961,272946,2729.46
1167,563.626509705135,275902,2759.02
1168,563.71100348128,279627,2796.27
1169,563.795497296641,278929,2789.29
1170,563.879991151464,275989,2759.89
1171,563.964485045993,274535,2745.35
1172,564.048978980475,274279,2742.79
1173,564.133472955153,275420,2754.2
1174,564.217966970273,275834,2758.34
1175,564.30246102608,278917,2789.17
1176,564.386955122819,282911,2829.11
1177,564.471449260736,284621,2846.21
1178,564.555943440075,282421,2824.21
1179,564.640437661083,279085,2790.85
1180,564.724931924002,346565,3465.65
1181,564.80942622908,368381,3683.81
1182,564.893920576561,331338,3313.38
1183,564.97841496669,310452,3104.52
1184,565.062909399713,298022,2980.22
1185,565.147403875874,298787,2987.87
1186,565.231898395419,296128,2961.28
1187,565.316392958592,287281,2872.81
1188,565.400887565639,281610,2816.1
1189,565.485382216806,278830,2788.3
1190,565.569876912336,277361,2773.61
1191,565.654371652476,276902,2769.02
1192,565.73886643747,279642,2796.42
1193,565.823361267564,280949,2809.49
1194,565.907856143003,299081,2990.81
1195,565.992351064031,304065,3040.65
1196,566.076846030894,293406,2934.06
1197,566.161341043838,286916,2869.16
1198,566.245836103106,283028,2830.28
1199,566.330331208945,281879,2818.79
1200,566.4148263616,281594,2815.94
1201,566.499321561315,284199,2841.99
1202,566.583816808336,285054,2850.54
1203,566.668312102908,286830,2868.3
1204,566.752807445276,286888,2868.88
1205,566.837302835685,286371,2863.71
1206,566.92179827438,288196,2881.96
1207,567.006293761607,287985,2879.85
1208,567.090789297611,286548,2865.48
1209,567.175284882636,291187,2911.87
1210,567.259780516928,292075,2920.75
1211,567.344276200732,288451,2884.51
1212,567.428771934293,286572,2865.72
1213,567.513267717856,288467,2884.67
1214,567.597763551667,287981,2879.81
1215,567.68225943597,285551,2855.51
1216,567.766755371011,304118,3041.18
1217,567.851251357034,309188,3091.88
1218,567.935747394286,297645,2976.45
1219,568.020243483011,297068,2970.68
1220,568.104739623454,295161,2951.61
1221,568.18923581586,311193,3111.93
1222,568.273732060474,313796,3137.96
1223,568.358228357543,300315,3003.15
1224,568.442724707309,292438,2924.38
1225,568.52722111002,287914,2879.14
1226,568.61171756592,285647,2856.47
1227,568.696214075254,284544,2845.44
1228,568.780710638267,283560,2835.6
1229,568.865207255205,283367,2833.67
1230,568.949703926312,283585,2835.85
1231,569.034200651834,286900,2869
1232,569.118697432015,287917,2879.17
1233,569.203194267102,286020,2860.2
1234,569.287691157338,288161,2881.61
1235,569.37218810297,293735,2937.35
1236,569.456685104242,302780,3027.8
1237,569.5411821614,302316,3023.16
1238,569.625679274688,295195,2951.95
1239,569.710176444352,293775,2937.75
1240,569.794673670637,291821,2918.21
1241,569.879170953788,288300,2883
1242,569.96366829405,289618,2896.18
1243,570.048165691668,295854,2958.54
1244,570.132663146887,294944,2949.44
1245,570.217160659954,297068,2970.68
1246,570.301658231112,296970,2969.7
1247,570.386155860606,293301,2933.01
1248,570.470653548683,290802,2908.02
1249,570.555151295587,288573,2885.73
1250,570.639649101562,287705,2877.05
1251,570.724146966856,287553,2875.53
1252,570.808644891712,290238,2902.38
1253,570.893142876375,295458,2954.58
1254,570.977640921091,296729,2967.29
1255,571.062139026105,296450,2964.5
1256,571.146637191662,313247,3132.47
1257,571.231135418007,316020,3160.2
1258,571.315633705386,304207,3042.07
1259,571.400132054043,300138,3001.38
1260,571.484630464223,300232,3002.32
1261,571.569128936172,296641,2966.41
1262,571.653627470135,291790,2917.9
1263,571.738126066357,295671,2956.71
1264,571.822624725083,299390,2993.9
1265,571.907123446559,295510,2955.1
1266,571.991622231028,297318,2973.18
1267,572.076121078737,301905,3019.05
1268,572.160619989931,298492,2984.92
1269,572.245118964855,294488,2944.88
1270,572.329618003753,290831,2908.31
1271,572.414117106872,290424,2904.24
1272,572.498616274455,294578,2945.78
1273,572.583115506749,291762,2917.62
1274,572.667614803999,285067,2850.67
1275,572.752114166448,280901,2809.01
1276,572.836613594344,279740,2797.4
1277,572.921113087931,279858,2798.58
1278,573.005612647453,279198,2791.98
1279,573.090112273157,278866,2788.66
1280,573.174611965286,281957,2819.57
1281,573.259111724088,288939,2889.39
1282,573.343611549805,296265,2962.65
1283,573.428111442685,318745,3187.45
1284,573.512611402971,322570,3225.7
1285,573.597111430909,349383,3493.83
1286,573.681611526744,352211,3522.11
1287,573.766111690721,333038,3330.38
1288,573.850611923086,317015,3170.15
1289,573.935112224083,301383,3013.83
1290,574.019612593957,292849,2928.49
1291,574.104113032955,288935,2889.35
1292,574.18861354132,289679,2896.79
1293,574.273114119298,289042,2890.42
1294,574.357614767134,289315,2893.15
1295,574.442115485074,287711,2877.11
1296,574.526616273362,331119,3311.19
1297,574.611117132243,342645,3426.45
1298,574.695618061963,332648,3326.48
1299,574.780119062767,324305,3243.05
1300,574.8646201349,307864,3078.64
1301,574.949121278607,299605,2996.05
1302,575.033622494133,296232,2962.32
1303,575.118123781723,294353,2943.53
1304,575.202625141623,289869,2898.69
1305,575.287126574078,284702,2847.02
1306,575.371628079332,282123,2821.23
1307,575.456129657631,281181,2811.81
1308,575.54063130922,280448,2804.48
1309,575.625133034344,283492,2834.92
1310,575.709634833249,289900,2899
1311,575.794136706179,288813,2888.13
1312,575.878638653379,283865,2838.65
1313,575.963140675095,280500,2805
1314,576.047642771572,278405,2784.05
1315,576.132144943055,277752,2777.52
1316,576.216647189789,282009,2820.09
1317,576.301149512019,283257,2832.57
1318,576.38565190999,280629,2806.29
1319,576.470154383948,278821,2788.21
1320,576.554656934138,278774,2787.74
1321,576.639159560804,282827,2828.27
1322,576.723662264192,283725,2837.25
1323,576.808165044547,311245,3112.45
1324,576.892667902114,320973,3209.73
1325,576.977170837139,304485,3044.85
1326,577.061673849866,291928,2919.28
1327,577.146176940541,284940,2849.4
1328,577.230680109408,281543,2815.43
1329,577.315183356713,280103,2801.03
1330,577.399686682701,281511,2815.11
1331,577.484190087617,303431,3034.31
1332,577.568693571706,306638,3066.38
1333,577.653197135214,292696,2926.96
1334,577.737700778385,288087,2880.87
1335,577.822204501465,284055,2840.55
1336,577.906708304698,278804,2788.04
1337,577.991212188331,307488,3074.88
1338,578.075716152607,314632,3146.32
1339,578.160220197773,300040,3000.4
1340,578.244724324073,290087,2900.87
1341,578.329228531752,288625,2886.25
1342,578.413732821056,289350,2893.5
1343,578.49823719223,283479,2834.79
1344,578.582741645518,277780,2777.8
1345,578.667246181166,277226,2772.26
1346,578.75175079942,275913,2759.13
1347,578.836255500524,276445,2764.45
1348,578.920760284723,283013,2830.13
1349,579.005265152262,282397,2823.97
1350,579.089770103388,276702,2767.02
1351,579.174275138344,273094,2730.94
1352,579.258780257375,270677,2706.77
1353,579.343285460728,269509,2695.09
1354,579.427790748647,268779,2687.79
1355,579.512296121378,268158,2681.58
1356,579.596801579165,267737,2677.37
1357,579.681307122253,268313,2683.13
1358,579.765812750888,267857,2678.57
1359,579.850318465315,266764,2667.64
1360,579.934824265779,266294,2662.94
1361,580.019330152525,265752,2657.52
1362,580.103836125799,283322,2833.22
1363,580.188342185844,288228,2882.28
1364,580.272848332908,281599,2815.99
1365,580.357354567233,276611,2766.11
1366,580.441860889067,271863,2718.63
1367,580.526367298654,268592,2685.92
1368,580.610873796238,272788,2727.88
1369,580.695380382066,272900,2729
1370,580.779887056382,268251,2682.51
1371,580.864393819432,269496,2694.96
1372,580.94890067146,269403,2694.03
1373,581.033407612712,265806,2658.06
1374,581.117914643433,264047,2640.47
1375,581.202421763867,263331,2633.31
1376,581.286928974261,262685,2626.85
1377,581.371436274859,264895,2648.95
1378,581.455943665907,264995,2649.95
1379,581.540451147649,265786,2657.86
1380,581.62495872033,264897,2648.97
1381,581.709466384197,261715,2617.15
1382,581.793974139493,260317,2603.17
1383,581.878481986465,265976,2659.76
1384,581.962989925357,266653,2666.53
1385,582.047497956414,269330,2693.3
1386,582.132006079881,271539,2715.39
1387,582.216514296004,266902,2669.02
1388,582.301022605028,262532,2625.32
1389,582.385531007198,269263,2692.63
1390,582.470039502758,270689,2706.89
1391,582.554548091955,265278,2652.78
1392,582.639056775033,262188,2621.88
1393,582.723565552238,259742,2597.42
1394,582.808074423814,258325,2583.25
1395,582.892583390007,257393,2573.93
1396,582.977092451061,263562,2635.62
1397,583.061601607223,265070,2650.7
1398,583.146110858736,262284,2622.84
1399,583.230620205847,262053,2620.53
1400,583.3151296488,260221,2602.21
1401,583.399639187841,260861,2608.61
1402,583.484148823214,260432,2604.32
1403,583.568658555165,258190,2581.9
1404,583.653168383939,256556,2565.56
1405,583.73767830978,261698,2616.98
1406,583.822188332935,263042,2630.42
1407,583.906698453649,262140,2621.4
1408,583.991208672165,260126,2601.26
1409,584.075718988731,256447,2564.47
1410,584.16022940359,257351,2573.51
1411,584.244739916987,256667,2566.67
1412,584.329250529169,253889,2538.89
1413,584.41376124038,251830,2518.3
1414,584.498272050865,251089,2510.89
1415,584.58278296087,251240,2512.4
1416,584.667293970638,259668,2596.68
1417,584.751805080417,268381,2683.81
1418,584.83631629045,265505,2655.05
1419,584.920827600983,258891,2588.91
1420,585.005339012262,254625,2546.25
1421,585.08985052453,255460,2554.6
1422,585.174362138034,258085,2580.85
1423,585.258873853018,258960,2589.6
1424,585.343385669727,256203,2562.03
1425,585.427897588408,252152,2521.52
1426,585.512409609304,249625,2496.25
1427,585.596921732661,248626,2486.26
1428,585.681433958724,250464,2504.64
1429,585.765946287739,250250,2502.5
1430,585.85045871995,252009,2520.09
1431,585.934971255602,255359,2553.59
1432,586.019483894941,261042,2610.42
1433,586.103996638212,262740,2627.4
1434,586.18850948566,257188,2571.88
1435,586.27302243753,252703,2527.03
1436,586.357535494067,249909,2499.09
1437,586.442048655516,270500,2705
1438,586.526561922122,294732,2947.32
1439,586.611075294132,286980,2869.8
1440,586.695588771789,269442,2694.42
1441,586.780102355339,259238,2592.38
1442,586.864616045027,256217,2562.17
1443,586.949129841097,253342,2533.42
1444,587.033643743797,248814,2488.14
1445,587.118157753369,246410,2464.1
1446,587.20267187006,244749,2447.49
1447,587.287186094115,243424,2434.24
1448,587.371700425779,242899,2428.99
1449,587.456214865296,242177,2421.77
1450,587.540729412912,241599,2415.99
1451,587.625244068873,241199,2411.99
1452,587.709758833423,243714,2437.14
1453,587.794273706808,244717,2447.17
1454,587.878788689272,243599,2435.99
1455,587.963303781061,242212,2422.12
1456,588.047818982419,241391,2413.91
1457,588.132334293593,244013,2440.13
1458,588.216849714827,247893,2478.93
1459,588.301365246366,246485,2464.85
1460,588.385880888455,243055,2430.55
1461,588.47039664134,240906,2409.06
1462,588.554912505266,239568,2395.68
1463,588.639428480477,242123,2421.23
1464,588.72394456722,247350,2473.5
1465,588.808460765738,253533,2535.33
1466,588.892977076278,251228,2512.28
1467,588.977493499084,244898,2448.98
1468,589.062010034401,240963,2409.63
1469,589.146526682475,238434,2384.34
1470,589.231043443551,236970,2369.7
1471,589.315560317874,235602,2356.02
1472,589.400077305689,234647,2346.47
1473,589.48459440724,234420,2344.2
1474,589.569111622774,237275,2372.75
1475,589.653628952536,243176,2431.76
1476,589.73814639677,242892,2428.92
1477,589.822663955722,239407,2394.07
1478,589.907181629636,321914,3219.14
1479,589.991699418759,351014,3510.14
1480,590.076217323334,313981,3139.81
1481,590.160735343608,285393,2853.93
1482,590.245253479825,263312,2633.12
1483,590.329771732231,250003,2500.03
1484,590.41429010107,272789,2727.89
1485,590.498808586588,276908,2769.08
1486,590.58332718903,258531,2585.31
1487,590.667845908641,249854,2498.54
1488,590.752364745666,243828,2438.28
1489,590.83688370035,238062,2380.62
1490,590.921402772939,238010,2380.1
1491,591.005921963678,243917,2439.17
1492,591.090441272811,242647,2426.47
1493,591.174960700584,240619,2406.19
1494,591.259480247241,241578,2415.78
1495,591.343999913029,242090,2420.9
1496,591.428519698192,239003,2390.03
1497,591.513039602976,235137,2351.37
1498,591.597559627625,233410,2334.1
1499,591.682079772385,232398,2323.98
1500,591.7666000375,230979,2309.79
1501,591.851120423216,230618,2306.18
1502,591.935640929779,230335,2303.35
1503,592.020161557432,231864,2318.64
1504,592.104682306422,232322,2323.22
1505,592.189203176993,230727,2307.27
1506,592.273724169391,229292,2292.92
1507,592.35824528386,228590,2285.9
1508,592.442766520647,228288,2282.88
1509,592.527287879995,231761,2317.61
1510,592.611809362151,233072,2330.72
1511,592.696330967358,257404,2574.04
1512,592.780852695863,262869,2628.69
1513,592.865374547911,247422,2474.22
1514,592.949896523746,238716,2387.16
1515,593.034418623614,233900,2339
1516,593.11894084776,266309,2663.09
1517,593.203463196429,274278,2742.78
1518,593.287985669866,254530,2545.3
1519,593.372508268317,242540,2425.4
1520,593.457030992026,235505,2355.05
1521,593.541553841238,231324,2313.24
1522,593.626076816199,229812,2298.12
1523,593.710599917154,228594,2285.94
1524,593.795123144348,227405,2274.05
1525,593.879646498027,226491,2264.91
1526,593.964169978434,232175,2321.75
1527,594.048693585816,233924,2339.24
1528,594.133217320417,229896,2298.96
1529,594.217741182483,230546,2305.46
1530,594.302265172259,229792,2297.92
1531,594.38678928999,230147,2301.47
1532,594.47131353592,229432,2294.32
1533,594.555837910296,230133,2301.33
1534,594.640362413363,229302,2293.02
1535,594.724887045364,246726,2467.26
1536,594.809411806547,250768,2507.68
1537,594.893936697155,238665,2386.65
1538,594.978461717434,237536,2375.36
1539,595.062986867629,235405,2354.05
1540,595.147512147985,230253,2302.53
1541,595.232037558747,233367,2333.67
1542,595.316563100161,239480,2394.8
1543,595.401088772471,236929,2369.29
1544,595.485614575923,231093,2310.93
1545,595.570140510762,227521,2275.21
1546,595.654666577233,225251,2252.51
1547,595.73919277558,226905,2269.05
1548,595.82371910605,227984,2279.84
1549,595.908245568888,226621,2266.21
1550,595.992772164338,231272,2312.72
1551,596.077298892645,238336,2383.36
1552,596.161825754055,235412,2354.12
1553,596.246352748813,229086,2290.86
1554,596.330879877164,225830,2258.3
1555,596.415407139353,237897,2378.97
1556,596.499934535626,240467,2404.67
1557,596.584462066227,233013,2330.13
1558,596.668989731401,231141,2311.41
1559,596.753517531394,231841,2318.41
1560,596.838045466451,231709,2317.09
1561,596.922573536817,227957,2279.57
1562,597.007101742737,224177,2241.77
1563,597.091630084456,251750,2517.5
1564,597.17615856222,273277,2732.77
1565,597.260687176273,261423,2614.23
1566,597.345215926861,246964,2469.64
1567,597.429744814228,243536,2435.36
1568,597.51427383862,237082,2370.82
1569,597.598803000283,228804,2288.04
1570,597.68333229946,230832,2308.32
1571,597.767861736398,229622,2296.22
1572,597.852391311341,230720,2307.2
1573,597.936921024535,229516,2295.16
1574,598.021450876224,227383,2273.83
1575,598.105980866655,228619,2286.19
1576,598.190510996071,225850,2258.5
1577,598.275041264718,225417,2254.17
1578,598.359571672842,227220,2272.2
1579,598.444102220687,229227,2292.27
1580,598.528632908498,226721,2267.21
1581,598.613163736522,225062,2250.62
1582,598.697694705001,230790,2307.9
1583,598.782225814183,232477,2324.77
1584,598.866757064312,230219,2302.19
1585,598.951288455633,226049,2260.49
1586,599.035819988391,224450,2244.5
1587,599.120351662832,226278,2262.78
1588,599.2048834792,224146,2241.46
1589,599.289415437741,220269,2202.69
1590,599.3739475387,218433,2184.33
1591,599.458479782322,221011,2210.11
1592,599.543012168852,224005,2240.05
1593,599.627544698535,225182,2251.82
1594,599.712077371617,222782,2227.82
1595,599.796610188342,219265,2192.65
1596,599.881143148956,221111,2211.11
1597,599.965676253703,223797,2237.97
1598,600.05020950283,221874,2218.74
1599,600.13474289658,218271,2182.71
1600,600.2192764352,216592,2165.92
1601,600.303810118934,219237,2192.37
1602,600.388343948028,219470,2194.7
1603,600.472877922726,217123,2171.23
1604,600.557412043273,218673,2186.73
1605,600.641946309916,218374,2183.74
1606,600.726480722899,216314,2163.14
1607,600.811015282466,214964,2149.64
1608,600.895549988864,213833,2138.33
1609,600.980084842338,212728,2127.28
1610,601.064619843132,214604,2146.04
1611,601.149154991491,215498,2154.98
1612,601.233690287662,217961,2179.61
1613,601.318225731888,218324,2183.24
1614,601.402761324415,216010,2160.1
1615,601.487297065489,217451,2174.51
1616,601.571832955354,217617,2176.17
1617,601.656368994255,218731,2187.31
1618,601.740905182438,217678,2176.78
1619,601.825441520148,214645,2146.45
1620,601.90997800763,217224,2172.24
1621,601.994514645128,220752,2207.52
1622,602.079051432889,221472,2214.72
1623,602.163588371157,219346,2193.46
1624,602.248125460177,219025,2190.25
1625,602.332662700195,218108,2181.08
1626,602.417200091456,218644,2186.44
1627,602.501737634204,217080,2170.8
1628,602.586275328686,213936,2139.36
1629,602.670813175145,212246,2122.46
1630,602.755351173828,220849,2208.49
1631,602.839889324979,222970,2229.7
1632,602.924427628843,220638,2206.38
1633,603.008966085667,220955,2209.55
1634,603.093504695693,218019,2180.19
1635,603.178043459169,213896,2138.96
1636,603.262582376339,215896,2158.96
1637,603.347121447448,218369,2183.69
1638,603.431660672741,217627,2176.27
1639,603.516200052464,214868,2148.68
1640,603.600739586861,212065,2120.65
1641,603.685279276178,211086,2110.86
1642,603.769819120659,211336,2113.36
1643,603.854359120551,210478,2104.78
1644,603.938899276098,212918,2129.18
1645,604.023439587545,216990,2169.9
1646,604.107980055137,216374,2163.74
1647,604.19252067912,216339,2163.39
1648,604.277061459738,217958,2179.58
1649,604.361602397237,215513,2155.13
1650,604.446143491862,211948,2119.48
1651,604.530684743859,222617,2226.17
1652,604.615226153471,236246,2362.46
1653,604.699767720944,234984,2349.84
1654,604.784309446525,225871,2258.71
1655,604.868851330456,221420,2214.2
1656,604.953393372984,224394,2243.94
1657,605.037935574354,228166,2281.66
1658,605.122477934812,223619,2236.19
1659,605.207020454601,238793,2387.93
1660,605.291563133967,240557,2405.57
1661,605.376105973156,227276,2272.76
1662,605.460648972412,219367,2193.67
1663,605.545192131981,214084,2140.84
1664,605.629735452108,210840,2108.4
1665,605.714278933038,208734,2087.34
1666,605.798822575015,214781,2147.81
1667,605.883366378286,216406,2164.06
1668,605.967910343095,211829,2118.29
1669,606.052454469688,209023,2090.23
1670,606.136998758309,208131,2081.31
1671,606.221543209204,211306,2113.06
1672,606.306087822618,211997,2119.97
1673,606.390632598795,209368,2093.68
1674,606.475177537982,210975,2109.75
1675,606.559722640423,214536,2145.36
1676,606.644267906364,216388,2163.88
1677,606.728813336049,217379,2173.79
1678,606.813358929724,214541,2145.41
1679,606.897904687633,210458,2104.58
1680,606.982450610022,208276,2082.76
1681,607.066996697137,206634,2066.34
1682,607.151542949221,209265,2092.65
1683,607.236089366521,213132,2131.32
1684,607.320635949282,211835,2118.35
1685,607.405182697748,209088,2090.88
1686,607.489729612165,211105,2111.05
1687,607.574276692777,211426,2114.26
1688,607.658823939831,208904,2089.04
1689,607.74337135357,210594,2105.94
1690,607.827918934241,213665,2136.65
1691,607.912466682089,212126,2121.26
1692,607.997014597358,208753,2087.53
1693,608.081562680293,217235,2172.35
1694,608.16611093114,218927,2189.27
1695,608.250659350145,216003,2160.03
1696,608.335207937551,216105,2161.05
1697,608.419756693605,215243,2152.43
1698,608.504305618551,212090,2120.9
1699,608.588854712634,212176,2121.76
1700,608.6734039761,210559,2105.59
1701,608.757953409194,217782,2177.82
1702,608.84250301216,222973,2229.73
1703,608.927052785245,217347,2173.47
1704,609.011602728693,211992,2119.92
1705,609.096152842749,208676,2086.76
1706,609.180703127658,206271,2062.71
1707,609.265253583666,204719,2047.19
1708,609.349804211018,204165,2041.65
1709,609.434355009958,206602,2066.02
1710,609.518905980733,206459,2064.59
1711,609.603457123586,210944,2109.44
1712,609.688008438764,244173,2441.73
1713,609.772559926511,248640,2486.4
1714,609.857111587073,228954,2289.54
1715,609.941663420694,217463,2174.63
1716,610.02621542762,210267,2102.67
1717,610.110767608096,210155,2101.55
1718,610.195319962366,208948,2089.48
1719,610.279872490677,205560,2055.6
1720,610.364425193274,203440,2034.4
1721,610.4489780704,202333,2023.33
1722,610.533531122303,201873,2018.73
1723,610.618084349226,202437,2024.37
1724,610.702637751414,205656,2056.56
1725,610.787191329114,209136,2091.36
1726,610.87174508257,208151,2081.51
1727,610.956299012027,211624,2116.24
1728,611.04085311773,211226,2112.26
1729,611.125407399925,206955,2069.55
1730,611.209961858857,204433,2044.33
1731,611.29451649477,226956,2269.56
1732,611.37907130791,240664,2406.64
1733,611.463626298523,229242,2292.42
1734,611.548181466852,219725,2197.25
1735,611.632736813144,220154,2201.54
1736,611.717292337643,216955,2169.55
1737,611.801848040595,210375,2103.75
1738,611.886403922244,206301,2063.01
1739,611.970959982837,207180,2071.8
1740,612.055516222617,209184,2091.84
1741,612.14007264183,210735,2107.35
1742,612.224629240722,211718,2117.18
1743,612.309186019537,209510,2095.1
1744,612.39374297852,219069,2190.69
1745,612.478300117917,221150,2211.5
1746,612.562857437973,229065,2290.65
1747,612.647414938933,230567,2305.67
1748,612.731972621042,218414,2184.14
1749,612.816530484545,208413,2084.13
1750,612.901088529688,219624,2196.24
1751,612.985646756714,221106,2211.06
1752,613.070205165871,213283,2132.83
1753,613.154763757402,207684,2076.84
1754,613.239322531553,202039,2020.39
1755,613.323881488569,201906,2019.06
1756,613.408440628695,200408,2004.08
1757,613.492999952176,197277,1972.77
1758,613.577559459258,198660,1986.6
1759,613.662119150185,201061,2010.61
1760,613.746679025203,199134,1991.34
1761,613.831239084557,195785,1957.85
1762,613.915799328492,196938,1969.38
1763,614.000359757252,195960,1959.6
1764,614.084920371084,192937,1929.37
1765,614.169481170232,191653,1916.53
1766,614.254042154942,191207,1912.07
1767,614.338603325458,190689,1906.89
1768,614.423164682026,193608,1936.08
1769,614.507726224891,196613,1966.13
1770,614.592287954298,194994,1949.94
1771,614.676849870492,209454,2094.54
1772,614.761411973718,212226,2122.26
1773,614.845974264222,201155,2011.55
1774,614.930536742248,195151,1951.51
1775,615.015099408042,195553,1955.53
1776,615.099662261849,194543,1945.43
1777,615.184225303914,191090,1910.9
1778,615.268788534481,192155,1921.55
1779,615.353351953797,191898,1918.98
1780,615.437915562106,196267,1962.67
1781,615.522479359654,196889,1968.89
1782,615.607043346685,192190,1921.9
1783,615.691607523446,205713,2057.13
1784,615.776171890179,208547,2085.47
1785,615.860736447132,198800,1988
1786,615.94530119455,193041,1930.41
1787,616.029866132676,192645,1926.45
1788,616.114431261757,191717,1917.17
1789,616.198996582037,192245,1922.45
1790,616.283562093762,194167,1941.67
1791,616.368127797177,195428,1954.28
1792,616.452693692527,192972,1929.72
1793,616.537259780057,188920,1889.2
1794,616.621826060012,190120,1901.2
1795,616.706392532638,193291,1932.91
1796,616.790959198179,191431,1914.31
1797,616.87552605688,187556,1875.56
1798,616.960093108988,207412,2074.12
1799,617.044660354746,212518,2125.18
1800,617.1292277944,209075,2090.75
1801,617.213795428195,212870,2128.7
1802,617.298363256377,206493,2064.93
1803,617.38293127919,196679,1966.79
1804,617.46749949688,190763,1907.63
1805,617.552067909691,187630,1876.3
1806,617.63663651787,185743,1857.43
1807,617.72120532166,573514,5735.14
1808,617.805774321307,688082,6880.82
1809,617.890343517057,480455,4804.55
1810,617.974912909154,354753,3547.53
1811,618.059482497843,282419,2824.19
1812,618.14405228337,241564,2415.64
1813,618.22862226598,218232,2182.32
1814,618.313192445918,205112,2051.12
1815,618.397762823429,212942,2129.42
1816,618.482333398757,217030,2170.3
1817,618.56690417215,208145,2081.45
1818,618.65147514385,203664,2036.64
1819,618.736046314105,200116,2001.16
1820,618.820617683158,196271,1962.71
1821,618.905189251254,194525,1945.25
1822,618.98976101864,193425,1934.25
1823,619.07433298556,192194,1921.94
1824,619.158905152259,195716,1957.16
1825,619.243477518983,218370,2183.7
1826,619.328050085976,221366,2213.66
1827,619.412622853484,211301,2113.01
1828,619.497195821751,207895,2078.95
1829,619.581768991023,210283,2102.83
1830,619.666342361546,206751,2067.51
1831,619.750915933564,199945,1999.45
1832,619.835489707321,196363,1963.63
1833,619.920063683065,200515,2005.15
1834,620.004637861039,203786,2037.86
1835,620.089212241489,199902,1999.02
1836,620.173786824659,195691,1956.91
1837,620.258361610796,195030,1950.3
1838,620.342936600144,194316,1943.16
1839,620.427511792947,192871,1928.71
1840,620.512087189453,198475,1984.75
1841,620.596662789905,227156,2271.56
1842,620.681238594548,240631,2406.31
1843,620.765814603629,226589,2265.89
1844,620.850390817391,211520,2115.2
1845,620.93496723608,205536,2055.36
1846,621.019543859942,207867,2078.67
1847,621.104120689221,205116,2051.16
1848,621.188697724162,200555,2005.55
1849,621.273274965011,197219,1972.19
1850,621.357852412012,193329,1933.29
1851,621.442430065412,192197,1921.97
1852,621.527007925454,191107,1911.07
1853,621.611585992385,192979,1929.79
1854,621.696164266449,194240,1942.4
1855,621.780742747892,191999,1919.99
1856,621.865321436958,189947,1899.47
1857,621.949900333892,189237,1892.37
1858,622.03447943894,191697,1916.97
1859,622.119058752348,191383,1913.83
1860,622.203638274359,188861,1888.61
1861,622.28821800522,191350,1913.5
1862,622.372797945175,191595,1915.95
1863,622.457378094469,189418,1894.18
1864,622.541958453348,187301,1873.01
1865,622.626539022057,186911,1869.11
1866,622.711119800841,186078,1860.78
1867,622.795700789945,184266,1842.66
1868,622.880281989613,195794,1957.94
1869,622.964863400093,198272,1982.72
1870,623.049445021627,190637,1906.37
1871,623.134026854462,186347,1863.47
1872,623.218608898843,183209,1832.09
1873,623.303191155015,184725,1847.25
1874,623.387773623222,185172,1851.72
1875,623.472356303711,186539,1865.39
1876,623.556939196726,188706,1887.06
1877,623.641522302512,185799,1857.99
1878,623.726105621315,181530,1815.3
1879,623.810689153379,182286,1822.86
1880,623.89527289895,181418,1814.18
1881,623.979856858273,181890,1818.9
1882,624.064441031593,186544,1865.44
1883,624.149025419156,188364,1883.64
1884,624.233610021205,190338,1903.38
1885,624.318194837987,189827,1898.27
1886,624.402779869747,187315,1873.15
1887,624.487365116729,188654,1886.54
1888,624.571950579179,188378,1883.78
1889,624.656536257342,182933,1829.33
1890,624.741122151463,177731,1777.31
1891,624.825708261788,177279,1772.79
1892,624.91029458856,182595,1825.95
1893,624.994881132027,181223,1812.23
1894,625.079467892432,178518,1785.18
1895,625.16405487002,176026,1760.26
1896,625.248642065038,172917,1729.17
1897,625.33322947773,204944,2049.44
1898,625.41781710834,215904,2159.04
1899,625.502404957115,335903,3359.03
1900,625.5869930243,365754,3657.54
1901,625.671581310139,284887,2848.87
1902,625.756169814878,693573,6935.73
1903,625.840758538762,793791,7937.91
1904,625.925347482035,528698,5286.98
1905,626.009936644944,383027,3830.27
1906,626.094526027733,296677,2966.77
1907,626.179115630648,240193,2401.93
1908,626.263705453933,207996,2079.96
1909,626.348295497833,192023,1920.23
1910,626.432885762595,181767,1817.67
1911,626.517476248462,173794,1737.94
1912,626.60206695568,183106,1831.06
1913,626.686657884495,183855,1838.55
1914,626.771249035151,173955,1739.55
1915,626.855840407893,174667,1746.67
1916,626.940432002967,172712,1727.12
1917,627.025023820618,171134,1711.34
1918,627.10961586109,184747,1847.47
1919,627.19420812463,184284,1842.84
1920,627.278800611482,183605,1836.05
1921,627.363393321891,182770,1827.7
1922,627.447986256102,208943,2089.43
1923,627.532579414361,211735,2117.35
1924,627.617172796912,189410,1894.1
1925,627.701766404002,175630,1756.3
1926,627.786360235874,167580,1675.8
1927,627.870954292774,166857,1668.57
1928,627.955548574948,165297,1652.97
1929,628.04014308264,176031,1760.31
1930,628.124737816095,177919,1779.19
1931,628.209332775559,172154,1721.54
1932,628.293927961276,167663,1676.63
1933,628.378523373493,162422,1624.22
1934,628.463119012454,159317,1593.17
1935,628.547714878403,158270,1582.7
1936,628.632310971587,161268,1612.68
1937,628.716907292251,164278,1642.78
1938,628.801503840639,165248,1652.48
1939,628.886100616996,162527,1625.27
1940,628.970697621569,158573,1585.73
1941,629.055294854601,156545,1565.45
1942,629.139892316339,158798,1587.98
1943,629.224490007026,161608,1616.08
1944,629.309087926909,159994,1599.94
1945,629.393686076233,160104,1601.04
1946,629.478284455242,158861,1588.61
1947,629.562883064182,155732,1557.32
1948,629.647481903298,154073,1540.73
1949,629.732080972835,153131,1531.31
1950,629.816680273037,155381,1553.81
1951,629.901279804152,155800,1558
1952,629.985879566422,157145,1571.45
1953,630.070479560095,160380,1603.8
1954,630.155079785414,161388,1613.88
1955,630.239680242624,158393,1583.93
1956,630.324280931972,154468,1544.68
1957,630.408881853702,159789,1597.89
1958,630.493483008059,162418,1624.18
1959,630.578084395288,157825,1578.25
1960,630.662686015635,153441,1534.41
1961,630.747287869345,156466,1564.66
1962,630.831889956662,156953,1569.53
1963,630.916492277832,153167,1531.67
1964,631.001094833101,150536,1505.36
1965,631.085697622712,149388,1493.88
1966,631.170300646912,152357,1523.57
1967,631.254903905945,153148,1531.48
1968,631.339507400056,157691,1576.91
1969,631.424111129492,160393,1603.93
1970,631.508715094496,163598,1635.98
1971,631.593319295314,172730,1727.3
1972,631.677923732192,172535,1725.35
1973,631.762528405373,166664,1666.64
1974,631.847133315104,162388,1623.88
1975,631.93173846163,157066,1570.66
1976,632.016343845195,155626,1556.26
1977,632.100949466045,153601,1536.01
1978,632.185555324425,150072,1500.72
1979,632.270161420579,148045,1480.45
1980,632.354767754754,147099,1470.99
1981,632.439374327195,149094,1490.94
1982,632.523981138146,149219,1492.19
1983,632.608588187852,147122,1471.22
1984,632.693195476559,147378,1473.78
1985,632.777803004512,147101,1471.01
1986,632.862410771956,146521,1465.21
1987,632.947018779136,146717,1467.17
1988,633.031627026297,147012,1470.12
1989,633.116235513685,148859,1488.59
1990,633.200844241544,154959,1549.59
1991,633.28545321012,154536,1545.36
1992,633.370062419658,149517,1495.17
1993,633.454671870403,146751,1467.51
1994,633.539281562599,144913,1449.13
1995,633.623891496493,143664,1436.64
1996,633.708501672329,143533,1435.33
1997,633.793112090353,146052,1460.52
1998,633.877722750809,146156,1461.56
1999,633.962333653943,144089,1440.89
2000,634.0469448,142561,1425.61
2001,634.131556189225,141866,1418.66
2002,634.216167821863,144505,1445.05
2003,634.300779698159,144941,1449.41
2004,634.385391818359,142663,1426.63
2005,634.470004182707,141756,1417.56
2006,634.554616791449,141111,1411.11
2007,634.639229644829,143783,1437.83
2008,634.723842743094,160985,1609.85
2009,634.808456086488,166904,1669.04
2010,634.893069675256,157490,1574.9
2011,634.977683509643,152289,1522.89
2012,635.062297589895,152066,1520.66
2013,635.146911916256,152252,1522.52
2014,635.231526488972,148811,1488.11
2015,635.316141308288,308610,3086.1
2016,635.400756374449,351993,3519.93
2017,635.4853716877,268863,2688.63
2018,635.569987248286,220728,2207.28
2019,635.654603056453,187679,1876.79
2020,635.739219112446,167342,1673.42
2021,635.823835416509,155852,1558.52
2022,635.908451968888,154889,1548.89
2023,635.993068769827,172450,1724.5
2024,636.077685819573,171694,1716.94
2025,636.16230311837,178721,1787.21
2026,636.246920666464,175826,1758.26
2027,636.331538464099,279430,2794.3
2028,636.41615651152,303119,3031.19
2029,636.500774808974,232735,2327.35
2030,636.585393356704,190957,1909.57
2031,636.670012154956,191246,1912.46
2032,636.754631203976,188130,1881.3
2033,636.839250504007,168600,1686
2034,636.923870055296,154404,1544.04
2035,637.008489858088,148344,1483.44
2036,637.093109912628,144817,1448.17
2037,637.17773021916,140890,1408.9
2038,637.26235077793,138408,1384.08
2039,637.346971589183,146555,1465.55
2040,637.431592653165,151893,1518.93
2041,637.51621397012,147019,1470.19
2042,637.600835540293,143579,1435.79
2043,637.68545736393,143012,1430.12
2044,637.770079441276,143540,1435.4
2045,637.854701772576,141148,1411.48
2046,637.939324358074,137600,1376
2047,638.023947198017,135876,1358.76
