Scan Date:,2025-05-26 15:42:18Z
Integration Time:,1000
Number of Averages:,100

Pixel Number,Wavelength (nm),Sum Spectrum,Averaged Spectrum
0,464.9839,63955,639.55
1,465.068515076491,63150,631.5
2,465.153129906126,63410,634.1
3,465.237744489151,63422,634.22
4,465.322358825812,63265,632.65
5,465.406972916352,63343,633.43
6,465.491586761018,63307,633.07
7,465.576200360054,63219,632.19
8,465.660813713705,63060,630.6
9,465.745426822218,62889,628.89
10,465.830039685836,63264,632.64
11,465.914652304805,63429,634.29
12,465.99926467937,63543,635.43
13,466.083876809776,63710,637.1
14,466.168488696269,63745,637.45
15,466.253100339093,195443,1954.43
16,466.337711738494,233121,2331.21
17,466.422322894716,163321,1633.21
18,466.506933808006,121837,1218.37
19,466.591544478607,98152,981.52
20,466.676154906766,84497,844.97
21,466.760765092726,76728,767.28
22,466.845375036735,75433,754.33
23,466.929984739036,74330,743.3
24,467.014594199874,71858,718.58
25,467.099203419495,70171,701.71
26,467.183812398145,68778,687.78
27,467.268421136067,68053,680.53
28,467.353029633508,96073,960.73
29,467.437637890711,105638,1056.38
30,467.522245907924,93982,939.82
31,467.60685368539,84391,843.91
32,467.691461223355,76757,767.57
33,467.776068522063,72795,727.95
34,467.860675581761,70228,702.28
35,467.945282402693,73043,730.43
36,468.029888985104,79232,792.32
37,468.11449532924,78240,782.4
38,468.199101435345,76565,765.65
39,468.283707303665,74351,743.51
40,468.368312934445,70957,709.57
41,468.45291832793,72392,723.92
42,468.537523484364,75044,750.44
43,468.622128403994,97277,972.77
44,468.706733087065,107474,1074.74
45,468.791337533821,95027,950.27
46,468.875941744507,82939,829.39
47,468.96054571937,76389,763.89
48,469.045149458653,72872,728.72
49,469.129752962602,70583,705.83
50,469.214356231462,68823,688.23
51,469.298959265479,67885,678.85
52,469.383562064897,67536,675.36
53,469.468164629962,67586,675.86
54,469.552766960919,70441,704.41
55,469.637369058012,74378,743.78
56,469.721970921487,73485,734.85
57,469.80657255159,71213,712.13
58,469.891173948565,72657,726.57
59,469.975775112657,72091,720.91
60,470.060376044111,69453,694.53
61,470.144976743173,68164,681.64
62,470.229577210088,70982,709.82
63,470.314177445101,71679,716.79
64,470.398777448457,73138,731.38
65,470.483377220402,95510,955.1
66,470.567976761179,101978,1019.78
67,470.652576071035,91222,912.22
68,470.737175150215,82060,820.6
69,470.821773998963,75747,757.47
70,470.906372617525,75221,752.21
71,470.990971006146,73625,736.25
72,471.075569165072,102891,1028.91
73,471.160167094546,110834,1108.34
74,471.244764794815,96309,963.09
75,471.329362266123,86313,863.13
76,471.413959508717,81382,813.82
77,471.498556522839,83815,838.15
78,471.583153308737,84637,846.37
79,471.667749866655,81414,814.14
80,471.752346196838,80403,804.03
81,471.836942299532,80414,804.14
82,471.921538174981,83824,838.24
83,472.00613382343,81818,818.18
84,472.090729245126,75917,759.17
85,472.175324440312,72119,721.19
86,472.259919409234,72988,729.88
87,472.344514152137,72255,722.55
88,472.429108669267,69657,696.57
89,472.513702960868,69248,692.48
90,472.598297027185,70933,709.33
91,472.682890868465,70707,707.07
92,472.767484484951,68639,686.39
93,472.852077876889,67182,671.82
94,472.936671044524,70052,700.52
95,473.021263988101,71054,710.54
96,473.105856707865,69611,696.11
97,473.190449204062,74102,741.02
98,473.275041476937,89179,891.79
99,473.359633526735,95669,956.69
100,473.4442253537,87483,874.83
101,473.528816958078,81703,817.03
102,473.613408340115,80357,803.57
103,473.697999500055,76531,765.31
104,473.782590438143,72587,725.87
105,473.867181154625,70838,708.38
106,473.951771649745,73441,734.41
107,474.03636192375,73048,730.48
108,474.120951976883,70630,706.3
109,474.20554180939,69384,693.84
110,474.290131421517,68432,684.32
111,474.374720813508,71580,715.8
112,474.459309985608,71969,719.69
113,474.543898938063,69657,696.57
114,474.628487671118,68564,685.64
115,474.713076185018,67948,679.48
116,474.797664480008,71337,713.37
117,474.882252556332,101365,1013.65
118,474.966840414238,110110,1101.1
119,475.051428053968,127180,1271.8
120,475.13601547577,125095,1250.95
121,475.220602679887,100622,1006.22
122,475.305189666564,85590,855.9
123,475.389776436048,77165,771.65
124,475.474362988583,72549,725.49
125,475.558949324414,69739,697.39
126,475.643535443787,68317,683.17
127,475.728121346946,67626,676.26
128,475.812707034136,66975,669.75
129,475.897292505604,89636,896.36
130,475.981877761593,100701,1007.01
131,476.066462802349,92621,926.21
132,476.151047628118,86288,862.88
133,476.235632239144,79622,796.22
134,476.320216635672,73797,737.97
135,476.404800817948,74049,740.49
136,476.489384786216,73466,734.66
137,476.573968540723,75150,751.5
138,476.658552081712,94140,941.4
139,476.74313540943,96400,964
140,476.827718524121,84580,845.8
141,476.91230142603,76993,769.93
142,476.996884115403,75536,755.36
143,477.081466592484,74031,740.31
144,477.166048857519,70636,706.36
145,477.250630910753,72334,723.34
146,477.335212752432,72662,726.62
147,477.419794382799,70212,702.12
148,477.504375802101,71850,718.5
149,477.588957010582,72265,722.65
150,477.673538008487,70061,700.61
151,477.758118796063,110713,1107.13
152,477.842699373553,121654,1216.54
153,477.927279741204,98465,984.65
154,478.011859899259,84415,844.15
155,478.096439847965,76223,762.23
156,478.181019587566,72387,723.87
157,478.265599118308,70824,708.24
158,478.350178440435,69245,692.45
159,478.434757554193,68504,685.04
160,478.519336459827,79960,799.6
161,478.603915157582,82672,826.72
162,478.688493647704,75607,756.07
163,478.773071930436,131242,1312.42
164,478.857650006026,145782,1457.82
165,478.942227874716,113612,1136.12
166,479.026805536754,105339,1053.39
167,479.111382992383,98995,989.95
168,479.19596024185,89845,898.45
169,479.280537285398,82376,823.76
170,479.365114123274,75570,755.7
171,479.449690755722,71415,714.15
172,479.534267182988,68817,688.17
173,479.618843405317,67343,673.43
174,479.703419422953,70118,701.18
175,479.787995236142,74842,748.42
176,479.87257084513,74097,740.97
177,479.95714625016,70989,709.89
178,480.041721451479,69105,691.05
179,480.126296449331,68430,684.3
180,480.210871243962,70717,707.17
181,480.295445835617,71092,710.92
182,480.380020224541,72220,722.2
183,480.464594410979,72168,721.68
184,480.549168395175,73324,733.24
185,480.633742177377,73022,730.22
186,480.718315757827,70271,702.71
187,480.802889136772,68778,687.78
188,480.887462314457,68038,680.38
189,480.972035291127,67286,672.86
190,481.056608067026,70442,704.42
191,481.141180642401,83283,832.83
192,481.225753017496,84275,842.75
193,481.310325192556,76353,763.53
194,481.394897167827,74857,748.57
195,481.479468943554,73398,733.98
196,481.564040519981,70691,706.91
197,481.648611897354,69055,690.55
198,481.733183075918,67885,678.85
199,481.817754055918,70470,704.7
200,481.9023248376,70865,708.65
201,481.986895421208,71471,714.71
202,482.071465806988,105108,1051.08
203,482.156035995184,112834,1128.34
204,482.240605986042,97025,970.25
205,482.325175779807,86277,862.77
206,482.409745376725,78012,780.12
207,482.494314777039,72953,729.53
208,482.578883980996,69936,699.36
209,482.663452988841,68656,686.56
210,482.748021800818,67845,678.45
211,482.832590417173,67245,672.45
212,482.91715883815,70475,704.75
213,483.001727063996,74151,741.51
214,483.086295094955,73332,733.32
215,483.170862931273,70905,709.05
216,483.255430573193,69906,699.06
217,483.339998020963,72262,722.62
218,483.424565274826,72795,727.95
219,483.509132335028,70609,706.09
220,483.593699201814,68888,688.88
221,483.678265875429,70922,709.22
222,483.762832356118,71107,711.07
223,483.847398644127,68738,687.38
224,483.9319647397,70654,706.54
225,484.016530643083,81723,817.23
226,484.101096354521,83175,831.75
227,484.185661874258,76904,769.04
228,484.270227202541,72558,725.58
229,484.354792339614,69952,699.52
230,484.439357285722,68859,688.59
231,484.523922041111,71287,712.87
232,484.608486606025,74406,744.06
233,484.69305098071,73217,732.17
234,484.777615165411,72416,724.16
235,484.862179160373,74713,747.13
236,484.946742965841,73814,738.14
237,485.03130658206,73569,735.69
238,485.115870009276,75866,758.66
239,485.200433247733,74469,744.69
240,485.284996297677,71582,715.82
241,485.369559159353,93865,938.65
242,485.454121833005,102439,1024.39
243,485.53868431888,89587,895.87
244,485.623246617222,81042,810.42
245,485.707808728276,75765,757.65
246,485.792370652288,71781,717.81
247,485.876932389502,72461,724.61
248,485.961493940164,72162,721.62
249,486.046055304519,69667,696.67
250,486.130616482813,69071,690.71
251,486.215177475289,69256,692.56
252,486.299738282193,75011,750.11
253,486.384298903771,76360,763.6
254,486.468859340268,72333,723.33
255,486.553419591928,69450,694.5
256,486.637979658997,68552,685.52
257,486.722539541719,68148,681.48
258,486.807099240341,70260,702.6
259,486.891658755108,70717,707.17
260,486.976218086263,68762,687.62
261,487.060777234053,67627,676.27
262,487.145336198723,67006,670.06
263,487.229894980517,66404,664.04
264,487.314453579682,66905,669.05
265,487.399011996461,67089,670.89
266,487.483570231101,66546,665.46
267,487.568128283845,66393,663.93
268,487.652686154941,66236,662.36
269,487.737243844632,66385,663.85
270,487.821801353163,70286,702.86
271,487.906358680781,71303,713.03
272,487.990915827729,69041,690.41
273,488.075472794253,67908,679.08
274,488.160029580599,72076,720.76
275,488.244586187011,73050,730.5
276,488.329142613735,70756,707.56
277,488.413698861015,75509,755.09
278,488.498254929097,76262,762.62
279,488.582810818225,75842,758.42
280,488.667366528646,75480,754.8
281,488.751922060605,72162,721.62
282,488.836477414345,70001,700.01
283,488.921032590113,69081,690.81
284,489.005587588153,70247,702.47
285,489.090142408711,98149,981.49
286,489.174697052032,107897,1078.97
287,489.259251518361,96065,960.65
288,489.343805807943,85601,856.01
289,489.428359921024,77242,772.42
290,489.512913857847,72146,721.46
291,489.597467618659,69934,699.34
292,489.682021203705,80182,801.82
293,489.76657461323,82610,826.1
294,489.851127847479,75835,758.35
295,489.935680906696,73536,735.36
296,490.020233791128,71837,718.37
297,490.104786501019,69253,692.53
298,490.189339036615,71202,712.02
299,490.27389139816,71448,714.48
300,490.3584435859,69400,694
301,490.44299560008,68228,682.28
302,490.527547440945,67265,672.65
303,490.612099108739,66559,665.59
304,490.69665060371,65846,658.46
305,490.7812019261,66049,660.49
306,490.865753076156,69381,693.81
307,490.950304054123,70633,706.33
308,491.034854860246,69325,693.25
309,491.119405494769,68434,684.34
310,491.203955957939,67791,677.91
311,491.288506249999,67641,676.41
312,491.373056371197,67359,673.59
313,491.457606321775,70806,708.06
314,491.54215610198,72606,726.06
315,491.626705712057,70564,705.64
316,491.711255152251,68584,685.84
317,491.795804422807,67393,673.93
318,491.88035352397,66710,667.1
319,491.964902455985,66939,669.39
320,492.049451219098,70362,703.62
321,492.133999813553,70615,706.15
322,492.218548239596,68686,686.86
323,492.303096497471,70792,707.92
324,492.387644587425,73404,734.04
325,492.472192509702,75272,752.72
326,492.556740264546,82063,820.63
327,492.641287852205,81184,811.84
328,492.725835272921,74545,745.45
329,492.810382526942,71612,716.12
330,492.894929614511,79818,798.18
331,492.979476535874,80857,808.57
332,493.064023291276,74889,748.89
333,493.148569880962,73587,735.87
334,493.233116305178,71952,719.52
335,493.317662564167,69176,691.76
336,493.402208658177,68698,686.98
337,493.486754587451,68234,682.34
338,493.571300352235,67420,674.2
339,493.655845952774,66959,669.59
340,493.740391389313,69962,699.62
341,493.824936662097,70692,706.92
342,493.909481771372,71042,710.42
343,493.994026717382,70540,705.4
344,494.078571500372,68814,688.14
345,494.163116120589,67895,678.95
346,494.247660578276,67347,673.47
347,494.33220487368,94110,941.1
348,494.416749007044,101777,1017.77
349,494.501292978615,87704,877.04
350,494.585836788637,78849,788.49
351,494.670380437356,73856,738.56
352,494.754923925017,71538,715.38
353,494.839467251864,73134,731.34
354,494.924010418144,72438,724.38
355,495.0085534241,69735,697.35
356,495.093096269979,82906,829.06
357,495.177638956025,86164,861.64
358,495.262181482484,81027,810.27
359,495.3467238496,79782,797.82
360,495.431266057619,75816,758.16
361,495.515808106786,75371,753.71
362,495.600349997346,74146,741.46
363,495.684891729544,70751,707.51
364,495.769433303626,69906,699.06
365,495.853974719836,69167,691.67
366,495.938515978419,67753,677.53
367,496.023057079622,67061,670.61
368,496.107598023688,66977,669.77
369,496.192138810863,70217,702.17
370,496.276679441392,70620,706.2
371,496.361219915521,70306,703.06
372,496.445760233493,99868,998.68
373,496.530300395556,107136,1071.36
374,496.614840401953,90335,903.35
375,496.69938025293,85191,851.91
376,496.783919948731,81082,810.82
377,496.868459489603,78246,782.46
378,496.95299887579,75410,754.1
379,497.037538107538,78740,787.4
380,497.12207718509,78300,783
381,497.206616108694,76310,763.1
382,497.291154878593,74267,742.67
383,497.375693495033,71228,712.28
384,497.460231958259,69091,690.91
385,497.544770268516,67973,679.73
386,497.629308426049,67681,676.81
387,497.713846431104,67148,671.48
388,497.798384283926,69708,697.08
389,497.882921984759,70339,703.39
390,497.967459533848,68916,689.16
391,498.05199693144,71137,711.37
392,498.136534177779,75051,750.51
393,498.22107127311,74195,741.95
394,498.305608217678,70791,707.91
395,498.390145011729,69022,690.22
396,498.474681655507,68078,680.78
397,498.559218149259,67571,675.71
398,498.643754493228,67556,675.56
399,498.72829068766,67227,672.27
400,498.8128267328,66622,666.22
401,498.897362628894,66523,665.23
402,498.981898376185,66510,665.1
403,499.066433974921,66766,667.66
404,499.150969425345,70493,704.93
405,499.235504727703,85631,856.31
406,499.32003988224,87418,874.18
407,499.404574889201,81456,814.56
408,499.489109748831,77747,777.47
409,499.573644461376,73500,735
410,499.65817902708,70355,703.55
411,499.742713446188,68844,688.44
412,499.827247718947,68078,680.78
413,499.9117818456,67693,676.93
414,499.996315826393,67137,671.37
415,500.080849661572,66786,667.86
416,500.165383351381,67035,670.35
417,500.249916896065,66896,668.96
418,500.33445029587,66991,669.91
419,500.41898355104,84499,844.99
420,500.503516661822,89472,894.72
421,500.588049628459,79696,796.96
422,500.672582451197,74589,745.89
423,500.757115130282,71901,719.01
424,500.841647665958,70041,700.41
425,500.92618005847,68644,686.44
426,501.010712308064,92164,921.64
427,501.095244414985,101437,1014.37
428,501.179776379478,92081,920.81
429,501.264308201788,83594,835.94
430,501.34883988216,80261,802.61
431,501.433371420839,76520,765.2
432,501.517902818071,72009,720.09
433,501.6024340741,73681,736.81
434,501.686965189172,75876,758.76
435,501.771496163532,73514,735.14
436,501.856026997425,70230,702.3
437,501.940557691096,68409,684.09
438,502.02508824479,67510,675.1
439,502.109618658753,71140,711.4
440,502.194148933229,72037,720.37
441,502.278679068464,69519,695.19
442,502.363209064702,68491,684.91
443,502.44773892219,67930,679.3
444,502.532268641171,70358,703.58
445,502.616798221892,71015,710.15
446,502.701327664597,69678,696.78
447,502.785856969531,68485,684.85
448,502.87038613694,70570,705.7
449,502.954915167069,73902,739.02
450,503.039444060163,72769,727.69
451,503.123972816466,70083,700.83
452,503.208501436225,72155,721.55
453,503.293029919684,72940,729.4
454,503.377558267088,74188,741.88
455,503.462086478683,77106,771.06
456,503.546614554714,79192,791.92
457,503.631142495425,76675,766.75
458,503.715670301062,72089,720.89
459,503.800197971871,69354,693.54
460,503.884725508095,68113,681.13
461,503.969252909981,70468,704.68
462,504.053780177773,74257,742.57
463,504.138307311717,73476,734.76
464,504.222834312058,73878,738.78
465,504.307361179041,73487,734.87
466,504.39188791291,74473,744.73
467,504.476414513912,75361,753.61
468,504.560940982291,88238,882.38
469,504.645467318292,89690,896.9
470,504.729993522161,79698,796.98
471,504.814519594143,76897,768.97
472,504.899045534482,76684,766.84
473,504.983571343424,78438,784.38
474,505.068097021215,79661,796.61
475,505.152622568098,79256,792.56
476,505.23714798432,89389,893.89
477,505.321673270126,89013,890.13
478,505.40619842576,79652,796.52
479,505.490723451468,74294,742.94
480,505.575248347494,74112,741.12
481,505.659773114085,73028,730.28
482,505.744297751485,97028,970.28
483,505.828822259939,106109,1061.09
484,505.913346639693,92023,920.23
485,505.997870890991,81502,815.02
486,506.082395014079,75187,751.87
487,506.166919009201,71815,718.15
488,506.251442876604,69462,694.62
489,506.335966616531,71096,710.96
490,506.420490229229,71280,712.8
491,506.505013714942,69867,698.67
492,506.589537073916,69404,694.04
493,506.674060306396,71597,715.97
494,506.758583412626,72395,723.95
495,506.843106392852,70621,706.21
496,506.927629247319,69279,692.79
497,507.012151976272,67960,679.6
498,507.096674579957,70499,704.99
499,507.181197058618,72096,720.96
500,507.2657194125,70402,704.02
501,507.350241641849,96312,963.12
502,507.43476374691,106688,1066.88
503,507.519285727928,92390,923.9
504,507.603807585148,81380,813.8
505,507.688329318816,75356,753.56
506,507.772850929175,74873,748.73
507,507.857372416473,76616,766.16
508,507.941893780953,74585,745.85
509,508.02641502286,71695,716.95
510,508.110936142441,69874,698.74
511,508.195457139939,71629,716.29
512,508.279978015601,71695,716.95
513,508.364498769671,70017,700.17
514,508.449019402395,69069,690.69
515,508.533539914017,68087,680.87
516,508.618060304783,70156,701.56
517,508.702580574937,70574,705.74
518,508.787100724726,69204,692.04
519,508.871620754394,70055,700.55
520,508.956140664186,83889,838.89
521,509.040660454347,90918,909.18
522,509.125180125123,98030,980.3
523,509.209699676758,94920,949.2
524,509.294219109499,101356,1013.56
525,509.378738423589,99686,996.86
526,509.463257619274,89640,896.4
527,509.5477766968,82247,822.47
528,509.632295656411,75515,755.15
529,509.716814498352,71765,717.65
530,509.801333222869,69403,694.03
531,509.885851830207,68042,680.42
532,509.97037032061,67808,678.08
533,510.054888694324,67513,675.13
534,510.139406951595,70723,707.23
535,510.223925092667,71506,715.06
536,510.308443117785,69368,693.68
537,510.392961027195,68828,688.28
538,510.477478821141,71642,716.42
539,510.56199649987,75021,750.21
540,510.646514063625,77402,774.02
541,510.731031512652,79116,791.16
542,510.815548847197,76382,763.82
543,510.900066067503,72734,727.34
544,510.984583173818,70616,706.16
545,511.069100166384,72027,720.27
546,511.153617045449,71721,717.21
547,511.238133811256,72836,728.36
548,511.322650464052,72758,727.58
549,511.407167004081,70136,701.36
550,511.491683431587,75226,752.26
551,511.576199746818,76434,764.34
552,511.660715950017,75846,758.46
553,511.745232041429,74523,745.23
554,511.829748021301,71370,713.7
555,511.914263889876,69964,699.64
556,511.9987796474,70016,700.16
557,512.083295294119,69415,694.15
558,512.167810830277,68953,689.53
559,512.252326256119,70915,709.15
560,512.336841571891,73839,738.39
561,512.421356777838,87046,870.46
562,512.505871874205,88717,887.17
563,512.590386861236,83316,833.16
564,512.674901739178,78704,787.04
565,512.759416508275,74184,741.84
566,512.843931168773,71594,715.94
567,512.928445720916,73159,731.59
568,513.01296016495,76300,763
569,513.097474501119,74927,749.27
570,513.18198872967,72048,720.48
571,513.266502850847,70505,705.05
572,513.351016864895,73089,730.89
573,513.435530772059,73609,736.09
574,513.520044572585,71127,711.27
575,513.604558266717,69585,695.85
576,513.689071854701,75360,753.6
577,513.773585336782,78669,786.69
578,513.858098713206,79160,791.6
579,513.942611984216,80404,804.04
580,514.027125150058,83279,832.79
581,514.111638210978,84717,847.17
582,514.196151167221,80594,805.94
583,514.280664019031,75285,752.85
584,514.365176766654,72484,724.84
585,514.449689410336,73558,735.58
586,514.53420195032,76253,762.53
587,514.618714386852,75056,750.56
588,514.703226720178,72162,721.62
589,514.787738950542,70604,706.04
590,514.87225107819,69608,696.08
591,514.956763103367,68764,687.64
592,515.041275026318,68286,682.86
593,515.125786847287,75399,753.99
594,515.210298566521,77247,772.47
595,515.294810184265,73313,733.13
596,515.379321700762,71680,716.8
597,515.463833116259,71022,710.22
598,515.548344431001,69821,698.21
599,515.632855645233,72608,726.08
600,515.7173667592,73383,733.83
601,515.801877773147,72856,728.56
602,515.886388687319,75269,752.69
603,515.970899501962,74352,743.52
604,516.05541021732,71432,714.32
605,516.139920833639,69996,699.96
606,516.224431351163,69391,693.91
607,516.308941770138,69296,692.96
608,516.39345209081,68797,687.97
609,516.477962313423,68335,683.35
610,516.562472438222,71148,711.48
611,516.646982465452,75308,753.08
612,516.731492395359,79632,796.32
613,516.816002228188,78937,789.37
614,516.900511964184,74920,749.2
615,516.985021603591,78767,787.67
616,517.069531146656,85387,853.87
617,517.154040593623,92739,927.39
618,517.238549944738,89698,896.98
619,517.323059200245,84009,840.09
620,517.40756836039,79986,799.86
621,517.492077425417,75749,757.49
622,517.576586395573,72976,729.76
623,517.661095271101,98229,982.29
624,517.745604052248,104845,1048.45
625,517.830112739258,89453,894.53
626,517.914621332376,87388,873.88
627,517.999129831848,84677,846.77
628,518.083638237919,78525,785.25
629,518.168146550834,74791,747.91
630,518.252654770838,72336,723.36
631,518.337162898176,71071,710.71
632,518.421670933093,70300,703
633,518.506178875835,69920,699.2
634,518.590686726646,69751,697.51
635,518.675194485772,70408,704.08
636,518.759702153457,73721,737.21
637,518.844209729948,74449,744.49
638,518.928717215489,72942,729.42
639,519.013224610325,74821,748.21
640,519.097731914701,75768,757.68
641,519.182239128863,74035,740.35
642,519.266746253055,72465,724.65
643,519.351253287523,71737,717.37
644,519.435760232512,71204,712.04
645,519.520267088267,71049,710.49
646,519.604773855033,70875,708.75
647,519.689280533056,70700,707
648,519.77378712258,70588,705.88
649,519.85829362385,70185,701.85
650,519.942800037113,73639,736.39
651,520.027306362612,74689,746.89
652,520.111812600593,72769,727.69
653,520.196318751301,71677,716.77
654,520.280824814981,71191,711.91
655,520.365330791879,70705,707.05
656,520.449836682239,70921,709.21
657,520.534342486307,71328,713.28
658,520.618848204327,71358,713.58
659,520.703353836546,74242,742.42
660,520.787859383207,74914,749.14
661,520.872364844557,79335,793.35
662,520.95687022084,97457,974.57
663,521.041375512301,98854,988.54
664,521.125880719186,87381,873.81
665,521.21038584174,80577,805.77
666,521.294890880208,88843,888.43
667,521.379395834834,89840,898.4
668,521.463900705865,84999,849.99
669,521.548405493545,81496,814.96
670,521.632910198119,77535,775.35
671,521.717414819833,75366,753.66
672,521.801919358931,73992,739.92
673,521.88642381566,72862,728.62
674,521.970928190263,75739,757.39
675,522.055432482986,192303,1923.03
676,522.139936694074,222568,2225.68
677,522.224440823773,162374,1623.74
678,522.308944872327,126245,1262.45
679,522.393448839982,103777,1037.77
680,522.477952726982,93789,937.89
681,522.562456533574,102866,1028.66
682,522.646960260001,101050,1010.5
683,522.731463906509,92843,928.43
684,522.815967473344,89929,899.29
685,522.90047096075,84533,845.33
686,522.984974368973,79149,791.49
687,523.069477698257,76137,761.37
688,523.153980948848,74766,747.66
689,523.238484120991,73980,739.8
690,523.322987214931,73850,738.5
691,523.407490230914,77058,770.58
692,523.491993169183,81446,814.46
693,523.576496029985,113172,1131.72
694,523.660998813565,119348,1193.48
695,523.745501520167,127384,1273.84
696,523.830004150038,123745,1237.45
697,523.914506703421,102898,1028.98
698,523.999009180562,90599,905.99
699,524.083511581707,83139,831.39
700,524.1680139071,78891,788.91
701,524.252516156987,76601,766.01
702,524.337018331612,75297,752.97
703,524.421520431221,77914,779.14
704,524.506022456059,79065,790.65
705,524.590524406371,77467,774.67
706,524.675026282403,95301,953.01
707,524.759528084398,100507,1005.07
708,524.844029812603,89904,899.04
709,524.928531467263,83203,832.03
710,525.013033048623,95323,953.23
711,525.097534556927,98256,982.56
712,525.182035992421,89027,890.27
713,525.266537355351,83146,831.46
714,525.351038645961,79866,798.66
715,525.435539864496,81708,817.08
716,525.520041011202,81581,815.81
717,525.604542086324,79469,794.69
718,525.689043090106,85710,857.1
719,525.773544022794,86676,866.76
720,525.858044884634,86058,860.58
721,525.942545675869,84823,848.23
722,526.027046396746,80996,809.96
723,526.11154704751,78974,789.74
724,526.196047628405,78524,785.24
725,526.280548139677,81638,816.38
726,526.36504858157,82142,821.42
727,526.449548954331,80017,800.17
728,526.534049258204,79239,792.39
729,526.618549493434,81847,818.47
730,526.703049660267,82208,822.08
731,526.787549758947,80366,803.66
732,526.87204978972,81978,819.78
733,526.956549752831,82556,825.56
734,527.041049648525,80928,809.28
735,527.125549477046,80101,801.01
736,527.210049238641,96296,962.96
737,527.294548933555,102498,1024.98
738,527.379048562032,94144,941.44
739,527.463548124317,87786,877.86
740,527.548047620657,84997,849.97
741,527.632547051295,83304,833.04
742,527.717046416477,82421,824.21
743,527.801545716449,86630,866.3
744,527.886044951455,87430,874.3
745,527.97054412174,92717,927.17
746,528.05504322755,92897,928.97
747,528.139542269129,87725,877.25
748,528.224041246724,86808,868.08
749,528.308540160578,88317,883.17
750,528.393039010938,87397,873.97
751,528.477537798047,84722,847.22
752,528.562036522152,85766,857.66
753,528.646535183498,88492,884.92
754,528.731033782329,90263,902.63
755,528.815532318891,88278,882.78
756,528.900030793429,85711,857.11
757,528.984529206188,84225,842.25
758,529.069027557414,83143,831.43
759,529.15352584735,82628,826.28
760,529.238024076243,82349,823.49
761,529.322522244338,82532,825.32
762,529.407020351879,83110,831.1
763,529.491518399112,83725,837.25
764,529.576016386283,83842,838.42
765,529.660514313635,83416,834.16
766,529.745012181415,83195,831.95
767,529.829509989866,83011,830.11
768,529.914007739236,82960,829.6
769,529.998505429768,86225,862.25
770,530.083003061708,87284,872.84
771,530.167500635301,85992,859.92
772,530.251998150792,85388,853.88
773,530.336495608426,85597,855.97
774,530.420993008449,88485,884.85
775,530.505490351105,92317,923.17
776,530.589987636639,94593,945.93
777,530.674484865298,95732,957.32
778,530.758982037325,93475,934.75
779,530.843479152966,89926,899.26
780,530.927976212466,87881,878.81
781,531.012473216071,87572,875.72
782,531.096970164025,133756,1337.56
783,531.181467056574,149450,1494.5
784,531.265963893962,125366,1253.66
785,531.350460676435,109070,1090.7
786,531.434957404238,99832,998.32
787,531.519454077616,94641,946.41
788,531.603950696814,93970,939.7
789,531.688447262078,93731,937.31
790,531.772943773652,92083,920.83
791,531.857440231782,90599,905.99
792,531.941936636713,89388,893.88
793,532.026432988689,91567,915.67
794,532.110929287956,91738,917.38
795,532.19542553476,92402,924.02
796,532.279921729345,91754,917.54
797,532.364417871956,88507,885.07
798,532.448913962839,85567,855.67
799,532.533410002239,83561,835.61
800,532.6179059904,82109,821.09
801,532.702401927568,80700,807
802,532.786897813989,79197,791.97
803,532.871393649906,84090,840.9
804,532.955889435567,87888,878.88
805,533.040385171214,84710,847.1
806,533.124880857094,106742,1067.42
807,533.209376493452,110743,1107.43
808,533.293872080533,94400,944
809,533.378367618582,84231,842.31
810,533.462863107844,98911,989.11
811,533.547358548564,100732,1007.32
812,533.631853940988,89923,899.23
813,533.71634928536,82806,828.06
814,533.800844581926,86686,866.86
815,533.885339830931,85196,851.96
816,533.96983503262,77694,776.94
817,534.054330187238,73272,732.72
818,534.13882529503,73302,733.02
819,534.223320356242,72383,723.83
820,534.307815371118,69838,698.38
821,534.392310339903,68282,682.82
822,534.476805262844,67365,673.65
823,534.561300140184,67062,670.62
824,534.64579497217,73092,730.92
825,534.730289759045,74185,741.85
826,534.814784501056,73811,738.11
827,534.899279198448,73221,732.21
828,534.983773851465,70467,704.67
829,535.068268460352,71457,714.57
830,535.152763025356,80167,801.67
831,535.23725754672,97856,978.56
832,535.321752024691,97807,978.07
833,535.406246459513,85409,854.09
834,535.490740851431,76860,768.6
835,535.575235200691,72116,721.16
836,535.659729507538,69846,698.46
837,535.744223772216,445843,4458.43
838,535.828717994971,552578,5525.78
839,535.913212176048,349109,3491.09
840,535.997706315693,228024,2280.24
841,536.08220041415,167774,1677.74
842,536.166694471664,130811,1308.11
843,536.251188488481,103904,1039.04
844,536.335682464845,88127,881.27
845,536.420176401003,79339,793.39
846,536.504670297198,74163,741.63
847,536.589164153677,70797,707.97
848,536.673657970684,69084,690.84
849,536.758151748464,69205,692.05
850,536.842645487263,68813,688.13
851,536.927139187325,67816,678.16
852,537.011632848896,70270,702.7
853,537.096126472221,71528,715.28
854,537.180620057546,74107,741.07
855,537.265113605114,76551,765.51
856,537.349607115172,74199,741.99
857,537.434100587964,71943,719.43
858,537.518594023736,70231,702.31
859,537.603087422733,68730,687.3
860,537.687580785199,68454,684.54
861,537.772074111381,71144,711.44
862,537.856567401522,81251,812.51
863,537.941060655869,92539,925.39
864,538.025553874667,89089,890.89
865,538.11004705816,80848,808.48
866,538.194540206593,78025,780.25
867,538.279033320213,80060,800.6
868,538.363526399263,88117,881.17
869,538.44801944399,100841,1008.41
870,538.532512454637,114478,1144.78
871,538.617005431451,128449,1284.49
872,538.701498374677,136450,1364.5
873,538.785991284559,137593,1375.93
874,538.870484161343,133530,1335.3
875,538.954977005273,129226,1292.26
876,539.039469816596,121952,1219.52
877,539.123962595556,113340,1133.4
878,539.208455342398,113017,1130.17
879,539.292948057368,112790,1127.9
880,539.37744074071,106502,1065.02
881,539.46193339267,103765,1037.65
882,539.546426013493,103950,1039.5
883,539.630918603424,105913,1059.13
884,539.715411162708,102580,1025.8
885,539.79990369159,98735,987.35
886,539.884396190315,94778,947.78
887,539.968888659129,113563,1135.63
888,540.053381098277,121416,1214.16
889,540.137873508003,107068,1070.68
890,540.222365888553,93867,938.67
891,540.306858240173,85327,853.27
892,540.391350563106,79206,792.06
893,540.475842857599,81146,811.46
894,540.560335123896,79799,797.99
895,540.644827362243,77327,773.27
896,540.729319572884,78422,784.22
897,540.813811756066,75820,758.2
898,540.898303912032,71882,718.82
899,540.982796041028,69465,694.65
900,541.0672881433,67821,678.21
901,541.151780219092,67487,674.87
902,541.23627226865,67160,671.6
903,541.320764292218,66573,665.73
904,541.405256290042,66847,668.47
905,541.489748262367,69185,691.85
906,541.574240209438,73726,737.26
907,541.6587321315,73553,735.53
908,541.743224028798,73795,737.95
909,541.827715901578,72813,728.13
910,541.912207750085,69791,697.91
911,541.996699574563,68806,688.06
912,542.081191375258,68551,685.51
913,542.165683152415,71511,715.11
914,542.250174906279,71909,719.09
915,542.334666637096,69607,696.07
916,542.41915834511,68364,683.64
917,542.503650030566,87612,876.12
918,542.58814169371,95742,957.42
919,542.672633334787,92156,921.56
920,542.757124954042,86032,860.32
921,542.841616551719,77948,779.48
922,542.926108128065,76317,763.17
923,543.010599683325,74806,748.06
924,543.095091217743,72322,723.22
925,543.179582731564,96109,961.09
926,543.264074225034,102327,1023.27
927,543.348565698398,88843,888.43
928,543.433057151901,81862,818.62
929,543.517548585789,79435,794.35
930,543.602040000305,85990,859.9
931,543.686531395696,93282,932.82
932,543.771022772206,94515,945.15
933,543.855514130081,98679,986.79
934,543.940005469566,105248,1052.48
935,544.024496790906,107793,1077.93
936,544.108988094346,115494,1154.94
937,544.193479380131,121996,1219.96
938,544.277970648506,121688,1216.88
939,544.362461899717,120920,1209.2
940,544.446953134009,125158,1251.58
941,544.531444351626,127828,1278.28
942,544.615935552814,129864,1298.64
943,544.700426737818,132579,1325.79
944,544.784917906884,133821,1338.21
945,544.869409060255,137755,1377.55
946,544.953900198178,139855,1398.55
947,545.038391320898,138920,1389.2
948,545.122882428659,138626,1386.26
949,545.207373521708,138775,1387.75
950,545.291864600288,139189,1391.89
951,545.376355664645,139982,1399.82
952,545.460846715024,170096,1700.96
953,545.545337751671,179177,1791.77
954,545.62982877483,164362,1643.62
955,545.714319784747,158520,1585.2
956,545.798810781666,157643,1576.43
957,545.883301765834,154094,1540.94
958,545.967792737495,152773,1527.73
959,546.052283696893,151193,1511.93
960,546.136774644275,150627,1506.27
961,546.221265579886,148943,1489.43
962,546.30575650397,145930,1459.3
963,546.390247416772,144105,1441.05
964,546.474738318539,142738,1427.38
965,546.559229209514,142382,1423.82
966,546.643720089944,142211,1422.11
967,546.728210960073,141881,1418.81
968,546.812701820146,144155,1441.55
969,546.897192670409,149681,1496.81
970,546.981683511106,150700,1507
971,547.066174342483,147959,1479.59
972,547.150665164785,147983,1479.83
973,547.235155978257,150861,1508.61
974,547.319646783145,150595,1505.95
975,547.404137579692,149248,1492.48
976,547.488628368145,148258,1482.58
977,547.573119148749,147135,1471.35
978,547.657609921748,146904,1469.04
979,547.742100687388,149903,1499.03
980,547.826591445914,151353,1513.53
981,547.911082197572,150194,1501.94
982,547.995572942605,149467,1494.67
983,548.08006368126,148286,1482.86
984,548.164554413782,147340,1473.4
985,548.249045140415,146799,1467.99
986,548.333535861404,146971,1469.71
987,548.418026576996,162505,1625.05
988,548.502517287435,166838,1668.38
989,548.587007992966,159361,1593.61
990,548.671498693834,155139,1551.39
991,548.755989390285,157884,1578.84
992,548.840480082563,160995,1609.95
993,548.924970770915,158362,1583.62
994,549.009461455584,155360,1553.6
995,549.093952136815,156147,1561.47
996,549.178442814856,155324,1553.24
997,549.262933489949,152961,1529.61
998,549.347424162341,158584,1585.84
999,549.431914832276,159986,1599.86
1000,549.5164055,155864,1558.64
1001,549.600896165758,155381,1553.81
1002,549.685386829794,154672,1546.72
1003,549.769877492355,152996,1529.96
1004,549.854368153685,152700,1527
1005,549.938858814029,168658,1686.58
1006,550.023349473633,175676,1756.76
1007,550.107840132742,170821,1708.21
1008,550.1923307916,165006,1650.06
1009,550.276821450453,159286,1592.86
1010,550.361312109546,156244,1562.44
1011,550.445802769124,157952,1579.52
1012,550.530293429432,158442,1584.42
1013,550.614784090716,155972,1559.72
1014,550.69927475322,154520,1545.2
1015,550.78376541719,153987,1539.87
1016,550.868256082871,153589,1535.89
1017,550.952746750508,153973,1539.73
1018,551.037237420346,156942,1569.42
1019,551.12172809263,158194,1581.94
1020,551.206218767606,156962,1569.62
1021,551.290709445518,156150,1561.5
1022,551.375200126611,155221,1552.21
1023,551.459690811131,158304,1583.04
1024,551.544181499323,158906,1589.06
1025,551.628672191433,156929,1569.29
1026,551.713162887704,155539,1555.39
1027,551.797653588383,154703,1547.03
1028,551.882144293714,154517,1545.17
1029,551.966635003943,154560,1545.6
1030,552.051125719314,158103,1581.03
1031,552.135616440073,164591,1645.91
1032,552.220107166465,164367,1643.67
1033,552.304597898735,162896,1628.96
1034,552.389088637129,161665,1616.65
1035,552.473579381891,178701,1787.01
1036,552.558070133266,182543,1825.43
1037,552.6425608915,171905,1719.05
1038,552.727051656838,165599,1655.99
1039,552.811542429524,185163,1851.63
1040,552.896033209805,189565,1895.65
1041,552.980523997925,179351,1793.51
1042,553.065014794129,171962,1719.62
1043,553.149505598662,166039,1660.39
1044,553.23399641177,163032,1630.32
1045,553.318487233698,164377,1643.77
1046,553.402978064691,176394,1763.94
1047,553.487468904993,187458,1874.58
1048,553.571959754851,182246,1822.46
1049,553.656450614509,171753,1717.53
1050,553.740941484213,165712,1657.12
1051,553.825432364206,168506,1685.06
1052,553.909923254736,168390,1683.9
1053,553.994414156046,169909,1699.09
1054,554.078905068382,168871,1688.71
1055,554.16339599199,164407,1644.07
1056,554.247886927113,161981,1619.81
1057,554.332377873998,181268,1812.68
1058,554.416868832889,186479,1864.79
1059,554.501359804032,175019,1750.19
1060,554.585850787671,168276,1682.76
1061,554.670341784053,164554,1645.54
1062,554.754832793421,162594,1625.94
1063,554.839323816021,161324,1613.24
1064,554.923814852099,160463,1604.63
1065,555.008305901899,160545,1605.45
1066,555.092796965667,167084,1670.84
1067,555.177288043647,168754,1687.54
1068,555.261779136085,189394,1893.94
1069,555.346270243226,194463,1944.63
1070,555.430761365315,183853,1838.53
1071,555.515252502597,179145,1791.45
1072,555.599743655318,174447,1744.47
1073,555.684234823722,169817,1698.17
1074,555.768726008055,170036,1700.36
1075,555.853217208561,172103,1721.03
1076,555.937708425486,169564,1695.64
1077,556.022199659075,188187,1881.87
1078,556.106690909574,192915,1929.15
1079,556.191182177226,183715,1837.15
1080,556.275673462278,176908,1769.08
1081,556.360164764975,173747,1737.47
1082,556.444656085561,175688,1756.88
1083,556.529147424282,173507,1735.07
1084,556.613638781383,170177,1701.77
1085,556.698130157109,168474,1684.74
1086,556.782621551706,170177,1701.77
1087,556.867112965417,170086,1700.86
1088,556.951604398489,173158,1731.58
1089,557.036095851167,179489,1794.89
1090,557.120587323695,177195,1771.95
1091,557.20507881632,171424,1714.24
1092,557.289570329285,168205,1682.05
1093,557.374061862836,169750,1697.5
1094,557.458553417219,170805,1708.05
1095,557.543044992678,171549,1715.49
1096,557.627536589459,170842,1708.42
1097,557.712028207806,172145,1721.45
1098,557.796519847966,171573,1715.73
1099,557.881011510182,174790,1747.9
1100,557.9655031947,178355,1783.55
1101,558.049994901765,174882,1748.82
1102,558.134486631623,170207,1702.07
1103,558.218978384519,167361,1673.61
1104,558.303470160697,168707,1687.07
1105,558.387961960402,168683,1686.83
1106,558.472453783881,168528,1685.28
1107,558.556945631378,169111,1691.11
1108,558.641437503137,194849,1948.49
1109,558.725929399405,210090,2100.9
1110,558.810421320427,197777,1977.77
1111,558.894913266447,183692,1836.92
1112,558.97940523771,175830,1758.3
1113,559.063897234463,174636,1746.36
1114,559.14838925695,176353,1763.53
1115,559.232881305415,174324,1743.24
1116,559.317373380105,170384,1703.84
1117,559.401865481264,171409,1714.09
1118,559.486357609138,171363,1713.63
1119,559.570849763971,168986,1689.86
1120,559.65534194601,168233,1682.33
1121,559.739834155498,171288,1712.88
1122,559.824326392681,171625,1716.25
1123,559.908818657804,172115,1721.15
1124,559.993310951113,171377,1713.77
1125,560.077803272852,169153,1691.53
1126,560.162295623266,167869,1678.69
1127,560.246788002602,166825,1668.25
1128,560.331280411103,169340,1693.4
1129,560.415772849015,172700,1727
1130,560.500265316583,175298,1752.98
1131,560.584757814052,179722,1797.22
1132,560.669250341668,177806,1778.06
1133,560.753742899676,172726,1727.26
1134,560.83823548832,173039,1730.39
1135,560.922728107845,172331,1723.31
1136,561.007220758498,170072,1700.72
1137,561.091713440523,169103,1691.03
1138,561.176206154165,168125,1681.25
1139,561.260698899669,168195,1681.95
1140,561.345191677281,168497,1684.97
1141,561.429684487245,168392,1683.92
1142,561.514177329807,168676,1686.76
1143,561.598670205212,168974,1689.74
1144,561.683163113705,170013,1700.13
1145,561.767656055531,170310,1703.1
1146,561.852149030935,172729,1727.29
1147,561.936642040163,176317,1763.17
1148,562.021135083459,175060,1750.6
1149,562.105628161069,171997,1719.97
1150,562.190121273237,173542,1735.42
1151,562.27461442021,173248,1732.48
1152,562.359107602232,180653,1806.53
1153,562.443600819547,181552,1815.52
1154,562.528094072403,178177,1781.77
1155,562.612587361042,183600,1836
1156,562.697080685712,184902,1849.02
1157,562.781574046656,181995,1819.95
1158,562.866067444119,194086,1940.86
1159,562.950560878348,193838,1938.38
1160,563.035054349587,181769,1817.69
1161,563.119547858082,178020,1780.2
1162,563.204041404076,175369,1753.69
1163,563.288534987816,172287,1722.87
1164,563.373028609547,169587,1695.87
1165,563.457522269514,167581,1675.81
1166,563.542015967961,166505,1665.05
1167,563.626509705135,168697,1686.97
1168,563.71100348128,172408,1724.08
1169,563.795497296641,171249,1712.49
1170,563.879991151464,168334,1683.34
1171,563.964485045993,166843,1668.43
1172,564.048978980475,166233,1662.33
1173,564.133472955153,166939,1669.39
1174,564.217966970273,167150,1671.5
1175,564.30246102608,170026,1700.26
1176,564.386955122819,173526,1735.26
1177,564.471449260736,175031,1750.31
1178,564.555943440075,172981,1729.81
1179,564.640437661083,169516,1695.16
1180,564.724931924002,232917,2329.17
1181,564.80942622908,253405,2534.05
1182,564.893920576561,218855,2188.55
1183,564.97841496669,199364,1993.64
1184,565.062909399713,187463,1874.63
1185,565.147403875874,188148,1881.48
1186,565.231898395419,185157,1851.57
1187,565.316392958592,176875,1768.75
1188,565.400887565639,171845,1718.45
1189,565.485382216806,169037,1690.37
1190,565.569876912336,167670,1676.7
1191,565.654371652476,167081,1670.81
1192,565.73886643747,169699,1696.99
1193,565.823361267564,171400,1714
1194,565.907856143003,189432,1894.32
1195,565.992351064031,194443,1944.43
1196,566.076846030894,184312,1843.12
1197,566.161341043838,178111,1781.11
1198,566.245836103106,174316,1743.16
1199,566.330331208945,172343,1723.43
1200,566.4148263616,171697,1716.97
1201,566.499321561315,174417,1744.17
1202,566.583816808336,175142,1751.42
1203,566.668312102908,176702,1767.02
1204,566.752807445276,175956,1759.56
1205,566.837302835685,174748,1747.48
1206,566.92179827438,176240,1762.4
1207,567.006293761607,175976,1759.76
1208,567.090789297611,174508,1745.08
1209,567.175284882636,177696,1776.96
1210,567.259780516928,178325,1783.25
1211,567.344276200732,175151,1751.51
1212,567.428771934293,173688,1736.88
1213,567.513267717856,175645,1756.45
1214,567.597763551667,175309,1753.09
1215,567.68225943597,172808,1728.08
1216,567.766755371011,190259,1902.59
1217,567.851251357034,194854,1948.54
1218,567.935747394286,184081,1840.81
1219,568.020243483011,183370,1833.7
1220,568.104739623454,181037,1810.37
1221,568.18923581586,196357,1963.57
1222,568.273732060474,198719,1987.19
1223,568.358228357543,184841,1848.41
1224,568.442724707309,176532,1765.32
1225,568.52722111002,172210,1722.1
1226,568.61171756592,169712,1697.12
1227,568.696214075254,168861,1688.61
1228,568.780710638267,168179,1681.79
1229,568.865207255205,167254,1672.54
1230,568.949703926312,167030,1670.3
1231,569.034200651834,169831,1698.31
1232,569.118697432015,170062,1700.62
1233,569.203194267102,168208,1682.08
1234,569.287691157338,170267,1702.67
1235,569.37218810297,175476,1754.76
1236,569.456685104242,183946,1839.46
1237,569.5411821614,183485,1834.85
1238,569.625679274688,177021,1770.21
1239,569.710176444352,175695,1756.95
1240,569.794673670637,173439,1734.39
1241,569.879170953788,169770,1697.7
1242,569.96366829405,170998,1709.98
1243,570.048165691668,177498,1774.98
1244,570.132663146887,177122,1771.22
1245,570.217160659954,179495,1794.95
1246,570.301658231112,179274,1792.74
1247,570.386155860606,175141,1751.41
1248,570.470653548683,173330,1733.3
1249,570.555151295587,172338,1723.38
1250,570.639649101562,171789,1717.89
1251,570.724146966856,171519,1715.19
1252,570.808644891712,174309,1743.09
1253,570.893142876375,179404,1794.04
1254,570.977640921091,180091,1800.91
1255,571.062139026105,180171,1801.71
1256,571.146637191662,195783,1957.83
1257,571.231135418007,197857,1978.57
1258,571.315633705386,186577,1865.77
1259,571.400132054043,182824,1828.24
1260,571.484630464223,183024,1830.24
1261,571.569128936172,179732,1797.32
1262,571.653627470135,175004,1750.04
1263,571.738126066357,178369,1783.69
1264,571.822624725083,181635,1816.35
1265,571.907123446559,177507,1775.07
1266,571.991622231028,179074,1790.74
1267,572.076121078737,183708,1837.08
1268,572.160619989931,180866,1808.66
1269,572.245118964855,177482,1774.82
1270,572.329618003753,174148,1741.48
1271,572.414117106872,173888,1738.88
1272,572.498616274455,177436,1774.36
1273,572.583115506749,174346,1743.46
1274,572.667614803999,168165,1681.65
1275,572.752114166448,164373,1643.73
1276,572.836613594344,163273,1632.73
1277,572.921113087931,162818,1628.18
1278,573.005612647453,161564,1615.64
1279,573.090112273157,160684,1606.84
1280,573.174611965286,163625,1636.25
1281,573.259111724088,170209,1702.09
1282,573.343611549805,177079,1770.79
1283,573.428111442685,198661,1986.61
1284,573.512611402971,202177,2021.77
1285,573.597111430909,227634,2276.34
1286,573.681611526744,230590,2305.9
1287,573.766111690721,211755,2117.55
1288,573.850611923086,195815,1958.15
1289,573.935112224083,180733,1807.33
1290,574.019612593957,172448,1724.48
1291,574.104113032955,168411,1684.11
1292,574.18861354132,168876,1688.76
1293,574.273114119298,167957,1679.57
1294,574.357614767134,168125,1681.25
1295,574.442115485074,167114,1671.14
1296,574.526616273362,208734,2087.34
1297,574.611117132243,219659,2196.59
1298,574.695618061963,210149,2101.49
1299,574.780119062767,202681,2026.81
1300,574.8646201349,187682,1876.82
1301,574.949121278607,179749,1797.49
1302,575.033622494133,176432,1764.32
1303,575.118123781723,174445,1744.45
1304,575.202625141623,170547,1705.47
1305,575.287126574078,165739,1657.39
1306,575.371628079332,162975,1629.75
1307,575.456129657631,162309,1623.09
1308,575.54063130922,161775,1617.75
1309,575.625133034344,164512,1645.12
1310,575.709634833249,170284,1702.84
1311,575.794136706179,169335,1693.35
1312,575.878638653379,165400,1654
1313,575.963140675095,163011,1630.11
1314,576.047642771572,161461,1614.61
1315,576.132144943055,161415,1614.15
1316,576.216647189789,165773,1657.73
1317,576.301149512019,167204,1672.04
1318,576.38565190999,165692,1656.92
1319,576.470154383948,164289,1642.89
1320,576.554656934138,163887,1638.87
1321,576.639159560804,168061,1680.61
1322,576.723662264192,169568,1695.68
1323,576.808165044547,196428,1964.28
1324,576.892667902114,205651,2056.51
1325,576.977170837139,190038,1900.38
1326,577.061673849866,178358,1783.58
1327,577.146176940541,171421,1714.21
1328,577.230680109408,167667,1676.67
1329,577.315183356713,165618,1656.18
1330,577.399686682701,166740,1667.4
1331,577.484190087617,187898,1878.98
1332,577.568693571706,191034,1910.34
1333,577.653197135214,177539,1775.39
1334,577.737700778385,173018,1730.18
1335,577.822204501465,169421,1694.21
1336,577.906708304698,164531,1645.31
1337,577.991212188331,192219,1922.19
1338,578.075716152607,199160,1991.6
1339,578.160220197773,185259,1852.59
1340,578.244724324073,176211,1762.11
1341,578.329228531752,175112,1751.12
1342,578.413732821056,175876,1758.76
1343,578.49823719223,170435,1704.35
1344,578.582741645518,164535,1645.35
1345,578.667246181166,163656,1636.56
1346,578.75175079942,162671,1626.71
1347,578.836255500524,163173,1631.73
1348,578.920760284723,169387,1693.87
1349,579.005265152262,168861,1688.61
1350,579.089770103388,163985,1639.85
1351,579.174275138344,160603,1606.03
1352,579.258780257375,158155,1581.55
1353,579.343285460728,157020,1570.2
1354,579.427790748647,156619,1566.19
1355,579.512296121378,156031,1560.31
1356,579.596801579165,155041,1550.41
1357,579.681307122253,155587,1555.87
1358,579.765812750888,155686,1556.86
1359,579.850318465315,154894,1548.94
1360,579.934824265779,154822,1548.22
1361,580.019330152525,154798,1547.98
1362,580.103836125799,171396,1713.96
1363,580.188342185844,175728,1757.28
1364,580.272848332908,169107,1691.07
1365,580.357354567233,164417,1644.17
1366,580.441860889067,159912,1599.12
1367,580.526367298654,156595,1565.95
1368,580.610873796238,160791,1607.91
1369,580.695380382066,161466,1614.66
1370,580.779887056382,157722,1577.22
1371,580.864393819432,159731,1597.31
1372,580.94890067146,159460,1594.6
1373,581.033407612712,155979,1559.79
1374,581.117914643433,154285,1542.85
1375,581.202421763867,153593,1535.93
1376,581.286928974261,152974,1529.74
1377,581.371436274859,155205,1552.05
1378,581.455943665907,155642,1556.42
1379,581.540451147649,156546,1565.46
1380,581.62495872033,155848,1558.48
1381,581.709466384197,153106,1531.06
1382,581.793974139493,151802,1518.02
1383,581.878481986465,157732,1577.32
1384,581.962989925357,159135,1591.35
1385,582.047497956414,161627,1616.27
1386,582.132006079881,164140,1641.4
1387,582.216514296004,160233,1602.33
1388,582.301022605028,155896,1558.96
1389,582.385531007198,162286,1622.86
1390,582.470039502758,163613,1636.13
1391,582.554548091955,158347,1583.47
1392,582.639056775033,154872,1548.72
1393,582.723565552238,152301,1523.01
1394,582.808074423814,151380,1513.8
1395,582.892583390007,150717,1507.17
1396,582.977092451061,156368,1563.68
1397,583.061601607223,157600,1576
1398,583.146110858736,155612,1556.12
1399,583.230620205847,155425,1554.25
1400,583.3151296488,153372,1533.72
1401,583.399639187841,154570,1545.7
1402,583.484148823214,153912,1539.12
1403,583.568658555165,151378,1513.78
1404,583.653168383939,150006,1500.06
1405,583.73767830978,154750,1547.5
1406,583.822188332935,155836,1558.36
1407,583.906698453649,155089,1550.89
1408,583.991208672165,153463,1534.63
1409,584.075718988731,150650,1506.5
1410,584.16022940359,151952,1519.52
1411,584.244739916987,151611,1516.11
1412,584.329250529169,149215,1492.15
1413,584.41376124038,147991,1479.91
1414,584.498272050865,147469,1474.69
1415,584.58278296087,147037,1470.37
1416,584.667293970638,154963,1549.63
1417,584.751805080417,163184,1631.84
1418,584.83631629045,160221,1602.21
1419,584.920827600983,154088,1540.88
1420,585.005339012262,150815,1508.15
1421,585.08985052453,151581,1515.81
1422,585.174362138034,153818,1538.18
1423,585.258873853018,155100,1551
1424,585.343385669727,152809,1528.09
1425,585.427897588408,149438,1494.38
1426,585.512409609304,146954,1469.54
1427,585.596921732661,145601,1456.01
1428,585.681433958724,147198,1471.98
1429,585.765946287739,147409,1474.09
1430,585.85045871995,149287,1492.87
1431,585.934971255602,152798,1527.98
1432,586.019483894941,158434,1584.34
1433,586.103996638212,160392,1603.92
1434,586.18850948566,155523,1555.23
1435,586.27302243753,151313,1513.13
1436,586.357535494067,148328,1483.28
1437,586.442048655516,167675,1676.75
1438,586.526561922122,191140,1911.4
1439,586.611075294132,184169,1841.69
1440,586.695588771789,167272,1672.72
1441,586.780102355339,157867,1578.67
1442,586.864616045027,155299,1552.99
1443,586.949129841097,152060,1520.6
1444,587.033643743797,147480,1474.8
1445,587.118157753369,145299,1452.99
1446,587.20267187006,144017,1440.17
1447,587.287186094115,143170,1431.7
1448,587.371700425779,142941,1429.41
1449,587.456214865296,142534,1425.34
1450,587.540729412912,142161,1421.61
1451,587.625244068873,142153,1421.53
1452,587.709758833423,144965,1449.65
1453,587.794273706808,146125,1461.25
1454,587.878788689272,144891,1448.91
1455,587.963303781061,143380,1433.8
1456,588.047818982419,142489,1424.89
1457,588.132334293593,144866,1448.66
1458,588.216849714827,148585,1485.85
1459,588.301365246366,147625,1476.25
1460,588.385880888455,144835,1448.35
1461,588.47039664134,143118,1431.18
1462,588.554912505266,141908,1419.08
1463,588.639428480477,144450,1444.5
1464,588.72394456722,149439,1494.39
1465,588.808460765738,155233,1552.33
1466,588.892977076278,153379,1533.79
1467,588.977493499084,147544,1475.44
1468,589.062010034401,143982,1439.82
1469,589.146526682475,142020,1420.2
1470,589.231043443551,140436,1404.36
1471,589.315560317874,139191,1391.91
1472,589.400077305689,138723,1387.23
1473,589.48459440724,138853,1388.53
1474,589.569111622774,141575,1415.75
1475,589.653628952536,146927,1469.27
1476,589.73814639677,147000,1470
1477,589.822663955722,143726,1437.26
1478,589.907181629636,222441,2224.41
1479,589.991699418759,250233,2502.33
1480,590.076217323334,215005,2150.05
1481,590.160735343608,187881,1878.81
1482,590.245253479825,166913,1669.13
1483,590.329771732231,154409,1544.09
1484,590.41429010107,176363,1763.63
1485,590.498808586588,180616,1806.16
1486,590.58332718903,163337,1633.37
1487,590.667845908641,155248,1552.48
1488,590.752364745666,149488,1494.88
1489,590.83688370035,144513,1445.13
1490,590.921402772939,144601,1446.01
1491,591.005921963678,150144,1501.44
1492,591.090441272811,149008,1490.08
1493,591.174960700584,146976,1469.76
1494,591.259480247241,147611,1476.11
1495,591.343999913029,147664,1476.64
1496,591.428519698192,145132,1451.32
1497,591.513039602976,141704,1417.04
1498,591.597559627625,139703,1397.03
1499,591.682079772385,138633,1386.33
1500,591.7666000375,137554,1375.54
1501,591.851120423216,137061,1370.61
1502,591.935640929779,137057,1370.57
1503,592.020161557432,138732,1387.32
1504,592.104682306422,138882,1388.82
1505,592.189203176993,137640,1376.4
1506,592.273724169391,136690,1366.9
1507,592.35824528386,135986,1359.86
1508,592.442766520647,135886,1358.86
1509,592.527287879995,139312,1393.12
1510,592.611809362151,140273,1402.73
1511,592.696330967358,163844,1638.44
1512,592.780852695863,169577,1695.77
1513,592.865374547911,155161,1551.61
1514,592.949896523746,146706,1467.06
1515,593.034418623614,142008,1420.08
1516,593.11894084776,172947,1729.47
1517,593.203463196429,180613,1806.13
1518,593.287985669866,161853,1618.53
1519,593.372508268317,150630,1506.3
1520,593.457030992026,144507,1445.07
1521,593.541553841238,140952,1409.52
1522,593.626076816199,139229,1392.29
1523,593.710599917154,137723,1377.23
1524,593.795123144348,136445,1364.45
1525,593.879646498027,135526,1355.26
1526,593.964169978434,141224,1412.24
1527,594.048693585816,142829,1428.29
1528,594.133217320417,138892,1388.92
1529,594.217741182483,139526,1395.26
1530,594.302265172259,139193,1391.93
1531,594.38678928999,139887,1398.87
1532,594.47131353592,139135,1391.35
1533,594.555837910296,139498,1394.98
1534,594.640362413363,138668,1386.68
1535,594.724887045364,155474,1554.74
1536,594.809411806547,159232,1592.32
1537,594.893936697155,148373,1483.73
1538,594.978461717434,148141,1481.41
1539,595.062986867629,145780,1457.8
1540,595.147512147985,140589,1405.89
1541,595.232037558747,143857,1438.57
1542,595.316563100161,150052,1500.52
1543,595.401088772471,148098,1480.98
1544,595.485614575923,142750,1427.5
1545,595.570140510762,139092,1390.92
1546,595.654666577233,136437,1364.37
1547,595.73919277558,138009,1380.09
1548,595.82371910605,139473,1394.73
1549,595.908245568888,137975,1379.75
1550,595.992772164338,141891,1418.91
1551,596.077298892645,149076,1490.76
1552,596.161825754055,146797,1467.97
1553,596.246352748813,140686,1406.86
1554,596.330879877164,137534,1375.34
1555,596.415407139353,149097,1490.97
1556,596.499934535626,151676,1516.76
1557,596.584462066227,144700,1447
1558,596.668989731401,143413,1434.13
1559,596.753517531394,144499,1444.99
1560,596.838045466451,144516,1445.16
1561,596.922573536817,140785,1407.85
1562,597.007101742737,136937,1369.37
1563,597.091630084456,162819,1628.19
1564,597.17615856222,183123,1831.23
1565,597.260687176273,172714,1727.14
1566,597.345215926861,159235,1592.35
1567,597.429744814228,155647,1556.47
1568,597.51427383862,149481,1494.81
1569,597.598803000283,141581,1415.81
1570,597.68333229946,143303,1433.03
1571,597.767861736398,141979,1419.79
1572,597.852391311341,142890,1428.9
1573,597.936921024535,141941,1419.41
1574,598.021450876224,140138,1401.38
1575,598.105980866655,141500,1415
1576,598.190510996071,138520,1385.2
1577,598.275041264718,137783,1377.83
1578,598.359571672842,139696,1396.96
1579,598.444102220687,142110,1421.1
1580,598.528632908498,139990,1399.9
1581,598.613163736522,138587,1385.87
1582,598.697694705001,143949,1439.49
1583,598.782225814183,145354,1453.54
1584,598.866757064312,143297,1432.97
1585,598.951288455633,139389,1393.89
1586,599.035819988391,138071,1380.71
1587,599.120351662832,139784,1397.84
1588,599.2048834792,137887,1378.87
1589,599.289415437741,134387,1343.87
1590,599.3739475387,132479,1324.79
1591,599.458479782322,134940,1349.4
1592,599.543012168852,138025,1380.25
1593,599.627544698535,139438,1394.38
1594,599.712077371617,137101,1371.01
1595,599.796610188342,133530,1335.3
1596,599.881143148956,135011,1350.11
1597,599.965676253703,138106,1381.06
1598,600.05020950283,136721,1367.21
1599,600.13474289658,133544,1335.44
1600,600.2192764352,131540,1315.4
1601,600.303810118934,133383,1333.83
1602,600.388343948028,133328,1333.28
1603,600.472877922726,131212,1312.12
1604,600.557412043273,133087,1330.87
1605,600.641946309916,132666,1326.66
1606,600.726480722899,130517,1305.17
1607,600.811015282466,129409,1294.09
1608,600.895549988864,128834,1288.34
1609,600.980084842338,128112,1281.12
1610,601.064619843132,130298,1302.98
1611,601.149154991491,131224,1312.24
1612,601.233690287662,133274,1332.74
1613,601.318225731888,133222,1332.22
1614,601.402761324415,130924,1309.24
1615,601.487297065489,132483,1324.83
1616,601.571832955354,132816,1328.16
1617,601.656368994255,134092,1340.92
1618,601.740905182438,133443,1334.43
1619,601.825441520148,130936,1309.36
1620,601.90997800763,133467,1334.67
1621,601.994514645128,136502,1365.02
1622,602.079051432889,137029,1370.29
1623,602.163588371157,134867,1348.67
1624,602.248125460177,134651,1346.51
1625,602.332662700195,133826,1338.26
1626,602.417200091456,134329,1343.29
1627,602.501737634204,132969,1329.69
1628,602.586275328686,130103,1301.03
1629,602.670813175145,128569,1285.69
1630,602.755351173828,136696,1366.96
1631,602.839889324979,138571,1385.71
1632,602.924427628843,136344,1363.44
1633,603.008966085667,137253,1372.53
1634,603.093504695693,134832,1348.32
1635,603.178043459169,131111,1311.11
1636,603.262582376339,132841,1328.41
1637,603.347121447448,134943,1349.43
1638,603.431660672741,134060,1340.6
1639,603.516200052464,131143,1311.43
1640,603.600739586861,128412,1284.12
1641,603.685279276178,127176,1271.76
1642,603.769819120659,127654,1276.54
1643,603.854359120551,127391,1273.91
1644,603.938899276098,130068,1300.68
1645,604.023439587545,133626,1336.26
1646,604.107980055137,132423,1324.23
1647,604.19252067912,132265,1322.65
1648,604.277061459738,133977,1339.77
1649,604.361602397237,132222,1322.22
1650,604.446143491862,129062,1290.62
1651,604.530684743859,140923,1409.23
1652,604.615226153471,154338,1543.38
1653,604.699767720944,152541,1525.41
1654,604.784309446525,143410,1434.1
1655,604.868851330456,138717,1387.17
1656,604.953393372984,141781,1417.81
1657,605.037935574354,145258,1452.58
1658,605.122477934812,140458,1404.58
1659,605.207020454601,154820,1548.2
1660,605.291563133967,156968,1569.68
1661,605.376105973156,144623,1446.23
1662,605.460648972412,136916,1369.16
1663,605.545192131981,131133,1311.33
1664,605.629735452108,128103,1281.03
1665,605.714278933038,126325,1263.25
1666,605.798822575015,132155,1321.55
1667,605.883366378286,133686,1336.86
1668,605.967910343095,129550,1295.5
1669,606.052454469688,127007,1270.07
1670,606.136998758309,126201,1262.01
1671,606.221543209204,129470,1294.7
1672,606.306087822618,130006,1300.06
1673,606.390632598795,127559,1275.59
1674,606.475177537982,129104,1291.04
1675,606.559722640423,132416,1324.16
1676,606.644267906364,134004,1340.04
1677,606.728813336049,134774,1347.74
1678,606.813358929724,132243,1322.43
1679,606.897904687633,128788,1287.88
1680,606.982450610022,126844,1268.44
1681,607.066996697137,125629,1256.29
1682,607.151542949221,127824,1278.24
1683,607.236089366521,131438,1314.38
1684,607.320635949282,130257,1302.57
1685,607.405182697748,127427,1274.27
1686,607.489729612165,129894,1298.94
1687,607.574276692777,130095,1300.95
1688,607.658823939831,127311,1273.11
1689,607.74337135357,128857,1288.57
1690,607.827918934241,131748,1317.48
1691,607.912466682089,129922,1299.22
1692,607.997014597358,127013,1270.13
1693,608.081562680293,135896,1358.96
1694,608.16611093114,137578,1375.78
1695,608.250659350145,134955,1349.55
1696,608.335207937551,135085,1350.85
1697,608.419756693605,134016,1340.16
1698,608.504305618551,131032,1310.32
1699,608.588854712634,131021,1310.21
1700,608.6734039761,130135,1301.35
1701,608.757953409194,136968,1369.68
1702,608.84250301216,141627,1416.27
1703,608.927052785245,136387,1363.87
1704,609.011602728693,131721,1317.21
1705,609.096152842749,128685,1286.85
1706,609.180703127658,126083,1260.83
1707,609.265253583666,124705,1247.05
1708,609.349804211018,124376,1243.76
1709,609.434355009958,126925,1269.25
1710,609.518905980733,127145,1271.45
1711,609.603457123586,131604,1316.04
1712,609.688008438764,163436,1634.36
1713,609.772559926511,168081,1680.81
1714,609.857111587073,149007,1490.07
1715,609.941663420694,137688,1376.88
1716,610.02621542762,131671,1316.71
1717,610.110767608096,131908,1319.08
1718,610.195319962366,130636,1306.36
1719,610.279872490677,127146,1271.46
1720,610.364425193274,125185,1251.85
1721,610.4489780704,124319,1243.19
1722,610.533531122303,123784,1237.84
1723,610.618084349226,124617,1246.17
1724,610.702637751414,127925,1279.25
1725,610.787191329114,130994,1309.94
1726,610.87174508257,129679,1296.79
1727,610.956299012027,132802,1328.02
1728,611.04085311773,132743,1327.43
1729,611.125407399925,128824,1288.24
1730,611.209961858857,126160,1261.6
1731,611.29451649477,147625,1476.25
1732,611.37907130791,160800,1608
1733,611.463626298523,150190,1501.9
1734,611.548181466852,141756,1417.56
1735,611.632736813144,142430,1424.3
1736,611.717292337643,139145,1391.45
1737,611.801848040595,132679,1326.79
1738,611.886403922244,128942,1289.42
1739,611.970959982837,129750,1297.5
1740,612.055516222617,131582,1315.82
1741,612.14007264183,133362,1333.62
1742,612.224629240722,134669,1346.69
1743,612.309186019537,132909,1329.09
1744,612.39374297852,142775,1427.75
1745,612.478300117917,144607,1446.07
1746,612.562857437973,152425,1524.25
1747,612.647414938933,154404,1544.04
1748,612.731972621042,142940,1429.4
1749,612.816530484545,133784,1337.84
1750,612.901088529688,144845,1448.45
1751,612.985646756714,146240,1462.4
1752,613.070205165871,138721,1387.21
1753,613.154763757402,133003,1330.03
1754,613.239322531553,127401,1274.01
1755,613.323881488569,127336,1273.36
1756,613.408440628695,126504,1265.04
1757,613.492999952176,123548,1235.48
1758,613.577559459258,124867,1248.67
1759,613.662119150185,127704,1277.04
1760,613.746679025203,125868,1258.68
1761,613.831239084557,122664,1226.64
1762,613.915799328492,123996,1239.96
1763,614.000359757252,123888,1238.88
1764,614.084920371084,121554,1215.54
1765,614.169481170232,120094,1200.94
1766,614.254042154942,119842,1198.42
1767,614.338603325458,119028,1190.28
1768,614.423164682026,121722,1217.22
1769,614.507726224891,125198,1251.98
1770,614.592287954298,123477,1234.77
1771,614.676849870492,137805,1378.05
1772,614.761411973718,141023,1410.23
1773,614.845974264222,130762,1307.62
1774,614.930536742248,124913,1249.13
1775,615.015099408042,124737,1247.37
1776,615.099662261849,123669,1236.69
1777,615.184225303914,120440,1204.4
1778,615.268788534481,121978,1219.78
1779,615.353351953797,121982,1219.82
1780,615.437915562106,125468,1254.68
1781,615.522479359654,125924,1259.24
1782,615.607043346685,122104,1221.04
1783,615.691607523446,135238,1352.38
1784,615.776171890179,137563,1375.63
1785,615.860736447132,128333,1283.33
1786,615.94530119455,123141,1231.41
1787,616.029866132676,122974,1229.74
1788,616.114431261757,122445,1224.45
1789,616.198996582037,123247,1232.47
1790,616.283562093762,125267,1252.67
1791,616.368127797177,126447,1264.47
1792,616.452693692527,124072,1240.72
1793,616.537259780057,119993,1199.93
1794,616.621826060012,121291,1212.91
1795,616.706392532638,124808,1248.08
1796,616.790959198179,123190,1231.9
1797,616.87552605688,119445,1194.45
1798,616.960093108988,138873,1388.73
1799,617.044660354746,144316,1443.16
1800,617.1292277944,140991,1409.91
1801,617.213795428195,144599,1445.99
1802,617.298363256377,138852,1388.52
1803,617.38293127919,129475,1294.75
1804,617.46749949688,124103,1241.03
1805,617.552067909691,121226,1212.26
1806,617.63663651787,119500,1195
1807,617.72120532166,482611,4826.11
1808,617.805774321307,590810,5908.1
1809,617.890343517057,396996,3969.96
1810,617.974912909154,279327,2793.27
1811,618.059482497843,212030,2120.3
1812,618.14405228337,174258,1742.58
1813,618.22862226598,153160,1531.6
1814,618.313192445918,141261,1412.61
1815,618.397762823429,149000,1490
1816,618.482333398757,153270,1532.7
1817,618.56690417215,145226,1452.26
1818,618.65147514385,141665,1416.65
1819,618.736046314105,139044,1390.44
1820,618.820617683158,135283,1352.83
1821,618.905189251254,133492,1334.92
1822,618.98976101864,132697,1326.97
1823,619.07433298556,131891,1318.91
1824,619.158905152259,135883,1358.83
1825,619.243477518983,157796,1577.96
1826,619.328050085976,161178,1611.78
1827,619.412622853484,151931,1519.31
1828,619.497195821751,148847,1488.47
1829,619.581768991023,150984,1509.84
1830,619.666342361546,147477,1474.77
1831,619.750915933564,141006,1410.06
1832,619.835489707321,137688,1376.88
1833,619.920063683065,142632,1426.32
1834,620.004637861039,146300,1463
1835,620.089212241489,143032,1430.32
1836,620.173786824659,139299,1392.99
1837,620.258361610796,138424,1384.24
1838,620.342936600144,137698,1376.98
1839,620.427511792947,136895,1368.95
1840,620.512087189453,142716,1427.16
1841,620.596662789905,170530,1705.3
1842,620.681238594548,183727,1837.27
1843,620.765814603629,170535,1705.35
1844,620.850390817391,156105,1561.05
1845,620.93496723608,150375,1503.75
1846,621.019543859942,152891,1528.91
1847,621.104120689221,150566,1505.66
1848,621.188697724162,146374,1463.74
1849,621.273274965011,143119,1431.19
1850,621.357852412012,139693,1396.93
1851,621.442430065412,138915,1389.15
1852,621.527007925454,137924,1379.24
1853,621.611585992385,139387,1393.87
1854,621.696164266449,140472,1404.72
1855,621.780742747892,139006,1390.06
1856,621.865321436958,137552,1375.52
1857,621.949900333892,136722,1367.22
1858,622.03447943894,139053,1390.53
1859,622.119058752348,139558,1395.58
1860,622.203638274359,137669,1376.69
1861,622.28821800522,139680,1396.8
1862,622.372797945175,139624,1396.24
1863,622.457378094469,137257,1372.57
1864,622.541958453348,135199,1351.99
1865,622.626539022057,134965,1349.65
1866,622.711119800841,134673,1346.73
1867,622.795700789945,133259,1332.59
1868,622.880281989613,144176,1441.76
1869,622.964863400093,146276,1462.76
1870,623.049445021627,138633,1386.33
1871,623.134026854462,134163,1341.63
1872,623.218608898843,131126,1311.26
1873,623.303191155015,132891,1328.91
1874,623.387773623222,133317,1333.17
1875,623.472356303711,134061,1340.61
1876,623.556939196726,136041,1360.41
1877,623.641522302512,133839,1338.39
1878,623.726105621315,129907,1299.07
1879,623.810689153379,130527,1305.27
1880,623.89527289895,129354,1293.54
1881,623.979856858273,129668,1296.68
1882,624.064441031593,134152,1341.52
1883,624.149025419156,135933,1359.33
1884,624.233610021205,138068,1380.68
1885,624.318194837987,137956,1379.56
1886,624.402779869747,135675,1356.75
1887,624.487365116729,136773,1367.73
1888,624.571950579179,136387,1363.87
1889,624.656536257342,131146,1311.46
1890,624.741122151463,125816,1258.16
1891,624.825708261788,125448,1254.48
1892,624.91029458856,131253,1312.53
1893,624.994881132027,130097,1300.97
1894,625.079467892432,127422,1274.22
1895,625.16405487002,125245,1252.45
1896,625.248642065038,122331,1223.31
1897,625.33322947773,153377,1533.77
1898,625.41781710834,164640,1646.4
1899,625.502404957115,281725,2817.25
1900,625.5869930243,310733,3107.33
1901,625.671581310139,231976,2319.76
1902,625.756169814878,607243,6072.43
1903,625.840758538762,699144,6991.44
1904,625.925347482035,454467,4544.67
1905,626.009936644944,319622,3196.22
1906,626.094526027733,239152,2391.52
1907,626.179115630648,186378,1863.78
1908,626.263705453933,157109,1571.09
1909,626.348295497833,142799,1427.99
1910,626.432885762595,132987,1329.87
1911,626.517476248462,125566,1255.66
1912,626.60206695568,134828,1348.28
1913,626.686657884495,135953,1359.53
1914,626.771249035151,126908,1269.08
1915,626.855840407893,127936,1279.36
1916,626.940432002967,126233,1262.33
1917,627.025023820618,125326,1253.26
1918,627.10961586109,138494,1384.94
1919,627.19420812463,138130,1381.3
1920,627.278800611482,137572,1375.72
1921,627.363393321891,136509,1365.09
1922,627.447986256102,162118,1621.18
1923,627.532579414361,165159,1651.59
1924,627.617172796912,143955,1439.55
1925,627.701766404002,130956,1309.56
1926,627.786360235874,123256,1232.56
1927,627.870954292774,122464,1224.64
1928,627.955548574948,120735,1207.35
1929,628.04014308264,130935,1309.35
1930,628.124737816095,133012,1330.12
1931,628.209332775559,127812,1278.12
1932,628.293927961276,123565,1235.65
1933,628.378523373493,118648,1186.48
1934,628.463119012454,115666,1156.66
1935,628.547714878403,114435,1144.35
1936,628.632310971587,117672,1176.72
1937,628.716907292251,120973,1209.73
1938,628.801503840639,122074,1220.74
1939,628.886100616996,119595,1195.95
1940,628.970697621569,116231,1162.31
1941,629.055294854601,114582,1145.82
1942,629.139892316339,117025,1170.25
1943,629.224490007026,120158,1201.58
1944,629.309087926909,119142,1191.42
1945,629.393686076233,119335,1193.35
1946,629.478284455242,117945,1179.45
1947,629.562883064182,114790,1147.9
1948,629.647481903298,113294,1132.94
1949,629.732080972835,113007,1130.07
1950,629.816680273037,115335,1153.35
1951,629.901279804152,115510,1155.1
1952,629.985879566422,117004,1170.04
1953,630.070479560095,120117,1201.17
1954,630.155079785414,121372,1213.72
1955,630.239680242624,118846,1188.46
1956,630.324280931972,115432,1154.32
1957,630.408881853702,121076,1210.76
1958,630.493483008059,123871,1238.71
1959,630.578084395288,119388,1193.88
1960,630.662686015635,115573,1155.73
1961,630.747287869345,119239,1192.39
1962,630.831889956662,119924,1199.24
1963,630.916492277832,116428,1164.28
1964,631.001094833101,114210,1142.1
1965,631.085697622712,113009,1130.09
1966,631.170300646912,115981,1159.81
1967,631.254903905945,116711,1167.11
1968,631.339507400056,120912,1209.12
1969,631.424111129492,123614,1236.14
1970,631.508715094496,126989,1269.89
1971,631.593319295314,136092,1360.92
1972,631.677923732192,136028,1360.28
1973,631.762528405373,130391,1303.91
1974,631.847133315104,127132,1271.32
1975,631.93173846163,122465,1224.65
1976,632.016343845195,120873,1208.73
1977,632.100949466045,118632,1186.32
1978,632.185555324425,115754,1157.54
1979,632.270161420579,114129,1141.29
1980,632.354767754754,113429,1134.29
1981,632.439374327195,115380,1153.8
1982,632.523981138146,115445,1154.45
1983,632.608588187852,113542,1135.42
1984,632.693195476559,114173,1141.73
1985,632.777803004512,114267,1142.67
1986,632.862410771956,114225,1142.25
1987,632.947018779136,114383,1143.83
1988,633.031627026297,114557,1145.57
1989,633.116235513685,116991,1169.91
1990,633.200844241544,123288,1232.88
1991,633.28545321012,123080,1230.8
1992,633.370062419658,118252,1182.52
1993,633.454671870403,115418,1154.18
1994,633.539281562599,113995,1139.95
1995,633.623891496493,113072,1130.72
1996,633.708501672329,112606,1126.06
1997,633.793112090353,115308,1153.08
1998,633.877722750809,115376,1153.76
1999,633.962333653943,113660,1136.6
2000,634.0469448,112742,1127.42
2001,634.131556189225,112172,1121.72
2002,634.216167821863,115060,1150.6
2003,634.300779698159,115892,1158.92
2004,634.385391818359,114322,1143.22
2005,634.470004182707,113735,1137.35
2006,634.554616791449,113129,1131.29
2007,634.639229644829,115620,1156.2
2008,634.723842743094,131730,1317.3
2009,634.808456086488,137386,1373.86
2010,634.893069675256,129057,1290.57
2011,634.977683509643,124882,1248.82
2012,635.062297589895,124676,1246.76
2013,635.146911916256,124588,1245.88
2014,635.231526488972,121585,1215.85
2015,635.316141308288,282357,2823.57
2016,635.400756374449,326107,3261.07
2017,635.4853716877,242568,2425.68
2018,635.569987248286,193927,1939.27
2019,635.654603056453,160989,1609.89
2020,635.739219112446,141066,1410.66
2021,635.823835416509,130182,1301.82
2022,635.908451968888,129472,1294.72
2023,635.993068769827,146416,1464.16
2024,636.077685819573,145891,1458.91
2025,636.16230311837,152608,1526.08
2026,636.246920666464,149890,1498.9
2027,636.331538464099,248633,2486.33
2028,636.41615651152,271618,2716.18
2029,636.500774808974,204867,2048.67
2030,636.585393356704,165423,1654.23
2031,636.670012154956,166038,1660.38
2032,636.754631203976,163116,1631.16
2033,636.839250504007,144265,1442.65
2034,636.923870055296,130786,1307.86
2035,637.008489858088,125346,1253.46
2036,637.093109912628,122141,1221.41
2037,637.17773021916,118546,1185.46
2038,637.26235077793,116315,1163.15
2039,637.346971589183,123944,1239.44
2040,637.431592653165,129268,1292.68
2041,637.51621397012,125082,1250.82
2042,637.600835540293,121917,1219.17
2043,637.68545736393,121678,1216.78
2044,637.770079441276,122400,1224
2045,637.854701772576,120364,1203.64
2046,637.939324358074,117556,1175.56
2047,638.023947198017,115957,1159.57
