Scan Date:,2025-05-26 16:04:50Z
Integration Time:,1000
Number of Averages:,100

Pixel Number,Wavelength (nm),Sum Spectrum,Averaged Spectrum
0,464.9839,55523,555.23
1,465.068515076491,55674,556.74
2,465.153129906126,55815,558.15
3,465.237744489151,55443,554.43
4,465.322358825812,55103,551.03
5,465.406972916352,55100,551
6,465.491586761018,55054,550.54
7,465.576200360054,55142,551.42
8,465.660813713705,55189,551.89
9,465.745426822218,55147,551.47
10,465.830039685836,55267,552.67
11,465.914652304805,55580,555.8
12,465.99926467937,55593,555.93
13,466.083876809776,55312,553.12
14,466.168488696269,54982,549.82
15,466.253100339093,193574,1935.74
16,466.337711738494,232890,2328.9
17,466.422322894716,159584,1595.84
18,466.506933808006,116121,1161.21
19,466.591544478607,91252,912.52
20,466.676154906766,77084,770.84
21,466.760765092726,68821,688.21
22,466.845375036735,67596,675.96
23,466.929984739036,66835,668.35
24,467.014594199874,64350,643.5
25,467.099203419495,62235,622.35
26,467.183812398145,60460,604.6
27,467.268421136067,59621,596.21
28,467.353029633508,88980,889.8
29,467.437637890711,99288,992.88
30,467.522245907924,87301,873.01
31,467.60685368539,77456,774.56
32,467.691461223355,69234,692.34
33,467.776068522063,65031,650.31
34,467.860675581761,62422,624.22
35,467.945282402693,65419,654.19
36,468.029888985104,72288,722.88
37,468.11449532924,71385,713.85
38,468.199101435345,69392,693.92
39,468.283707303665,66918,669.18
40,468.368312934445,63140,631.4
41,468.45291832793,64454,644.54
42,468.537523484364,67671,676.71
43,468.622128403994,90830,908.3
44,468.706733087065,101445,1014.45
45,468.791337533821,88443,884.43
46,468.875941744507,75564,755.64
47,468.96054571937,68650,686.5
48,469.045149458653,65323,653.23
49,469.129752962602,63145,631.45
50,469.214356231462,61404,614.04
51,469.298959265479,60503,605.03
52,469.383562064897,60141,601.41
53,469.468164629962,59835,598.35
54,469.552766960919,62402,624.02
55,469.637369058012,66891,668.91
56,469.721970921487,66112,661.12
57,469.80657255159,63704,637.04
58,469.891173948565,65482,654.82
59,469.975775112657,64763,647.63
60,470.060376044111,61944,619.44
61,470.144976743173,60408,604.08
62,470.229577210088,63120,631.2
63,470.314177445101,63967,639.67
64,470.398777448457,65475,654.75
65,470.483377220402,88884,888.84
66,470.567976761179,96081,960.81
67,470.652576071035,84950,849.5
68,470.737175150215,75160,751.6
69,470.821773998963,68529,685.29
70,470.906372617525,67796,677.96
71,470.990971006146,65997,659.97
72,471.075569165072,96880,968.8
73,471.160167094546,104880,1048.8
74,471.244764794815,89788,897.88
75,471.329362266123,79437,794.37
76,471.413959508717,74188,741.88
77,471.498556522839,76787,767.87
78,471.583153308737,77342,773.42
79,471.667749866655,73838,738.38
80,471.752346196838,72754,727.54
81,471.836942299532,72954,729.54
82,471.921538174981,76934,769.34
83,472.00613382343,74863,748.63
84,472.090729245126,68479,684.79
85,472.175324440312,64395,643.95
86,472.259919409234,65301,653.01
87,472.344514152137,64757,647.57
88,472.429108669267,61847,618.47
89,472.513702960868,61540,615.4
90,472.598297027185,63251,632.51
91,472.682890868465,62853,628.53
92,472.767484484951,61060,610.6
93,472.852077876889,59737,597.37
94,472.936671044524,62632,626.32
95,473.021263988101,63472,634.72
96,473.105856707865,62096,620.96
97,473.190449204062,67197,671.97
98,473.275041476937,82996,829.96
99,473.359633526735,89945,899.45
100,473.4442253537,81211,812.11
101,473.528816958078,74750,747.5
102,473.613408340115,73188,731.88
103,473.697999500055,69561,695.61
104,473.782590438143,65343,653.43
105,473.867181154625,63079,630.79
106,473.951771649745,65617,656.17
107,474.03636192375,65635,656.35
108,474.120951976883,63099,630.99
109,474.20554180939,61519,615.19
110,474.290131421517,60431,604.31
111,474.374720813508,63759,637.59
112,474.459309985608,64295,642.95
113,474.543898938063,62103,621.03
114,474.628487671118,60754,607.54
115,474.713076185018,60125,601.25
116,474.797664480008,63388,633.88
117,474.882252556332,94821,948.21
118,474.966840414238,104033,1040.33
119,475.051428053968,122190,1221.9
120,475.13601547577,120129,1201.29
121,475.220602679887,94507,945.07
122,475.305189666564,78849,788.49
123,475.389776436048,69853,698.53
124,475.474362988583,65100,651
125,475.558949324414,62076,620.76
126,475.643535443787,60641,606.41
127,475.728121346946,60242,602.42
128,475.812707034136,59696,596.96
129,475.897292505604,83685,836.85
130,475.981877761593,95112,951.12
131,476.066462802349,86543,865.43
132,476.151047628118,80092,800.92
133,476.235632239144,72932,729.32
134,476.320216635672,66447,664.47
135,476.404800817948,66462,664.62
136,476.489384786216,66092,660.92
137,476.573968540723,67894,678.94
138,476.658552081712,87723,877.23
139,476.74313540943,90212,902.12
140,476.827718524121,77885,778.85
141,476.91230142603,69992,699.92
142,476.996884115403,68322,683.22
143,477.081466592484,66578,665.78
144,477.166048857519,63098,630.98
145,477.250630910753,64694,646.94
146,477.335212752432,64932,649.32
147,477.419794382799,62425,624.25
148,477.504375802101,64116,641.16
149,477.588957010582,64566,645.66
150,477.673538008487,62630,626.3
151,477.758118796063,106222,1062.22
152,477.842699373553,117780,1177.8
153,477.927279741204,93193,931.93
154,478.011859899259,78303,783.03
155,478.096439847965,69478,694.78
156,478.181019587566,65486,654.86
157,478.265599118308,63524,635.24
158,478.350178440435,61534,615.34
159,478.434757554193,60585,605.85
160,478.519336459827,72644,726.44
161,478.603915157582,75459,754.59
162,478.688493647704,68221,682.21
163,478.773071930436,127332,1273.32
164,478.857650006026,142221,1422.21
165,478.942227874716,107925,1079.25
166,479.026805536754,99532,995.32
167,479.111382992383,93075,930.75
168,479.19596024185,83445,834.45
169,479.280537285398,75005,750.05
170,479.365114123274,67821,678.21
171,479.449690755722,63449,634.49
172,479.534267182988,60865,608.65
173,479.618843405317,59598,595.98
174,479.703419422953,62510,625.1
175,479.787995236142,67326,673.26
176,479.87257084513,66742,667.42
177,479.95714625016,63914,639.14
178,480.041721451479,61788,617.88
179,480.126296449331,61050,610.5
180,480.210871243962,63782,637.82
181,480.295445835617,64174,641.74
182,480.380020224541,65130,651.3
183,480.464594410979,64592,645.92
184,480.549168395175,65696,656.96
185,480.633742177377,65602,656.02
186,480.718315757827,62900,629
187,480.802889136772,61135,611.35
188,480.887462314457,60167,601.67
189,480.972035291127,59539,595.39
190,481.056608067026,63087,630.87
191,481.141180642401,76362,763.62
192,481.225753017496,77186,771.86
193,481.310325192556,68867,688.67
194,481.394897167827,67178,671.78
195,481.479468943554,65629,656.29
196,481.564040519981,62835,628.35
197,481.648611897354,61341,613.41
198,481.733183075918,60039,600.39
199,481.817754055918,62809,628.09
200,481.9023248376,63347,633.47
201,481.986895421208,64203,642.03
202,482.071465806988,99186,991.86
203,482.156035995184,106685,1066.85
204,482.240605986042,89506,895.06
205,482.325175779807,78449,784.49
206,482.409745376725,70333,703.33
207,482.494314777039,65256,652.56
208,482.578883980996,62374,623.74
209,482.663452988841,61188,611.88
210,482.748021800818,60018,600.18
211,482.832590417173,59450,594.5
212,482.91715883815,63234,632.34
213,483.001727063996,67216,672.16
214,483.086295094955,65819,658.19
215,483.170862931273,62940,629.4
216,483.255430573193,62126,621.26
217,483.339998020963,64956,649.56
218,483.424565274826,65301,653.01
219,483.509132335028,62831,628.31
220,483.593699201814,61446,614.46
221,483.678265875429,63927,639.27
222,483.762832356118,63716,637.16
223,483.847398644127,60962,609.62
224,483.9319647397,62897,628.97
225,484.016530643083,74913,749.13
226,484.101096354521,76705,767.05
227,484.185661874258,70219,702.19
228,484.270227202541,65628,656.28
229,484.354792339614,62637,626.37
230,484.439357285722,61559,615.59
231,484.523922041111,64553,645.53
232,484.608486606025,68183,681.83
233,484.69305098071,66830,668.3
234,484.777615165411,65441,654.41
235,484.862179160373,67378,673.78
236,484.946742965841,66003,660.03
237,485.03130658206,65679,656.79
238,485.115870009276,68651,686.51
239,485.200433247733,67456,674.56
240,485.284996297677,63938,639.38
241,485.369559159353,86794,867.94
242,485.454121833005,96000,960
243,485.53868431888,82826,828.26
244,485.623246617222,74067,740.67
245,485.707808728276,68620,686.2
246,485.792370652288,64370,643.7
247,485.876932389502,65017,650.17
248,485.961493940164,64598,645.98
249,486.046055304519,62231,622.31
250,486.130616482813,61365,613.65
251,486.215177475289,60969,609.69
252,486.299738282193,67188,671.88
253,486.384298903771,68739,687.39
254,486.468859340268,64495,644.95
255,486.553419591928,61637,616.37
256,486.637979658997,60683,606.83
257,486.722539541719,60160,601.6
258,486.807099240341,62636,626.36
259,486.891658755108,63258,632.58
260,486.976218086263,61225,612.25
261,487.060777234053,60056,600.56
262,487.145336198723,59287,592.87
263,487.229894980517,58803,588.03
264,487.314453579682,59201,592.01
265,487.399011996461,59251,592.51
266,487.483570231101,58865,588.65
267,487.568128283845,58575,585.75
268,487.652686154941,58215,582.15
269,487.737243844632,58381,583.81
270,487.821801353163,62751,627.51
271,487.906358680781,63807,638.07
272,487.990915827729,61584,615.84
273,488.075472794253,60599,605.99
274,488.160029580599,64800,648
275,488.244586187011,65629,656.29
276,488.329142613735,63172,631.72
277,488.413698861015,68586,685.86
278,488.498254929097,69327,693.27
279,488.582810818225,68719,687.19
280,488.667366528646,68095,680.95
281,488.751922060605,64551,645.51
282,488.836477414345,62245,622.45
283,488.921032590113,61617,616.17
284,489.005587588153,62901,629.01
285,489.090142408711,91642,916.42
286,489.174697052032,101581,1015.81
287,489.259251518361,89312,893.12
288,489.343805807943,78781,787.81
289,489.428359921024,70192,701.92
290,489.512913857847,64999,649.99
291,489.597467618659,62574,625.74
292,489.682021203705,73461,734.61
293,489.76657461323,75934,759.34
294,489.851127847479,68430,684.3
295,489.935680906696,65843,658.43
296,490.020233791128,64124,641.24
297,490.104786501019,61953,619.53
298,490.189339036615,64517,645.17
299,490.27389139816,65039,650.39
300,490.3584435859,62510,625.1
301,490.44299560008,60340,603.4
302,490.527547440945,59129,591.29
303,490.612099108739,58670,586.7
304,490.69665060371,58621,586.21
305,490.7812019261,58735,587.35
306,490.865753076156,61894,618.94
307,490.950304054123,62928,629.28
308,491.034854860246,61416,614.16
309,491.119405494769,60587,605.87
310,491.203955957939,60294,602.94
311,491.288506249999,60403,604.03
312,491.373056371197,59926,599.26
313,491.457606321775,63547,635.47
314,491.54215610198,65531,655.31
315,491.626705712057,63401,634.01
316,491.711255152251,61047,610.47
317,491.795804422807,59529,595.29
318,491.88035352397,58808,588.08
319,491.964902455985,59271,592.71
320,492.049451219098,63045,630.45
321,492.133999813553,63412,634.12
322,492.218548239596,61179,611.79
323,492.303096497471,63146,631.46
324,492.387644587425,65620,656.2
325,492.472192509702,67524,675.24
326,492.556740264546,74634,746.34
327,492.641287852205,74083,740.83
328,492.725835272921,67645,676.45
329,492.810382526942,64496,644.96
330,492.894929614511,73488,734.88
331,492.979476535874,74831,748.31
332,493.064023291276,67887,678.87
333,493.148569880962,66274,662.74
334,493.233116305178,64837,648.37
335,493.317662564167,62052,620.52
336,493.402208658177,61050,610.5
337,493.486754587451,60167,601.67
338,493.571300352235,59581,595.81
339,493.655845952774,59305,593.05
340,493.740391389313,62427,624.27
341,493.824936662097,63015,630.15
342,493.909481771372,63413,634.13
343,493.994026717382,63150,631.5
344,494.078571500372,61288,612.88
345,494.163116120589,60514,605.14
346,494.247660578276,60228,602.28
347,494.33220487368,89944,899.44
348,494.416749007044,98317,983.17
349,494.501292978615,82515,825.15
350,494.585836788637,72792,727.92
351,494.670380437356,67217,672.17
352,494.754923925017,64245,642.45
353,494.839467251864,65797,657.97
354,494.924010418144,65191,651.91
355,495.0085534241,62436,624.36
356,495.093096269979,76811,768.11
357,495.177638956025,80503,805.03
358,495.262181482484,74951,749.51
359,495.3467238496,73227,732.27
360,495.431266057619,68718,687.18
361,495.515808106786,67755,677.55
362,495.600349997346,66386,663.86
363,495.684891729544,63462,634.62
364,495.769433303626,63111,631.11
365,495.853974719836,61912,619.12
366,495.938515978419,60212,602.12
367,496.023057079622,59541,595.41
368,496.107598023688,59234,592.34
369,496.192138810863,62689,626.89
370,496.276679441392,63410,634.1
371,496.361219915521,63228,632.28
372,496.445760233493,94385,943.85
373,496.530300395556,102067,1020.67
374,496.614840401953,84328,843.28
375,496.69938025293,79186,791.86
376,496.783919948731,74889,748.89
377,496.868459489603,71569,715.69
378,496.95299887579,68312,683.12
379,497.037538107538,71584,715.84
380,497.12207718509,71378,713.78
381,497.206616108694,69568,695.68
382,497.291154878593,67724,677.24
383,497.375693495033,64557,645.57
384,497.460231958259,62212,622.12
385,497.544770268516,61008,610.08
386,497.629308426049,60819,608.19
387,497.713846431104,60182,601.82
388,497.798384283926,62627,626.27
389,497.882921984759,62941,629.41
390,497.967459533848,60998,609.98
391,498.05199693144,63740,637.4
392,498.136534177779,68328,683.28
393,498.22107127311,67336,673.36
394,498.305608217678,63603,636.03
395,498.390145011729,61296,612.96
396,498.474681655507,60206,602.06
397,498.559218149259,59810,598.1
398,498.643754493228,60067,600.67
399,498.72829068766,59666,596.66
400,498.8128267328,58930,589.3
401,498.897362628894,58836,588.36
402,498.981898376185,59048,590.48
403,499.066433974921,59684,596.84
404,499.150969425345,63358,633.58
405,499.235504727703,78886,788.86
406,499.32003988224,80791,807.91
407,499.404574889201,74936,749.36
408,499.489109748831,71361,713.61
409,499.573644461376,66797,667.97
410,499.65817902708,63822,638.22
411,499.742713446188,61965,619.65
412,499.827247718947,60824,608.24
413,499.9117818456,60342,603.42
414,499.996315826393,59861,598.61
415,500.080849661572,59338,593.38
416,500.165383351381,59265,592.65
417,500.249916896065,59261,592.61
418,500.33445029587,59559,595.59
419,500.41898355104,78211,782.11
420,500.503516661822,83462,834.62
421,500.588049628459,73062,730.62
422,500.672582451197,67599,675.99
423,500.757115130282,64716,647.16
424,500.841647665958,62622,626.22
425,500.92618005847,61084,610.84
426,501.010712308064,86050,860.5
427,501.095244414985,96011,960.11
428,501.179776379478,86120,861.2
429,501.264308201788,77157,771.57
430,501.34883988216,73436,734.36
431,501.433371420839,69878,698.78
432,501.517902818071,65010,650.1
433,501.6024340741,66513,665.13
434,501.686965189172,68678,686.78
435,501.771496163532,66598,665.98
436,501.856026997425,63214,632.14
437,501.940557691096,61161,611.61
438,502.02508824479,60164,601.64
439,502.109618658753,63619,636.19
440,502.194148933229,64260,642.6
441,502.278679068464,61803,618.03
442,502.363209064702,60836,608.36
443,502.44773892219,60260,602.6
444,502.532268641171,63147,631.47
445,502.616798221892,64031,640.31
446,502.701327664597,62381,623.81
447,502.785856969531,61151,611.51
448,502.87038613694,63638,636.38
449,502.954915167069,67108,671.08
450,503.039444060163,65687,656.87
451,503.123972816466,62958,629.58
452,503.208501436225,65129,651.29
453,503.293029919684,65940,659.4
454,503.377558267088,67013,670.13
455,503.462086478683,70040,700.4
456,503.546614554714,72700,727
457,503.631142495425,70324,703.24
458,503.715670301062,65502,655.02
459,503.800197971871,62352,623.52
460,503.884725508095,60780,607.8
461,503.969252909981,63102,631.02
462,504.053780177773,66950,669.5
463,504.138307311717,66358,663.58
464,504.222834312058,66979,669.79
465,504.307361179041,66713,667.13
466,504.39188791291,67769,677.69
467,504.476414513912,68603,686.03
468,504.560940982291,82314,823.14
469,504.645467318292,84078,840.78
470,504.729993522161,73494,734.94
471,504.814519594143,70331,703.31
472,504.899045534482,70256,702.56
473,504.983571343424,72401,724.01
474,505.068097021215,73510,735.1
475,505.152622568098,72857,728.57
476,505.23714798432,83406,834.06
477,505.321673270126,82700,827
478,505.40619842576,72812,728.12
479,505.490723451468,67159,671.59
480,505.575248347494,66955,669.55
481,505.659773114085,65533,655.33
482,505.744297751485,90797,907.97
483,505.828822259939,100834,1008.34
484,505.913346639693,85747,857.47
485,505.997870890991,74699,746.99
486,506.082395014079,68307,683.07
487,506.166919009201,64921,649.21
488,506.251442876604,62620,626.2
489,506.335966616531,64423,644.23
490,506.420490229229,64309,643.09
491,506.505013714942,62640,626.4
492,506.589537073916,61985,619.85
493,506.674060306396,64401,644.01
494,506.758583412626,65522,655.22
495,506.843106392852,63638,636.38
496,506.927629247319,61972,619.72
497,507.012151976272,60826,608.26
498,507.096674579957,63612,636.12
499,507.181197058618,65345,653.45
500,507.2657194125,63718,637.18
501,507.350241641849,90943,909.43
502,507.43476374691,101943,1019.43
503,507.519285727928,86970,869.7
504,507.603807585148,75262,752.62
505,507.688329318816,69106,691.06
506,507.772850929175,68920,689.2
507,507.857372416473,70764,707.64
508,507.941893780953,68508,685.08
509,508.02641502286,65129,651.29
510,508.110936142441,62738,627.38
511,508.195457139939,64404,644.04
512,508.279978015601,64526,645.26
513,508.364498769671,62813,628.13
514,508.449019402395,61821,618.21
515,508.533539914017,61130,611.3
516,508.618060304783,63708,637.08
517,508.702580574937,64408,644.08
518,508.787100724726,62817,628.17
519,508.871620754394,63188,631.88
520,508.956140664186,77711,777.11
521,509.040660454347,85364,853.64
522,509.125180125123,92894,928.94
523,509.209699676758,89656,896.56
524,509.294219109499,96330,963.3
525,509.378738423589,94065,940.65
526,509.463257619274,83187,831.87
527,509.5477766968,75538,755.38
528,509.632295656411,68520,685.2
529,509.716814498352,64830,648.3
530,509.801333222869,62686,626.86
531,509.885851830207,61431,614.31
532,509.97037032061,60980,609.8
533,510.054888694324,60489,604.89
534,510.139406951595,64271,642.71
535,510.223925092667,65157,651.57
536,510.308443117785,62670,626.7
537,510.392961027195,61995,619.95
538,510.477478821141,64914,649.14
539,510.56199649987,68686,686.86
540,510.646514063625,70982,709.82
541,510.731031512652,72557,725.57
542,510.815548847197,69832,698.32
543,510.900066067503,66434,664.34
544,510.984583173818,64134,641.34
545,511.069100166384,65761,657.61
546,511.153617045449,65545,655.45
547,511.238133811256,66588,665.88
548,511.322650464052,65995,659.95
549,511.407167004081,63156,631.56
550,511.491683431587,68864,688.64
551,511.576199746818,70182,701.82
552,511.660715950017,69360,693.6
553,511.745232041429,67855,678.55
554,511.829748021301,64827,648.27
555,511.914263889876,63199,631.99
556,511.9987796474,63389,633.89
557,512.083295294119,62970,629.7
558,512.167810830277,62534,625.34
559,512.252326256119,64751,647.51
560,512.336841571891,67638,676.38
561,512.421356777838,81413,814.13
562,512.505871874205,83217,832.17
563,512.590386861236,77717,777.17
564,512.674901739178,72921,729.21
565,512.759416508275,67454,674.54
566,512.843931168773,64349,643.49
567,512.928445720916,66253,662.53
568,513.01296016495,69539,695.39
569,513.097474501119,68144,681.44
570,513.18198872967,65198,651.98
571,513.266502850847,63561,635.61
572,513.351016864895,65769,657.69
573,513.435530772059,66298,662.98
574,513.520044572585,64055,640.55
575,513.604558266717,62432,624.32
576,513.689071854701,68103,681.03
577,513.773585336782,71634,716.34
578,513.858098713206,72342,723.42
579,513.942611984216,73518,735.18
580,514.027125150058,76729,767.29
581,514.111638210978,77991,779.91
582,514.196151167221,73529,735.29
583,514.280664019031,68121,681.21
584,514.365176766654,65347,653.47
585,514.449689410336,66657,666.57
586,514.53420195032,69501,695.01
587,514.618714386852,68103,681.03
588,514.703226720178,65124,651.24
589,514.787738950542,63435,634.35
590,514.87225107819,62625,626.25
591,514.956763103367,61775,617.75
592,515.041275026318,61501,615.01
593,515.125786847287,69251,692.51
594,515.210298566521,71111,711.11
595,515.294810184265,67003,670.03
596,515.379321700762,64901,649.01
597,515.463833116259,64083,640.83
598,515.548344431001,63186,631.86
599,515.632855645233,65859,658.59
600,515.7173667592,66407,664.07
601,515.801877773147,65876,658.76
602,515.886388687319,68131,681.31
603,515.970899501962,67442,674.42
604,516.05541021732,64830,648.3
605,516.139920833639,63328,633.28
606,516.224431351163,62616,626.16
607,516.308941770138,62260,622.6
608,516.39345209081,61967,619.67
609,516.477962313423,61563,615.63
610,516.562472438222,64593,645.93
611,516.646982465452,68822,688.22
612,516.731492395359,73206,732.06
613,516.816002228188,72195,721.95
614,516.900511964184,67869,678.69
615,516.985021603591,71948,719.48
616,517.069531146656,78900,789
617,517.154040593623,86784,867.84
618,517.238549944738,83310,833.1
619,517.323059200245,77523,775.23
620,517.40756836039,73423,734.23
621,517.492077425417,68806,688.06
622,517.576586395573,65844,658.44
623,517.661095271101,92014,920.14
624,517.745604052248,98659,986.59
625,517.830112739258,82901,829.01
626,517.914621332376,81119,811.19
627,517.999129831848,78748,787.48
628,518.083638237919,72546,725.46
629,518.168146550834,68382,683.82
630,518.252654770838,65819,658.19
631,518.337162898176,64579,645.79
632,518.421670933093,63736,637.36
633,518.506178875835,63251,632.51
634,518.590686726646,62764,627.64
635,518.675194485772,63201,632.01
636,518.759702153457,66496,664.96
637,518.844209729948,67295,672.95
638,518.928717215489,65501,655.01
639,519.013224610325,67604,676.04
640,519.097731914701,68722,687.22
641,519.182239128863,66751,667.51
642,519.266746253055,65164,651.64
643,519.351253287523,64471,644.71
644,519.435760232512,63969,639.69
645,519.520267088267,63470,634.7
646,519.604773855033,63131,631.31
647,519.689280533056,62570,625.7
648,519.77378712258,62383,623.83
649,519.85829362385,62531,625.31
650,519.942800037113,66437,664.37
651,520.027306362612,67480,674.8
652,520.111812600593,65239,652.39
653,520.196318751301,63976,639.76
654,520.280824814981,63341,633.41
655,520.365330791879,62912,629.12
656,520.449836682239,63303,633.03
657,520.534342486307,63937,639.37
658,520.618848204327,63703,637.03
659,520.703353836546,66593,665.93
660,520.787859383207,67334,673.34
661,520.872364844557,72062,720.62
662,520.95687022084,91166,911.66
663,521.041375512301,92172,921.72
664,521.125880719186,79794,797.94
665,521.21038584174,72968,729.68
666,521.294890880208,82013,820.13
667,521.379395834834,83108,831.08
668,521.463900705865,77851,778.51
669,521.548405493545,74242,742.42
670,521.632910198119,69988,699.88
671,521.717414819833,67697,676.97
672,521.801919358931,66364,663.64
673,521.88642381566,65328,653.28
674,521.970928190263,68325,683.25
675,522.055432482986,203166,2031.66
676,522.139936694074,238660,2386.6
677,522.224440823773,169069,1690.69
678,522.308944872327,127282,1272.82
679,522.393448839982,101286,1012.86
680,522.477952726982,89422,894.22
681,522.562456533574,98146,981.46
682,522.646960260001,95820,958.2
683,522.731463906509,87034,870.34
684,522.815967473344,84025,840.25
685,522.90047096075,78067,780.67
686,522.984974368973,72180,721.8
687,523.069477698257,69145,691.45
688,523.153980948848,67790,677.9
689,523.238484120991,67116,671.16
690,523.322987214931,66476,664.76
691,523.407490230914,69776,697.76
692,523.491993169183,74292,742.92
693,523.576496029985,107808,1078.08
694,523.660998813565,114433,1144.33
695,523.745501520167,122927,1229.27
696,523.830004150038,119042,1190.42
697,523.914506703421,97258,972.58
698,523.999009180562,84284,842.84
699,524.083511581707,76405,764.05
700,524.1680139071,71944,719.44
701,524.252516156987,69691,696.91
702,524.337018331612,68468,684.68
703,524.421520431221,71074,710.74
704,524.506022456059,71928,719.28
705,524.590524406371,69783,697.83
706,524.675026282403,88789,887.89
707,524.759528084398,94337,943.37
708,524.844029812603,83297,832.97
709,524.928531467263,76640,766.4
710,525.013033048623,89401,894.01
711,525.097534556927,92444,924.44
712,525.182035992421,82607,826.07
713,525.266537355351,76388,763.88
714,525.351038645961,72686,726.86
715,525.435539864496,74537,745.37
716,525.520041011202,74544,745.44
717,525.604542086324,72295,722.95
718,525.689043090106,78711,787.11
719,525.773544022794,79954,799.54
720,525.858044884634,79413,794.13
721,525.942545675869,78225,782.25
722,526.027046396746,74340,743.4
723,526.11154704751,72133,721.33
724,526.196047628405,71056,710.56
725,526.280548139677,74386,743.86
726,526.36504858157,75407,754.07
727,526.449548954331,73043,730.43
728,526.534049258204,72212,722.12
729,526.618549493434,75075,750.75
730,526.703049660267,75478,754.78
731,526.787549758947,73683,736.83
732,526.87204978972,75585,755.85
733,526.956549752831,76200,762
734,527.041049648525,74631,746.31
735,527.125549477046,73124,731.24
736,527.210049238641,89944,899.44
737,527.294548933555,96893,968.93
738,527.379048562032,87788,877.88
739,527.463548124317,80907,809.07
740,527.548047620657,78080,780.8
741,527.632547051295,76235,762.35
742,527.717046416477,75216,752.16
743,527.801545716449,79640,796.4
744,527.886044951455,80602,806.02
745,527.97054412174,85834,858.34
746,528.05504322755,85784,857.84
747,528.139542269129,80325,803.25
748,528.224041246724,79388,793.88
749,528.308540160578,81167,811.67
750,528.393039010938,80270,802.7
751,528.477537798047,77489,774.89
752,528.562036522152,78531,785.31
753,528.646535183498,81641,816.41
754,528.731033782329,83437,834.37
755,528.815532318891,81720,817.2
756,528.900030793429,78865,788.65
757,528.984529206188,76897,768.97
758,529.069027557414,75919,759.19
759,529.15352584735,75358,753.58
760,529.238024076243,75055,750.55
761,529.322522244338,74977,749.77
762,529.407020351879,75259,752.59
763,529.491518399112,75764,757.64
764,529.576016386283,75658,756.58
765,529.660514313635,75458,754.58
766,529.745012181415,75297,752.97
767,529.829509989866,75201,752.01
768,529.914007739236,75604,756.04
769,529.998505429768,79340,793.4
770,530.083003061708,80680,806.8
771,530.167500635301,79219,792.19
772,530.251998150792,78411,784.11
773,530.336495608426,78595,785.95
774,530.420993008449,81752,817.52
775,530.505490351105,85183,851.83
776,530.589987636639,87076,870.76
777,530.674484865298,88614,886.14
778,530.758982037325,86766,867.66
779,530.843479152966,83299,832.99
780,530.927976212466,81074,810.74
781,531.012473216071,80481,804.81
782,531.096970164025,129236,1292.36
783,531.181467056574,145497,1454.97
784,531.265963893962,119857,1198.57
785,531.350460676435,103004,1030.04
786,531.434957404238,93569,935.69
787,531.519454077616,88361,883.61
788,531.603950696814,87001,870.01
789,531.688447262078,86028,860.28
790,531.772943773652,84197,841.97
791,531.857440231782,82516,825.16
792,531.941936636713,81149,811.49
793,532.026432988689,83699,836.99
794,532.110929287956,84371,843.71
795,532.19542553476,85015,850.15
796,532.279921729345,83853,838.53
797,532.364417871956,80275,802.75
798,532.448913962839,77597,775.97
799,532.533410002239,75652,756.52
800,532.6179059904,74053,740.53
801,532.702401927568,72113,721.13
802,532.786897813989,70619,706.19
803,532.871393649906,76240,762.4
804,532.955889435567,80433,804.33
805,533.040385171214,76897,768.97
806,533.124880857094,100181,1001.81
807,533.209376493452,105024,1050.24
808,533.293872080533,87918,879.18
809,533.378367618582,77049,770.49
810,533.462863107844,92916,929.16
811,533.547358548564,94914,949.14
812,533.631853940988,83234,832.34
813,533.71634928536,75594,755.94
814,533.800844581926,79758,797.58
815,533.885339830931,78696,786.96
816,533.96983503262,70972,709.72
817,534.054330187238,65939,659.39
818,534.13882529503,65866,658.66
819,534.223320356242,65381,653.81
820,534.307815371118,62922,629.22
821,534.392310339903,61184,611.84
822,534.476805262844,60105,601.05
823,534.561300140184,59291,592.91
824,534.64579497217,65476,654.76
825,534.730289759045,66907,669.07
826,534.814784501056,66455,664.55
827,534.899279198448,65856,658.56
828,534.983773851465,63001,630.01
829,535.068268460352,64399,643.99
830,535.152763025356,74170,741.7
831,535.23725754672,92540,925.4
832,535.321752024691,92117,921.17
833,535.406246459513,78987,789.87
834,535.490740851431,70383,703.83
835,535.575235200691,65147,651.47
836,535.659729507538,62588,625.88
837,535.744223772216,460098,4600.98
838,535.828717994971,572831,5728.31
839,535.913212176048,357735,3577.35
840,535.997706315693,229683,2296.83
841,536.08220041415,166092,1660.92
842,536.166694471664,126755,1267.55
843,536.251188488481,97900,979
844,536.335682464845,81367,813.67
845,536.420176401003,71956,719.56
846,536.504670297198,66238,662.38
847,536.589164153677,63030,630.3
848,536.673657970684,61078,610.78
849,536.758151748464,60976,609.76
850,536.842645487263,60480,604.8
851,536.927139187325,59403,594.03
852,537.011632848896,62293,622.93
853,537.096126472221,63477,634.77
854,537.180620057546,66019,660.19
855,537.265113605114,69066,690.66
856,537.349607115172,67036,670.36
857,537.434100587964,64505,645.05
858,537.518594023736,62535,625.35
859,537.603087422733,60970,609.7
860,537.687580785199,60620,606.2
861,537.772074111381,63037,630.37
862,537.856567401522,73850,738.5
863,537.941060655869,85974,859.74
864,538.025553874667,82084,820.84
865,538.11004705816,72620,726.2
866,538.194540206593,67627,676.27
867,538.279033320213,65059,650.59
868,538.363526399263,65060,650.6
869,538.44801944399,67334,673.34
870,538.532512454637,70969,709.69
871,538.617005431451,78285,782.85
872,538.701498374677,83408,834.08
873,538.785991284559,85747,857.47
874,538.870484161343,87505,875.05
875,538.954977005273,91697,916.97
876,539.039469816596,92199,921.99
877,539.123962595556,89272,892.72
878,539.208455342398,92639,926.39
879,539.292948057368,94282,942.82
880,539.37744074071,88672,886.72
881,539.46193339267,86423,864.23
882,539.546426013493,86404,864.04
883,539.630918603424,89054,890.54
884,539.715411162708,86484,864.84
885,539.79990369159,83036,830.36
886,539.884396190315,79738,797.38
887,539.968888659129,100296,1002.96
888,540.053381098277,109578,1095.78
889,540.137873508003,95112,951.12
890,540.222365888553,82239,822.39
891,540.306858240173,74885,748.85
892,540.391350563106,70214,702.14
893,540.475842857599,73510,735.1
894,540.560335123896,73376,733.76
895,540.644827362243,71734,717.34
896,540.729319572884,73095,730.95
897,540.813811756066,70391,703.91
898,540.898303912032,66083,660.83
899,540.982796041028,62944,629.44
900,541.0672881433,60889,608.89
901,541.151780219092,60066,600.66
902,541.23627226865,59668,596.68
903,541.320764292218,59223,592.23
904,541.405256290042,59571,595.71
905,541.489748262367,61953,619.53
906,541.574240209438,66601,666.01
907,541.6587321315,66302,663.02
908,541.743224028798,66693,666.93
909,541.827715901578,65830,658.3
910,541.912207750085,62397,623.97
911,541.996699574563,61153,611.53
912,542.081191375258,60746,607.46
913,542.165683152415,63870,638.7
914,542.250174906279,64274,642.74
915,542.334666637096,61921,619.21
916,542.41915834511,60762,607.62
917,542.503650030566,80984,809.84
918,542.58814169371,89727,897.27
919,542.672633334787,86001,860.01
920,542.757124954042,79545,795.45
921,542.841616551719,71263,712.63
922,542.926108128065,69723,697.23
923,543.010599683325,68290,682.9
924,543.095091217743,65711,657.11
925,543.179582731564,90764,907.64
926,543.264074225034,97689,976.89
927,543.348565698398,83951,839.51
928,543.433057151901,76617,766.17
929,543.517548585789,73711,737.11
930,543.602040000305,80520,805.2
931,543.686531395696,88731,887.31
932,543.771022772206,90487,904.87
933,543.855514130081,94781,947.81
934,543.940005469566,101790,1017.9
935,544.024496790906,104086,1040.86
936,544.108988094346,111305,1113.05
937,544.193479380131,117826,1178.26
938,544.277970648506,117507,1175.07
939,544.362461899717,116806,1168.06
940,544.446953134009,121111,1211.11
941,544.531444351626,123853,1238.53
942,544.615935552814,125947,1259.47
943,544.700426737818,128680,1286.8
944,544.784917906884,129602,1296.02
945,544.869409060255,133762,1337.62
946,544.953900198178,135800,1358
947,545.038391320898,135026,1350.26
948,545.122882428659,135235,1352.35
949,545.207373521708,135673,1356.73
950,545.291864600288,136190,1361.9
951,545.376355664645,137153,1371.53
952,545.460846715024,169545,1695.45
953,545.545337751671,179649,1796.49
954,545.62982877483,164084,1640.84
955,545.714319784747,157691,1576.91
956,545.798810781666,156570,1565.7
957,545.883301765834,153421,1534.21
958,545.967792737495,152341,1523.41
959,546.052283696893,150658,1506.58
960,546.136774644275,150698,1506.98
961,546.221265579886,149103,1491.03
962,546.30575650397,145735,1457.35
963,546.390247416772,144020,1440.2
964,546.474738318539,142655,1426.55
965,546.559229209514,142648,1426.48
966,546.643720089944,142706,1427.06
967,546.728210960073,142278,1422.78
968,546.812701820146,144894,1448.94
969,546.897192670409,150848,1508.48
970,546.981683511106,151643,1516.43
971,547.066174342483,149015,1490.15
972,547.150665164785,149295,1492.95
973,547.235155978257,152309,1523.09
974,547.319646783145,151603,1516.03
975,547.404137579692,149923,1499.23
976,547.488628368145,149458,1494.58
977,547.573119148749,148708,1487.08
978,547.657609921748,148438,1484.38
979,547.742100687388,151614,1516.14
980,547.826591445914,153266,1532.66
981,547.911082197572,152181,1521.81
982,547.995572942605,151105,1511.05
983,548.08006368126,150155,1501.55
984,548.164554413782,149533,1495.33
985,548.249045140415,149260,1492.6
986,548.333535861404,149492,1494.92
987,548.418026576996,166080,1660.8
988,548.502517287435,170664,1706.64
989,548.587007992966,162643,1626.43
990,548.671498693834,158275,1582.75
991,548.755989390285,161513,1615.13
992,548.840480082563,165060,1650.6
993,548.924970770915,162241,1622.41
994,549.009461455584,158569,1585.69
995,549.093952136815,159770,1597.7
996,549.178442814856,159080,1590.8
997,549.262933489949,156376,1563.76
998,549.347424162341,162742,1627.42
999,549.431914832276,164604,1646.04
1000,549.5164055,160409,1604.09
1001,549.600896165758,159652,1596.52
1002,549.685386829794,159018,1590.18
1003,549.769877492355,157273,1572.73
1004,549.854368153685,156722,1567.22
1005,549.938858814029,174102,1741.02
1006,550.023349473633,181751,1817.51
1007,550.107840132742,176722,1767.22
1008,550.1923307916,170847,1708.47
1009,550.276821450453,164910,1649.1
1010,550.361312109546,161880,1618.8
1011,550.445802769124,164063,1640.63
1012,550.530293429432,164434,1644.34
1013,550.614784090716,162216,1622.16
1014,550.69927475322,161039,1610.39
1015,550.78376541719,160203,1602.03
1016,550.868256082871,159425,1594.25
1017,550.952746750508,159786,1597.86
1018,551.037237420346,163171,1631.71
1019,551.12172809263,164625,1646.25
1020,551.206218767606,163597,1635.97
1021,551.290709445518,162547,1625.47
1022,551.375200126611,161772,1617.72
1023,551.459690811131,165569,1655.69
1024,551.544181499323,166708,1667.08
1025,551.628672191433,164759,1647.59
1026,551.713162887704,163343,1633.43
1027,551.797653588383,162256,1622.56
1028,551.882144293714,161705,1617.05
1029,551.966635003943,161534,1615.34
1030,552.051125719314,165510,1655.1
1031,552.135616440073,172439,1724.39
1032,552.220107166465,172064,1720.64
1033,552.304597898735,170475,1704.75
1034,552.389088637129,169010,1690.1
1035,552.473579381891,187348,1873.48
1036,552.558070133266,191974,1919.74
1037,552.6425608915,180971,1809.71
1038,552.727051656838,174644,1746.44
1039,552.811542429524,195164,1951.64
1040,552.896033209805,199493,1994.93
1041,552.980523997925,188749,1887.49
1042,553.065014794129,181348,1813.48
1043,553.149505598662,174878,1748.78
1044,553.23399641177,171080,1710.8
1045,553.318487233698,172489,1724.89
1046,553.402978064691,185482,1854.82
1047,553.487468904993,197546,1975.46
1048,553.571959754851,192242,1922.42
1049,553.656450614509,181170,1811.7
1050,553.740941484213,174416,1744.16
1051,553.825432364206,177109,1771.09
1052,553.909923254736,177253,1772.53
1053,553.994414156046,179118,1791.18
1054,554.078905068382,178648,1786.48
1055,554.16339599199,174323,1743.23
1056,554.247886927113,172016,1720.16
1057,554.332377873998,192706,1927.06
1058,554.416868832889,197779,1977.79
1059,554.501359804032,185340,1853.4
1060,554.585850787671,178764,1787.64
1061,554.670341784053,174919,1749.19
1062,554.754832793421,172544,1725.44
1063,554.839323816021,171208,1712.08
1064,554.923814852099,170390,1703.9
1065,555.008305901899,170625,1706.25
1066,555.092796965667,178176,1781.76
1067,555.177288043647,179899,1798.99
1068,555.261779136085,201534,2015.34
1069,555.346270243226,206733,2067.33
1070,555.430761365315,195524,1955.24
1071,555.515252502597,190792,1907.92
1072,555.599743655318,186019,1860.19
1073,555.684234823722,180677,1806.77
1074,555.768726008055,180499,1804.99
1075,555.853217208561,182574,1825.74
1076,555.937708425486,180111,1801.11
1077,556.022199659075,199580,1995.8
1078,556.106690909574,204340,2043.4
1079,556.191182177226,194712,1947.12
1080,556.275673462278,187693,1876.93
1081,556.360164764975,184400,1844
1082,556.444656085561,186376,1863.76
1083,556.529147424282,184044,1840.44
1084,556.613638781383,180401,1804.01
1085,556.698130157109,178320,1783.2
1086,556.782621551706,180003,1800.03
1087,556.867112965417,180330,1803.3
1088,556.951604398489,183994,1839.94
1089,557.036095851167,190657,1906.57
1090,557.120587323695,188526,1885.26
1091,557.20507881632,182724,1827.24
1092,557.289570329285,179130,1791.3
1093,557.374061862836,180702,1807.02
1094,557.458553417219,181840,1818.4
1095,557.543044992678,182500,1825
1096,557.627536589459,182013,1820.13
1097,557.712028207806,183359,1833.59
1098,557.796519847966,182618,1826.18
1099,557.881011510182,185830,1858.3
1100,557.9655031947,189376,1893.76
1101,558.049994901765,186140,1861.4
1102,558.134486631623,181752,1817.52
1103,558.218978384519,179046,1790.46
1104,558.303470160697,180879,1808.79
1105,558.387961960402,180306,1803.06
1106,558.472453783881,180337,1803.37
1107,558.556945631378,181291,1812.91
1108,558.641437503137,208236,2082.36
1109,558.725929399405,223965,2239.65
1110,558.810421320427,210830,2108.3
1111,558.894913266447,196352,1963.52
1112,558.97940523771,188579,1885.79
1113,559.063897234463,187279,1872.79
1114,559.14838925695,189061,1890.61
1115,559.232881305415,187175,1871.75
1116,559.317373380105,183240,1832.4
1117,559.401865481264,184645,1846.45
1118,559.486357609138,184676,1846.76
1119,559.570849763971,181778,1817.78
1120,559.65534194601,180574,1805.74
1121,559.739834155498,183972,1839.72
1122,559.824326392681,184152,1841.52
1123,559.908818657804,185045,1850.45
1124,559.993310951113,184823,1848.23
1125,560.077803272852,182334,1823.34
1126,560.162295623266,180941,1809.41
1127,560.246788002602,180249,1802.49
1128,560.331280411103,182820,1828.2
1129,560.415772849015,186722,1867.22
1130,560.500265316583,189523,1895.23
1131,560.584757814052,194237,1942.37
1132,560.669250341668,192458,1924.58
1133,560.753742899676,186502,1865.02
1134,560.83823548832,186590,1865.9
1135,560.922728107845,185681,1856.81
1136,561.007220758498,183274,1832.74
1137,561.091713440523,182424,1824.24
1138,561.176206154165,181559,1815.59
1139,561.260698899669,181660,1816.6
1140,561.345191677281,182092,1820.92
1141,561.429684487245,182160,1821.6
1142,561.514177329807,182325,1823.25
1143,561.598670205212,182303,1823.03
1144,561.683163113705,183552,1835.52
1145,561.767656055531,183862,1838.62
1146,561.852149030935,186630,1866.3
1147,561.936642040163,191163,1911.63
1148,562.021135083459,190256,1902.56
1149,562.105628161069,187351,1873.51
1150,562.190121273237,189153,1891.53
1151,562.27461442021,188777,1887.77
1152,562.359107602232,196962,1969.62
1153,562.443600819547,197992,1979.92
1154,562.528094072403,194432,1944.32
1155,562.612587361042,200192,2001.92
1156,562.697080685712,201886,2018.86
1157,562.781574046656,199119,1991.19
1158,562.866067444119,212237,2122.37
1159,562.950560878348,212388,2123.88
1160,563.035054349587,199795,1997.95
1161,563.119547858082,195870,1958.7
1162,563.204041404076,193623,1936.23
1163,563.288534987816,190591,1905.91
1164,563.373028609547,188050,1880.5
1165,563.457522269514,186140,1861.4
1166,563.542015967961,184996,1849.96
1167,563.626509705135,187562,1875.62
1168,563.71100348128,191454,1914.54
1169,563.795497296641,190334,1903.34
1170,563.879991151464,187152,1871.52
1171,563.964485045993,185709,1857.09
1172,564.048978980475,185502,1855.02
1173,564.133472955153,186284,1862.84
1174,564.217966970273,186067,1860.67
1175,564.30246102608,188952,1889.52
1176,564.386955122819,193046,1930.46
1177,564.471449260736,195403,1954.03
1178,564.555943440075,193349,1933.49
1179,564.640437661083,189532,1895.32
1180,564.724931924002,258245,2582.45
1181,564.80942622908,280461,2804.61
1182,564.893920576561,242635,2426.35
1183,564.97841496669,221221,2212.21
1184,565.062909399713,208530,2085.3
1185,565.147403875874,208868,2088.68
1186,565.231898395419,205557,2055.57
1187,565.316392958592,197023,1970.23
1188,565.400887565639,191873,1918.73
1189,565.485382216806,189011,1890.11
1190,565.569876912336,187692,1876.92
1191,565.654371652476,187054,1870.54
1192,565.73886643747,189540,1895.4
1193,565.823361267564,190401,1904.01
1194,565.907856143003,208807,2088.07
1195,565.992351064031,213589,2135.89
1196,566.076846030894,203141,2031.41
1197,566.161341043838,196550,1965.5
1198,566.245836103106,192499,1924.99
1199,566.330331208945,191090,1910.9
1200,566.4148263616,190374,1903.74
1201,566.499321561315,193003,1930.03
1202,566.583816808336,193949,1939.49
1203,566.668312102908,195236,1952.36
1204,566.752807445276,194289,1942.89
1205,566.837302835685,193199,1931.99
1206,566.92179827438,194754,1947.54
1207,567.006293761607,194683,1946.83
1208,567.090789297611,193354,1933.54
1209,567.175284882636,196935,1969.35
1210,567.259780516928,197464,1974.64
1211,567.344276200732,194329,1943.29
1212,567.428771934293,192614,1926.14
1213,567.513267717856,194671,1946.71
1214,567.597763551667,194661,1946.61
1215,567.68225943597,192676,1926.76
1216,567.766755371011,211529,2115.29
1217,567.851251357034,216539,2165.39
1218,567.935747394286,205691,2056.91
1219,568.020243483011,205455,2054.55
1220,568.104739623454,203313,2033.13
1221,568.18923581586,219684,2196.84
1222,568.273732060474,222434,2224.34
1223,568.358228357543,208402,2084.02
1224,568.442724707309,200218,2002.18
1225,568.52722111002,195764,1957.64
1226,568.61171756592,193161,1931.61
1227,568.696214075254,192367,1923.67
1228,568.780710638267,191564,1915.64
1229,568.865207255205,190869,1908.69
1230,568.949703926312,191324,1913.24
1231,569.034200651834,194524,1945.24
1232,569.118697432015,195084,1950.84
1233,569.203194267102,193118,1931.18
1234,569.287691157338,195296,1952.96
1235,569.37218810297,200901,2009.01
1236,569.456685104242,209897,2098.97
1237,569.5411821614,209293,2092.93
1238,569.625679274688,202524,2025.24
1239,569.710176444352,201492,2014.92
1240,569.794673670637,198965,1989.65
1241,569.879170953788,195151,1951.51
1242,569.96366829405,196230,1962.3
1243,570.048165691668,202472,2024.72
1244,570.132663146887,202010,2020.1
1245,570.217160659954,204177,2041.77
1246,570.301658231112,203540,2035.4
1247,570.386155860606,198574,1985.74
1248,570.470653548683,195705,1957.05
1249,570.555151295587,193760,1937.6
1250,570.639649101562,192723,1927.23
1251,570.724146966856,192123,1921.23
1252,570.808644891712,194919,1949.19
1253,570.893142876375,200011,2000.11
1254,570.977640921091,200789,2007.89
1255,571.062139026105,200536,2005.36
1256,571.146637191662,216876,2168.76
1257,571.231135418007,219534,2195.34
1258,571.315633705386,208369,2083.69
1259,571.400132054043,204925,2049.25
1260,571.484630464223,205444,2054.44
1261,571.569128936172,202169,2021.69
1262,571.653627470135,197604,1976.04
1263,571.738126066357,201575,2015.75
1264,571.822624725083,205348,2053.48
1265,571.907123446559,201644,2016.44
1266,571.991622231028,203893,2038.93
1267,572.076121078737,208826,2088.26
1268,572.160619989931,206018,2060.18
1269,572.245118964855,203098,2030.98
1270,572.329618003753,199791,1997.91
1271,572.414117106872,199533,1995.33
1272,572.498616274455,203680,2036.8
1273,572.583115506749,200685,2006.85
1274,572.667614803999,194267,1942.67
1275,572.752114166448,190783,1907.83
1276,572.836613594344,189654,1896.54
1277,572.921113087931,189340,1893.4
1278,573.005612647453,188745,1887.45
1279,573.090112273157,187747,1877.47
1280,573.174611965286,190977,1909.77
1281,573.259111724088,198096,1980.96
1282,573.343611549805,205378,2053.78
1283,573.428111442685,228359,2283.59
1284,573.512611402971,231872,2318.72
1285,573.597111430909,258432,2584.32
1286,573.681611526744,261830,2618.3
1287,573.766111690721,242432,2424.32
1288,573.850611923086,225838,2258.38
1289,573.935112224083,209839,2098.39
1290,574.019612593957,200637,2006.37
1291,574.104113032955,196347,1963.47
1292,574.18861354132,197184,1971.84
1293,574.273114119298,196867,1968.67
1294,574.357614767134,197486,1974.86
1295,574.442115485074,196035,1960.35
1296,574.526616273362,239454,2394.54
1297,574.611117132243,250652,2506.52
1298,574.695618061963,240849,2408.49
1299,574.780119062767,232684,2326.84
1300,574.8646201349,216403,2164.03
1301,574.949121278607,208177,2081.77
1302,575.033622494133,204600,2046
1303,575.118123781723,202434,2024.34
1304,575.202625141623,197802,1978.02
1305,575.287126574078,192776,1927.76
1306,575.371628079332,190388,1903.88
1307,575.456129657631,189365,1893.65
1308,575.54063130922,188946,1889.46
1309,575.625133034344,192488,1924.88
1310,575.709634833249,198625,1986.25
1311,575.794136706179,197675,1976.75
1312,575.878638653379,193177,1931.77
1313,575.963140675095,190212,1902.12
1314,576.047642771572,187993,1879.93
1315,576.132144943055,187225,1872.25
1316,576.216647189789,191095,1910.95
1317,576.301149512019,191925,1919.25
1318,576.38565190999,189594,1895.94
1319,576.470154383948,187961,1879.61
1320,576.554656934138,187556,1875.56
1321,576.639159560804,191303,1913.03
1322,576.723662264192,192333,1923.33
1323,576.808165044547,220525,2205.25
1324,576.892667902114,230801,2308.01
1325,576.977170837139,214255,2142.55
1326,577.061673849866,201781,2017.81
1327,577.146176940541,194987,1949.87
1328,577.230680109408,191611,1916.11
1329,577.315183356713,189783,1897.83
1330,577.399686682701,191338,1913.38
1331,577.484190087617,213991,2139.91
1332,577.568693571706,217865,2178.65
1333,577.653197135214,204258,2042.58
1334,577.737700778385,199908,1999.08
1335,577.822204501465,196091,1960.91
1336,577.906708304698,190905,1909.05
1337,577.991212188331,219754,2197.54
1338,578.075716152607,226438,2264.38
1339,578.160220197773,211925,2119.25
1340,578.244724324073,202482,2024.82
1341,578.329228531752,201066,2010.66
1342,578.413732821056,201646,2016.46
1343,578.49823719223,195865,1958.65
1344,578.582741645518,189806,1898.06
1345,578.667246181166,189398,1893.98
1346,578.75175079942,188600,1886
1347,578.836255500524,189200,1892
1348,578.920760284723,195699,1956.99
1349,579.005265152262,195284,1952.84
1350,579.089770103388,190058,1900.58
1351,579.174275138344,186432,1864.32
1352,579.258780257375,184087,1840.87
1353,579.343285460728,182949,1829.49
1354,579.427790748647,182306,1823.06
1355,579.512296121378,181785,1817.85
1356,579.596801579165,180950,1809.5
1357,579.681307122253,181405,1814.05
1358,579.765812750888,181462,1814.62
1359,579.850318465315,180882,1808.82
1360,579.934824265779,180401,1804.01
1361,580.019330152525,179595,1795.95
1362,580.103836125799,197134,1971.34
1363,580.188342185844,202303,2023.03
1364,580.272848332908,195470,1954.7
1365,580.357354567233,190422,1904.22
1366,580.441860889067,185644,1856.44
1367,580.526367298654,182678,1826.78
1368,580.610873796238,187388,1873.88
1369,580.695380382066,188084,1880.84
1370,580.779887056382,183829,1838.29
1371,580.864393819432,185637,1856.37
1372,580.94890067146,185055,1850.55
1373,581.033407612712,181580,1815.8
1374,581.117914643433,180152,1801.52
1375,581.202421763867,179614,1796.14
1376,581.286928974261,179005,1790.05
1377,581.371436274859,181115,1811.15
1378,581.455943665907,181110,1811.1
1379,581.540451147649,181975,1819.75
1380,581.62495872033,181161,1811.61
1381,581.709466384197,177956,1779.56
1382,581.793974139493,176531,1765.31
1383,581.878481986465,182280,1822.8
1384,581.962989925357,183466,1834.66
1385,582.047497956414,186087,1860.87
1386,582.132006079881,188619,1886.19
1387,582.216514296004,184666,1846.66
1388,582.301022605028,180675,1806.75
1389,582.385531007198,187381,1873.81
1390,582.470039502758,188274,1882.74
1391,582.554548091955,182576,1825.76
1392,582.639056775033,179315,1793.15
1393,582.723565552238,176735,1767.35
1394,582.808074423814,175756,1757.56
1395,582.892583390007,175175,1751.75
1396,582.977092451061,180960,1809.6
1397,583.061601607223,182476,1824.76
1398,583.146110858736,180554,1805.54
1399,583.230620205847,180511,1805.11
1400,583.3151296488,178576,1785.76
1401,583.399639187841,179340,1793.4
1402,583.484148823214,178591,1785.91
1403,583.568658555165,175964,1759.64
1404,583.653168383939,174421,1744.21
1405,583.73767830978,179577,1795.77
1406,583.822188332935,180958,1809.58
1407,583.906698453649,179974,1799.74
1408,583.991208672165,177927,1779.27
1409,584.075718988731,174894,1748.94
1410,584.16022940359,176446,1764.46
1411,584.244739916987,176101,1761.01
1412,584.329250529169,173440,1734.4
1413,584.41376124038,171959,1719.59
1414,584.498272050865,171461,1714.61
1415,584.58278296087,171496,1714.96
1416,584.667293970638,179543,1795.43
1417,584.751805080417,188127,1881.27
1418,584.83631629045,185762,1857.62
1419,584.920827600983,179480,1794.8
1420,585.005339012262,175923,1759.23
1421,585.08985052453,176571,1765.71
1422,585.174362138034,178843,1788.43
1423,585.258873853018,180158,1801.58
1424,585.343385669727,177755,1777.55
1425,585.427897588408,174008,1740.08
1426,585.512409609304,171577,1715.77
1427,585.596921732661,170187,1701.87
1428,585.681433958724,171730,1717.3
1429,585.765946287739,171643,1716.43
1430,585.85045871995,173664,1736.64
1431,585.934971255602,177720,1777.2
1432,586.019483894941,183440,1834.4
1433,586.103996638212,184772,1847.72
1434,586.18850948566,179146,1791.46
1435,586.27302243753,174420,1744.2
1436,586.357535494067,171638,1716.38
1437,586.442048655516,192762,1927.62
1438,586.526561922122,217427,2174.27
1439,586.611075294132,209797,2097.97
1440,586.695588771789,192070,1920.7
1441,586.780102355339,181905,1819.05
1442,586.864616045027,179051,1790.51
1443,586.949129841097,175641,1756.41
1444,587.033643743797,171054,1710.54
1445,587.118157753369,168593,1685.93
1446,587.20267187006,167132,1671.32
1447,587.287186094115,166199,1661.99
1448,587.371700425779,165642,1656.42
1449,587.456214865296,164817,1648.17
1450,587.540729412912,164550,1645.5
1451,587.625244068873,164497,1644.97
1452,587.709758833423,167633,1676.33
1453,587.794273706808,168881,1688.81
1454,587.878788689272,167459,1674.59
1455,587.963303781061,166108,1661.08
1456,588.047818982419,165379,1653.79
1457,588.132334293593,168001,1680.01
1458,588.216849714827,172341,1723.41
1459,588.301365246366,171336,1713.36
1460,588.385880888455,168049,1680.49
1461,588.47039664134,165901,1659.01
1462,588.554912505266,164061,1640.61
1463,588.639428480477,166638,1666.38
1464,588.72394456722,172182,1721.82
1465,588.808460765738,178619,1786.19
1466,588.892977076278,176980,1769.8
1467,588.977493499084,170861,1708.61
1468,589.062010034401,166704,1667.04
1469,589.146526682475,164224,1642.24
1470,589.231043443551,163043,1630.43
1471,589.315560317874,162078,1620.78
1472,589.400077305689,161440,1614.4
1473,589.48459440724,161171,1611.71
1474,589.569111622774,163968,1639.68
1475,589.653628952536,169830,1698.3
1476,589.73814639677,169881,1698.81
1477,589.822663955722,166365,1663.65
1478,589.907181629636,249746,2497.46
1479,589.991699418759,278969,2789.69
1480,590.076217323334,241235,2412.35
1481,590.160735343608,212140,2121.4
1482,590.245253479825,190038,1900.38
1483,590.329771732231,177063,1770.63
1484,590.41429010107,200502,2005.02
1485,590.498808586588,204897,2048.97
1486,590.58332718903,186316,1863.16
1487,590.667845908641,177736,1777.36
1488,590.752364745666,171796,1717.96
1489,590.83688370035,166279,1662.79
1490,590.921402772939,165930,1659.3
1491,591.005921963678,171418,1714.18
1492,591.090441272811,170719,1707.19
1493,591.174960700584,169040,1690.4
1494,591.259480247241,169756,1697.56
1495,591.343999913029,170097,1700.97
1496,591.428519698192,167293,1672.93
1497,591.513039602976,163567,1635.67
1498,591.597559627625,161641,1616.41
1499,591.682079772385,160327,1603.27
1500,591.7666000375,158994,1589.94
1501,591.851120423216,158650,1586.5
1502,591.935640929779,158656,1586.56
1503,592.020161557432,160267,1602.67
1504,592.104682306422,160310,1603.1
1505,592.189203176993,158962,1589.62
1506,592.273724169391,158214,1582.14
1507,592.35824528386,157639,1576.39
1508,592.442766520647,157159,1571.59
1509,592.527287879995,160684,1606.84
1510,592.611809362151,162075,1620.75
1511,592.696330967358,187355,1873.55
1512,592.780852695863,193490,1934.9
1513,592.865374547911,178053,1780.53
1514,592.949896523746,169193,1691.93
1515,593.034418623614,164119,1641.19
1516,593.11894084776,196270,1962.7
1517,593.203463196429,204066,2040.66
1518,593.287985669866,183923,1839.23
1519,593.372508268317,171997,1719.97
1520,593.457030992026,165406,1654.06
1521,593.541553841238,161370,1613.7
1522,593.626076816199,159585,1595.85
1523,593.710599917154,157918,1579.18
1524,593.795123144348,156634,1566.34
1525,593.879646498027,155856,1558.56
1526,593.964169978434,161990,1619.9
1527,594.048693585816,164096,1640.96
1528,594.133217320417,160364,1603.64
1529,594.217741182483,160925,1609.25
1530,594.302265172259,160244,1602.44
1531,594.38678928999,160913,1609.13
1532,594.47131353592,160473,1604.73
1533,594.555837910296,160769,1607.69
1534,594.640362413363,159581,1595.81
1535,594.724887045364,177255,1772.55
1536,594.809411806547,181407,1814.07
1537,594.893936697155,169572,1695.72
1538,594.978461717434,169269,1692.69
1539,595.062986867629,167367,1673.67
1540,595.147512147985,162059,1620.59
1541,595.232037558747,165592,1655.92
1542,595.316563100161,171975,1719.75
1543,595.401088772471,169210,1692.1
1544,595.485614575923,163139,1631.39
1545,595.570140510762,159536,1595.36
1546,595.654666577233,157245,1572.45
1547,595.73919277558,158895,1588.95
1548,595.82371910605,160075,1600.75
1549,595.908245568888,158604,1586.04
1550,595.992772164338,163201,1632.01
1551,596.077298892645,170483,1704.83
1552,596.161825754055,167967,1679.67
1553,596.246352748813,161467,1614.67
1554,596.330879877164,157844,1578.44
1555,596.415407139353,170023,1700.23
1556,596.499934535626,173113,1731.13
1557,596.584462066227,165995,1659.95
1558,596.668989731401,164328,1643.28
1559,596.753517531394,164982,1649.82
1560,596.838045466451,165152,1651.52
1561,596.922573536817,161709,1617.09
1562,597.007101742737,157654,1576.54
1563,597.091630084456,185347,1853.47
1564,597.17615856222,207014,2070.14
1565,597.260687176273,195614,1956.14
1566,597.345215926861,181463,1814.63
1567,597.429744814228,177925,1779.25
1568,597.51427383862,171238,1712.38
1569,597.598803000283,162747,1627.47
1570,597.68333229946,164529,1645.29
1571,597.767861736398,163213,1632.13
1572,597.852391311341,164092,1640.92
1573,597.936921024535,162977,1629.77
1574,598.021450876224,161263,1612.63
1575,598.105980866655,162755,1627.55
1576,598.190510996071,160047,1600.47
1577,598.275041264718,159392,1593.92
1578,598.359571672842,160894,1608.94
1579,598.444102220687,162952,1629.52
1580,598.528632908498,160528,1605.28
1581,598.613163736522,159185,1591.85
1582,598.697694705001,164987,1649.87
1583,598.782225814183,166136,1661.36
1584,598.866757064312,164002,1640.02
1585,598.951288455633,160206,1602.06
1586,599.035819988391,158675,1586.75
1587,599.120351662832,160445,1604.45
1588,599.2048834792,158111,1581.11
1589,599.289415437741,154026,1540.26
1590,599.3739475387,152126,1521.26
1591,599.458479782322,154927,1549.27
1592,599.543012168852,158859,1588.59
1593,599.627544698535,160538,1605.38
1594,599.712077371617,157813,1578.13
1595,599.796610188342,154321,1543.21
1596,599.881143148956,156122,1561.22
1597,599.965676253703,159072,1590.72
1598,600.05020950283,157339,1573.39
1599,600.13474289658,153707,1537.07
1600,600.2192764352,151630,1516.3
1601,600.303810118934,153790,1537.9
1602,600.388343948028,153778,1537.78
1603,600.472877922726,151305,1513.05
1604,600.557412043273,153312,1533.12
1605,600.641946309916,153500,1535
1606,600.726480722899,151564,1515.64
1607,600.811015282466,150278,1502.78
1608,600.895549988864,149563,1495.63
1609,600.980084842338,148382,1483.82
1610,601.064619843132,150177,1501.77
1611,601.149154991491,151190,1511.9
1612,601.233690287662,153535,1535.35
1613,601.318225731888,153822,1538.22
1614,601.402761324415,151441,1514.41
1615,601.487297065489,152934,1529.34
1616,601.571832955354,153550,1535.5
1617,601.656368994255,155195,1551.95
1618,601.740905182438,154104,1541.04
1619,601.825441520148,150983,1509.83
1620,601.90997800763,153536,1535.36
1621,601.994514645128,156949,1569.49
1622,602.079051432889,157824,1578.24
1623,602.163588371157,155629,1556.29
1624,602.248125460177,155220,1552.2
1625,602.332662700195,154104,1541.04
1626,602.417200091456,154128,1541.28
1627,602.501737634204,153024,1530.24
1628,602.586275328686,150516,1505.16
1629,602.670813175145,148667,1486.67
1630,602.755351173828,157288,1572.88
1631,602.839889324979,159458,1594.58
1632,602.924427628843,156944,1569.44
1633,603.008966085667,157417,1574.17
1634,603.093504695693,154773,1547.73
1635,603.178043459169,150894,1508.94
1636,603.262582376339,152953,1529.53
1637,603.347121447448,155526,1555.26
1638,603.431660672741,154589,1545.89
1639,603.516200052464,151852,1518.52
1640,603.600739586861,149139,1491.39
1641,603.685279276178,147781,1477.81
1642,603.769819120659,147813,1478.13
1643,603.854359120551,147496,1474.96
1644,603.938899276098,150478,1504.78
1645,604.023439587545,154314,1543.14
1646,604.107980055137,152855,1528.55
1647,604.19252067912,152440,1524.4
1648,604.277061459738,154033,1540.33
1649,604.361602397237,151817,1518.17
1650,604.446143491862,148952,1489.52
1651,604.530684743859,161380,1613.8
1652,604.615226153471,175337,1753.37
1653,604.699767720944,173574,1735.74
1654,604.784309446525,163785,1637.85
1655,604.868851330456,158786,1587.86
1656,604.953393372984,162253,1622.53
1657,605.037935574354,166082,1660.82
1658,605.122477934812,161158,1611.58
1659,605.207020454601,176412,1764.12
1660,605.291563133967,178702,1787.02
1661,605.376105973156,165514,1655.14
1662,605.460648972412,157382,1573.82
1663,605.545192131981,151650,1516.5
1664,605.629735452108,147985,1479.85
1665,605.714278933038,146073,1460.73
1666,605.798822575015,152749,1527.49
1667,605.883366378286,154900,1549
1668,605.967910343095,150452,1504.52
1669,606.052454469688,147018,1470.18
1670,606.136998758309,145655,1456.55
1671,606.221543209204,148846,1488.46
1672,606.306087822618,149655,1496.55
1673,606.390632598795,147223,1472.23
1674,606.475177537982,149052,1490.52
1675,606.559722640423,152535,1525.35
1676,606.644267906364,153928,1539.28
1677,606.728813336049,154689,1546.89
1678,606.813358929724,152005,1520.05
1679,606.897904687633,148473,1484.73
1680,606.982450610022,146356,1463.56
1681,607.066996697137,144729,1447.29
1682,607.151542949221,147532,1475.32
1683,607.236089366521,151553,1515.53
1684,607.320635949282,150212,1502.12
1685,607.405182697748,147347,1473.47
1686,607.489729612165,149771,1497.71
1687,607.574276692777,150099,1500.99
1688,607.658823939831,147091,1470.91
1689,607.74337135357,148542,1485.42
1690,607.827918934241,151920,1519.2
1691,607.912466682089,150062,1500.62
1692,607.997014597358,146760,1467.6
1693,608.081562680293,155792,1557.92
1694,608.16611093114,157645,1576.45
1695,608.250659350145,155082,1550.82
1696,608.335207937551,155382,1553.82
1697,608.419756693605,154347,1543.47
1698,608.504305618551,150712,1507.12
1699,608.588854712634,150372,1503.72
1700,608.6734039761,149144,1491.44
1701,608.757953409194,156613,1566.13
1702,608.84250301216,161837,1618.37
1703,608.927052785245,156330,1563.3
1704,609.011602728693,151197,1511.97
1705,609.096152842749,148036,1480.36
1706,609.180703127658,145467,1454.67
1707,609.265253583666,143804,1438.04
1708,609.349804211018,143192,1431.92
1709,609.434355009958,145883,1458.83
1710,609.518905980733,145973,1459.73
1711,609.603457123586,150786,1507.86
1712,609.688008438764,184434,1844.34
1713,609.772559926511,189012,1890.12
1714,609.857111587073,168893,1688.93
1715,609.941663420694,157141,1571.41
1716,610.02621542762,150320,1503.2
1717,610.110767608096,150428,1504.28
1718,610.195319962366,149044,1490.44
1719,610.279872490677,145363,1453.63
1720,610.364425193274,143381,1433.81
1721,610.4489780704,142490,1424.9
1722,610.533531122303,141956,1419.56
1723,610.618084349226,142573,1425.73
1724,610.702637751414,146097,1460.97
1725,610.787191329114,149514,1495.14
1726,610.87174508257,148254,1482.54
1727,610.956299012027,151404,1514.04
1728,611.04085311773,151316,1513.16
1729,611.125407399925,146989,1469.89
1730,611.209961858857,144060,1440.6
1731,611.29451649477,167078,1670.78
1732,611.37907130791,181018,1810.18
1733,611.463626298523,169662,1696.62
1734,611.548181466852,160478,1604.78
1735,611.632736813144,160893,1608.93
1736,611.717292337643,157462,1574.62
1737,611.801848040595,150756,1507.56
1738,611.886403922244,146741,1467.41
1739,611.970959982837,147524,1475.24
1740,612.055516222617,149343,1493.43
1741,612.14007264183,151417,1514.17
1742,612.224629240722,152907,1529.07
1743,612.309186019537,150915,1509.15
1744,612.39374297852,161114,1611.14
1745,612.478300117917,163303,1633.03
1746,612.562857437973,171018,1710.18
1747,612.647414938933,172816,1728.16
1748,612.731972621042,160376,1603.76
1749,612.816530484545,150423,1504.23
1750,612.901088529688,162494,1624.94
1751,612.985646756714,163960,1639.6
1752,613.070205165871,155696,1556.96
1753,613.154763757402,149998,1499.98
1754,613.239322531553,144695,1446.95
1755,613.323881488569,145118,1451.18
1756,613.408440628695,143962,1439.62
1757,613.492999952176,140377,1403.77
1758,613.577559459258,141767,1417.67
1759,613.662119150185,144562,1445.62
1760,613.746679025203,142590,1425.9
1761,613.831239084557,139292,1392.92
1762,613.915799328492,140738,1407.38
1763,614.000359757252,140374,1403.74
1764,614.084920371084,138171,1381.71
1765,614.169481170232,136957,1369.57
1766,614.254042154942,136841,1368.41
1767,614.338603325458,136220,1362.2
1768,614.423164682026,139086,1390.86
1769,614.507726224891,142688,1426.88
1770,614.592287954298,140776,1407.76
1771,614.676849870492,155510,1555.1
1772,614.761411973718,158552,1585.52
1773,614.845974264222,147588,1475.88
1774,614.930536742248,141727,1417.27
1775,615.015099408042,141961,1419.61
1776,615.099662261849,140503,1405.03
1777,615.184225303914,136851,1368.51
1778,615.268788534481,138196,1381.96
1779,615.353351953797,138028,1380.28
1780,615.437915562106,142629,1426.29
1781,615.522479359654,144035,1440.35
1782,615.607043346685,139564,1395.64
1783,615.691607523446,153010,1530.1
1784,615.776171890179,155483,1554.83
1785,615.860736447132,145280,1452.8
1786,615.94530119455,139366,1393.66
1787,616.029866132676,139147,1391.47
1788,616.114431261757,138484,1384.84
1789,616.198996582037,139348,1393.48
1790,616.283562093762,141439,1414.39
1791,616.368127797177,142365,1423.65
1792,616.452693692527,139738,1397.38
1793,616.537259780057,135853,1358.53
1794,616.621826060012,137144,1371.44
1795,616.706392532638,140390,1403.9
1796,616.790959198179,138375,1383.75
1797,616.87552605688,134601,1346.01
1798,616.960093108988,154831,1548.31
1799,617.044660354746,160346,1603.46
1800,617.1292277944,157039,1570.39
1801,617.213795428195,160811,1608.11
1802,617.298363256377,154511,1545.11
1803,617.38293127919,144235,1442.35
1804,617.46749949688,137911,1379.11
1805,617.552067909691,134390,1343.9
1806,617.63663651787,132230,1322.3
1807,617.72120532166,543015,5430.15
1808,617.805774321307,664850,6648.5
1809,617.890343517057,444340,4443.4
1810,617.974912909154,310455,3104.55
1811,618.059482497843,233336,2333.36
1812,618.14405228337,189760,1897.6
1813,618.22862226598,164267,1642.67
1814,618.313192445918,149603,1496.03
1815,618.397762823429,156658,1566.58
1816,618.482333398757,160216,1602.16
1817,618.56690417215,151247,1512.47
1818,618.65147514385,147036,1470.36
1819,618.736046314105,143563,1435.63
1820,618.820617683158,139525,1395.25
1821,618.905189251254,137659,1376.59
1822,618.98976101864,136760,1367.6
1823,619.07433298556,135498,1354.98
1824,619.158905152259,139566,1395.66
1825,619.243477518983,162645,1626.45
1826,619.328050085976,165775,1657.75
1827,619.412622853484,155862,1558.62
1828,619.497195821751,152327,1523.27
1829,619.581768991023,154466,1544.66
1830,619.666342361546,150753,1507.53
1831,619.750915933564,143680,1436.8
1832,619.835489707321,139569,1395.69
1833,619.920063683065,143987,1439.87
1834,620.004637861039,147658,1476.58
1835,620.089212241489,143756,1437.56
1836,620.173786824659,139517,1395.17
1837,620.258361610796,138521,1385.21
1838,620.342936600144,137688,1376.88
1839,620.427511792947,136678,1366.78
1840,620.512087189453,142626,1426.26
1841,620.596662789905,171533,1715.33
1842,620.681238594548,185075,1850.75
1843,620.765814603629,170917,1709.17
1844,620.850390817391,155408,1554.08
1845,620.93496723608,149230,1492.3
1846,621.019543859942,151753,1517.53
1847,621.104120689221,149744,1497.44
1848,621.188697724162,145654,1456.54
1849,621.273274965011,141617,1416.17
1850,621.357852412012,137612,1376.12
1851,621.442430065412,137067,1370.67
1852,621.527007925454,136457,1364.57
1853,621.611585992385,137975,1379.75
1854,621.696164266449,138864,1388.64
1855,621.780742747892,136454,1364.54
1856,621.865321436958,134492,1344.92
1857,621.949900333892,133799,1337.99
1858,622.03447943894,136379,1363.79
1859,622.119058752348,137074,1370.74
1860,622.203638274359,135080,1350.8
1861,622.28821800522,137386,1373.86
1862,622.372797945175,137768,1377.68
1863,622.457378094469,135874,1358.74
1864,622.541958453348,134138,1341.38
1865,622.626539022057,134205,1342.05
1866,622.711119800841,134240,1342.4
1867,622.795700789945,133053,1330.53
1868,622.880281989613,144647,1446.47
1869,622.964863400093,146977,1469.77
1870,623.049445021627,139078,1390.78
1871,623.134026854462,134824,1348.24
1872,623.218608898843,132070,1320.7
1873,623.303191155015,134290,1342.9
1874,623.387773623222,135492,1354.92
1875,623.472356303711,137068,1370.68
1876,623.556939196726,139114,1391.14
1877,623.641522302512,136815,1368.15
1878,623.726105621315,132575,1325.75
1879,623.810689153379,133151,1331.51
1880,623.89527289895,132733,1327.33
1881,623.979856858273,133482,1334.82
1882,624.064441031593,138748,1387.48
1883,624.149025419156,141099,1410.99
1884,624.233610021205,143344,1433.44
1885,624.318194837987,143095,1430.95
1886,624.402779869747,140724,1407.24
1887,624.487365116729,141908,1419.08
1888,624.571950579179,141589,1415.89
1889,624.656536257342,136436,1364.36
1890,624.741122151463,130986,1309.86
1891,624.825708261788,130503,1305.03
1892,624.91029458856,136609,1366.09
1893,624.994881132027,135622,1356.22
1894,625.079467892432,133119,1331.19
1895,625.16405487002,130531,1305.31
1896,625.248642065038,127164,1271.64
1897,625.33322947773,159826,1598.26
1898,625.41781710834,171441,1714.41
1899,625.502404957115,292875,2928.75
1900,625.5869930243,322820,3228.2
1901,625.671581310139,241083,2410.83
1902,625.756169814878,642659,6426.59
1903,625.840758538762,740687,7406.87
1904,625.925347482035,479383,4793.83
1905,626.009936644944,336008,3360.08
1906,626.094526027733,250382,2503.82
1907,626.179115630648,194247,1942.47
1908,626.263705453933,163088,1630.88
1909,626.348295497833,147957,1479.57
1910,626.432885762595,137735,1377.35
1911,626.517476248462,129918,1299.18
1912,626.60206695568,139732,1397.32
1913,626.686657884495,140878,1408.78
1914,626.771249035151,131391,1313.91
1915,626.855840407893,132344,1323.44
1916,626.940432002967,130337,1303.37
1917,627.025023820618,129090,1290.9
1918,627.10961586109,143147,1431.47
1919,627.19420812463,143198,1431.98
1920,627.278800611482,142663,1426.63
1921,627.363393321891,141565,1415.65
1922,627.447986256102,167769,1677.69
1923,627.532579414361,170707,1707.07
1924,627.617172796912,148131,1481.31
1925,627.701766404002,134278,1342.78
1926,627.786360235874,126233,1262.33
1927,627.870954292774,125649,1256.49
1928,627.955548574948,124233,1242.33
1929,628.04014308264,135160,1351.6
1930,628.124737816095,137057,1370.57
1931,628.209332775559,131179,1311.79
1932,628.293927961276,126652,1266.52
1933,628.378523373493,121362,1213.62
1934,628.463119012454,117895,1178.95
1935,628.547714878403,116588,1165.88
1936,628.632310971587,119877,1198.77
1937,628.716907292251,123362,1233.62
1938,628.801503840639,124823,1248.23
1939,628.886100616996,122432,1224.32
1940,628.970697621569,118727,1187.27
1941,629.055294854601,116730,1167.3
1942,629.139892316339,118860,1188.6
1943,629.224490007026,122022,1220.22
1944,629.309087926909,120653,1206.53
1945,629.393686076233,120701,1207.01
1946,629.478284455242,119670,1196.7
1947,629.562883064182,116731,1167.31
1948,629.647481903298,115040,1150.4
1949,629.732080972835,114331,1143.31
1950,629.816680273037,116461,1164.61
1951,629.901279804152,116346,1163.46
1952,629.985879566422,117776,1177.76
1953,630.070479560095,121162,1211.62
1954,630.155079785414,122370,1223.7
1955,630.239680242624,119561,1195.61
1956,630.324280931972,115489,1154.89
1957,630.408881853702,121237,1212.37
1958,630.493483008059,124356,1243.56
1959,630.578084395288,119915,1199.15
1960,630.662686015635,115533,1155.33
1961,630.747287869345,118755,1187.55
1962,630.831889956662,119336,1193.36
1963,630.916492277832,115639,1156.39
1964,631.001094833101,113144,1131.44
1965,631.085697622712,112167,1121.67
1966,631.170300646912,115303,1153.03
1967,631.254903905945,115850,1158.5
1968,631.339507400056,120380,1203.8
1969,631.424111129492,122978,1229.78
1970,631.508715094496,126197,1261.97
1971,631.593319295314,135664,1356.64
1972,631.677923732192,135126,1351.26
1973,631.762528405373,129003,1290.03
1974,631.847133315104,124918,1249.18
1975,631.93173846163,119715,1197.15
1976,632.016343845195,118430,1184.3
1977,632.100949466045,116465,1164.65
1978,632.185555324425,112886,1128.86
1979,632.270161420579,111037,1110.37
1980,632.354767754754,110658,1106.58
1981,632.439374327195,112768,1127.68
1982,632.523981138146,112919,1129.19
1983,632.608588187852,110701,1107.01
1984,632.693195476559,110737,1107.37
1985,632.777803004512,110280,1102.8
1986,632.862410771956,110069,1100.69
1987,632.947018779136,110623,1106.23
1988,633.031627026297,111185,1111.85
1989,633.116235513685,113725,1137.25
1990,633.200844241544,120141,1201.41
1991,633.28545321012,119701,1197.01
1992,633.370062419658,114374,1143.74
1993,633.454671870403,111448,1114.48
1994,633.539281562599,109898,1098.98
1995,633.623891496493,108872,1088.72
1996,633.708501672329,108431,1084.31
1997,633.793112090353,110929,1109.29
1998,633.877722750809,110773,1107.73
1999,633.962333653943,108688,1086.88
2000,634.0469448,107671,1076.71
2001,634.131556189225,107020,1070.2
2002,634.216167821863,109727,1097.27
2003,634.300779698159,110588,1105.88
2004,634.385391818359,108597,1085.97
2005,634.470004182707,107564,1075.64
2006,634.554616791449,106811,1068.11
2007,634.639229644829,109471,1094.71
2008,634.723842743094,126775,1267.75
2009,634.808456086488,132970,1329.7
2010,634.893069675256,123624,1236.24
2011,634.977683509643,118942,1189.42
2012,635.062297589895,118908,1189.08
2013,635.146911916256,118400,1184
2014,635.231526488972,114966,1149.66
2015,635.316141308288,279829,2798.29
2016,635.400756374449,324567,3245.67
2017,635.4853716877,239145,2391.45
2018,635.569987248286,189677,1896.77
2019,635.654603056453,155309,1553.09
2020,635.739219112446,134327,1343.27
2021,635.823835416509,123200,1232
2022,635.908451968888,122414,1224.14
2023,635.993068769827,139922,1399.22
2024,636.077685819573,139382,1393.82
2025,636.16230311837,146390,1463.9
2026,636.246920666464,143197,1431.97
2027,636.331538464099,248531,2485.31
2028,636.41615651152,272878,2728.78
2029,636.500774808974,201694,2016.94
2030,636.585393356704,159369,1593.69
2031,636.670012154956,159709,1597.09
2032,636.754631203976,156422,1564.22
2033,636.839250504007,136444,1364.44
2034,636.923870055296,122059,1220.59
2035,637.008489858088,116433,1164.33
2036,637.093109912628,113060,1130.6
2037,637.17773021916,109171,1091.71
2038,637.26235077793,106431,1064.31
2039,637.346971589183,114183,1141.83
2040,637.431592653165,119554,1195.54
2041,637.51621397012,114898,1148.98
2042,637.600835540293,111964,1119.64
2043,637.68545736393,111778,1117.78
2044,637.770079441276,112441,1124.41
2045,637.854701772576,110183,1101.83
2046,637.939324358074,106667,1066.67
2047,638.023947198017,104897,1048.97
