464.9839,50794
465.068515076491,49821
465.153129906126,50213
465.237744489151,50246
465.322358825812,50024
465.406972916352,50006
465.491586761018,50045
465.576200360054,50136
465.660813713705,50194
465.745426822218,50262
465.830039685836,50422
465.914652304805,50606
465.99926467937,50584
466.083876809776,50890
466.168488696269,51130
466.253100339093,193941
466.337711738494,234372
466.422322894716,158759
466.506933808006,113974
466.591544478607,88160
466.676154906766,73341
466.760765092726,64848
466.845375036735,63276
466.929984739036,61977
467.014594199874,59291
467.099203419495,57352
467.183812398145,55709
467.268421136067,55156
467.353029633508,85274
467.437637890711,95660
467.522245907924,83425
467.60685368539,73557
467.691461223355,65380
467.776068522063,61036
467.860675581761,58333
467.945282402693,61324
468.029888985104,68173
468.11449532924,66930
468.199101435345,64954
468.283707303665,62470
468.368312934445,58911
468.45291832793,60200
468.537523484364,63181
468.622128403994,87020
468.706733087065,97926
468.791337533821,84559
468.875941744507,71553
468.96054571937,64649
469.045149458653,61032
469.129752962602,58659
469.214356231462,56875
469.298959265479,55993
469.383562064897,55631
469.468164629962,55230
469.552766960919,57847
469.637369058012,62316
469.721970921487,61608
469.80657255159,59290
469.891173948565,61117
469.975775112657,60300
470.060376044111,57342
470.144976743173,55830
470.229577210088,58724
470.314177445101,59441
470.398777448457,60886
470.483377220402,84903
470.567976761179,92418
470.652576071035,80767
470.737175150215,70802
470.821773998963,63926
470.906372617525,63460
470.990971006146,61834
471.075569165072,93364
471.160167094546,101761
471.244764794815,86099
471.329362266123,75304
471.413959508717,69966
471.498556522839,72930
471.583153308737,73775
471.667749866655,70325
471.752346196838,69277
471.836942299532,69285
471.921538174981,73058
472.00613382343,70764
472.090729245126,64097
472.175324440312,59965
472.259919409234,60926
472.344514152137,60552
472.429108669267,57659
472.513702960868,57398
472.598297027185,59108
472.682890868465,58885
472.767484484951,56763
472.852077876889,55005
472.936671044524,57998
473.021263988101,59094
473.105856707865,57763
473.190449204062,62686
473.275041476937,78926
473.359633526735,86046
473.4442253537,77363
473.528816958078,70812
473.613408340115,69354
473.697999500055,65470
473.782590438143,60796
473.867181154625,58620
473.951771649745,61425
474.03636192375,61209
474.120951976883,58679
474.20554180939,57453
474.290131421517,56278
474.374720813508,59473
474.459309985608,60177
474.543898938063,57678
474.628487671118,56089
474.713076185018,55546
474.797664480008,59055
474.882252556332,91461
474.966840414238,101312
475.051428053968,119775
475.13601547577,117138
475.220602679887,90496
475.305189666564,74662
475.389776436048,65714
475.474362988583,60927
475.558949324414,57952
475.643535443787,56392
475.728121346946,55792
475.812707034136,55220
475.897292505604,79758
475.981877761593,91033
476.066462802349,82190
476.151047628118,75767
476.235632239144,68566
476.320216635672,62108
476.404800817948,62158
476.489384786216,61379
476.573968540723,62895
476.658552081712,83563
476.74313540943,86461
476.827718524121,73922
476.91230142603,65843
476.996884115403,64241
477.081466592484,62531
477.166048857519,59053
477.250630910753,60776
477.335212752432,60639
477.419794382799,58071
477.504375802101,59688
477.588957010582,60210
477.673538008487,58036
477.758118796063,102633
477.842699373553,114792
477.927279741204,89519
478.011859899259,74067
478.096439847965,65244
478.181019587566,61196
478.265599118308,59285
478.350178440435,57322
478.434757554193,56316
478.519336459827,68774
478.603915157582,71891
478.688493647704,64286
478.773071930436,124933
478.857650006026,140598
478.942227874716,105228
479.026805536754,96374
479.111382992383,89701
479.19596024185,79649
479.280537285398,70817
479.365114123274,63381
479.449690755722,59122
479.534267182988,56568
479.618843405317,55022
479.703419422953,57973
479.787995236142,62994
479.87257084513,62323
479.95714625016,59189
480.041721451479,57032
480.126296449331,56233
480.210871243962,58548
480.295445835617,58854
480.380020224541,60414
480.464594410979,59787
480.549168395175,60629
480.633742177377,60632
480.718315757827,58323
480.802889136772,56967
480.887462314457,55789
480.972035291127,54721
481.056608067026,58427
481.141180642401,72174
481.225753017496,73247
481.310325192556,64836
481.394897167827,63323
481.479468943554,62032
481.564040519981,59418
481.648611897354,57440
481.733183075918,55679
481.817754055918,58284
481.9023248376,58891
481.986895421208,59782
482.071465806988,95884
482.156035995184,103851
482.240605986042,86446
482.325175779807,74730
482.409745376725,66073
482.494314777039,61136
482.578883980996,58097
482.663452988841,56696
482.748021800818,55818
482.832590417173,55262
482.91715883815,58700
483.001727063996,62722
483.086295094955,61438
483.170862931273,58355
483.255430573193,57576
483.339998020963,60348
483.424565274826,60977
483.509132335028,58564
483.593699201814,56905
483.678265875429,59312
483.762832356118,59438
483.847398644127,56863
483.9319647397,59026
484.016530643083,71492
484.101096354521,73047
484.185661874258,65924
484.270227202541,60895
484.354792339614,58053
484.439357285722,56974
484.523922041111,59653
484.608486606025,63527
484.69305098071,62183
484.777615165411,60942
484.862179160373,63220
484.946742965841,61986
485.03130658206,61713
485.115870009276,64477
485.200433247733,62999
485.284996297677,59626
485.369559159353,83563
485.454121833005,93047
485.53868431888,79459
485.623246617222,70138
485.707808728276,64405
485.792370652288,59907
485.876932389502,60543
485.961493940164,60040
486.046055304519,57563
486.130616482813,56930
486.215177475289,56827
486.299738282193,63090
486.384298903771,64430
486.468859340268,60240
486.553419591928,57601
486.637979658997,56697
486.722539541719,55801
486.807099240341,58101
486.891658755108,58859
486.976218086263,56944
487.060777234053,55751
487.145336198723,54977
487.229894980517,54394
487.314453579682,54811
487.399011996461,55207
487.483570231101,54711
487.568128283845,54409
487.652686154941,54280
487.737243844632,54469
487.821801353163,58647
487.906358680781,59413
487.990915827729,56756
488.075472794253,55568
488.160029580599,60128
488.244586187011,61294
488.329142613735,58826
488.413698861015,64128
488.498254929097,64856
488.582810818225,64333
488.667366528646,64330
488.751922060605,61112
488.836477414345,58890
488.921032590113,57967
489.005587588153,58879
489.090142408711,88410
489.174697052032,98614
489.259251518361,85797
489.343805807943,74326
489.428359921024,65336
489.512913857847,60122
489.597467618659,57920
489.682021203705,69135
489.76657461323,71745
489.851127847479,64395
489.935680906696,61868
490.020233791128,59878
490.104786501019,57074
490.189339036615,59385
490.27389139816,60021
490.3584435859,57768
490.44299560008,56217
490.527547440945,55334
490.612099108739,54613
490.69665060371,54212
490.7812019261,54327
490.865753076156,57816
490.950304054123,58904
491.034854860246,57198
491.119405494769,55982
491.203955957939,55534
491.288506249999,55778
491.373056371197,55333
491.457606321775,58883
491.54215610198,60653
491.626705712057,58411
491.711255152251,56381
491.795804422807,55402
491.88035352397,54821
491.964902455985,54843
492.049451219098,58921
492.133999813553,59485
492.218548239596,56993
492.303096497471,58789
492.387644587425,61481
492.472192509702,63431
492.556740264546,70781
492.641287852205,69842
492.725835272921,62879
492.810382526942,59981
492.894929614511,69098
492.979476535874,70540
493.064023291276,63999
493.148569880962,62571
493.233116305178,60793
493.317662564167,57893
493.402208658177,57260
493.486754587451,56404
493.571300352235,55190
493.655845952774,54556
493.740391389313,57812
493.824936662097,58576
493.909481771372,59358
493.994026717382,58863
494.078571500372,56902
494.163116120589,55971
494.247660578276,55328
494.33220487368,86765
494.416749007044,95811
494.501292978615,79216
494.585836788637,68920
494.670380437356,62761
494.754923925017,59885
494.839467251864,61829
494.924010418144,61331
495.0085534241,58572
495.093096269979,73017
495.177638956025,76179
495.262181482484,69980
495.3467238496,68344
495.431266057619,64242
495.515808106786,63953
495.600349997346,62504
495.684891729544,59018
495.769433303626,58518
495.853974719836,57536
495.938515978419,55819
496.023057079622,55070
496.107598023688,54770
496.192138810863,58283
496.276679441392,58869
496.361219915521,58621
496.445760233493,90676
496.530300395556,98768
496.614840401953,80657
496.69938025293,75207
496.783919948731,70669
496.868459489603,67578
496.95299887579,64255
497.037538107538,67596
497.12207718509,67321
497.206616108694,65372
497.291154878593,63334
497.375693495033,59906
497.460231958259,57389
497.544770268516,56224
497.629308426049,56132
497.713846431104,55338
497.798384283926,58212
497.882921984759,59242
497.967459533848,57641
498.05199693144,60124
498.136534177779,64429
498.22107127311,63417
498.305608217678,59457
498.390145011729,57170
498.474681655507,56047
498.559218149259,55674
498.643754493228,55890
498.72829068766,55275
498.8128267328,54568
498.897362628894,54302
498.981898376185,54262
499.066433974921,54984
499.150969425345,59013
499.235504727703,74717
499.32003988224,76562
499.404574889201,70465
499.489109748831,66835
499.573644461376,62328
499.65817902708,59123
499.742713446188,57081
499.827247718947,55905
499.9117818456,55593
499.996315826393,55301
500.080849661572,54974
500.165383351381,55077
500.249916896065,54785
500.33445029587,54976
500.41898355104,73986
500.503516661822,79150
500.588049628459,68841
500.672582451197,63650
500.757115130282,60475
500.841647665958,58227
500.92618005847,56783
501.010712308064,82645
501.095244414985,92829
501.179776379478,82612
501.264308201788,72861
501.34883988216,69111
501.433371420839,65807
501.517902818071,60743
501.6024340741,62352
501.686965189172,64652
501.771496163532,61810
501.856026997425,58250
501.940557691096,56065
502.02508824479,55261
502.109618658753,59159
502.194148933229,59736
502.278679068464,57235
502.363209064702,56189
502.44773892219,55483
502.532268641171,58341
502.616798221892,59495
502.701327664597,58166
502.785856969531,56985
502.87038613694,59649
502.954915167069,63432
503.039444060163,61996
503.123972816466,58921
503.208501436225,60933
503.293029919684,61797
503.377558267088,63016
503.462086478683,65853
503.546614554714,68213
503.631142495425,65412
503.715670301062,60657
503.800197971871,57556
503.884725508095,55997
503.969252909981,58555
504.053780177773,62543
504.138307311717,61807
504.222834312058,62382
504.307361179041,62064
504.39188791291,62689
504.476414513912,63697
504.560940982291,78108
504.645467318292,80186
504.729993522161,69674
504.814519594143,66847
504.899045534482,66659
504.983571343424,68433
505.068097021215,69253
505.152622568098,68545
505.23714798432,79811
505.321673270126,79282
505.40619842576,69000
505.490723451468,62997
505.575248347494,62545
505.659773114085,61095
505.744297751485,87104
505.828822259939,97357
505.913346639693,82018
505.997870890991,70569
506.082395014079,63977
506.166919009201,60223
506.251442876604,57768
506.335966616531,59657
506.420490229229,59787
506.505013714942,57845
506.589537073916,57049
506.674060306396,59361
506.758583412626,60436
506.843106392852,58623
506.927629247319,57094
507.012151976272,56277
507.096674579957,59125
507.181197058618,60547
507.2657194125,59045
507.350241641849,87316
507.43476374691,98690
507.519285727928,83258
507.603807585148,70966
507.688329318816,64596
507.772850929175,64282
507.857372416473,66438
507.941893780953,64341
508.02641502286,60801
508.110936142441,58309
508.195457139939,60185
508.279978015601,60306
508.364498769671,58688
508.449019402395,57641
508.533539914017,56626
508.618060304783,59267
508.702580574937,59531
508.787100724726,57613
508.871620754394,58352
508.956140664186,73629
509.040660454347,81702
509.125180125123,89666
509.209699676758,86432
509.294219109499,93419
509.378738423589,90953
509.463257619274,79648
509.5477766968,71668
509.632295656411,64353
509.716814498352,60460
509.801333222869,58315
509.885851830207,56926
509.97037032061,56643
510.054888694324,56242
510.139406951595,59822
510.223925092667,60586
510.308443117785,58048
510.392961027195,57500
510.477478821141,60485
510.56199649987,64106
510.646514063625,66511
510.731031512652,68381
510.815548847197,65566
510.900066067503,62024
510.984583173818,59531
511.069100166384,60849
511.153617045449,60703
511.238133811256,61754
511.322650464052,61674
511.407167004081,59033
511.491683431587,64528
511.576199746818,65344
511.660715950017,64676
511.745232041429,63327
511.829748021301,60078
511.914263889876,58527
511.9987796474,58716
512.083295294119,58098
512.167810830277,57620
512.252326256119,59964
512.336841571891,63225
512.421356777838,77564
512.505871874205,79536
512.590386861236,73657
512.674901739178,69351
512.759416508275,64386
512.843931168773,60914
512.928445720916,62437
513.01296016495,65581
513.097474501119,63511
513.18198872967,60355
513.266502850847,58725
513.351016864895,61168
513.435530772059,61894
513.520044572585,59323
513.604558266717,57794
513.689071854701,64390
513.773585336782,68274
513.858098713206,68928
513.942611984216,69912
514.027125150058,73113
514.111638210978,74618
514.196151167221,69889
514.280664019031,63971
514.365176766654,61138
514.449689410336,62239
514.53420195032,64973
514.618714386852,63714
514.703226720178,60523
514.787738950542,58949
514.87225107819,57753
514.956763103367,56950
515.041275026318,56531
515.125786847287,64294
515.210298566521,66483
515.294810184265,62194
515.379321700762,59831
515.463833116259,58998
515.548344431001,58280
515.632855645233,61334
515.7173667592,62078
515.801877773147,61529
515.886388687319,63698
515.970899501962,62839
516.05541021732,60126
516.139920833639,58779
516.224431351163,58286
516.308941770138,58031
516.39345209081,57641
516.477962313423,57121
516.562472438222,60356
516.646982465452,64895
516.731492395359,69359
516.816002228188,68463
516.900511964184,63782
516.985021603591,67802
517.069531146656,74914
517.154040593623,82357
517.238549944738,78629
517.323059200245,72830
517.40756836039,68730
517.492077425417,64072
517.576586395573,61073
517.661095271101,87991
517.745604052248,95115
517.830112739258,79318
517.914621332376,77250
517.999129831848,74404
518.083638237919,67848
518.168146550834,63410
518.252654770838,60603
518.337162898176,59466
518.421670933093,58904
518.506178875835,58493
518.590686726646,57882
518.675194485772,57922
518.759702153457,61341
518.844209729948,62517
518.928717215489,60734
519.013224610325,63019
519.097731914701,64153
519.182239128863,62148
519.266746253055,60809
519.351253287523,59845
519.435760232512,59078
519.520267088267,58870
519.604773855033,58606
519.689280533056,58304
519.77378712258,58143
519.85829362385,58012
519.942800037113,61951
520.027306362612,62909
520.111812600593,60624
520.196318751301,59484
520.280824814981,58674
520.365330791879,58097
520.449836682239,58406
520.534342486307,59125
520.618848204327,59127
520.703353836546,62327
520.787859383207,63051
520.872364844557,67975
520.95687022084,87974
521.041375512301,89182
521.125880719186,76234
521.21038584174,68503
521.294890880208,77585
521.379395834834,79119
521.463900705865,74077
521.548405493545,70232
521.632910198119,65614
521.717414819833,62698
521.801919358931,61207
521.88642381566,60440
521.970928190263,63486
522.055432482986,236570
522.139936694074,282937
522.224440823773,192685
522.308944872327,138669
522.393448839982,105859
522.477952726982,90361
522.562456533574,97449
522.646960260001,93669
522.731463906509,83909
522.815967473344,80104
522.90047096075,73848
522.984974368973,67908
523.069477698257,64622
523.153980948848,62793
523.238484120991,61717
523.322987214931,61556
523.407490230914,65068
523.491993169183,69691
523.576496029985,103767
523.660998813565,110474
523.745501520167,119372
523.830004150038,115584
523.914506703421,93385
523.999009180562,80206
524.083511581707,72188
524.1680139071,67665
524.252516156987,64967
524.337018331612,63419
524.421520431221,66384
524.506022456059,67354
524.590524406371,64985
524.675026282403,84622
524.759528084398,90768
524.844029812603,79336
524.928531467263,72135
525.013033048623,85698
525.097534556927,89350
525.182035992421,78964
525.266537355351,72121
525.351038645961,68643
525.435539864496,70760
525.520041011202,70741
525.604542086324,68352
525.689043090106,75114
525.773544022794,76027
525.858044884634,75294
525.942545675869,74098
526.027046396746,70288
526.11154704751,68198
526.196047628405,67122
526.280548139677,70272
526.36504858157,70698
526.449548954331,68346
526.534049258204,67585
526.618549493434,70412
526.703049660267,70804
526.787549758947,68929
526.87204978972,71178
526.956549752831,72205
527.041049648525,70458
527.125549477046,68863
527.210049238641,86304
527.294548933555,93102
527.379048562032,83514
527.463548124317,76551
527.548047620657,73900
527.632547051295,72189
527.717046416477,71077
527.801545716449,74958
527.886044951455,75860
527.97054412174,81844
528.05504322755,82045
528.139542269129,76701
528.224041246724,75684
528.308540160578,77574
528.393039010938,76811
528.477537798047,73905
528.562036522152,74720
528.646535183498,77719
528.731033782329,79916
528.815532318891,77926
528.900030793429,75097
528.984529206188,73394
529.069027557414,72346
529.15352584735,71706
529.238024076243,71068
529.322522244338,70871
529.407020351879,71357
529.491518399112,72230
529.576016386283,72388
529.660514313635,71950
529.745012181415,71322
529.829509989866,71169
529.914007739236,71509
529.998505429768,75308
530.083003061708,76684
530.167500635301,75062
530.251998150792,74211
530.336495608426,74645
530.420993008449,78039
530.505490351105,82033
530.589987636639,84298
530.674484865298,85677
530.758982037325,83382
530.843479152966,79859
530.927976212466,77876
531.012473216071,77425
531.096970164025,127768
531.181467056574,144482
531.265963893962,117920
531.350460676435,100231
531.434957404238,90446
531.519454077616,84993
531.603950696814,83713
531.688447262078,83122
531.772943773652,81157
531.857440231782,79446
531.941936636713,78166
532.026432988689,80454
532.110929287956,80866
532.19542553476,81877
532.279921729345,80929
532.364417871956,77308
532.448913962839,74112
532.533410002239,71760
532.6179059904,70141
532.702401927568,68147
532.786897813989,66653
532.871393649906,72587
532.955889435567,77216
533.040385171214,73849
533.124880857094,97928
533.209376493452,102541
533.293872080533,84406
533.378367618582,73145
533.462863107844,89637
533.547358548564,91932
533.631853940988,79946
533.71634928536,72525
533.800844581926,76959
533.885339830931,75407
533.96983503262,67250
534.054330187238,62067
534.13882529503,61703
534.223320356242,60461
534.307815371118,57818
534.392310339903,56529
534.476805262844,55643
534.561300140184,55071
534.64579497217,61602
534.730289759045,63043
534.814784501056,62564
534.899279198448,61699
534.983773851465,58623
535.068268460352,59767
535.152763025356,69449
535.23725754672,88450
535.321752024691,88288
535.406246459513,74591
535.490740851431,65723
535.575235200691,60912
535.659729507538,58218
535.744223772216,466716
535.828717994971,582691
535.913212176048,361276
535.997706315693,229845
536.08220041415,164511
536.166694471664,124453
536.251188488481,95065
536.335682464845,78034
536.420176401003,68378
536.504670297198,62477
536.589164153677,58757
536.673657970684,56765
536.758151748464,56537
536.842645487263,55950
536.927139187325,54989
537.011632848896,58011
537.096126472221,59350
537.180620057546,61953
537.265113605114,64969
537.349607115172,62824
537.434100587964,60018
537.518594023736,58088
537.603087422733,56847
537.687580785199,56362
537.772074111381,59018
537.856567401522,70324
537.941060655869,82617
538.025553874667,78553
538.11004705816,69019
538.194540206593,63408
538.279033320213,60113
538.363526399263,59370
538.44801944399,60624
538.532512454637,63538
538.617005431451,70755
538.701498374677,76199
538.785991284559,79351
538.870484161343,82896
538.954977005273,89302
539.039469816596,91579
539.123962595556,89680
539.208455342398,94192
539.292948057368,96598
539.37744074071,91166
539.46193339267,88449
539.546426013493,87744
539.630918603424,89482
539.715411162708,86243
539.79990369159,82235
539.884396190315,78381
539.968888659129,99211
540.053381098277,109015
540.137873508003,94397
540.222365888553,80938
540.306858240173,73104
540.391350563106,68133
540.475842857599,71621
540.560335123896,71055
540.644827362243,68843
540.729319572884,70020
540.813811756066,66920
540.898303912032,62293
540.982796041028,59533
541.0672881433,57672
541.151780219092,56706
541.23627226865,55699
541.320764292218,54877
541.405256290042,54926
541.489748262367,57748
541.574240209438,63000
541.6587321315,62522
541.743224028798,62489
541.827715901578,61464
541.912207750085,58371
541.996699574563,57195
542.081191375258,56488
542.165683152415,59567
542.250174906279,60111
542.334666637096,57489
542.41915834511,55919
542.503650030566,77095
542.58814169371,86064
542.672633334787,82249
542.757124954042,75977
542.841616551719,67410
542.926108128065,65539
543.010599683325,63815
543.095091217743,61230
543.179582731564,87008
543.264074225034,93983
543.348565698398,79792
543.433057151901,72707
543.517548585789,70415
543.602040000305,78065
543.686531395696,86634
543.771022772206,88242
543.855514130081,93013
543.940005469566,100435
544.024496790906,102815
544.108988094346,111028
544.193479380131,118379
544.277970648506,118630
544.362461899717,118005
544.446953134009,122752
544.531444351626,125965
544.615935552814,128356
544.700426737818,131485
544.784917906884,132488
544.869409060255,136806
544.953900198178,139569
545.038391320898,139058
545.122882428659,138875
545.207373521708,139396
545.291864600288,140533
545.376355664645,141628
545.460846715024,174912
545.545337751671,185649
545.62982877483,169807
545.714319784747,163159
545.798810781666,162392
545.883301765834,158910
545.967792737495,157341
546.052283696893,155326
546.136774644275,155011
546.221265579886,153556
546.30575650397,150593
546.390247416772,148441
546.474738318539,146629
546.559229209514,146390
546.643720089944,146729
546.728210960073,146859
546.812701820146,149766
546.897192670409,155682
546.981683511106,156571
547.066174342483,153934
547.150665164785,154422
547.235155978257,158140
547.319646783145,157940
547.404137579692,156054
547.488628368145,155342
547.573119148749,154625
547.657609921748,154071
547.742100687388,156802
547.826591445914,158305
547.911082197572,157599
547.995572942605,157034
548.08006368126,155594
548.164554413782,154665
548.249045140415,154271
548.333535861404,154777
548.418026576996,172470
548.502517287435,177633
548.587007992966,169429
548.671498693834,164293
548.755989390285,167275
548.840480082563,171222
548.924970770915,168595
549.009461455584,164771
549.093952136815,165858
549.178442814856,165571
549.262933489949,163362
549.347424162341,169940
549.431914832276,171377
549.5164055,167161
549.600896165758,166523
549.685386829794,165704
549.769877492355,164331
549.854368153685,163762
549.938858814029,181307
550.023349473633,189189
550.107840132742,184083
550.1923307916,177818
550.276821450453,171696
550.361312109546,168205
550.445802769124,170032
550.530293429432,170532
550.614784090716,168647
550.69927475322,167433
550.78376541719,166447
550.868256082871,165725
550.952746750508,166065
551.037237420346,169784
551.12172809263,171692
551.206218767606,170530
551.290709445518,169584
551.375200126611,168716
551.459690811131,172571
551.544181499323,174122
551.628672191433,172283
551.713162887704,170796
551.797653588383,169678
551.882144293714,168955
551.966635003943,169105
552.051125719314,173490
552.135616440073,180748
552.220107166465,180144
552.304597898735,178524
552.389088637129,177267
552.473579381891,195886
552.558070133266,200604
552.6425608915,189156
552.727051656838,182799
552.811542429524,204394
552.896033209805,208812
552.980523997925,197627
553.065014794129,189903
553.149505598662,183234
553.23399641177,179662
553.318487233698,180642
553.402978064691,193497
553.487468904993,206026
553.571959754851,200567
553.656450614509,189207
553.740941484213,182318
553.825432364206,185146
553.909923254736,185225
553.994414156046,187060
554.078905068382,186446
554.16339599199,181766
554.247886927113,179451
554.332377873998,200912
554.416868832889,206389
554.501359804032,193978
554.585850787671,186739
554.670341784053,182708
554.754832793421,180518
554.839323816021,178908
554.923814852099,178192
555.008305901899,178118
555.092796965667,185673
555.177288043647,188042
555.261779136085,210396
555.346270243226,215824
555.430761365315,204765
555.515252502597,199901
555.599743655318,194313
555.684234823722,188660
555.768726008055,188652
555.853217208561,190831
555.937708425486,188146
556.022199659075,208180
556.106690909574,213199
556.191182177226,203113
556.275673462278,195670
556.360164764975,192181
556.444656085561,194374
556.529147424282,191850
556.613638781383,188427
556.698130157109,186566
556.782621551706,188366
556.867112965417,188686
556.951604398489,192430
557.036095851167,199736
557.120587323695,197763
557.20507881632,191778
557.289570329285,188320
557.374061862836,189518
557.458553417219,189864
557.543044992678,190763
557.627536589459,190583
557.712028207806,191778
557.796519847966,191266
557.881011510182,195263
557.9655031947,199019
558.049994901765,195145
558.134486631623,190176
558.218978384519,187415
558.303470160697,189020
558.387961960402,188880
558.472453783881,189082
558.556945631378,190244
558.641437503137,218449
558.725929399405,235509
558.810421320427,222203
558.894913266447,206907
558.97940523771,198576
559.063897234463,196958
559.14838925695,198613
559.232881305415,196083
559.317373380105,192078
559.401865481264,193924
559.486357609138,194361
559.570849763971,191393
559.65534194601,190220
559.739834155498,193392
559.824326392681,193779
559.908818657804,194965
559.993310951113,194866
560.077803272852,192247
560.162295623266,190420
560.246788002602,189553
560.331280411103,192746
560.415772849015,196664
560.500265316583,199152
560.584757814052,203842
560.669250341668,202111
560.753742899676,196469
560.83823548832,196917
560.922728107845,196195
561.007220758498,193483
561.091713440523,192581
561.176206154165,191713
561.260698899669,191883
561.345191677281,191999
561.429684487245,192016
561.514177329807,192415
561.598670205212,192331
561.683163113705,193485
561.767656055531,193826
561.852149030935,197023
561.936642040163,201571
562.021135083459,200667
562.105628161069,197504
562.190121273237,199226
562.27461442021,199205
562.359107602232,207861
562.443600819547,209094
562.528094072403,205227
562.612587361042,210600
562.697080685712,212164
562.781574046656,209116
562.866067444119,222480
562.950560878348,222460
563.035054349587,209706
563.119547858082,205757
563.204041404076,203305
563.288534987816,200537
563.373028609547,197741
563.457522269514,195882
563.542015967961,194753
563.626509705135,197265
563.71100348128,201579
563.795497296641,200776
563.879991151464,198060
563.964485045993,196699
564.048978980475,195990
564.133472955153,196762
564.217966970273,196815
564.30246102608,199775
564.386955122819,203607
564.471449260736,205594
564.555943440075,203424
564.640437661083,199808
564.724931924002,270194
564.80942622908,292702
564.893920576561,254309
564.97841496669,232585
565.062909399713,219472
565.147403875874,220342
565.231898395419,217203
565.316392958592,207950
565.400887565639,202235
565.485382216806,199221
565.569876912336,197669
565.654371652476,197050
565.73886643747,199482
565.823361267564,200671
565.907856143003,219755
565.992351064031,225038
566.076846030894,214283
566.161341043838,207414
566.245836103106,203114
566.330331208945,201267
566.4148263616,200627
566.499321561315,203152
566.583816808336,203810
566.668312102908,205577
566.752807445276,205478
566.837302835685,204787
566.92179827438,205922
567.006293761607,205221
567.090789297611,203202
567.175284882636,208026
567.259780516928,209303
567.344276200732,205588
567.428771934293,203475
567.513267717856,206025
567.597763551667,206211
567.68225943597,203785
567.766755371011,223249
567.851251357034,228585
567.935747394286,216897
568.020243483011,216612
568.104739623454,214425
568.18923581586,231504
568.273732060474,234962
568.358228357543,220542
568.442724707309,211948
568.52722111002,207350
568.61171756592,204578
568.696214075254,203443
568.780710638267,202551
568.865207255205,201582
568.949703926312,202101
569.034200651834,205537
569.118697432015,206028
569.203194267102,204066
569.287691157338,206138
569.37218810297,212003
569.456685104242,221692
569.5411821614,221271
569.625679274688,213806
569.710176444352,212467
569.794673670637,210068
569.879170953788,205855
569.96366829405,207135
570.048165691668,214078
570.132663146887,213308
570.217160659954,215293
570.301658231112,214624
570.386155860606,209761
570.470653548683,206657
570.555151295587,204443
570.639649101562,203105
570.724146966856,202610
570.808644891712,205778
570.893142876375,211073
570.977640921091,211802
571.062139026105,211760
571.146637191662,229279
571.231135418007,232321
571.315633705386,220580
571.400132054043,217008
571.484630464223,217836
571.569128936172,214468
571.653627470135,209316
571.738126066357,213617
571.822624725083,217535
571.907123446559,213656
571.991622231028,216148
572.076121078737,221230
572.160619989931,217910
572.245118964855,214481
572.329618003753,210572
572.414117106872,210143
572.498616274455,214477
572.583115506749,211479
572.667614803999,205160
572.752114166448,201888
572.836613594344,200841
572.921113087931,200518
573.005612647453,199314
573.090112273157,198555
573.174611965286,202211
573.259111724088,209680
573.343611549805,217247
573.428111442685,240709
573.512611402971,244441
573.597111430909,271440
573.681611526744,274475
573.766111690721,254499
573.850611923086,237491
573.935112224083,220873
574.019612593957,211639
574.104113032955,207521
574.18861354132,208544
574.273114119298,208005
574.357614767134,208428
574.442115485074,207141
574.526616273362,252150
574.611117132243,263613
574.695618061963,253226
574.780119062767,245024
574.8646201349,228211
574.949121278607,219665
575.033622494133,216272
575.118123781723,214271
575.202625141623,209747
575.287126574078,204343
575.371628079332,201715
575.456129657631,200448
575.54063130922,199896
575.625133034344,203440
575.709634833249,209612
575.794136706179,208665
575.878638653379,203570
575.963140675095,200383
576.047642771572,198506
576.132144943055,197678
576.216647189789,201802
576.301149512019,202629
576.38565190999,199775
576.470154383948,198237
576.554656934138,198068
576.639159560804,201981
576.723662264192,203253
576.808165044547,232208
576.892667902114,242277
576.977170837139,224880
577.061673849866,211872
577.146176940541,205178
577.230680109408,201868
577.315183356713,200224
577.399686682701,202208
577.484190087617,225836
577.568693571706,229789
577.653197135214,215350
577.737700778385,210202
577.822204501465,205730
577.906708304698,200415
577.991212188331,231059
578.075716152607,238723
578.160220197773,223602
578.244724324073,213521
578.329228531752,212319
578.413732821056,213009
578.49823719223,206896
578.582741645518,200586
578.667246181166,199945
578.75175079942,198783
578.836255500524,199365
578.920760284723,206636
579.005265152262,205921
579.089770103388,200134
579.174275138344,196366
579.258780257375,193541
579.343285460728,192065
579.427790748647,191481
579.512296121378,191070
579.596801579165,190598
579.681307122253,191412
579.765812750888,192340
579.850318465315,191571
579.934824265779,190506
580.019330152525,190017
580.103836125799,208214
580.188342185844,213276
580.272848332908,206162
580.357354567233,200938
580.441860889067,195911
580.526367298654,192495
580.610873796238,197193
580.695380382066,197762
580.779887056382,193208
580.864393819432,194979
580.94890067146,194975
581.033407612712,191298
581.117914643433,189278
581.202421763867,188653
581.286928974261,188486
581.371436274859,191049
581.455943665907,190930
581.540451147649,191834
581.62495872033,190886
581.709466384197,187893
581.793974139493,186433
581.878481986465,191983
581.962989925357,192977
582.047497956414,195973
582.132006079881,198546
582.216514296004,194186
582.301022605028,189806
582.385531007198,196853
582.470039502758,198055
582.554548091955,192244
582.639056775033,188794
582.723565552238,186022
582.808074423814,184656
582.892583390007,183844
582.977092451061,190290
583.061601607223,192078
583.146110858736,189904
583.230620205847,189748
583.3151296488,187472
583.399639187841,188522
583.484148823214,188120
583.568658555165,185636
583.653168383939,184039
583.73767830978,189376
583.822188332935,190935
583.906698453649,190008
583.991208672165,187910
584.075718988731,184166
584.16022940359,185241
584.244739916987,184937
584.329250529169,182096
584.41376124038,180195
584.498272050865,179465
584.58278296087,179539
584.667293970638,188131
584.751805080417,197220
584.83631629045,194406
584.920827600983,187848
585.005339012262,183919
585.08985052453,184598
585.174362138034,187144
585.258873853018,188437
585.343385669727,185968
585.427897588408,182175
585.512409609304,179408
585.596921732661,177858
585.681433958724,179709
585.765946287739,179836
585.85045871995,181853
585.934971255602,185910
586.019483894941,192062
586.103996638212,193625
586.18850948566,188212
586.27302243753,183286
586.357535494067,179760
586.442048655516,201398
586.526561922122,227154
586.611075294132,219092
586.695588771789,200338
586.780102355339,189664
586.864616045027,187036
586.949129841097,183724
587.033643743797,179103
587.118157753369,176986
587.20267187006,175747
587.287186094115,174528
587.371700425779,174318
587.456214865296,173960
587.540729412912,173571
587.625244068873,173174
587.709758833423,175573
587.794273706808,176642
587.878788689272,175568
587.963303781061,174303
588.047818982419,173522
588.132334293593,175830
588.216849714827,179845
588.301365246366,178865
588.385880888455,175978
588.47039664134,173999
588.554912505266,172340
588.639428480477,175219
588.72394456722,180652
588.808460765738,186756
588.892977076278,184604
588.977493499084,178162
589.062010034401,174079
589.146526682475,171780
589.231043443551,170340
589.315560317874,169201
589.400077305689,168789
589.48459440724,168880
589.569111622774,171946
589.653628952536,177648
589.73814639677,177582
589.822663955722,174058
589.907181629636,261430
589.991699418759,292069
590.076217323334,252302
590.160735343608,221574
590.245253479825,198610
590.329771732231,185191
590.41429010107,209036
590.498808586588,213326
590.58332718903,194107
590.667845908641,185309
590.752364745666,179217
590.83688370035,173767
590.921402772939,173581
591.005921963678,179440
591.090441272811,178493
591.174960700584,176232
591.259480247241,176793
591.343999913029,177273
591.428519698192,174813
591.513039602976,171153
591.597559627625,169015
591.682079772385,167866
591.7666000375,166482
591.851120423216,166161
591.935640929779,165802
592.020161557432,167188
592.104682306422,167458
592.189203176993,166109
592.273724169391,165243
592.35824528386,164548
592.442766520647,163986
592.527287879995,167500
592.611809362151,168911
592.696330967358,194755
592.780852695863,200842
592.865374547911,185007
592.949896523746,175815
593.034418623614,170693
593.11894084776,204376
593.203463196429,212482
593.287985669866,191961
593.372508268317,179678
593.457030992026,172807
593.541553841238,169049
593.626076816199,167295
593.710599917154,165426
593.795123144348,163745
593.879646498027,163023
593.964169978434,169339
594.048693585816,171149
594.133217320417,167354
594.217741182483,168314
594.302265172259,167464
594.38678928999,167915
594.47131353592,166984
594.555837910296,167426
594.640362413363,166546
594.724887045364,184901
594.809411806547,189418
594.893936697155,176980
594.978461717434,176366
595.062986867629,173691
595.147512147985,168099
595.232037558747,172149
595.316563100161,178736
595.401088772471,176311
595.485614575923,170150
595.570140510762,166208
595.654666577233,163671
595.73919277558,165678
595.82371910605,167382
595.908245568888,165519
595.992772164338,170082
596.077298892645,178068
596.161825754055,175340
596.246352748813,168279
596.330879877164,164584
596.415407139353,176872
596.499934535626,179921
596.584462066227,172769
596.668989731401,171060
596.753517531394,171786
596.838045466451,171757
596.922573536817,167898
597.007101742737,163611
597.091630084456,192333
597.17615856222,214898
597.260687176273,203230
597.345215926861,188624
597.429744814228,184723
597.51427383862,177572
597.598803000283,169210
597.68333229946,171210
597.767861736398,169823
597.852391311341,170955
597.936921024535,170025
598.021450876224,167971
598.105980866655,169238
598.190510996071,166132
598.275041264718,165269
598.359571672842,167144
598.444102220687,169067
598.528632908498,166574
598.613163736522,165464
598.697694705001,171741
598.782225814183,173234
598.866757064312,170819
598.951288455633,166559
599.035819988391,164968
599.120351662832,166595
599.2048834792,164134
599.289415437741,160303
599.3739475387,158964
599.458479782322,161581
599.543012168852,164837
599.627544698535,166425
599.712077371617,163629
599.796610188342,159987
599.881143148956,162098
599.965676253703,165120
600.05020950283,163250
600.13474289658,159542
600.2192764352,157495
600.303810118934,159746
600.388343948028,159766
600.472877922726,157424
600.557412043273,159530
600.641946309916,159210
600.726480722899,156563
600.811015282466,155392
600.895549988864,154663
600.980084842338,154062
601.064619843132,156154
601.149154991491,156904
601.233690287662,159667
601.318225731888,159804
601.402761324415,157407
601.487297065489,158933
601.571832955354,159180
601.656368994255,160597
601.740905182438,159457
601.825441520148,156265
601.90997800763,158899
601.994514645128,162449
602.079051432889,163421
602.163588371157,161491
602.248125460177,161204
602.332662700195,159963
602.417200091456,160606
602.501737634204,159317
602.586275328686,156151
602.670813175145,154091
602.755351173828,162919
602.839889324979,165496
602.924427628843,163199
603.008966085667,163829
603.093504695693,161016
603.178043459169,157073
603.262582376339,159112
603.347121447448,161515
603.431660672741,160433
603.516200052464,157485
603.600739586861,154906
603.685279276178,153877
603.769819120659,154094
603.854359120551,153634
603.938899276098,156666
604.023439587545,160243
604.107980055137,158427
604.19252067912,158465
604.277061459738,160714
604.361602397237,158451
604.446143491862,154771
604.530684743859,166987
604.615226153471,181281
604.699767720944,179563
604.784309446525,170092
604.868851330456,165800
604.953393372984,169123
605.037935574354,172849
605.122477934812,168060
605.207020454601,183511
605.291563133967,185492
605.376105973156,171738
605.460648972412,163504
605.545192131981,158019
605.629735452108,154550
605.714278933038,152447
605.798822575015,158743
605.883366378286,160663
605.967910343095,156228
606.052454469688,153248
606.136998758309,152197
606.221543209204,155258
606.306087822618,155539
606.390632598795,152788
606.475177537982,154528
606.559722640423,157933
606.644267906364,159484
606.728813336049,160588
606.813358929724,158212
606.897904687633,154393
606.982450610022,151796
607.066996697137,150238
607.151542949221,153020
607.236089366521,156880
607.320635949282,155550
607.405182697748,152823
607.489729612165,155640
607.574276692777,155917
607.658823939831,153041
607.74337135357,154781
607.827918934241,157625
607.912466682089,155718
607.997014597358,152659
608.081562680293,161965
608.16611093114,163851
608.250659350145,160956
608.335207937551,160727
608.419756693605,159766
608.504305618551,156316
608.588854712634,156238
608.6734039761,155007
608.757953409194,162511
608.84250301216,167898
608.927052785245,162075
609.011602728693,156836
609.096152842749,153622
609.180703127658,150850
609.265253583666,149293
609.349804211018,148778
609.434355009958,151615
609.518905980733,151746
609.603457123586,156784
609.688008438764,191257
609.772559926511,195859
609.857111587073,174740
609.941663420694,162556
610.02621542762,155735
610.110767608096,155829
610.195319962366,154416
610.279872490677,150790
610.364425193274,148937
610.4489780704,147917
610.533531122303,147434
610.618084349226,148329
610.702637751414,151725
610.787191329114,155005
610.87174508257,153306
610.956299012027,156886
611.04085311773,156984
611.125407399925,152235
611.209961858857,149555
611.29451649477,173591
611.37907130791,187848
611.463626298523,175596
611.548181466852,166220
611.632736813144,166851
611.717292337643,163438
611.801848040595,156415
611.886403922244,152427
611.970959982837,153317
612.055516222617,154919
612.14007264183,156486
612.224629240722,157772
612.309186019537,155591
612.39374297852,165871
612.478300117917,168057
612.562857437973,176277
612.647414938933,178219
612.731972621042,165836
612.816530484545,156015
612.901088529688,168081
612.985646756714,169184
613.070205165871,160689
613.154763757402,154914
613.239322531553,149214
613.323881488569,149437
613.408440628695,148039
613.492999952176,144681
613.577559459258,146532
613.662119150185,149798
613.746679025203,147875
613.831239084557,144408
613.915799328492,145673
614.000359757252,145233
614.084920371084,142641
614.169481170232,141386
614.254042154942,141346
614.338603325458,140482
614.423164682026,143229
614.507726224891,146632
614.592287954298,144747
614.676849870492,160103
614.761411973718,163086
614.845974264222,151579
614.930536742248,145415
615.015099408042,145820
615.099662261849,144443
615.184225303914,140823
615.268788534481,142621
615.353351953797,142840
615.437915562106,147254
615.522479359654,148158
615.607043346685,143763
615.691607523446,158119
615.776171890179,160557
615.860736447132,150017
615.94530119455,143937
616.029866132676,143558
616.114431261757,142639
616.198996582037,143082
616.283562093762,145152
616.368127797177,146397
616.452693692527,143972
616.537259780057,140026
616.621826060012,141581
616.706392532638,144879
616.790959198179,142915
616.87552605688,138937
616.960093108988,159611
617.044660354746,164957
617.1292277944,161271
617.213795428195,165143
617.298363256377,158562
617.38293127919,148112
617.46749949688,141914
617.552067909691,138320
617.63663651787,135939
617.72120532166,588430
617.805774321307,722138
617.890343517057,478846
617.974912909154,331632
618.059482497843,246933
618.14405228337,199054
618.22862226598,171474
618.313192445918,155186
618.397762823429,161381
618.482333398757,164537
618.56690417215,154624
618.65147514385,150468
618.736046314105,147164
618.820617683158,142870
618.905189251254,140794
618.98976101864,139807
619.07433298556,138958
619.158905152259,143216
619.243477518983,167053
619.328050085976,170396
619.412622853484,159964
619.497195821751,156319
619.581768991023,158756
619.666342361546,155191
619.750915933564,147741
619.835489707321,143785
619.920063683065,148503
620.004637861039,152177
620.089212241489,148160
620.173786824659,143262
620.258361610796,142118
620.342936600144,141067
620.427511792947,140036
620.512087189453,146161
620.596662789905,176012
620.681238594548,190283
620.765814603629,175934
620.850390817391,160369
620.93496723608,154016
621.019543859942,156531
621.104120689221,154264
621.188697724162,149780
621.273274965011,146247
621.357852412012,142534
621.442430065412,141685
621.527007925454,140819
621.611585992385,142420
621.696164266449,143729
621.780742747892,141772
621.865321436958,139645
621.949900333892,138806
622.03447943894,141495
622.119058752348,141944
622.203638274359,139631
622.28821800522,141931
622.372797945175,142417
622.457378094469,140654
622.541958453348,138952
622.626539022057,139090
622.711119800841,139125
622.795700789945,137786
622.880281989613,149680
622.964863400093,152281
623.049445021627,144572
623.134026854462,140441
623.218608898843,137587
623.303191155015,139441
623.387773623222,140126
623.472356303711,141181
623.556939196726,143202
623.641522302512,140774
623.726105621315,136835
623.810689153379,137850
623.89527289895,137060
623.979856858273,137659
624.064441031593,142717
624.149025419156,144875
624.233610021205,147486
624.318194837987,147201
624.402779869747,144814
624.487365116729,146401
624.571950579179,146283
624.656536257342,140458
624.741122151463,134600
624.825708261788,134008
624.91029458856,139965
624.994881132027,139151
625.079467892432,136852
625.16405487002,134314
625.248642065038,130969
625.33322947773,164224
625.41781710834,175964
625.502404957115,299716
625.5869930243,329952
625.671581310139,246108
625.756169814878,560345
625.840758538762,633317
625.925347482035,418822
626.009936644944,302852
626.094526027733,232901
626.179115630648,185337
626.263705453933,159253
626.348295497833,147441
626.432885762595,138822
626.517476248462,131712
626.60206695568,142238
626.686657884495,143597
626.771249035151,133869
626.855840407893,134876
626.940432002967,133115
627.025023820618,132050
627.10961586109,146609
627.19420812463,146637
627.278800611482,145971
627.363393321891,144802
627.447986256102,171956
627.532579414361,175026
627.617172796912,152036
627.701766404002,137731
627.786360235874,129323
627.870954292774,128193
627.955548574948,126115
628.04014308264,137625
628.124737816095,139910
628.209332775559,133675
628.293927961276,128798
628.378523373493,123444
628.463119012454,120208
628.547714878403,119036
628.632310971587,122408
628.716907292251,126229
628.801503840639,127836
628.886100616996,124895
628.970697621569,120667
629.055294854601,118830
629.139892316339,121225
629.224490007026,124126
629.309087926909,122712
629.393686076233,123050
629.478284455242,121852
629.562883064182,118351
629.647481903298,116595
629.732080972835,115666
629.816680273037,117823
629.901279804152,118004
629.985879566422,119195
630.070479560095,122502
630.155079785414,124101
630.239680242624,121483
630.324280931972,117648
630.408881853702,123766
630.493483008059,126820
630.578084395288,121862
630.662686015635,117484
630.747287869345,120822
630.831889956662,121255
630.916492277832,117025
631.001094833101,114382
631.085697622712,113297
631.170300646912,116701
631.254903905945,117587
631.339507400056,121997
631.424111129492,125034
631.508715094496,128546
631.593319295314,138232
631.677923732192,137902
631.762528405373,131667
631.847133315104,127516
631.93173846163,121919
632.016343845195,120258
632.100949466045,118103
632.185555324425,114358
632.270161420579,112224
632.354767754754,111459
632.439374327195,113660
632.523981138146,113565
632.608588187852,111461
632.693195476559,112184
632.777803004512,111912
632.862410771956,111678
632.947018779136,111790
633.031627026297,111894
633.116235513685,114590
633.200844241544,121434
633.28545321012,121160
633.370062419658,115804
633.454671870403,112672
633.539281562599,110808
633.623891496493,109703
633.708501672329,109169
633.793112090353,112068
633.877722750809,112332
633.962333653943,110192
634.0469448,109140
634.131556189225,108531
634.216167821863,111204
634.300779698159,111760
634.385391818359,109652
634.470004182707,108830
634.554616791449,108097
634.639229644829,110657
634.723842743094,128365
634.808456086488,134773
634.893069675256,125452
634.977683509643,120315
635.062297589895,120085
635.146911916256,120036
635.231526488972,116390
635.316141308288,291865
635.400756374449,339537
635.4853716877,248327
635.569987248286,195357
635.654603056453,158935
635.739219112446,136575
635.823835416509,124624
635.908451968888,123475
635.993068769827,141606
636.077685819573,141058
636.16230311837,148534
636.246920666464,145783
636.331538464099,255217
636.41615651152,280371
636.500774808974,206140
636.585393356704,162122
636.670012154956,162148
636.754631203976,158862
636.839250504007,138466
636.923870055296,123779
637.008489858088,117938
637.093109912628,114355
637.17773021916,110199
637.26235077793,107448
637.346971589183,115649
637.431592653165,121575
637.51621397012,116674
637.600835540293,112981
637.68545736393,112649
637.770079441276,113427
637.854701772576,110790
637.939324358074,106792
638.023947198017,104927
