Scan Date:,2025-05-26 16:21:52Z
Integration Time:,1000
Number of Averages:,100

Pixel Number,Wavelength (nm),Sum Spectrum,Averaged Spectrum
0,464.9839,50794,507.94
1,465.068515076491,49821,498.21
2,465.153129906126,50213,502.13
3,465.237744489151,50246,502.46
4,465.322358825812,50024,500.24
5,465.406972916352,50006,500.06
6,465.491586761018,50045,500.45
7,465.576200360054,50136,501.36
8,465.660813713705,50194,501.94
9,465.745426822218,50262,502.62
10,465.830039685836,50422,504.22
11,465.914652304805,50606,506.06
12,465.99926467937,50584,505.84
13,466.083876809776,50890,508.9
14,466.168488696269,51130,511.3
15,466.253100339093,193941,1939.41
16,466.337711738494,234372,2343.72
17,466.422322894716,158759,1587.59
18,466.506933808006,113974,1139.74
19,466.591544478607,88160,881.6
20,466.676154906766,73341,733.41
21,466.760765092726,64848,648.48
22,466.845375036735,63276,632.76
23,466.929984739036,61977,619.77
24,467.014594199874,59291,592.91
25,467.099203419495,57352,573.52
26,467.183812398145,55709,557.09
27,467.268421136067,55156,551.56
28,467.353029633508,85274,852.74
29,467.437637890711,95660,956.6
30,467.522245907924,83425,834.25
31,467.60685368539,73557,735.57
32,467.691461223355,65380,653.8
33,467.776068522063,61036,610.36
34,467.860675581761,58333,583.33
35,467.945282402693,61324,613.24
36,468.029888985104,68173,681.73
37,468.11449532924,66930,669.3
38,468.199101435345,64954,649.54
39,468.283707303665,62470,624.7
40,468.368312934445,58911,589.11
41,468.45291832793,60200,602
42,468.537523484364,63181,631.81
43,468.622128403994,87020,870.2
44,468.706733087065,97926,979.26
45,468.791337533821,84559,845.59
46,468.875941744507,71553,715.53
47,468.96054571937,64649,646.49
48,469.045149458653,61032,610.32
49,469.129752962602,58659,586.59
50,469.214356231462,56875,568.75
51,469.298959265479,55993,559.93
52,469.383562064897,55631,556.31
53,469.468164629962,55230,552.3
54,469.552766960919,57847,578.47
55,469.637369058012,62316,623.16
56,469.721970921487,61608,616.08
57,469.80657255159,59290,592.9
58,469.891173948565,61117,611.17
59,469.975775112657,60300,603
60,470.060376044111,57342,573.42
61,470.144976743173,55830,558.3
62,470.229577210088,58724,587.24
63,470.314177445101,59441,594.41
64,470.398777448457,60886,608.86
65,470.483377220402,84903,849.03
66,470.567976761179,92418,924.18
67,470.652576071035,80767,807.67
68,470.737175150215,70802,708.02
69,470.821773998963,63926,639.26
70,470.906372617525,63460,634.6
71,470.990971006146,61834,618.34
72,471.075569165072,93364,933.64
73,471.160167094546,101761,1017.61
74,471.244764794815,86099,860.99
75,471.329362266123,75304,753.04
76,471.413959508717,69966,699.66
77,471.498556522839,72930,729.3
78,471.583153308737,73775,737.75
79,471.667749866655,70325,703.25
80,471.752346196838,69277,692.77
81,471.836942299532,69285,692.85
82,471.921538174981,73058,730.58
83,472.00613382343,70764,707.64
84,472.090729245126,64097,640.97
85,472.175324440312,59965,599.65
86,472.259919409234,60926,609.26
87,472.344514152137,60552,605.52
88,472.429108669267,57659,576.59
89,472.513702960868,57398,573.98
90,472.598297027185,59108,591.08
91,472.682890868465,58885,588.85
92,472.767484484951,56763,567.63
93,472.852077876889,55005,550.05
94,472.936671044524,57998,579.98
95,473.021263988101,59094,590.94
96,473.105856707865,57763,577.63
97,473.190449204062,62686,626.86
98,473.275041476937,78926,789.26
99,473.359633526735,86046,860.46
100,473.4442253537,77363,773.63
101,473.528816958078,70812,708.12
102,473.613408340115,69354,693.54
103,473.697999500055,65470,654.7
104,473.782590438143,60796,607.96
105,473.867181154625,58620,586.2
106,473.951771649745,61425,614.25
107,474.03636192375,61209,612.09
108,474.120951976883,58679,586.79
109,474.20554180939,57453,574.53
110,474.290131421517,56278,562.78
111,474.374720813508,59473,594.73
112,474.459309985608,60177,601.77
113,474.543898938063,57678,576.78
114,474.628487671118,56089,560.89
115,474.713076185018,55546,555.46
116,474.797664480008,59055,590.55
117,474.882252556332,91461,914.61
118,474.966840414238,101312,1013.12
119,475.051428053968,119775,1197.75
120,475.13601547577,117138,1171.38
121,475.220602679887,90496,904.96
122,475.305189666564,74662,746.62
123,475.389776436048,65714,657.14
124,475.474362988583,60927,609.27
125,475.558949324414,57952,579.52
126,475.643535443787,56392,563.92
127,475.728121346946,55792,557.92
128,475.812707034136,55220,552.2
129,475.897292505604,79758,797.58
130,475.981877761593,91033,910.33
131,476.066462802349,82190,821.9
132,476.151047628118,75767,757.67
133,476.235632239144,68566,685.66
134,476.320216635672,62108,621.08
135,476.404800817948,62158,621.58
136,476.489384786216,61379,613.79
137,476.573968540723,62895,628.95
138,476.658552081712,83563,835.63
139,476.74313540943,86461,864.61
140,476.827718524121,73922,739.22
141,476.91230142603,65843,658.43
142,476.996884115403,64241,642.41
143,477.081466592484,62531,625.31
144,477.166048857519,59053,590.53
145,477.250630910753,60776,607.76
146,477.335212752432,60639,606.39
147,477.419794382799,58071,580.71
148,477.504375802101,59688,596.88
149,477.588957010582,60210,602.1
150,477.673538008487,58036,580.36
151,477.758118796063,102633,1026.33
152,477.842699373553,114792,1147.92
153,477.927279741204,89519,895.19
154,478.011859899259,74067,740.67
155,478.096439847965,65244,652.44
156,478.181019587566,61196,611.96
157,478.265599118308,59285,592.85
158,478.350178440435,57322,573.22
159,478.434757554193,56316,563.16
160,478.519336459827,68774,687.74
161,478.603915157582,71891,718.91
162,478.688493647704,64286,642.86
163,478.773071930436,124933,1249.33
164,478.857650006026,140598,1405.98
165,478.942227874716,105228,1052.28
166,479.026805536754,96374,963.74
167,479.111382992383,89701,897.01
168,479.19596024185,79649,796.49
169,479.280537285398,70817,708.17
170,479.365114123274,63381,633.81
171,479.449690755722,59122,591.22
172,479.534267182988,56568,565.68
173,479.618843405317,55022,550.22
174,479.703419422953,57973,579.73
175,479.787995236142,62994,629.94
176,479.87257084513,62323,623.23
177,479.95714625016,59189,591.89
178,480.041721451479,57032,570.32
179,480.126296449331,56233,562.33
180,480.210871243962,58548,585.48
181,480.295445835617,58854,588.54
182,480.380020224541,60414,604.14
183,480.464594410979,59787,597.87
184,480.549168395175,60629,606.29
185,480.633742177377,60632,606.32
186,480.718315757827,58323,583.23
187,480.802889136772,56967,569.67
188,480.887462314457,55789,557.89
189,480.972035291127,54721,547.21
190,481.056608067026,58427,584.27
191,481.141180642401,72174,721.74
192,481.225753017496,73247,732.47
193,481.310325192556,64836,648.36
194,481.394897167827,63323,633.23
195,481.479468943554,62032,620.32
196,481.564040519981,59418,594.18
197,481.648611897354,57440,574.4
198,481.733183075918,55679,556.79
199,481.817754055918,58284,582.84
200,481.9023248376,58891,588.91
201,481.986895421208,59782,597.82
202,482.071465806988,95884,958.84
203,482.156035995184,103851,1038.51
204,482.240605986042,86446,864.46
205,482.325175779807,74730,747.3
206,482.409745376725,66073,660.73
207,482.494314777039,61136,611.36
208,482.578883980996,58097,580.97
209,482.663452988841,56696,566.96
210,482.748021800818,55818,558.18
211,482.832590417173,55262,552.62
212,482.91715883815,58700,587
213,483.001727063996,62722,627.22
214,483.086295094955,61438,614.38
215,483.170862931273,58355,583.55
216,483.255430573193,57576,575.76
217,483.339998020963,60348,603.48
218,483.424565274826,60977,609.77
219,483.509132335028,58564,585.64
220,483.593699201814,56905,569.05
221,483.678265875429,59312,593.12
222,483.762832356118,59438,594.38
223,483.847398644127,56863,568.63
224,483.9319647397,59026,590.26
225,484.016530643083,71492,714.92
226,484.101096354521,73047,730.47
227,484.185661874258,65924,659.24
228,484.270227202541,60895,608.95
229,484.354792339614,58053,580.53
230,484.439357285722,56974,569.74
231,484.523922041111,59653,596.53
232,484.608486606025,63527,635.27
233,484.69305098071,62183,621.83
234,484.777615165411,60942,609.42
235,484.862179160373,63220,632.2
236,484.946742965841,61986,619.86
237,485.03130658206,61713,617.13
238,485.115870009276,64477,644.77
239,485.200433247733,62999,629.99
240,485.284996297677,59626,596.26
241,485.369559159353,83563,835.63
242,485.454121833005,93047,930.47
243,485.53868431888,79459,794.59
244,485.623246617222,70138,701.38
245,485.707808728276,64405,644.05
246,485.792370652288,59907,599.07
247,485.876932389502,60543,605.43
248,485.961493940164,60040,600.4
249,486.046055304519,57563,575.63
250,486.130616482813,56930,569.3
251,486.215177475289,56827,568.27
252,486.299738282193,63090,630.9
253,486.384298903771,64430,644.3
254,486.468859340268,60240,602.4
255,486.553419591928,57601,576.01
256,486.637979658997,56697,566.97
257,486.722539541719,55801,558.01
258,486.807099240341,58101,581.01
259,486.891658755108,58859,588.59
260,486.976218086263,56944,569.44
261,487.060777234053,55751,557.51
262,487.145336198723,54977,549.77
263,487.229894980517,54394,543.94
264,487.314453579682,54811,548.11
265,487.399011996461,55207,552.07
266,487.483570231101,54711,547.11
267,487.568128283845,54409,544.09
268,487.652686154941,54280,542.8
269,487.737243844632,54469,544.69
270,487.821801353163,58647,586.47
271,487.906358680781,59413,594.13
272,487.990915827729,56756,567.56
273,488.075472794253,55568,555.68
274,488.160029580599,60128,601.28
275,488.244586187011,61294,612.94
276,488.329142613735,58826,588.26
277,488.413698861015,64128,641.28
278,488.498254929097,64856,648.56
279,488.582810818225,64333,643.33
280,488.667366528646,64330,643.3
281,488.751922060605,61112,611.12
282,488.836477414345,58890,588.9
283,488.921032590113,57967,579.67
284,489.005587588153,58879,588.79
285,489.090142408711,88410,884.1
286,489.174697052032,98614,986.14
287,489.259251518361,85797,857.97
288,489.343805807943,74326,743.26
289,489.428359921024,65336,653.36
290,489.512913857847,60122,601.22
291,489.597467618659,57920,579.2
292,489.682021203705,69135,691.35
293,489.76657461323,71745,717.45
294,489.851127847479,64395,643.95
295,489.935680906696,61868,618.68
296,490.020233791128,59878,598.78
297,490.104786501019,57074,570.74
298,490.189339036615,59385,593.85
299,490.27389139816,60021,600.21
300,490.3584435859,57768,577.68
301,490.44299560008,56217,562.17
302,490.527547440945,55334,553.34
303,490.612099108739,54613,546.13
304,490.69665060371,54212,542.12
305,490.7812019261,54327,543.27
306,490.865753076156,57816,578.16
307,490.950304054123,58904,589.04
308,491.034854860246,57198,571.98
309,491.119405494769,55982,559.82
310,491.203955957939,55534,555.34
311,491.288506249999,55778,557.78
312,491.373056371197,55333,553.33
313,491.457606321775,58883,588.83
314,491.54215610198,60653,606.53
315,491.626705712057,58411,584.11
316,491.711255152251,56381,563.81
317,491.795804422807,55402,554.02
318,491.88035352397,54821,548.21
319,491.964902455985,54843,548.43
320,492.049451219098,58921,589.21
321,492.133999813553,59485,594.85
322,492.218548239596,56993,569.93
323,492.303096497471,58789,587.89
324,492.387644587425,61481,614.81
325,492.472192509702,63431,634.31
326,492.556740264546,70781,707.81
327,492.641287852205,69842,698.42
328,492.725835272921,62879,628.79
329,492.810382526942,59981,599.81
330,492.894929614511,69098,690.98
331,492.979476535874,70540,705.4
332,493.064023291276,63999,639.99
333,493.148569880962,62571,625.71
334,493.233116305178,60793,607.93
335,493.317662564167,57893,578.93
336,493.402208658177,57260,572.6
337,493.486754587451,56404,564.04
338,493.571300352235,55190,551.9
339,493.655845952774,54556,545.56
340,493.740391389313,57812,578.12
341,493.824936662097,58576,585.76
342,493.909481771372,59358,593.58
343,493.994026717382,58863,588.63
344,494.078571500372,56902,569.02
345,494.163116120589,55971,559.71
346,494.247660578276,55328,553.28
347,494.33220487368,86765,867.65
348,494.416749007044,95811,958.11
349,494.501292978615,79216,792.16
350,494.585836788637,68920,689.2
351,494.670380437356,62761,627.61
352,494.754923925017,59885,598.85
353,494.839467251864,61829,618.29
354,494.924010418144,61331,613.31
355,495.0085534241,58572,585.72
356,495.093096269979,73017,730.17
357,495.177638956025,76179,761.79
358,495.262181482484,69980,699.8
359,495.3467238496,68344,683.44
360,495.431266057619,64242,642.42
361,495.515808106786,63953,639.53
362,495.600349997346,62504,625.04
363,495.684891729544,59018,590.18
364,495.769433303626,58518,585.18
365,495.853974719836,57536,575.36
366,495.938515978419,55819,558.19
367,496.023057079622,55070,550.7
368,496.107598023688,54770,547.7
369,496.192138810863,58283,582.83
370,496.276679441392,58869,588.69
371,496.361219915521,58621,586.21
372,496.445760233493,90676,906.76
373,496.530300395556,98768,987.68
374,496.614840401953,80657,806.57
375,496.69938025293,75207,752.07
376,496.783919948731,70669,706.69
377,496.868459489603,67578,675.78
378,496.95299887579,64255,642.55
379,497.037538107538,67596,675.96
380,497.12207718509,67321,673.21
381,497.206616108694,65372,653.72
382,497.291154878593,63334,633.34
383,497.375693495033,59906,599.06
384,497.460231958259,57389,573.89
385,497.544770268516,56224,562.24
386,497.629308426049,56132,561.32
387,497.713846431104,55338,553.38
388,497.798384283926,58212,582.12
389,497.882921984759,59242,592.42
390,497.967459533848,57641,576.41
391,498.05199693144,60124,601.24
392,498.136534177779,64429,644.29
393,498.22107127311,63417,634.17
394,498.305608217678,59457,594.57
395,498.390145011729,57170,571.7
396,498.474681655507,56047,560.47
397,498.559218149259,55674,556.74
398,498.643754493228,55890,558.9
399,498.72829068766,55275,552.75
400,498.8128267328,54568,545.68
401,498.897362628894,54302,543.02
402,498.981898376185,54262,542.62
403,499.066433974921,54984,549.84
404,499.150969425345,59013,590.13
405,499.235504727703,74717,747.17
406,499.32003988224,76562,765.62
407,499.404574889201,70465,704.65
408,499.489109748831,66835,668.35
409,499.573644461376,62328,623.28
410,499.65817902708,59123,591.23
411,499.742713446188,57081,570.81
412,499.827247718947,55905,559.05
413,499.9117818456,55593,555.93
414,499.996315826393,55301,553.01
415,500.080849661572,54974,549.74
416,500.165383351381,55077,550.77
417,500.249916896065,54785,547.85
418,500.33445029587,54976,549.76
419,500.41898355104,73986,739.86
420,500.503516661822,79150,791.5
421,500.588049628459,68841,688.41
422,500.672582451197,63650,636.5
423,500.757115130282,60475,604.75
424,500.841647665958,58227,582.27
425,500.92618005847,56783,567.83
426,501.010712308064,82645,826.45
427,501.095244414985,92829,928.29
428,501.179776379478,82612,826.12
429,501.264308201788,72861,728.61
430,501.34883988216,69111,691.11
431,501.433371420839,65807,658.07
432,501.517902818071,60743,607.43
433,501.6024340741,62352,623.52
434,501.686965189172,64652,646.52
435,501.771496163532,61810,618.1
436,501.856026997425,58250,582.5
437,501.940557691096,56065,560.65
438,502.02508824479,55261,552.61
439,502.109618658753,59159,591.59
440,502.194148933229,59736,597.36
441,502.278679068464,57235,572.35
442,502.363209064702,56189,561.89
443,502.44773892219,55483,554.83
444,502.532268641171,58341,583.41
445,502.616798221892,59495,594.95
446,502.701327664597,58166,581.66
447,502.785856969531,56985,569.85
448,502.87038613694,59649,596.49
449,502.954915167069,63432,634.32
450,503.039444060163,61996,619.96
451,503.123972816466,58921,589.21
452,503.208501436225,60933,609.33
453,503.293029919684,61797,617.97
454,503.377558267088,63016,630.16
455,503.462086478683,65853,658.53
456,503.546614554714,68213,682.13
457,503.631142495425,65412,654.12
458,503.715670301062,60657,606.57
459,503.800197971871,57556,575.56
460,503.884725508095,55997,559.97
461,503.969252909981,58555,585.55
462,504.053780177773,62543,625.43
463,504.138307311717,61807,618.07
464,504.222834312058,62382,623.82
465,504.307361179041,62064,620.64
466,504.39188791291,62689,626.89
467,504.476414513912,63697,636.97
468,504.560940982291,78108,781.08
469,504.645467318292,80186,801.86
470,504.729993522161,69674,696.74
471,504.814519594143,66847,668.47
472,504.899045534482,66659,666.59
473,504.983571343424,68433,684.33
474,505.068097021215,69253,692.53
475,505.152622568098,68545,685.45
476,505.23714798432,79811,798.11
477,505.321673270126,79282,792.82
478,505.40619842576,69000,690
479,505.490723451468,62997,629.97
480,505.575248347494,62545,625.45
481,505.659773114085,61095,610.95
482,505.744297751485,87104,871.04
483,505.828822259939,97357,973.57
484,505.913346639693,82018,820.18
485,505.997870890991,70569,705.69
486,506.082395014079,63977,639.77
487,506.166919009201,60223,602.23
488,506.251442876604,57768,577.68
489,506.335966616531,59657,596.57
490,506.420490229229,59787,597.87
491,506.505013714942,57845,578.45
492,506.589537073916,57049,570.49
493,506.674060306396,59361,593.61
494,506.758583412626,60436,604.36
495,506.843106392852,58623,586.23
496,506.927629247319,57094,570.94
497,507.012151976272,56277,562.77
498,507.096674579957,59125,591.25
499,507.181197058618,60547,605.47
500,507.2657194125,59045,590.45
501,507.350241641849,87316,873.16
502,507.43476374691,98690,986.9
503,507.519285727928,83258,832.58
504,507.603807585148,70966,709.66
505,507.688329318816,64596,645.96
506,507.772850929175,64282,642.82
507,507.857372416473,66438,664.38
508,507.941893780953,64341,643.41
509,508.02641502286,60801,608.01
510,508.110936142441,58309,583.09
511,508.195457139939,60185,601.85
512,508.279978015601,60306,603.06
513,508.364498769671,58688,586.88
514,508.449019402395,57641,576.41
515,508.533539914017,56626,566.26
516,508.618060304783,59267,592.67
517,508.702580574937,59531,595.31
518,508.787100724726,57613,576.13
519,508.871620754394,58352,583.52
520,508.956140664186,73629,736.29
521,509.040660454347,81702,817.02
522,509.125180125123,89666,896.66
523,509.209699676758,86432,864.32
524,509.294219109499,93419,934.19
525,509.378738423589,90953,909.53
526,509.463257619274,79648,796.48
527,509.5477766968,71668,716.68
528,509.632295656411,64353,643.53
529,509.716814498352,60460,604.6
530,509.801333222869,58315,583.15
531,509.885851830207,56926,569.26
532,509.97037032061,56643,566.43
533,510.054888694324,56242,562.42
534,510.139406951595,59822,598.22
535,510.223925092667,60586,605.86
536,510.308443117785,58048,580.48
537,510.392961027195,57500,575
538,510.477478821141,60485,604.85
539,510.56199649987,64106,641.06
540,510.646514063625,66511,665.11
541,510.731031512652,68381,683.81
542,510.815548847197,65566,655.66
543,510.900066067503,62024,620.24
544,510.984583173818,59531,595.31
545,511.069100166384,60849,608.49
546,511.153617045449,60703,607.03
547,511.238133811256,61754,617.54
548,511.322650464052,61674,616.74
549,511.407167004081,59033,590.33
550,511.491683431587,64528,645.28
551,511.576199746818,65344,653.44
552,511.660715950017,64676,646.76
553,511.745232041429,63327,633.27
554,511.829748021301,60078,600.78
555,511.914263889876,58527,585.27
556,511.9987796474,58716,587.16
557,512.083295294119,58098,580.98
558,512.167810830277,57620,576.2
559,512.252326256119,59964,599.64
560,512.336841571891,63225,632.25
561,512.421356777838,77564,775.64
562,512.505871874205,79536,795.36
563,512.590386861236,73657,736.57
564,512.674901739178,69351,693.51
565,512.759416508275,64386,643.86
566,512.843931168773,60914,609.14
567,512.928445720916,62437,624.37
568,513.01296016495,65581,655.81
569,513.097474501119,63511,635.11
570,513.18198872967,60355,603.55
571,513.266502850847,58725,587.25
572,513.351016864895,61168,611.68
573,513.435530772059,61894,618.94
574,513.520044572585,59323,593.23
575,513.604558266717,57794,577.94
576,513.689071854701,64390,643.9
577,513.773585336782,68274,682.74
578,513.858098713206,68928,689.28
579,513.942611984216,69912,699.12
580,514.027125150058,73113,731.13
581,514.111638210978,74618,746.18
582,514.196151167221,69889,698.89
583,514.280664019031,63971,639.71
584,514.365176766654,61138,611.38
585,514.449689410336,62239,622.39
586,514.53420195032,64973,649.73
587,514.618714386852,63714,637.14
588,514.703226720178,60523,605.23
589,514.787738950542,58949,589.49
590,514.87225107819,57753,577.53
591,514.956763103367,56950,569.5
592,515.041275026318,56531,565.31
593,515.125786847287,64294,642.94
594,515.210298566521,66483,664.83
595,515.294810184265,62194,621.94
596,515.379321700762,59831,598.31
597,515.463833116259,58998,589.98
598,515.548344431001,58280,582.8
599,515.632855645233,61334,613.34
600,515.7173667592,62078,620.78
601,515.801877773147,61529,615.29
602,515.886388687319,63698,636.98
603,515.970899501962,62839,628.39
604,516.05541021732,60126,601.26
605,516.139920833639,58779,587.79
606,516.224431351163,58286,582.86
607,516.308941770138,58031,580.31
608,516.39345209081,57641,576.41
609,516.477962313423,57121,571.21
610,516.562472438222,60356,603.56
611,516.646982465452,64895,648.95
612,516.731492395359,69359,693.59
613,516.816002228188,68463,684.63
614,516.900511964184,63782,637.82
615,516.985021603591,67802,678.02
616,517.069531146656,74914,749.14
617,517.154040593623,82357,823.57
618,517.238549944738,78629,786.29
619,517.323059200245,72830,728.3
620,517.40756836039,68730,687.3
621,517.492077425417,64072,640.72
622,517.576586395573,61073,610.73
623,517.661095271101,87991,879.91
624,517.745604052248,95115,951.15
625,517.830112739258,79318,793.18
626,517.914621332376,77250,772.5
627,517.999129831848,74404,744.04
628,518.083638237919,67848,678.48
629,518.168146550834,63410,634.1
630,518.252654770838,60603,606.03
631,518.337162898176,59466,594.66
632,518.421670933093,58904,589.04
633,518.506178875835,58493,584.93
634,518.590686726646,57882,578.82
635,518.675194485772,57922,579.22
636,518.759702153457,61341,613.41
637,518.844209729948,62517,625.17
638,518.928717215489,60734,607.34
639,519.013224610325,63019,630.19
640,519.097731914701,64153,641.53
641,519.182239128863,62148,621.48
642,519.266746253055,60809,608.09
643,519.351253287523,59845,598.45
644,519.435760232512,59078,590.78
645,519.520267088267,58870,588.7
646,519.604773855033,58606,586.06
647,519.689280533056,58304,583.04
648,519.77378712258,58143,581.43
649,519.85829362385,58012,580.12
650,519.942800037113,61951,619.51
651,520.027306362612,62909,629.09
652,520.111812600593,60624,606.24
653,520.196318751301,59484,594.84
654,520.280824814981,58674,586.74
655,520.365330791879,58097,580.97
656,520.449836682239,58406,584.06
657,520.534342486307,59125,591.25
658,520.618848204327,59127,591.27
659,520.703353836546,62327,623.27
660,520.787859383207,63051,630.51
661,520.872364844557,67975,679.75
662,520.95687022084,87974,879.74
663,521.041375512301,89182,891.82
664,521.125880719186,76234,762.34
665,521.21038584174,68503,685.03
666,521.294890880208,77585,775.85
667,521.379395834834,79119,791.19
668,521.463900705865,74077,740.77
669,521.548405493545,70232,702.32
670,521.632910198119,65614,656.14
671,521.717414819833,62698,626.98
672,521.801919358931,61207,612.07
673,521.88642381566,60440,604.4
674,521.970928190263,63486,634.86
675,522.055432482986,236570,2365.7
676,522.139936694074,282937,2829.37
677,522.224440823773,192685,1926.85
678,522.308944872327,138669,1386.69
679,522.393448839982,105859,1058.59
680,522.477952726982,90361,903.61
681,522.562456533574,97449,974.49
682,522.646960260001,93669,936.69
683,522.731463906509,83909,839.09
684,522.815967473344,80104,801.04
685,522.90047096075,73848,738.48
686,522.984974368973,67908,679.08
687,523.069477698257,64622,646.22
688,523.153980948848,62793,627.93
689,523.238484120991,61717,617.17
690,523.322987214931,61556,615.56
691,523.407490230914,65068,650.68
692,523.491993169183,69691,696.91
693,523.576496029985,103767,1037.67
694,523.660998813565,110474,1104.74
695,523.745501520167,119372,1193.72
696,523.830004150038,115584,1155.84
697,523.914506703421,93385,933.85
698,523.999009180562,80206,802.06
699,524.083511581707,72188,721.88
700,524.1680139071,67665,676.65
701,524.252516156987,64967,649.67
702,524.337018331612,63419,634.19
703,524.421520431221,66384,663.84
704,524.506022456059,67354,673.54
705,524.590524406371,64985,649.85
706,524.675026282403,84622,846.22
707,524.759528084398,90768,907.68
708,524.844029812603,79336,793.36
709,524.928531467263,72135,721.35
710,525.013033048623,85698,856.98
711,525.097534556927,89350,893.5
712,525.182035992421,78964,789.64
713,525.266537355351,72121,721.21
714,525.351038645961,68643,686.43
715,525.435539864496,70760,707.6
716,525.520041011202,70741,707.41
717,525.604542086324,68352,683.52
718,525.689043090106,75114,751.14
719,525.773544022794,76027,760.27
720,525.858044884634,75294,752.94
721,525.942545675869,74098,740.98
722,526.027046396746,70288,702.88
723,526.11154704751,68198,681.98
724,526.196047628405,67122,671.22
725,526.280548139677,70272,702.72
726,526.36504858157,70698,706.98
727,526.449548954331,68346,683.46
728,526.534049258204,67585,675.85
729,526.618549493434,70412,704.12
730,526.703049660267,70804,708.04
731,526.787549758947,68929,689.29
732,526.87204978972,71178,711.78
733,526.956549752831,72205,722.05
734,527.041049648525,70458,704.58
735,527.125549477046,68863,688.63
736,527.210049238641,86304,863.04
737,527.294548933555,93102,931.02
738,527.379048562032,83514,835.14
739,527.463548124317,76551,765.51
740,527.548047620657,73900,739
741,527.632547051295,72189,721.89
742,527.717046416477,71077,710.77
743,527.801545716449,74958,749.58
744,527.886044951455,75860,758.6
745,527.97054412174,81844,818.44
746,528.05504322755,82045,820.45
747,528.139542269129,76701,767.01
748,528.224041246724,75684,756.84
749,528.308540160578,77574,775.74
750,528.393039010938,76811,768.11
751,528.477537798047,73905,739.05
752,528.562036522152,74720,747.2
753,528.646535183498,77719,777.19
754,528.731033782329,79916,799.16
755,528.815532318891,77926,779.26
756,528.900030793429,75097,750.97
757,528.984529206188,73394,733.94
758,529.069027557414,72346,723.46
759,529.15352584735,71706,717.06
760,529.238024076243,71068,710.68
761,529.322522244338,70871,708.71
762,529.407020351879,71357,713.57
763,529.491518399112,72230,722.3
764,529.576016386283,72388,723.88
765,529.660514313635,71950,719.5
766,529.745012181415,71322,713.22
767,529.829509989866,71169,711.69
768,529.914007739236,71509,715.09
769,529.998505429768,75308,753.08
770,530.083003061708,76684,766.84
771,530.167500635301,75062,750.62
772,530.251998150792,74211,742.11
773,530.336495608426,74645,746.45
774,530.420993008449,78039,780.39
775,530.505490351105,82033,820.33
776,530.589987636639,84298,842.98
777,530.674484865298,85677,856.77
778,530.758982037325,83382,833.82
779,530.843479152966,79859,798.59
780,530.927976212466,77876,778.76
781,531.012473216071,77425,774.25
782,531.096970164025,127768,1277.68
783,531.181467056574,144482,1444.82
784,531.265963893962,117920,1179.2
785,531.350460676435,100231,1002.31
786,531.434957404238,90446,904.46
787,531.519454077616,84993,849.93
788,531.603950696814,83713,837.13
789,531.688447262078,83122,831.22
790,531.772943773652,81157,811.57
791,531.857440231782,79446,794.46
792,531.941936636713,78166,781.66
793,532.026432988689,80454,804.54
794,532.110929287956,80866,808.66
795,532.19542553476,81877,818.77
796,532.279921729345,80929,809.29
797,532.364417871956,77308,773.08
798,532.448913962839,74112,741.12
799,532.533410002239,71760,717.6
800,532.6179059904,70141,701.41
801,532.702401927568,68147,681.47
802,532.786897813989,66653,666.53
803,532.871393649906,72587,725.87
804,532.955889435567,77216,772.16
805,533.040385171214,73849,738.49
806,533.124880857094,97928,979.28
807,533.209376493452,102541,1025.41
808,533.293872080533,84406,844.06
809,533.378367618582,73145,731.45
810,533.462863107844,89637,896.37
811,533.547358548564,91932,919.32
812,533.631853940988,79946,799.46
813,533.71634928536,72525,725.25
814,533.800844581926,76959,769.59
815,533.885339830931,75407,754.07
816,533.96983503262,67250,672.5
817,534.054330187238,62067,620.67
818,534.13882529503,61703,617.03
819,534.223320356242,60461,604.61
820,534.307815371118,57818,578.18
821,534.392310339903,56529,565.29
822,534.476805262844,55643,556.43
823,534.561300140184,55071,550.71
824,534.64579497217,61602,616.02
825,534.730289759045,63043,630.43
826,534.814784501056,62564,625.64
827,534.899279198448,61699,616.99
828,534.983773851465,58623,586.23
829,535.068268460352,59767,597.67
830,535.152763025356,69449,694.49
831,535.23725754672,88450,884.5
832,535.321752024691,88288,882.88
833,535.406246459513,74591,745.91
834,535.490740851431,65723,657.23
835,535.575235200691,60912,609.12
836,535.659729507538,58218,582.18
837,535.744223772216,466716,4667.16
838,535.828717994971,582691,5826.91
839,535.913212176048,361276,3612.76
840,535.997706315693,229845,2298.45
841,536.08220041415,164511,1645.11
842,536.166694471664,124453,1244.53
843,536.251188488481,95065,950.65
844,536.335682464845,78034,780.34
845,536.420176401003,68378,683.78
846,536.504670297198,62477,624.77
847,536.589164153677,58757,587.57
848,536.673657970684,56765,567.65
849,536.758151748464,56537,565.37
850,536.842645487263,55950,559.5
851,536.927139187325,54989,549.89
852,537.011632848896,58011,580.11
853,537.096126472221,59350,593.5
854,537.180620057546,61953,619.53
855,537.265113605114,64969,649.69
856,537.349607115172,62824,628.24
857,537.434100587964,60018,600.18
858,537.518594023736,58088,580.88
859,537.603087422733,56847,568.47
860,537.687580785199,56362,563.62
861,537.772074111381,59018,590.18
862,537.856567401522,70324,703.24
863,537.941060655869,82617,826.17
864,538.025553874667,78553,785.53
865,538.11004705816,69019,690.19
866,538.194540206593,63408,634.08
867,538.279033320213,60113,601.13
868,538.363526399263,59370,593.7
869,538.44801944399,60624,606.24
870,538.532512454637,63538,635.38
871,538.617005431451,70755,707.55
872,538.701498374677,76199,761.99
873,538.785991284559,79351,793.51
874,538.870484161343,82896,828.96
875,538.954977005273,89302,893.02
876,539.039469816596,91579,915.79
877,539.123962595556,89680,896.8
878,539.208455342398,94192,941.92
879,539.292948057368,96598,965.98
880,539.37744074071,91166,911.66
881,539.46193339267,88449,884.49
882,539.546426013493,87744,877.44
883,539.630918603424,89482,894.82
884,539.715411162708,86243,862.43
885,539.79990369159,82235,822.35
886,539.884396190315,78381,783.81
887,539.968888659129,99211,992.11
888,540.053381098277,109015,1090.15
889,540.137873508003,94397,943.97
890,540.222365888553,80938,809.38
891,540.306858240173,73104,731.04
892,540.391350563106,68133,681.33
893,540.475842857599,71621,716.21
894,540.560335123896,71055,710.55
895,540.644827362243,68843,688.43
896,540.729319572884,70020,700.2
897,540.813811756066,66920,669.2
898,540.898303912032,62293,622.93
899,540.982796041028,59533,595.33
900,541.0672881433,57672,576.72
901,541.151780219092,56706,567.06
902,541.23627226865,55699,556.99
903,541.320764292218,54877,548.77
904,541.405256290042,54926,549.26
905,541.489748262367,57748,577.48
906,541.574240209438,63000,630
907,541.6587321315,62522,625.22
908,541.743224028798,62489,624.89
909,541.827715901578,61464,614.64
910,541.912207750085,58371,583.71
911,541.996699574563,57195,571.95
912,542.081191375258,56488,564.88
913,542.165683152415,59567,595.67
914,542.250174906279,60111,601.11
915,542.334666637096,57489,574.89
916,542.41915834511,55919,559.19
917,542.503650030566,77095,770.95
918,542.58814169371,86064,860.64
919,542.672633334787,82249,822.49
920,542.757124954042,75977,759.77
921,542.841616551719,67410,674.1
922,542.926108128065,65539,655.39
923,543.010599683325,63815,638.15
924,543.095091217743,61230,612.3
925,543.179582731564,87008,870.08
926,543.264074225034,93983,939.83
927,543.348565698398,79792,797.92
928,543.433057151901,72707,727.07
929,543.517548585789,70415,704.15
930,543.602040000305,78065,780.65
931,543.686531395696,86634,866.34
932,543.771022772206,88242,882.42
933,543.855514130081,93013,930.13
934,543.940005469566,100435,1004.35
935,544.024496790906,102815,1028.15
936,544.108988094346,111028,1110.28
937,544.193479380131,118379,1183.79
938,544.277970648506,118630,1186.3
939,544.362461899717,118005,1180.05
940,544.446953134009,122752,1227.52
941,544.531444351626,125965,1259.65
942,544.615935552814,128356,1283.56
943,544.700426737818,131485,1314.85
944,544.784917906884,132488,1324.88
945,544.869409060255,136806,1368.06
946,544.953900198178,139569,1395.69
947,545.038391320898,139058,1390.58
948,545.122882428659,138875,1388.75
949,545.207373521708,139396,1393.96
950,545.291864600288,140533,1405.33
951,545.376355664645,141628,1416.28
952,545.460846715024,174912,1749.12
953,545.545337751671,185649,1856.49
954,545.62982877483,169807,1698.07
955,545.714319784747,163159,1631.59
956,545.798810781666,162392,1623.92
957,545.883301765834,158910,1589.1
958,545.967792737495,157341,1573.41
959,546.052283696893,155326,1553.26
960,546.136774644275,155011,1550.11
961,546.221265579886,153556,1535.56
962,546.30575650397,150593,1505.93
963,546.390247416772,148441,1484.41
964,546.474738318539,146629,1466.29
965,546.559229209514,146390,1463.9
966,546.643720089944,146729,1467.29
967,546.728210960073,146859,1468.59
968,546.812701820146,149766,1497.66
969,546.897192670409,155682,1556.82
970,546.981683511106,156571,1565.71
971,547.066174342483,153934,1539.34
972,547.150665164785,154422,1544.22
973,547.235155978257,158140,1581.4
974,547.319646783145,157940,1579.4
975,547.404137579692,156054,1560.54
976,547.488628368145,155342,1553.42
977,547.573119148749,154625,1546.25
978,547.657609921748,154071,1540.71
979,547.742100687388,156802,1568.02
980,547.826591445914,158305,1583.05
981,547.911082197572,157599,1575.99
982,547.995572942605,157034,1570.34
983,548.08006368126,155594,1555.94
984,548.164554413782,154665,1546.65
985,548.249045140415,154271,1542.71
986,548.333535861404,154777,1547.77
987,548.418026576996,172470,1724.7
988,548.502517287435,177633,1776.33
989,548.587007992966,169429,1694.29
990,548.671498693834,164293,1642.93
991,548.755989390285,167275,1672.75
992,548.840480082563,171222,1712.22
993,548.924970770915,168595,1685.95
994,549.009461455584,164771,1647.71
995,549.093952136815,165858,1658.58
996,549.178442814856,165571,1655.71
997,549.262933489949,163362,1633.62
998,549.347424162341,169940,1699.4
999,549.431914832276,171377,1713.77
1000,549.5164055,167161,1671.61
1001,549.600896165758,166523,1665.23
1002,549.685386829794,165704,1657.04
1003,549.769877492355,164331,1643.31
1004,549.854368153685,163762,1637.62
1005,549.938858814029,181307,1813.07
1006,550.023349473633,189189,1891.89
1007,550.107840132742,184083,1840.83
1008,550.1923307916,177818,1778.18
1009,550.276821450453,171696,1716.96
1010,550.361312109546,168205,1682.05
1011,550.445802769124,170032,1700.32
1012,550.530293429432,170532,1705.32
1013,550.614784090716,168647,1686.47
1014,550.69927475322,167433,1674.33
1015,550.78376541719,166447,1664.47
1016,550.868256082871,165725,1657.25
1017,550.952746750508,166065,1660.65
1018,551.037237420346,169784,1697.84
1019,551.12172809263,171692,1716.92
1020,551.206218767606,170530,1705.3
1021,551.290709445518,169584,1695.84
1022,551.375200126611,168716,1687.16
1023,551.459690811131,172571,1725.71
1024,551.544181499323,174122,1741.22
1025,551.628672191433,172283,1722.83
1026,551.713162887704,170796,1707.96
1027,551.797653588383,169678,1696.78
1028,551.882144293714,168955,1689.55
1029,551.966635003943,169105,1691.05
1030,552.051125719314,173490,1734.9
1031,552.135616440073,180748,1807.48
1032,552.220107166465,180144,1801.44
1033,552.304597898735,178524,1785.24
1034,552.389088637129,177267,1772.67
1035,552.473579381891,195886,1958.86
1036,552.558070133266,200604,2006.04
1037,552.6425608915,189156,1891.56
1038,552.727051656838,182799,1827.99
1039,552.811542429524,204394,2043.94
1040,552.896033209805,208812,2088.12
1041,552.980523997925,197627,1976.27
1042,553.065014794129,189903,1899.03
1043,553.149505598662,183234,1832.34
1044,553.23399641177,179662,1796.62
1045,553.318487233698,180642,1806.42
1046,553.402978064691,193497,1934.97
1047,553.487468904993,206026,2060.26
1048,553.571959754851,200567,2005.67
1049,553.656450614509,189207,1892.07
1050,553.740941484213,182318,1823.18
1051,553.825432364206,185146,1851.46
1052,553.909923254736,185225,1852.25
1053,553.994414156046,187060,1870.6
1054,554.078905068382,186446,1864.46
1055,554.16339599199,181766,1817.66
1056,554.247886927113,179451,1794.51
1057,554.332377873998,200912,2009.12
1058,554.416868832889,206389,2063.89
1059,554.501359804032,193978,1939.78
1060,554.585850787671,186739,1867.39
1061,554.670341784053,182708,1827.08
1062,554.754832793421,180518,1805.18
1063,554.839323816021,178908,1789.08
1064,554.923814852099,178192,1781.92
1065,555.008305901899,178118,1781.18
1066,555.092796965667,185673,1856.73
1067,555.177288043647,188042,1880.42
1068,555.261779136085,210396,2103.96
1069,555.346270243226,215824,2158.24
1070,555.430761365315,204765,2047.65
1071,555.515252502597,199901,1999.01
1072,555.599743655318,194313,1943.13
1073,555.684234823722,188660,1886.6
1074,555.768726008055,188652,1886.52
1075,555.853217208561,190831,1908.31
1076,555.937708425486,188146,1881.46
1077,556.022199659075,208180,2081.8
1078,556.106690909574,213199,2131.99
1079,556.191182177226,203113,2031.13
1080,556.275673462278,195670,1956.7
1081,556.360164764975,192181,1921.81
1082,556.444656085561,194374,1943.74
1083,556.529147424282,191850,1918.5
1084,556.613638781383,188427,1884.27
1085,556.698130157109,186566,1865.66
1086,556.782621551706,188366,1883.66
1087,556.867112965417,188686,1886.86
1088,556.951604398489,192430,1924.3
1089,557.036095851167,199736,1997.36
1090,557.120587323695,197763,1977.63
1091,557.20507881632,191778,1917.78
1092,557.289570329285,188320,1883.2
1093,557.374061862836,189518,1895.18
1094,557.458553417219,189864,1898.64
1095,557.543044992678,190763,1907.63
1096,557.627536589459,190583,1905.83
1097,557.712028207806,191778,1917.78
1098,557.796519847966,191266,1912.66
1099,557.881011510182,195263,1952.63
1100,557.9655031947,199019,1990.19
1101,558.049994901765,195145,1951.45
1102,558.134486631623,190176,1901.76
1103,558.218978384519,187415,1874.15
1104,558.303470160697,189020,1890.2
1105,558.387961960402,188880,1888.8
1106,558.472453783881,189082,1890.82
1107,558.556945631378,190244,1902.44
1108,558.641437503137,218449,2184.49
1109,558.725929399405,235509,2355.09
1110,558.810421320427,222203,2222.03
1111,558.894913266447,206907,2069.07
1112,558.97940523771,198576,1985.76
1113,559.063897234463,196958,1969.58
1114,559.14838925695,198613,1986.13
1115,559.232881305415,196083,1960.83
1116,559.317373380105,192078,1920.78
1117,559.401865481264,193924,1939.24
1118,559.486357609138,194361,1943.61
1119,559.570849763971,191393,1913.93
1120,559.65534194601,190220,1902.2
1121,559.739834155498,193392,1933.92
1122,559.824326392681,193779,1937.79
1123,559.908818657804,194965,1949.65
1124,559.993310951113,194866,1948.66
1125,560.077803272852,192247,1922.47
1126,560.162295623266,190420,1904.2
1127,560.246788002602,189553,1895.53
1128,560.331280411103,192746,1927.46
1129,560.415772849015,196664,1966.64
1130,560.500265316583,199152,1991.52
1131,560.584757814052,203842,2038.42
1132,560.669250341668,202111,2021.11
1133,560.753742899676,196469,1964.69
1134,560.83823548832,196917,1969.17
1135,560.922728107845,196195,1961.95
1136,561.007220758498,193483,1934.83
1137,561.091713440523,192581,1925.81
1138,561.176206154165,191713,1917.13
1139,561.260698899669,191883,1918.83
1140,561.345191677281,191999,1919.99
1141,561.429684487245,192016,1920.16
1142,561.514177329807,192415,1924.15
1143,561.598670205212,192331,1923.31
1144,561.683163113705,193485,1934.85
1145,561.767656055531,193826,1938.26
1146,561.852149030935,197023,1970.23
1147,561.936642040163,201571,2015.71
1148,562.021135083459,200667,2006.67
1149,562.105628161069,197504,1975.04
1150,562.190121273237,199226,1992.26
1151,562.27461442021,199205,1992.05
1152,562.359107602232,207861,2078.61
1153,562.443600819547,209094,2090.94
1154,562.528094072403,205227,2052.27
1155,562.612587361042,210600,2106
1156,562.697080685712,212164,2121.64
1157,562.781574046656,209116,2091.16
1158,562.866067444119,222480,2224.8
1159,562.950560878348,222460,2224.6
1160,563.035054349587,209706,2097.06
1161,563.119547858082,205757,2057.57
1162,563.204041404076,203305,2033.05
1163,563.288534987816,200537,2005.37
1164,563.373028609547,197741,1977.41
1165,563.457522269514,195882,1958.82
1166,563.542015967961,194753,1947.53
1167,563.626509705135,197265,1972.65
1168,563.71100348128,201579,2015.79
1169,563.795497296641,200776,2007.76
1170,563.879991151464,198060,1980.6
1171,563.964485045993,196699,1966.99
1172,564.048978980475,195990,1959.9
1173,564.133472955153,196762,1967.62
1174,564.217966970273,196815,1968.15
1175,564.30246102608,199775,1997.75
1176,564.386955122819,203607,2036.07
1177,564.471449260736,205594,2055.94
1178,564.555943440075,203424,2034.24
1179,564.640437661083,199808,1998.08
1180,564.724931924002,270194,2701.94
1181,564.80942622908,292702,2927.02
1182,564.893920576561,254309,2543.09
1183,564.97841496669,232585,2325.85
1184,565.062909399713,219472,2194.72
1185,565.147403875874,220342,2203.42
1186,565.231898395419,217203,2172.03
1187,565.316392958592,207950,2079.5
1188,565.400887565639,202235,2022.35
1189,565.485382216806,199221,1992.21
1190,565.569876912336,197669,1976.69
1191,565.654371652476,197050,1970.5
1192,565.73886643747,199482,1994.82
1193,565.823361267564,200671,2006.71
1194,565.907856143003,219755,2197.55
1195,565.992351064031,225038,2250.38
1196,566.076846030894,214283,2142.83
1197,566.161341043838,207414,2074.14
1198,566.245836103106,203114,2031.14
1199,566.330331208945,201267,2012.67
1200,566.4148263616,200627,2006.27
1201,566.499321561315,203152,2031.52
1202,566.583816808336,203810,2038.1
1203,566.668312102908,205577,2055.77
1204,566.752807445276,205478,2054.78
1205,566.837302835685,204787,2047.87
1206,566.92179827438,205922,2059.22
1207,567.006293761607,205221,2052.21
1208,567.090789297611,203202,2032.02
1209,567.175284882636,208026,2080.26
1210,567.259780516928,209303,2093.03
1211,567.344276200732,205588,2055.88
1212,567.428771934293,203475,2034.75
1213,567.513267717856,206025,2060.25
1214,567.597763551667,206211,2062.11
1215,567.68225943597,203785,2037.85
1216,567.766755371011,223249,2232.49
1217,567.851251357034,228585,2285.85
1218,567.935747394286,216897,2168.97
1219,568.020243483011,216612,2166.12
1220,568.104739623454,214425,2144.25
1221,568.18923581586,231504,2315.04
1222,568.273732060474,234962,2349.62
1223,568.358228357543,220542,2205.42
1224,568.442724707309,211948,2119.48
1225,568.52722111002,207350,2073.5
1226,568.61171756592,204578,2045.78
1227,568.696214075254,203443,2034.43
1228,568.780710638267,202551,2025.51
1229,568.865207255205,201582,2015.82
1230,568.949703926312,202101,2021.01
1231,569.034200651834,205537,2055.37
1232,569.118697432015,206028,2060.28
1233,569.203194267102,204066,2040.66
1234,569.287691157338,206138,2061.38
1235,569.37218810297,212003,2120.03
1236,569.456685104242,221692,2216.92
1237,569.5411821614,221271,2212.71
1238,569.625679274688,213806,2138.06
1239,569.710176444352,212467,2124.67
1240,569.794673670637,210068,2100.68
1241,569.879170953788,205855,2058.55
1242,569.96366829405,207135,2071.35
1243,570.048165691668,214078,2140.78
1244,570.132663146887,213308,2133.08
1245,570.217160659954,215293,2152.93
1246,570.301658231112,214624,2146.24
1247,570.386155860606,209761,2097.61
1248,570.470653548683,206657,2066.57
1249,570.555151295587,204443,2044.43
1250,570.639649101562,203105,2031.05
1251,570.724146966856,202610,2026.1
1252,570.808644891712,205778,2057.78
1253,570.893142876375,211073,2110.73
1254,570.977640921091,211802,2118.02
1255,571.062139026105,211760,2117.6
1256,571.146637191662,229279,2292.79
1257,571.231135418007,232321,2323.21
1258,571.315633705386,220580,2205.8
1259,571.400132054043,217008,2170.08
1260,571.484630464223,217836,2178.36
1261,571.569128936172,214468,2144.68
1262,571.653627470135,209316,2093.16
1263,571.738126066357,213617,2136.17
1264,571.822624725083,217535,2175.35
1265,571.907123446559,213656,2136.56
1266,571.991622231028,216148,2161.48
1267,572.076121078737,221230,2212.3
1268,572.160619989931,217910,2179.1
1269,572.245118964855,214481,2144.81
1270,572.329618003753,210572,2105.72
1271,572.414117106872,210143,2101.43
1272,572.498616274455,214477,2144.77
1273,572.583115506749,211479,2114.79
1274,572.667614803999,205160,2051.6
1275,572.752114166448,201888,2018.88
1276,572.836613594344,200841,2008.41
1277,572.921113087931,200518,2005.18
1278,573.005612647453,199314,1993.14
1279,573.090112273157,198555,1985.55
1280,573.174611965286,202211,2022.11
1281,573.259111724088,209680,2096.8
1282,573.343611549805,217247,2172.47
1283,573.428111442685,240709,2407.09
1284,573.512611402971,244441,2444.41
1285,573.597111430909,271440,2714.4
1286,573.681611526744,274475,2744.75
1287,573.766111690721,254499,2544.99
1288,573.850611923086,237491,2374.91
1289,573.935112224083,220873,2208.73
1290,574.019612593957,211639,2116.39
1291,574.104113032955,207521,2075.21
1292,574.18861354132,208544,2085.44
1293,574.273114119298,208005,2080.05
1294,574.357614767134,208428,2084.28
1295,574.442115485074,207141,2071.41
1296,574.526616273362,252150,2521.5
1297,574.611117132243,263613,2636.13
1298,574.695618061963,253226,2532.26
1299,574.780119062767,245024,2450.24
1300,574.8646201349,228211,2282.11
1301,574.949121278607,219665,2196.65
1302,575.033622494133,216272,2162.72
1303,575.118123781723,214271,2142.71
1304,575.202625141623,209747,2097.47
1305,575.287126574078,204343,2043.43
1306,575.371628079332,201715,2017.15
1307,575.456129657631,200448,2004.48
1308,575.54063130922,199896,1998.96
1309,575.625133034344,203440,2034.4
1310,575.709634833249,209612,2096.12
1311,575.794136706179,208665,2086.65
1312,575.878638653379,203570,2035.7
1313,575.963140675095,200383,2003.83
1314,576.047642771572,198506,1985.06
1315,576.132144943055,197678,1976.78
1316,576.216647189789,201802,2018.02
1317,576.301149512019,202629,2026.29
1318,576.38565190999,199775,1997.75
1319,576.470154383948,198237,1982.37
1320,576.554656934138,198068,1980.68
1321,576.639159560804,201981,2019.81
1322,576.723662264192,203253,2032.53
1323,576.808165044547,232208,2322.08
1324,576.892667902114,242277,2422.77
1325,576.977170837139,224880,2248.8
1326,577.061673849866,211872,2118.72
1327,577.146176940541,205178,2051.78
1328,577.230680109408,201868,2018.68
1329,577.315183356713,200224,2002.24
1330,577.399686682701,202208,2022.08
1331,577.484190087617,225836,2258.36
1332,577.568693571706,229789,2297.89
1333,577.653197135214,215350,2153.5
1334,577.737700778385,210202,2102.02
1335,577.822204501465,205730,2057.3
1336,577.906708304698,200415,2004.15
1337,577.991212188331,231059,2310.59
1338,578.075716152607,238723,2387.23
1339,578.160220197773,223602,2236.02
1340,578.244724324073,213521,2135.21
1341,578.329228531752,212319,2123.19
1342,578.413732821056,213009,2130.09
1343,578.49823719223,206896,2068.96
1344,578.582741645518,200586,2005.86
1345,578.667246181166,199945,1999.45
1346,578.75175079942,198783,1987.83
1347,578.836255500524,199365,1993.65
1348,578.920760284723,206636,2066.36
1349,579.005265152262,205921,2059.21
1350,579.089770103388,200134,2001.34
1351,579.174275138344,196366,1963.66
1352,579.258780257375,193541,1935.41
1353,579.343285460728,192065,1920.65
1354,579.427790748647,191481,1914.81
1355,579.512296121378,191070,1910.7
1356,579.596801579165,190598,1905.98
1357,579.681307122253,191412,1914.12
1358,579.765812750888,192340,1923.4
1359,579.850318465315,191571,1915.71
1360,579.934824265779,190506,1905.06
1361,580.019330152525,190017,1900.17
1362,580.103836125799,208214,2082.14
1363,580.188342185844,213276,2132.76
1364,580.272848332908,206162,2061.62
1365,580.357354567233,200938,2009.38
1366,580.441860889067,195911,1959.11
1367,580.526367298654,192495,1924.95
1368,580.610873796238,197193,1971.93
1369,580.695380382066,197762,1977.62
1370,580.779887056382,193208,1932.08
1371,580.864393819432,194979,1949.79
1372,580.94890067146,194975,1949.75
1373,581.033407612712,191298,1912.98
1374,581.117914643433,189278,1892.78
1375,581.202421763867,188653,1886.53
1376,581.286928974261,188486,1884.86
1377,581.371436274859,191049,1910.49
1378,581.455943665907,190930,1909.3
1379,581.540451147649,191834,1918.34
1380,581.62495872033,190886,1908.86
1381,581.709466384197,187893,1878.93
1382,581.793974139493,186433,1864.33
1383,581.878481986465,191983,1919.83
1384,581.962989925357,192977,1929.77
1385,582.047497956414,195973,1959.73
1386,582.132006079881,198546,1985.46
1387,582.216514296004,194186,1941.86
1388,582.301022605028,189806,1898.06
1389,582.385531007198,196853,1968.53
1390,582.470039502758,198055,1980.55
1391,582.554548091955,192244,1922.44
1392,582.639056775033,188794,1887.94
1393,582.723565552238,186022,1860.22
1394,582.808074423814,184656,1846.56
1395,582.892583390007,183844,1838.44
1396,582.977092451061,190290,1902.9
1397,583.061601607223,192078,1920.78
1398,583.146110858736,189904,1899.04
1399,583.230620205847,189748,1897.48
1400,583.3151296488,187472,1874.72
1401,583.399639187841,188522,1885.22
1402,583.484148823214,188120,1881.2
1403,583.568658555165,185636,1856.36
1404,583.653168383939,184039,1840.39
1405,583.73767830978,189376,1893.76
1406,583.822188332935,190935,1909.35
1407,583.906698453649,190008,1900.08
1408,583.991208672165,187910,1879.1
1409,584.075718988731,184166,1841.66
1410,584.16022940359,185241,1852.41
1411,584.244739916987,184937,1849.37
1412,584.329250529169,182096,1820.96
1413,584.41376124038,180195,1801.95
1414,584.498272050865,179465,1794.65
1415,584.58278296087,179539,1795.39
1416,584.667293970638,188131,1881.31
1417,584.751805080417,197220,1972.2
1418,584.83631629045,194406,1944.06
1419,584.920827600983,187848,1878.48
1420,585.005339012262,183919,1839.19
1421,585.08985052453,184598,1845.98
1422,585.174362138034,187144,1871.44
1423,585.258873853018,188437,1884.37
1424,585.343385669727,185968,1859.68
1425,585.427897588408,182175,1821.75
1426,585.512409609304,179408,1794.08
1427,585.596921732661,177858,1778.58
1428,585.681433958724,179709,1797.09
1429,585.765946287739,179836,1798.36
1430,585.85045871995,181853,1818.53
1431,585.934971255602,185910,1859.1
1432,586.019483894941,192062,1920.62
1433,586.103996638212,193625,1936.25
1434,586.18850948566,188212,1882.12
1435,586.27302243753,183286,1832.86
1436,586.357535494067,179760,1797.6
1437,586.442048655516,201398,2013.98
1438,586.526561922122,227154,2271.54
1439,586.611075294132,219092,2190.92
1440,586.695588771789,200338,2003.38
1441,586.780102355339,189664,1896.64
1442,586.864616045027,187036,1870.36
1443,586.949129841097,183724,1837.24
1444,587.033643743797,179103,1791.03
1445,587.118157753369,176986,1769.86
1446,587.20267187006,175747,1757.47
1447,587.287186094115,174528,1745.28
1448,587.371700425779,174318,1743.18
1449,587.456214865296,173960,1739.6
1450,587.540729412912,173571,1735.71
1451,587.625244068873,173174,1731.74
1452,587.709758833423,175573,1755.73
1453,587.794273706808,176642,1766.42
1454,587.878788689272,175568,1755.68
1455,587.963303781061,174303,1743.03
1456,588.047818982419,173522,1735.22
1457,588.132334293593,175830,1758.3
1458,588.216849714827,179845,1798.45
1459,588.301365246366,178865,1788.65
1460,588.385880888455,175978,1759.78
1461,588.47039664134,173999,1739.99
1462,588.554912505266,172340,1723.4
1463,588.639428480477,175219,1752.19
1464,588.72394456722,180652,1806.52
1465,588.808460765738,186756,1867.56
1466,588.892977076278,184604,1846.04
1467,588.977493499084,178162,1781.62
1468,589.062010034401,174079,1740.79
1469,589.146526682475,171780,1717.8
1470,589.231043443551,170340,1703.4
1471,589.315560317874,169201,1692.01
1472,589.400077305689,168789,1687.89
1473,589.48459440724,168880,1688.8
1474,589.569111622774,171946,1719.46
1475,589.653628952536,177648,1776.48
1476,589.73814639677,177582,1775.82
1477,589.822663955722,174058,1740.58
1478,589.907181629636,261430,2614.3
1479,589.991699418759,292069,2920.69
1480,590.076217323334,252302,2523.02
1481,590.160735343608,221574,2215.74
1482,590.245253479825,198610,1986.1
1483,590.329771732231,185191,1851.91
1484,590.41429010107,209036,2090.36
1485,590.498808586588,213326,2133.26
1486,590.58332718903,194107,1941.07
1487,590.667845908641,185309,1853.09
1488,590.752364745666,179217,1792.17
1489,590.83688370035,173767,1737.67
1490,590.921402772939,173581,1735.81
1491,591.005921963678,179440,1794.4
1492,591.090441272811,178493,1784.93
1493,591.174960700584,176232,1762.32
1494,591.259480247241,176793,1767.93
1495,591.343999913029,177273,1772.73
1496,591.428519698192,174813,1748.13
1497,591.513039602976,171153,1711.53
1498,591.597559627625,169015,1690.15
1499,591.682079772385,167866,1678.66
1500,591.7666000375,166482,1664.82
1501,591.851120423216,166161,1661.61
1502,591.935640929779,165802,1658.02
1503,592.020161557432,167188,1671.88
1504,592.104682306422,167458,1674.58
1505,592.189203176993,166109,1661.09
1506,592.273724169391,165243,1652.43
1507,592.35824528386,164548,1645.48
1508,592.442766520647,163986,1639.86
1509,592.527287879995,167500,1675
1510,592.611809362151,168911,1689.11
1511,592.696330967358,194755,1947.55
1512,592.780852695863,200842,2008.42
1513,592.865374547911,185007,1850.07
1514,592.949896523746,175815,1758.15
1515,593.034418623614,170693,1706.93
1516,593.11894084776,204376,2043.76
1517,593.203463196429,212482,2124.82
1518,593.287985669866,191961,1919.61
1519,593.372508268317,179678,1796.78
1520,593.457030992026,172807,1728.07
1521,593.541553841238,169049,1690.49
1522,593.626076816199,167295,1672.95
1523,593.710599917154,165426,1654.26
1524,593.795123144348,163745,1637.45
1525,593.879646498027,163023,1630.23
1526,593.964169978434,169339,1693.39
1527,594.048693585816,171149,1711.49
1528,594.133217320417,167354,1673.54
1529,594.217741182483,168314,1683.14
1530,594.302265172259,167464,1674.64
1531,594.38678928999,167915,1679.15
1532,594.47131353592,166984,1669.84
1533,594.555837910296,167426,1674.26
1534,594.640362413363,166546,1665.46
1535,594.724887045364,184901,1849.01
1536,594.809411806547,189418,1894.18
1537,594.893936697155,176980,1769.8
1538,594.978461717434,176366,1763.66
1539,595.062986867629,173691,1736.91
1540,595.147512147985,168099,1680.99
1541,595.232037558747,172149,1721.49
1542,595.316563100161,178736,1787.36
1543,595.401088772471,176311,1763.11
1544,595.485614575923,170150,1701.5
1545,595.570140510762,166208,1662.08
1546,595.654666577233,163671,1636.71
1547,595.73919277558,165678,1656.78
1548,595.82371910605,167382,1673.82
1549,595.908245568888,165519,1655.19
1550,595.992772164338,170082,1700.82
1551,596.077298892645,178068,1780.68
1552,596.161825754055,175340,1753.4
1553,596.246352748813,168279,1682.79
1554,596.330879877164,164584,1645.84
1555,596.415407139353,176872,1768.72
1556,596.499934535626,179921,1799.21
1557,596.584462066227,172769,1727.69
1558,596.668989731401,171060,1710.6
1559,596.753517531394,171786,1717.86
1560,596.838045466451,171757,1717.57
1561,596.922573536817,167898,1678.98
1562,597.007101742737,163611,1636.11
1563,597.091630084456,192333,1923.33
1564,597.17615856222,214898,2148.98
1565,597.260687176273,203230,2032.3
1566,597.345215926861,188624,1886.24
1567,597.429744814228,184723,1847.23
1568,597.51427383862,177572,1775.72
1569,597.598803000283,169210,1692.1
1570,597.68333229946,171210,1712.1
1571,597.767861736398,169823,1698.23
1572,597.852391311341,170955,1709.55
1573,597.936921024535,170025,1700.25
1574,598.021450876224,167971,1679.71
1575,598.105980866655,169238,1692.38
1576,598.190510996071,166132,1661.32
1577,598.275041264718,165269,1652.69
1578,598.359571672842,167144,1671.44
1579,598.444102220687,169067,1690.67
1580,598.528632908498,166574,1665.74
1581,598.613163736522,165464,1654.64
1582,598.697694705001,171741,1717.41
1583,598.782225814183,173234,1732.34
1584,598.866757064312,170819,1708.19
1585,598.951288455633,166559,1665.59
1586,599.035819988391,164968,1649.68
1587,599.120351662832,166595,1665.95
1588,599.2048834792,164134,1641.34
1589,599.289415437741,160303,1603.03
1590,599.3739475387,158964,1589.64
1591,599.458479782322,161581,1615.81
1592,599.543012168852,164837,1648.37
1593,599.627544698535,166425,1664.25
1594,599.712077371617,163629,1636.29
1595,599.796610188342,159987,1599.87
1596,599.881143148956,162098,1620.98
1597,599.965676253703,165120,1651.2
1598,600.05020950283,163250,1632.5
1599,600.13474289658,159542,1595.42
1600,600.2192764352,157495,1574.95
1601,600.303810118934,159746,1597.46
1602,600.388343948028,159766,1597.66
1603,600.472877922726,157424,1574.24
1604,600.557412043273,159530,1595.3
1605,600.641946309916,159210,1592.1
1606,600.726480722899,156563,1565.63
1607,600.811015282466,155392,1553.92
1608,600.895549988864,154663,1546.63
1609,600.980084842338,154062,1540.62
1610,601.064619843132,156154,1561.54
1611,601.149154991491,156904,1569.04
1612,601.233690287662,159667,1596.67
1613,601.318225731888,159804,1598.04
1614,601.402761324415,157407,1574.07
1615,601.487297065489,158933,1589.33
1616,601.571832955354,159180,1591.8
1617,601.656368994255,160597,1605.97
1618,601.740905182438,159457,1594.57
1619,601.825441520148,156265,1562.65
1620,601.90997800763,158899,1588.99
1621,601.994514645128,162449,1624.49
1622,602.079051432889,163421,1634.21
1623,602.163588371157,161491,1614.91
1624,602.248125460177,161204,1612.04
1625,602.332662700195,159963,1599.63
1626,602.417200091456,160606,1606.06
1627,602.501737634204,159317,1593.17
1628,602.586275328686,156151,1561.51
1629,602.670813175145,154091,1540.91
1630,602.755351173828,162919,1629.19
1631,602.839889324979,165496,1654.96
1632,602.924427628843,163199,1631.99
1633,603.008966085667,163829,1638.29
1634,603.093504695693,161016,1610.16
1635,603.178043459169,157073,1570.73
1636,603.262582376339,159112,1591.12
1637,603.347121447448,161515,1615.15
1638,603.431660672741,160433,1604.33
1639,603.516200052464,157485,1574.85
1640,603.600739586861,154906,1549.06
1641,603.685279276178,153877,1538.77
1642,603.769819120659,154094,1540.94
1643,603.854359120551,153634,1536.34
1644,603.938899276098,156666,1566.66
1645,604.023439587545,160243,1602.43
1646,604.107980055137,158427,1584.27
1647,604.19252067912,158465,1584.65
1648,604.277061459738,160714,1607.14
1649,604.361602397237,158451,1584.51
1650,604.446143491862,154771,1547.71
1651,604.530684743859,166987,1669.87
1652,604.615226153471,181281,1812.81
1653,604.699767720944,179563,1795.63
1654,604.784309446525,170092,1700.92
1655,604.868851330456,165800,1658
1656,604.953393372984,169123,1691.23
1657,605.037935574354,172849,1728.49
1658,605.122477934812,168060,1680.6
1659,605.207020454601,183511,1835.11
1660,605.291563133967,185492,1854.92
1661,605.376105973156,171738,1717.38
1662,605.460648972412,163504,1635.04
1663,605.545192131981,158019,1580.19
1664,605.629735452108,154550,1545.5
1665,605.714278933038,152447,1524.47
1666,605.798822575015,158743,1587.43
1667,605.883366378286,160663,1606.63
1668,605.967910343095,156228,1562.28
1669,606.052454469688,153248,1532.48
1670,606.136998758309,152197,1521.97
1671,606.221543209204,155258,1552.58
1672,606.306087822618,155539,1555.39
1673,606.390632598795,152788,1527.88
1674,606.475177537982,154528,1545.28
1675,606.559722640423,157933,1579.33
1676,606.644267906364,159484,1594.84
1677,606.728813336049,160588,1605.88
1678,606.813358929724,158212,1582.12
1679,606.897904687633,154393,1543.93
1680,606.982450610022,151796,1517.96
1681,607.066996697137,150238,1502.38
1682,607.151542949221,153020,1530.2
1683,607.236089366521,156880,1568.8
1684,607.320635949282,155550,1555.5
1685,607.405182697748,152823,1528.23
1686,607.489729612165,155640,1556.4
1687,607.574276692777,155917,1559.17
1688,607.658823939831,153041,1530.41
1689,607.74337135357,154781,1547.81
1690,607.827918934241,157625,1576.25
1691,607.912466682089,155718,1557.18
1692,607.997014597358,152659,1526.59
1693,608.081562680293,161965,1619.65
1694,608.16611093114,163851,1638.51
1695,608.250659350145,160956,1609.56
1696,608.335207937551,160727,1607.27
1697,608.419756693605,159766,1597.66
1698,608.504305618551,156316,1563.16
1699,608.588854712634,156238,1562.38
1700,608.6734039761,155007,1550.07
1701,608.757953409194,162511,1625.11
1702,608.84250301216,167898,1678.98
1703,608.927052785245,162075,1620.75
1704,609.011602728693,156836,1568.36
1705,609.096152842749,153622,1536.22
1706,609.180703127658,150850,1508.5
1707,609.265253583666,149293,1492.93
1708,609.349804211018,148778,1487.78
1709,609.434355009958,151615,1516.15
1710,609.518905980733,151746,1517.46
1711,609.603457123586,156784,1567.84
1712,609.688008438764,191257,1912.57
1713,609.772559926511,195859,1958.59
1714,609.857111587073,174740,1747.4
1715,609.941663420694,162556,1625.56
1716,610.02621542762,155735,1557.35
1717,610.110767608096,155829,1558.29
1718,610.195319962366,154416,1544.16
1719,610.279872490677,150790,1507.9
1720,610.364425193274,148937,1489.37
1721,610.4489780704,147917,1479.17
1722,610.533531122303,147434,1474.34
1723,610.618084349226,148329,1483.29
1724,610.702637751414,151725,1517.25
1725,610.787191329114,155005,1550.05
1726,610.87174508257,153306,1533.06
1727,610.956299012027,156886,1568.86
1728,611.04085311773,156984,1569.84
1729,611.125407399925,152235,1522.35
1730,611.209961858857,149555,1495.55
1731,611.29451649477,173591,1735.91
1732,611.37907130791,187848,1878.48
1733,611.463626298523,175596,1755.96
1734,611.548181466852,166220,1662.2
1735,611.632736813144,166851,1668.51
1736,611.717292337643,163438,1634.38
1737,611.801848040595,156415,1564.15
1738,611.886403922244,152427,1524.27
1739,611.970959982837,153317,1533.17
1740,612.055516222617,154919,1549.19
1741,612.14007264183,156486,1564.86
1742,612.224629240722,157772,1577.72
1743,612.309186019537,155591,1555.91
1744,612.39374297852,165871,1658.71
1745,612.478300117917,168057,1680.57
1746,612.562857437973,176277,1762.77
1747,612.647414938933,178219,1782.19
1748,612.731972621042,165836,1658.36
1749,612.816530484545,156015,1560.15
1750,612.901088529688,168081,1680.81
1751,612.985646756714,169184,1691.84
1752,613.070205165871,160689,1606.89
1753,613.154763757402,154914,1549.14
1754,613.239322531553,149214,1492.14
1755,613.323881488569,149437,1494.37
1756,613.408440628695,148039,1480.39
1757,613.492999952176,144681,1446.81
1758,613.577559459258,146532,1465.32
1759,613.662119150185,149798,1497.98
1760,613.746679025203,147875,1478.75
1761,613.831239084557,144408,1444.08
1762,613.915799328492,145673,1456.73
1763,614.000359757252,145233,1452.33
1764,614.084920371084,142641,1426.41
1765,614.169481170232,141386,1413.86
1766,614.254042154942,141346,1413.46
1767,614.338603325458,140482,1404.82
1768,614.423164682026,143229,1432.29
1769,614.507726224891,146632,1466.32
1770,614.592287954298,144747,1447.47
1771,614.676849870492,160103,1601.03
1772,614.761411973718,163086,1630.86
1773,614.845974264222,151579,1515.79
1774,614.930536742248,145415,1454.15
1775,615.015099408042,145820,1458.2
1776,615.099662261849,144443,1444.43
1777,615.184225303914,140823,1408.23
1778,615.268788534481,142621,1426.21
1779,615.353351953797,142840,1428.4
1780,615.437915562106,147254,1472.54
1781,615.522479359654,148158,1481.58
1782,615.607043346685,143763,1437.63
1783,615.691607523446,158119,1581.19
1784,615.776171890179,160557,1605.57
1785,615.860736447132,150017,1500.17
1786,615.94530119455,143937,1439.37
1787,616.029866132676,143558,1435.58
1788,616.114431261757,142639,1426.39
1789,616.198996582037,143082,1430.82
1790,616.283562093762,145152,1451.52
1791,616.368127797177,146397,1463.97
1792,616.452693692527,143972,1439.72
1793,616.537259780057,140026,1400.26
1794,616.621826060012,141581,1415.81
1795,616.706392532638,144879,1448.79
1796,616.790959198179,142915,1429.15
1797,616.87552605688,138937,1389.37
1798,616.960093108988,159611,1596.11
1799,617.044660354746,164957,1649.57
1800,617.1292277944,161271,1612.71
1801,617.213795428195,165143,1651.43
1802,617.298363256377,158562,1585.62
1803,617.38293127919,148112,1481.12
1804,617.46749949688,141914,1419.14
1805,617.552067909691,138320,1383.2
1806,617.63663651787,135939,1359.39
1807,617.72120532166,588430,5884.3
1808,617.805774321307,722138,7221.38
1809,617.890343517057,478846,4788.46
1810,617.974912909154,331632,3316.32
1811,618.059482497843,246933,2469.33
1812,618.14405228337,199054,1990.54
1813,618.22862226598,171474,1714.74
1814,618.313192445918,155186,1551.86
1815,618.397762823429,161381,1613.81
1816,618.482333398757,164537,1645.37
1817,618.56690417215,154624,1546.24
1818,618.65147514385,150468,1504.68
1819,618.736046314105,147164,1471.64
1820,618.820617683158,142870,1428.7
1821,618.905189251254,140794,1407.94
1822,618.98976101864,139807,1398.07
1823,619.07433298556,138958,1389.58
1824,619.158905152259,143216,1432.16
1825,619.243477518983,167053,1670.53
1826,619.328050085976,170396,1703.96
1827,619.412622853484,159964,1599.64
1828,619.497195821751,156319,1563.19
1829,619.581768991023,158756,1587.56
1830,619.666342361546,155191,1551.91
1831,619.750915933564,147741,1477.41
1832,619.835489707321,143785,1437.85
1833,619.920063683065,148503,1485.03
1834,620.004637861039,152177,1521.77
1835,620.089212241489,148160,1481.6
1836,620.173786824659,143262,1432.62
1837,620.258361610796,142118,1421.18
1838,620.342936600144,141067,1410.67
1839,620.427511792947,140036,1400.36
1840,620.512087189453,146161,1461.61
1841,620.596662789905,176012,1760.12
1842,620.681238594548,190283,1902.83
1843,620.765814603629,175934,1759.34
1844,620.850390817391,160369,1603.69
1845,620.93496723608,154016,1540.16
1846,621.019543859942,156531,1565.31
1847,621.104120689221,154264,1542.64
1848,621.188697724162,149780,1497.8
1849,621.273274965011,146247,1462.47
1850,621.357852412012,142534,1425.34
1851,621.442430065412,141685,1416.85
1852,621.527007925454,140819,1408.19
1853,621.611585992385,142420,1424.2
1854,621.696164266449,143729,1437.29
1855,621.780742747892,141772,1417.72
1856,621.865321436958,139645,1396.45
1857,621.949900333892,138806,1388.06
1858,622.03447943894,141495,1414.95
1859,622.119058752348,141944,1419.44
1860,622.203638274359,139631,1396.31
1861,622.28821800522,141931,1419.31
1862,622.372797945175,142417,1424.17
1863,622.457378094469,140654,1406.54
1864,622.541958453348,138952,1389.52
1865,622.626539022057,139090,1390.9
1866,622.711119800841,139125,1391.25
1867,622.795700789945,137786,1377.86
1868,622.880281989613,149680,1496.8
1869,622.964863400093,152281,1522.81
1870,623.049445021627,144572,1445.72
1871,623.134026854462,140441,1404.41
1872,623.218608898843,137587,1375.87
1873,623.303191155015,139441,1394.41
1874,623.387773623222,140126,1401.26
1875,623.472356303711,141181,1411.81
1876,623.556939196726,143202,1432.02
1877,623.641522302512,140774,1407.74
1878,623.726105621315,136835,1368.35
1879,623.810689153379,137850,1378.5
1880,623.89527289895,137060,1370.6
1881,623.979856858273,137659,1376.59
1882,624.064441031593,142717,1427.17
1883,624.149025419156,144875,1448.75
1884,624.233610021205,147486,1474.86
1885,624.318194837987,147201,1472.01
1886,624.402779869747,144814,1448.14
1887,624.487365116729,146401,1464.01
1888,624.571950579179,146283,1462.83
1889,624.656536257342,140458,1404.58
1890,624.741122151463,134600,1346
1891,624.825708261788,134008,1340.08
1892,624.91029458856,139965,1399.65
1893,624.994881132027,139151,1391.51
1894,625.079467892432,136852,1368.52
1895,625.16405487002,134314,1343.14
1896,625.248642065038,130969,1309.69
1897,625.33322947773,164224,1642.24
1898,625.41781710834,175964,1759.64
1899,625.502404957115,299716,2997.16
1900,625.5869930243,329952,3299.52
1901,625.671581310139,246108,2461.08
1902,625.756169814878,560345,5603.45
1903,625.840758538762,633317,6333.17
1904,625.925347482035,418822,4188.22
1905,626.009936644944,302852,3028.52
1906,626.094526027733,232901,2329.01
1907,626.179115630648,185337,1853.37
1908,626.263705453933,159253,1592.53
1909,626.348295497833,147441,1474.41
1910,626.432885762595,138822,1388.22
1911,626.517476248462,131712,1317.12
1912,626.60206695568,142238,1422.38
1913,626.686657884495,143597,1435.97
1914,626.771249035151,133869,1338.69
1915,626.855840407893,134876,1348.76
1916,626.940432002967,133115,1331.15
1917,627.025023820618,132050,1320.5
1918,627.10961586109,146609,1466.09
1919,627.19420812463,146637,1466.37
1920,627.278800611482,145971,1459.71
1921,627.363393321891,144802,1448.02
1922,627.447986256102,171956,1719.56
1923,627.532579414361,175026,1750.26
1924,627.617172796912,152036,1520.36
1925,627.701766404002,137731,1377.31
1926,627.786360235874,129323,1293.23
1927,627.870954292774,128193,1281.93
1928,627.955548574948,126115,1261.15
1929,628.04014308264,137625,1376.25
1930,628.124737816095,139910,1399.1
1931,628.209332775559,133675,1336.75
1932,628.293927961276,128798,1287.98
1933,628.378523373493,123444,1234.44
1934,628.463119012454,120208,1202.08
1935,628.547714878403,119036,1190.36
1936,628.632310971587,122408,1224.08
1937,628.716907292251,126229,1262.29
1938,628.801503840639,127836,1278.36
1939,628.886100616996,124895,1248.95
1940,628.970697621569,120667,1206.67
1941,629.055294854601,118830,1188.3
1942,629.139892316339,121225,1212.25
1943,629.224490007026,124126,1241.26
1944,629.309087926909,122712,1227.12
1945,629.393686076233,123050,1230.5
1946,629.478284455242,121852,1218.52
1947,629.562883064182,118351,1183.51
1948,629.647481903298,116595,1165.95
1949,629.732080972835,115666,1156.66
1950,629.816680273037,117823,1178.23
1951,629.901279804152,118004,1180.04
1952,629.985879566422,119195,1191.95
1953,630.070479560095,122502,1225.02
1954,630.155079785414,124101,1241.01
1955,630.239680242624,121483,1214.83
1956,630.324280931972,117648,1176.48
1957,630.408881853702,123766,1237.66
1958,630.493483008059,126820,1268.2
1959,630.578084395288,121862,1218.62
1960,630.662686015635,117484,1174.84
1961,630.747287869345,120822,1208.22
1962,630.831889956662,121255,1212.55
1963,630.916492277832,117025,1170.25
1964,631.001094833101,114382,1143.82
1965,631.085697622712,113297,1132.97
1966,631.170300646912,116701,1167.01
1967,631.254903905945,117587,1175.87
1968,631.339507400056,121997,1219.97
1969,631.424111129492,125034,1250.34
1970,631.508715094496,128546,1285.46
1971,631.593319295314,138232,1382.32
1972,631.677923732192,137902,1379.02
1973,631.762528405373,131667,1316.67
1974,631.847133315104,127516,1275.16
1975,631.93173846163,121919,1219.19
1976,632.016343845195,120258,1202.58
1977,632.100949466045,118103,1181.03
1978,632.185555324425,114358,1143.58
1979,632.270161420579,112224,1122.24
1980,632.354767754754,111459,1114.59
1981,632.439374327195,113660,1136.6
1982,632.523981138146,113565,1135.65
1983,632.608588187852,111461,1114.61
1984,632.693195476559,112184,1121.84
1985,632.777803004512,111912,1119.12
1986,632.862410771956,111678,1116.78
1987,632.947018779136,111790,1117.9
1988,633.031627026297,111894,1118.94
1989,633.116235513685,114590,1145.9
1990,633.200844241544,121434,1214.34
1991,633.28545321012,121160,1211.6
1992,633.370062419658,115804,1158.04
1993,633.454671870403,112672,1126.72
1994,633.539281562599,110808,1108.08
1995,633.623891496493,109703,1097.03
1996,633.708501672329,109169,1091.69
1997,633.793112090353,112068,1120.68
1998,633.877722750809,112332,1123.32
1999,633.962333653943,110192,1101.92
2000,634.0469448,109140,1091.4
2001,634.131556189225,108531,1085.31
2002,634.216167821863,111204,1112.04
2003,634.300779698159,111760,1117.6
2004,634.385391818359,109652,1096.52
2005,634.470004182707,108830,1088.3
2006,634.554616791449,108097,1080.97
2007,634.639229644829,110657,1106.57
2008,634.723842743094,128365,1283.65
2009,634.808456086488,134773,1347.73
2010,634.893069675256,125452,1254.52
2011,634.977683509643,120315,1203.15
2012,635.062297589895,120085,1200.85
2013,635.146911916256,120036,1200.36
2014,635.231526488972,116390,1163.9
2015,635.316141308288,291865,2918.65
2016,635.400756374449,339537,3395.37
2017,635.4853716877,248327,2483.27
2018,635.569987248286,195357,1953.57
2019,635.654603056453,158935,1589.35
2020,635.739219112446,136575,1365.75
2021,635.823835416509,124624,1246.24
2022,635.908451968888,123475,1234.75
2023,635.993068769827,141606,1416.06
2024,636.077685819573,141058,1410.58
2025,636.16230311837,148534,1485.34
2026,636.246920666464,145783,1457.83
2027,636.331538464099,255217,2552.17
2028,636.41615651152,280371,2803.71
2029,636.500774808974,206140,2061.4
2030,636.585393356704,162122,1621.22
2031,636.670012154956,162148,1621.48
2032,636.754631203976,158862,1588.62
2033,636.839250504007,138466,1384.66
2034,636.923870055296,123779,1237.79
2035,637.008489858088,117938,1179.38
2036,637.093109912628,114355,1143.55
2037,637.17773021916,110199,1101.99
2038,637.26235077793,107448,1074.48
2039,637.346971589183,115649,1156.49
2040,637.431592653165,121575,1215.75
2041,637.51621397012,116674,1166.74
2042,637.600835540293,112981,1129.81
2043,637.68545736393,112649,1126.49
2044,637.770079441276,113427,1134.27
2045,637.854701772576,110790,1107.9
2046,637.939324358074,106792,1067.92
2047,638.023947198017,104927,1049.27
