Scan Date:,2025-05-24 17:22:44Z
Integration Time:,1000
Number of Averages:,100

Pixel Number,Wavelength (nm),Sum Spectrum,Averaged Spectrum
0,464.9839,37412,374.12
1,465.068515076491,36750,367.5
2,465.153129906126,36725,367.25
3,465.237744489151,36614,366.14
4,465.322358825812,36702,367.02
5,465.406972916352,36792,367.92
6,465.491586761018,36625,366.25
7,465.576200360054,36594,365.94
8,465.660813713705,36461,364.61
9,465.745426822218,36626,366.26
10,465.830039685836,36755,367.55
11,465.914652304805,36660,366.6
12,465.99926467937,36722,367.22
13,466.083876809776,36798,367.98
14,466.168488696269,36670,366.7
15,466.253100339093,195942,1959.42
16,466.337711738494,241153,2411.53
17,466.422322894716,156953,1569.53
18,466.506933808006,107125,1071.25
19,466.591544478607,78408,784.08
20,466.676154906766,61873,618.73
21,466.760765092726,52347,523.47
22,466.845375036735,50609,506.09
23,466.929984739036,49258,492.58
24,467.014594199874,46374,463.74
25,467.099203419495,44306,443.06
26,467.183812398145,42434,424.34
27,467.268421136067,41317,413.17
28,467.353029633508,74051,740.51
29,467.437637890711,85435,854.35
30,467.522245907924,72150,721.5
31,467.60685368539,61128,611.28
32,467.691461223355,52152,521.52
33,467.776068522063,47542,475.42
34,467.860675581761,44648,446.48
35,467.945282402693,48252,482.52
36,468.029888985104,55828,558.28
37,468.11449532924,54433,544.33
38,468.199101435345,52281,522.81
39,468.283707303665,49645,496.45
40,468.368312934445,45396,453.96
41,468.45291832793,46623,466.23
42,468.537523484364,49920,499.2
43,468.622128403994,75954,759.54
44,468.706733087065,87881,878.81
45,468.791337533821,73518,735.18
46,468.875941744507,59153,591.53
47,468.96054571937,51286,512.86
48,469.045149458653,47298,472.98
49,469.129752962602,44974,449.74
50,469.214356231462,42924,429.24
51,469.298959265479,41770,417.7
52,469.383562064897,41353,413.53
53,469.468164629962,41049,410.49
54,469.552766960919,44232,442.32
55,469.637369058012,49140,491.4
56,469.721970921487,48302,483.02
57,469.80657255159,45676,456.76
58,469.891173948565,47366,473.66
59,469.975775112657,46665,466.65
60,470.060376044111,43707,437.07
61,470.144976743173,42222,422.22
62,470.229577210088,45171,451.71
63,470.314177445101,45955,459.55
64,470.398777448457,47882,478.82
65,470.483377220402,73961,739.61
66,470.567976761179,81868,818.68
67,470.652576071035,68967,689.67
68,470.737175150215,57971,579.71
69,470.821773998963,50654,506.54
70,470.906372617525,50012,500.12
71,470.990971006146,48193,481.93
72,471.075569165072,82507,825.07
73,471.160167094546,91434,914.34
74,471.244764794815,74443,744.43
75,471.329362266123,62665,626.65
76,471.413959508717,57058,570.58
77,471.498556522839,60032,600.32
78,471.583153308737,60768,607.68
79,471.667749866655,57330,573.3
80,471.752346196838,56364,563.64
81,471.836942299532,56339,563.39
82,471.921538174981,60592,605.92
83,472.00613382343,58119,581.19
84,472.090729245126,50676,506.76
85,472.175324440312,45898,458.98
86,472.259919409234,47039,470.39
87,472.344514152137,46572,465.72
88,472.429108669267,43869,438.69
89,472.513702960868,43689,436.89
90,472.598297027185,45446,454.46
91,472.682890868465,45159,451.59
92,472.767484484951,43023,430.23
93,472.852077876889,41418,414.18
94,472.936671044524,44455,444.55
95,473.021263988101,45535,455.35
96,473.105856707865,44229,442.29
97,473.190449204062,49948,499.48
98,473.275041476937,67760,677.6
99,473.359633526735,75129,751.29
100,473.4442253537,65081,650.81
101,473.528816958078,57941,579.41
102,473.613408340115,56686,566.86
103,473.697999500055,52407,524.07
104,473.782590438143,47507,475.07
105,473.867181154625,45043,450.43
106,473.951771649745,48038,480.38
107,474.03636192375,47690,476.9
108,474.120951976883,44790,447.9
109,474.20554180939,43551,435.51
110,474.290131421517,42314,423.14
111,474.374720813508,45948,459.48
112,474.459309985608,46591,465.91
113,474.543898938063,43790,437.9
114,474.628487671118,42024,420.24
115,474.713076185018,41094,410.94
116,474.797664480008,44886,448.86
117,474.882252556332,80091,800.91
118,474.966840414238,90566,905.66
119,475.051428053968,110759,1107.59
120,475.13601547577,108408,1084.08
121,475.220602679887,79820,798.2
122,475.305189666564,62287,622.87
123,475.389776436048,52435,524.35
124,475.474362988583,47152,471.52
125,475.558949324414,43753,437.53
126,475.643535443787,42065,420.65
127,475.728121346946,41565,415.65
128,475.812707034136,40889,408.89
129,475.897292505604,67574,675.74
130,475.981877761593,80200,802
131,476.066462802349,70765,707.65
132,476.151047628118,63568,635.68
133,476.235632239144,55915,559.15
134,476.320216635672,49188,491.88
135,476.404800817948,49293,492.93
136,476.489384786216,48611,486.11
137,476.573968540723,50632,506.32
138,476.658552081712,73170,731.7
139,476.74313540943,75874,758.74
140,476.827718524121,61660,616.6
141,476.91230142603,52651,526.51
142,476.996884115403,51066,510.66
143,477.081466592484,49203,492.03
144,477.166048857519,45215,452.15
145,477.250630910753,47062,470.62
146,477.335212752432,47247,472.47
147,477.419794382799,44465,444.65
148,477.504375802101,46288,462.88
149,477.588957010582,47007,470.07
150,477.673538008487,44932,449.32
151,477.758118796063,93378,933.78
152,477.842699373553,106237,1062.37
153,477.927279741204,78584,785.84
154,478.011859899259,62190,621.9
155,478.096439847965,52717,527.17
156,478.181019587566,47873,478.73
157,478.265599118308,45527,455.27
158,478.350178440435,43446,434.46
159,478.434757554193,42190,421.9
160,478.519336459827,55695,556.95
161,478.603915157582,58867,588.67
162,478.688493647704,50716,507.16
163,478.773071930436,116757,1167.57
164,478.857650006026,133761,1337.61
165,478.942227874716,95735,957.35
166,479.026805536754,87159,871.59
167,479.111382992383,79977,799.77
168,479.19596024185,68670,686.7
169,479.280537285398,59111,591.11
170,479.365114123274,50755,507.55
171,479.449690755722,45239,452.39
172,479.534267182988,42207,422.07
173,479.618843405317,40822,408.22
174,479.703419422953,44018,440.18
175,479.787995236142,49767,497.67
176,479.87257084513,48927,489.27
177,479.95714625016,45295,452.95
178,480.041721451479,43126,431.26
179,480.126296449331,42224,422.24
180,480.210871243962,44967,449.67
181,480.295445835617,45562,455.62
182,480.380020224541,46842,468.42
183,480.464594410979,46565,465.65
184,480.549168395175,47737,477.37
185,480.633742177377,47456,474.56
186,480.718315757827,44498,444.98
187,480.802889136772,42580,425.8
188,480.887462314457,41439,414.39
189,480.972035291127,40547,405.47
190,481.056608067026,44696,446.96
191,481.141180642401,59847,598.47
192,481.225753017496,61181,611.81
193,481.310325192556,51996,519.96
194,481.394897167827,50118,501.18
195,481.479468943554,48312,483.12
196,481.564040519981,45290,452.9
197,481.648611897354,43515,435.15
198,481.733183075918,41668,416.68
199,481.817754055918,44537,445.37
200,481.9023248376,45110,451.1
201,481.986895421208,46260,462.6
202,482.071465806988,85334,853.34
203,482.156035995184,93989,939.89
204,482.240605986042,74831,748.31
205,482.325175779807,62045,620.45
206,482.409745376725,52607,526.07
207,482.494314777039,47084,470.84
208,482.578883980996,43867,438.67
209,482.663452988841,42230,422.3
210,482.748021800818,41160,411.6
211,482.832590417173,40994,409.94
212,482.91715883815,45104,451.04
213,483.001727063996,49754,497.54
214,483.086295094955,48439,484.39
215,483.170862931273,45110,451.1
216,483.255430573193,44058,440.58
217,483.339998020963,47073,470.73
218,483.424565274826,47631,476.31
219,483.509132335028,44594,445.94
220,483.593699201814,42623,426.23
221,483.678265875429,45299,452.99
222,483.762832356118,45383,453.83
223,483.847398644127,42811,428.11
224,483.9319647397,45315,453.15
225,484.016530643083,58549,585.49
226,484.101096354521,60127,601.27
227,484.185661874258,52535,525.35
228,484.270227202541,47108,471.08
229,484.354792339614,44042,440.42
230,484.439357285722,42983,429.83
231,484.523922041111,45766,457.66
232,484.608486606025,49621,496.21
233,484.69305098071,48472,484.72
234,484.777615165411,47305,473.05
235,484.862179160373,49449,494.49
236,484.946742965841,47929,479.29
237,485.03130658206,47709,477.09
238,485.115870009276,50857,508.57
239,485.200433247733,49515,495.15
240,485.284996297677,46062,460.62
241,485.369559159353,72746,727.46
242,485.454121833005,82967,829.67
243,485.53868431888,67710,677.1
244,485.623246617222,57403,574.03
245,485.707808728276,51087,510.87
246,485.792370652288,46104,461.04
247,485.876932389502,46643,466.43
248,485.961493940164,46108,461.08
249,486.046055304519,43535,435.35
250,486.130616482813,42941,429.41
251,486.215177475289,42815,428.15
252,486.299738282193,49671,496.71
253,486.384298903771,51464,514.64
254,486.468859340268,46761,467.61
255,486.553419591928,43337,433.37
256,486.637979658997,42445,424.45
257,486.722539541719,42098,420.98
258,486.807099240341,44570,445.7
259,486.891658755108,45047,450.47
260,486.976218086263,42615,426.15
261,487.060777234053,41254,412.54
262,487.145336198723,40703,407.03
263,487.229894980517,40211,402.11
264,487.314453579682,40511,405.11
265,487.399011996461,40778,407.78
266,487.483570231101,40273,402.73
267,487.568128283845,39952,399.52
268,487.652686154941,39791,397.91
269,487.737243844632,39830,398.3
270,487.821801353163,44661,446.61
271,487.906358680781,46042,460.42
272,487.990915827729,43400,434
273,488.075472794253,41971,419.71
274,488.160029580599,46451,464.51
275,488.244586187011,47519,475.19
276,488.329142613735,44841,448.41
277,488.413698861015,50567,505.67
278,488.498254929097,51699,516.99
279,488.582810818225,51178,511.78
280,488.667366528646,50743,507.43
281,488.751922060605,46959,469.59
282,488.836477414345,45017,450.17
283,488.921032590113,44372,443.72
284,489.005587588153,45324,453.24
285,489.090142408711,77160,771.6
286,489.174697052032,87993,879.93
287,489.259251518361,73930,739.3
288,489.343805807943,61825,618.25
289,489.428359921024,52446,524.46
290,489.512913857847,47047,470.47
291,489.597467618659,44165,441.65
292,489.682021203705,56018,560.18
293,489.76657461323,58856,588.56
294,489.851127847479,50804,508.04
295,489.935680906696,48021,480.21
296,490.020233791128,45912,459.12
297,490.104786501019,42781,427.81
298,490.189339036615,45265,452.65
299,490.27389139816,45783,457.83
300,490.3584435859,43125,431.25
301,490.44299560008,41284,412.84
302,490.527547440945,40483,404.83
303,490.612099108739,39859,398.59
304,490.69665060371,39711,397.11
305,490.7812019261,40046,400.46
306,490.865753076156,43843,438.43
307,490.950304054123,45241,452.41
308,491.034854860246,43403,434.03
309,491.119405494769,42298,422.98
310,491.203955957939,41832,418.32
311,491.288506249999,41769,417.69
312,491.373056371197,40968,409.68
313,491.457606321775,44633,446.33
314,491.54215610198,47072,470.72
315,491.626705712057,44796,447.96
316,491.711255152251,42710,427.1
317,491.795804422807,41215,412.15
318,491.88035352397,40131,401.31
319,491.964902455985,40349,403.49
320,492.049451219098,44603,446.03
321,492.133999813553,45132,451.32
322,492.218548239596,42931,429.31
323,492.303096497471,45271,452.71
324,492.387644587425,48123,481.23
325,492.472192509702,50205,502.05
326,492.556740264546,58056,580.56
327,492.641287852205,56946,569.46
328,492.725835272921,49509,495.09
329,492.810382526942,46678,466.78
330,492.894929614511,57135,571.35
331,492.979476535874,58587,585.87
332,493.064023291276,51028,510.28
333,493.148569880962,49256,492.56
334,493.233116305178,47137,471.37
335,493.317662564167,44002,440.02
336,493.402208658177,43242,432.42
337,493.486754587451,42245,422.45
338,493.571300352235,40913,409.13
339,493.655845952774,40112,401.12
340,493.740391389313,43836,438.36
341,493.824936662097,44854,448.54
342,493.909481771372,45497,454.97
343,493.994026717382,44917,449.17
344,494.078571500372,42741,427.41
345,494.163116120589,41824,418.24
346,494.247660578276,41319,413.19
347,494.33220487368,76019,760.19
348,494.416749007044,85959,859.59
349,494.501292978615,67353,673.53
350,494.585836788637,55561,555.61
351,494.670380437356,48786,487.86
352,494.754923925017,45512,455.12
353,494.839467251864,47740,477.4
354,494.924010418144,46981,469.81
355,495.0085534241,43693,436.93
356,495.093096269979,59451,594.51
357,495.177638956025,63251,632.51
358,495.262181482484,57307,573.07
359,495.3467238496,55616,556.16
360,495.431266057619,50522,505.22
361,495.515808106786,49910,499.1
362,495.600349997346,48420,484.2
363,495.684891729544,44931,449.31
364,495.769433303626,44818,448.18
365,495.853974719836,43953,439.53
366,495.938515978419,41902,419.02
367,496.023057079622,40683,406.83
368,496.107598023688,40161,401.61
369,496.192138810863,43762,437.62
370,496.276679441392,44552,445.52
371,496.361219915521,44627,446.27
372,496.445760233493,79714,797.14
373,496.530300395556,88316,883.16
374,496.614840401953,68412,684.12
375,496.69938025293,62513,625.13
376,496.783919948731,57831,578.31
377,496.868459489603,54451,544.51
378,496.95299887579,50747,507.47
379,497.037538107538,54240,542.4
380,497.12207718509,53808,538.08
381,497.206616108694,51683,516.83
382,497.291154878593,49580,495.8
383,497.375693495033,45993,459.93
384,497.460231958259,43282,432.82
385,497.544770268516,42034,420.34
386,497.629308426049,41854,418.54
387,497.713846431104,40931,409.31
388,497.798384283926,43562,435.62
389,497.882921984759,44261,442.61
390,497.967459533848,42591,425.91
391,498.05199693144,45362,453.62
392,498.136534177779,49939,499.39
393,498.22107127311,48873,488.73
394,498.305608217678,44940,449.4
395,498.390145011729,42458,424.58
396,498.474681655507,41209,412.09
397,498.559218149259,40504,405.04
398,498.643754493228,40548,405.48
399,498.72829068766,40214,402.14
400,498.8128267328,39615,396.15
401,498.897362628894,39519,395.19
402,498.981898376185,39737,397.37
403,499.066433974921,40261,402.61
404,499.150969425345,44447,444.47
405,499.235504727703,61658,616.58
406,499.32003988224,63706,637.06
407,499.404574889201,57259,572.59
408,499.489109748831,53465,534.65
409,499.573644461376,48460,484.6
410,499.65817902708,44819,448.19
411,499.742713446188,43091,430.91
412,499.827247718947,42199,421.99
413,499.9117818456,41334,413.34
414,499.996315826393,40549,405.49
415,500.080849661572,39959,399.59
416,500.165383351381,39840,398.4
417,500.249916896065,39731,397.31
418,500.33445029587,39885,398.85
419,500.41898355104,60370,603.7
420,500.503516661822,66342,663.42
421,500.588049628459,55289,552.89
422,500.672582451197,49735,497.35
423,500.757115130282,46246,462.46
424,500.841647665958,43864,438.64
425,500.92618005847,42156,421.56
426,501.010712308064,69849,698.49
427,501.095244414985,80806,808.06
428,501.179776379478,69965,699.65
429,501.264308201788,60042,600.42
430,501.34883988216,55923,559.23
431,501.433371420839,51749,517.49
432,501.517902818071,46193,461.93
433,501.6024340741,47762,477.62
434,501.686965189172,50301,503.01
435,501.771496163532,47801,478.01
436,501.856026997425,44126,441.26
437,501.940557691096,41998,419.98
438,502.02508824479,40818,408.18
439,502.109618658753,44623,446.23
440,502.194148933229,45342,453.42
441,502.278679068464,42626,426.26
442,502.363209064702,41653,416.53
443,502.44773892219,40756,407.56
444,502.532268641171,43613,436.13
445,502.616798221892,44919,449.19
446,502.701327664597,43372,433.72
447,502.785856969531,41950,419.5
448,502.87038613694,44641,446.41
449,502.954915167069,48809,488.09
450,503.039444060163,47520,475.2
451,503.123972816466,44219,442.19
452,503.208501436225,46641,466.41
453,503.293029919684,47821,478.21
454,503.377558267088,49031,490.31
455,503.462086478683,52091,520.91
456,503.546614554714,54682,546.82
457,503.631142495425,51686,516.86
458,503.715670301062,46538,465.38
459,503.800197971871,43284,432.84
460,503.884725508095,41565,415.65
461,503.969252909981,44331,443.31
462,504.053780177773,48741,487.41
463,504.138307311717,47833,478.33
464,504.222834312058,48423,484.23
465,504.307361179041,48180,481.8
466,504.39188791291,49189,491.89
467,504.476414513912,49863,498.63
468,504.560940982291,65354,653.54
469,504.645467318292,67293,672.93
470,504.729993522161,55274,552.74
471,504.814519594143,51849,518.49
472,504.899045534482,51763,517.63
473,504.983571343424,54257,542.57
474,505.068097021215,55746,557.46
475,505.152622568098,55164,551.64
476,505.23714798432,66948,669.48
477,505.321673270126,66380,663.8
478,505.40619842576,55413,554.13
479,505.490723451468,48727,487.27
480,505.575248347494,48224,482.24
481,505.659773114085,46861,468.61
482,505.744297751485,75150,751.5
483,505.828822259939,86171,861.71
484,505.913346639693,69518,695.18
485,505.997870890991,56977,569.77
486,506.082395014079,49791,497.91
487,506.166919009201,45950,459.5
488,506.251442876604,43333,433.33
489,506.335966616531,45272,452.72
490,506.420490229229,45133,451.33
491,506.505013714942,43134,431.34
492,506.589537073916,42020,420.2
493,506.674060306396,44459,444.59
494,506.758583412626,45748,457.48
495,506.843106392852,43773,437.73
496,506.927629247319,42320,423.2
497,507.012151976272,41039,410.39
498,507.096674579957,44151,441.51
499,507.181197058618,45813,458.13
500,507.2657194125,43932,439.32
501,507.350241641849,74673,746.73
502,507.43476374691,86868,868.68
503,507.519285727928,70053,700.53
504,507.603807585148,57069,570.69
505,507.688329318816,50376,503.76
506,507.772850929175,49888,498.88
507,507.857372416473,51875,518.75
508,507.941893780953,49240,492.4
509,508.02641502286,45649,456.49
510,508.110936142441,43337,433.37
511,508.195457139939,45158,451.58
512,508.279978015601,45168,451.68
513,508.364498769671,43472,434.72
514,508.449019402395,42090,420.9
515,508.533539914017,40844,408.44
516,508.618060304783,43889,438.89
517,508.702580574937,44524,445.24
518,508.787100724726,42821,428.21
519,508.871620754394,43447,434.47
520,508.956140664186,59724,597.24
521,509.040660454347,68351,683.51
522,509.125180125123,76760,767.6
523,509.209699676758,73200,732
524,509.294219109499,80771,807.71
525,509.378738423589,78387,783.87
526,509.463257619274,66511,665.11
527,509.5477766968,57976,579.76
528,509.632295656411,49836,498.36
529,509.716814498352,45097,450.97
530,509.801333222869,42392,423.92
531,509.885851830207,40743,407.43
532,509.97037032061,40406,404.06
533,510.054888694324,40054,400.54
534,510.139406951595,44392,443.92
535,510.223925092667,45590,455.9
536,510.308443117785,43128,431.28
537,510.392961027195,42517,425.17
538,510.477478821141,45732,457.32
539,510.56199649987,49942,499.42
540,510.646514063625,52747,527.47
541,510.731031512652,54539,545.39
542,510.815548847197,51347,513.47
543,510.900066067503,47329,473.29
544,510.984583173818,44484,444.84
545,511.069100166384,46156,461.56
546,511.153617045449,45967,459.67
547,511.238133811256,47083,470.83
548,511.322650464052,46449,464.49
549,511.407167004081,43175,431.75
550,511.491683431587,49444,494.44
551,511.576199746818,50791,507.91
552,511.660715950017,50002,500.02
553,511.745232041429,48418,484.18
554,511.829748021301,44947,449.47
555,511.914263889876,42967,429.67
556,511.9987796474,43153,431.53
557,512.083295294119,42701,427.01
558,512.167810830277,42054,420.54
559,512.252326256119,44397,443.97
560,512.336841571891,47722,477.22
561,512.421356777838,63629,636.29
562,512.505871874205,65721,657.21
563,512.590386861236,59100,591
564,512.674901739178,53548,535.48
565,512.759416508275,47843,478.43
566,512.843931168773,44537,445.37
567,512.928445720916,46441,464.41
568,513.01296016495,50284,502.84
569,513.097474501119,48656,486.56
570,513.18198872967,45044,450.44
571,513.266502850847,42892,428.92
572,513.351016864895,45751,457.51
573,513.435530772059,46550,465.5
574,513.520044572585,44051,440.51
575,513.604558266717,42422,424.22
576,513.689071854701,49117,491.17
577,513.773585336782,52808,528.08
578,513.858098713206,53396,533.96
579,513.942611984216,54623,546.23
580,514.027125150058,58073,580.73
581,514.111638210978,59484,594.84
582,514.196151167221,54404,544.04
583,514.280664019031,48275,482.75
584,514.365176766654,44758,447.58
585,514.449689410336,45864,458.64
586,514.53420195032,49287,492.87
587,514.618714386852,48095,480.95
588,514.703226720178,44623,446.23
589,514.787738950542,42695,426.95
590,514.87225107819,41474,414.74
591,514.956763103367,40303,403.03
592,515.041275026318,39717,397.17
593,515.125786847287,47990,479.9
594,515.210298566521,50208,502.08
595,515.294810184265,45686,456.86
596,515.379321700762,43496,434.96
597,515.463833116259,42829,428.29
598,515.548344431001,41942,419.42
599,515.632855645233,44750,447.5
600,515.7173667592,45469,454.69
601,515.801877773147,44716,447.16
602,515.886388687319,47270,472.7
603,515.970899501962,46405,464.05
604,516.05541021732,43281,432.81
605,516.139920833639,41926,419.26
606,516.224431351163,41193,411.93
607,516.308941770138,41096,410.96
608,516.39345209081,40652,406.52
609,516.477962313423,39982,399.82
610,516.562472438222,43438,434.38
611,516.646982465452,48221,482.21
612,516.731492395359,53126,531.26
613,516.816002228188,52052,520.52
614,516.900511964184,47368,473.68
615,516.985021603591,51732,517.32
616,517.069531146656,59358,593.58
617,517.154040593623,67925,679.25
618,517.238549944738,64214,642.14
619,517.323059200245,57114,571.14
620,517.40756836039,52100,521
621,517.492077425417,46973,469.73
622,517.576586395573,43882,438.82
623,517.661095271101,73345,733.45
624,517.745604052248,80900,809
625,517.830112739258,63463,634.63
626,517.914621332376,61127,611.27
627,517.999129831848,58065,580.65
628,518.083638237919,51063,510.63
629,518.168146550834,46555,465.55
630,518.252654770838,43448,434.48
631,518.337162898176,42109,421.09
632,518.421670933093,41239,412.39
633,518.506178875835,40675,406.75
634,518.590686726646,40142,401.42
635,518.675194485772,40373,403.73
636,518.759702153457,43896,438.96
637,518.844209729948,44953,449.53
638,518.928717215489,43217,432.17
639,519.013224610325,45668,456.68
640,519.097731914701,46910,469.1
641,519.182239128863,45275,452.75
642,519.266746253055,43717,437.17
643,519.351253287523,42341,423.41
644,519.435760232512,41428,414.28
645,519.520267088267,41176,411.76
646,519.604773855033,40574,405.74
647,519.689280533056,40139,401.39
648,519.77378712258,40241,402.41
649,519.85829362385,40020,400.2
650,519.942800037113,44082,440.82
651,520.027306362612,45101,451.01
652,520.111812600593,42395,423.95
653,520.196318751301,40987,409.87
654,520.280824814981,40004,400.04
655,520.365330791879,39271,392.71
656,520.449836682239,39692,396.92
657,520.534342486307,40440,404.4
658,520.618848204327,40282,402.82
659,520.703353836546,43275,432.75
660,520.787859383207,43987,439.87
661,520.872364844557,49420,494.2
662,520.95687022084,71354,713.54
663,521.041375512301,72779,727.79
664,521.125880719186,58510,585.1
665,521.21038584174,50369,503.69
666,521.294890880208,59825,598.25
667,521.379395834834,61068,610.68
668,521.463900705865,55709,557.09
669,521.548405493545,51892,518.92
670,521.632910198119,46925,469.25
671,521.717414819833,44004,440.04
672,521.801919358931,42206,422.06
673,521.88642381566,41029,410.29
674,521.970928190263,44641,446.41
675,522.055432482986,238742,2387.42
676,522.139936694074,290156,2901.56
677,522.224440823773,189124,1891.24
678,522.308944872327,128501,1285.01
679,522.393448839982,91739,917.39
680,522.477952726982,74207,742.07
681,522.562456533574,81193,811.93
682,522.646960260001,76997,769.97
683,522.731463906509,66365,663.65
684,522.815967473344,62033,620.33
685,522.90047096075,54682,546.82
686,522.984974368973,47917,479.17
687,523.069477698257,44360,443.6
688,523.153980948848,42570,425.7
689,523.238484120991,41581,415.81
690,523.322987214931,41367,413.67
691,523.407490230914,44961,449.61
692,523.491993169183,49590,495.9
693,523.576496029985,86558,865.58
694,523.660998813565,93675,936.75
695,523.745501520167,103364,1033.64
696,523.830004150038,99033,990.33
697,523.914506703421,74836,748.36
698,523.999009180562,60361,603.61
699,524.083511581707,51427,514.27
700,524.1680139071,46601,466.01
701,524.252516156987,43598,435.98
702,524.337018331612,41989,419.89
703,524.421520431221,44798,447.98
704,524.506022456059,45554,455.54
705,524.590524406371,43366,433.66
706,524.675026282403,64772,647.72
707,524.759528084398,71133,711.33
708,524.844029812603,58420,584.2
709,524.928531467263,50650,506.5
710,525.013033048623,65161,651.61
711,525.097534556927,68584,685.84
712,525.182035992421,56998,569.98
713,525.266537355351,49687,496.87
714,525.351038645961,45645,456.45
715,525.435539864496,47542,475.42
716,525.520041011202,47356,473.56
717,525.604542086324,44901,449.01
718,525.689043090106,52460,524.6
719,525.773544022794,53608,536.08
720,525.858044884634,52595,525.95
721,525.942545675869,50978,509.78
722,526.027046396746,46615,466.15
723,526.11154704751,44329,443.29
724,526.196047628405,43130,431.3
725,526.280548139677,46711,467.11
726,526.36504858157,47450,474.5
727,526.449548954331,44654,446.54
728,526.534049258204,43663,436.63
729,526.618549493434,46780,467.8
730,526.703049660267,47048,470.48
731,526.787549758947,44815,448.15
732,526.87204978972,46623,466.23
733,526.956549752831,47108,471.08
734,527.041049648525,45086,450.86
735,527.125549477046,43664,436.64
736,527.210049238641,62083,620.83
737,527.294548933555,69371,693.71
738,527.379048562032,59297,592.97
739,527.463548124317,51834,518.34
740,527.548047620657,48909,489.09
741,527.632547051295,46675,466.75
742,527.717046416477,44863,448.63
743,527.801545716449,48885,488.85
744,527.886044951455,49854,498.54
745,527.97054412174,57004,570.04
746,528.05504322755,58308,583.08
747,528.139542269129,51961,519.61
748,528.224041246724,49895,498.95
749,528.308540160578,51145,511.45
750,528.393039010938,49654,496.54
751,528.477537798047,46096,460.96
752,528.562036522152,47267,472.67
753,528.646535183498,50677,506.77
754,528.731033782329,52817,528.17
755,528.815532318891,50305,503.05
756,528.900030793429,46614,466.14
757,528.984529206188,44134,441.34
758,529.069027557414,42624,426.24
759,529.15352584735,41744,417.44
760,529.238024076243,41081,410.81
761,529.322522244338,40771,407.71
762,529.407020351879,40916,409.16
763,529.491518399112,41291,412.91
764,529.576016386283,41413,414.13
765,529.660514313635,41127,411.27
766,529.745012181415,40670,406.7
767,529.829509989866,40514,405.14
768,529.914007739236,40484,404.84
769,529.998505429768,44304,443.04
770,530.083003061708,45938,459.38
771,530.167500635301,44032,440.32
772,530.251998150792,42816,428.16
773,530.336495608426,42875,428.75
774,530.420993008449,46082,460.82
775,530.505490351105,49897,498.97
776,530.589987636639,52300,523
777,530.674484865298,53735,537.35
778,530.758982037325,50774,507.74
779,530.843479152966,46534,465.34
780,530.927976212466,43772,437.72
781,531.012473216071,42978,429.78
782,531.096970164025,97862,978.62
783,531.181467056574,116171,1161.71
784,531.265963893962,87030,870.3
785,531.350460676435,67289,672.89
786,531.434957404238,56059,560.59
787,531.519454077616,49804,498.04
788,531.603950696814,48336,483.36
789,531.688447262078,47656,476.56
790,531.772943773652,45464,454.64
791,531.857440231782,43463,434.63
792,531.941936636713,41792,417.92
793,532.026432988689,44527,445.27
794,532.110929287956,45479,454.79
795,532.19542553476,47022,470.22
796,532.279921729345,46607,466.07
797,532.364417871956,43737,437.37
798,532.448913962839,41825,418.25
799,532.533410002239,40935,409.35
800,532.6179059904,40668,406.68
801,532.702401927568,40290,402.9
802,532.786897813989,40161,401.61
803,532.871393649906,47562,475.62
804,532.955889435567,53447,534.47
805,533.040385171214,50908,509.08
806,533.124880857094,78108,781.08
807,533.209376493452,84223,842.23
808,533.293872080533,65936,659.36
809,533.378367618582,54521,545.21
810,533.462863107844,73578,735.78
811,533.547358548564,76954,769.54
812,533.631853940988,64583,645.83
813,533.71634928536,56663,566.63
814,533.800844581926,61673,616.73
815,533.885339830931,60308,603.08
816,533.96983503262,51990,519.9
817,534.054330187238,47025,470.25
818,534.13882529503,47070,470.7
819,534.223320356242,46357,463.57
820,534.307815371118,43166,431.66
821,534.392310339903,41178,411.78
822,534.476805262844,40259,402.59
823,534.561300140184,39581,395.81
824,534.64579497217,46547,465.47
825,534.730289759045,48581,485.81
826,534.814784501056,48433,484.33
827,534.899279198448,47851,478.51
828,534.983773851465,44603,446.03
829,535.068268460352,45781,457.81
830,535.152763025356,56239,562.39
831,535.23725754672,77311,773.11
832,535.321752024691,77153,771.53
833,535.406246459513,62319,623.19
834,535.490740851431,52526,525.26
835,535.575235200691,46760,467.6
836,535.659729507538,43645,436.45
837,535.744223772216,489828,4898.28
838,535.828717994971,616879,6168.79
839,535.913212176048,375048,3750.48
840,535.997706315693,231406,2314.06
841,536.08220041415,159816,1598.16
842,536.166694471664,115823,1158.23
843,536.251188488481,83552,835.52
844,536.335682464845,64730,647.3
845,536.420176401003,54218,542.18
846,536.504670297198,48089,480.89
847,536.589164153677,44206,442.06
848,536.673657970684,42167,421.67
849,536.758151748464,42324,423.24
850,536.842645487263,41746,417.46
851,536.927139187325,40634,406.34
852,537.011632848896,43708,437.08
853,537.096126472221,45062,450.62
854,537.180620057546,47971,479.71
855,537.265113605114,51486,514.86
856,537.349607115172,49020,490.2
857,537.434100587964,46125,461.25
858,537.518594023736,44295,442.95
859,537.603087422733,42658,426.58
860,537.687580785199,42039,420.39
861,537.772074111381,44711,447.11
862,537.856567401522,56876,568.76
863,537.941060655869,70414,704.14
864,538.025553874667,66092,660.92
865,538.11004705816,55540,555.4
866,538.194540206593,49864,498.64
867,538.279033320213,46671,466.71
868,538.363526399263,46121,461.21
869,538.44801944399,48250,482.5
870,538.532512454637,52453,524.53
871,538.617005431451,61189,611.89
872,538.701498374677,68396,683.96
873,538.785991284559,74083,740.83
874,538.870484161343,80412,804.12
875,538.954977005273,89435,894.35
876,539.039469816596,93715,937.15
877,539.123962595556,93671,936.71
878,539.208455342398,99649,996.49
879,539.292948057368,102279,1022.79
880,539.37744074071,95431,954.31
881,539.46193339267,91550,915.5
882,539.546426013493,90343,903.43
883,539.630918603424,91142,911.42
884,539.715411162708,86268,862.68
885,539.79990369159,81010,810.1
886,539.884396190315,75886,758.86
887,539.968888659129,98294,982.94
888,540.053381098277,108007,1080.07
889,540.137873508003,90410,904.1
890,540.222365888553,74887,748.87
891,540.306858240173,65356,653.56
892,540.391350563106,58669,586.69
893,540.475842857599,61222,612.22
894,540.560335123896,59838,598.38
895,540.644827362243,57294,572.94
896,540.729319572884,57872,578.72
897,540.813811756066,54052,540.52
898,540.898303912032,48914,489.14
899,540.982796041028,45515,455.15
900,541.0672881433,43338,433.38
901,541.151780219092,42315,423.15
902,541.23627226865,41295,412.95
903,541.320764292218,40385,403.85
904,541.405256290042,40646,406.46
905,541.489748262367,43395,433.95
906,541.574240209438,48588,485.88
907,541.6587321315,48320,483.2
908,541.743224028798,48785,487.85
909,541.827715901578,47944,479.44
910,541.912207750085,44057,440.57
911,541.996699574563,42540,425.4
912,542.081191375258,42107,421.07
913,542.165683152415,45761,457.61
914,542.250174906279,46533,465.33
915,542.334666637096,44158,441.58
916,542.41915834511,43001,430.01
917,542.503650030566,65692,656.92
918,542.58814169371,75465,754.65
919,542.672633334787,71666,716.66
920,542.757124954042,64974,649.74
921,542.841616551719,55933,559.33
922,542.926108128065,54136,541.36
923,543.010599683325,52556,525.56
924,543.095091217743,49905,499.05
925,543.179582731564,77699,776.99
926,543.264074225034,84557,845.57
927,543.348565698398,67894,678.94
928,543.433057151901,58417,584.17
929,543.517548585789,52848,528.48
930,543.602040000305,56918,569.18
931,543.686531395696,61409,614.09
932,543.771022772206,57502,575.02
933,543.855514130081,56530,565.3
934,543.940005469566,58478,584.78
935,544.024496790906,55686,556.86
936,544.108988094346,59304,593.04
937,544.193479380131,62204,622.04
938,544.277970648506,57739,577.39
939,544.362461899717,52991,529.91
940,544.446953134009,54766,547.66
941,544.531444351626,54768,547.68
942,544.615935552814,54291,542.91
943,544.700426737818,54669,546.69
944,544.784917906884,52844,528.44
945,544.869409060255,54546,545.46
946,544.953900198178,54688,546.88
947,545.038391320898,51874,518.74
948,545.122882428659,50266,502.66
949,545.207373521708,49278,492.78
950,545.291864600288,48448,484.48
951,545.376355664645,47859,478.59
952,545.460846715024,82360,823.6
953,545.545337751671,92464,924.64
954,545.62982877483,74475,744.75
955,545.714319784747,66979,669.79
956,545.798810781666,65460,654.6
957,545.883301765834,60835,608.35
958,545.967792737495,59132,591.32
959,546.052283696893,57731,577.31
960,546.136774644275,57898,578.98
961,546.221265579886,56161,561.61
962,546.30575650397,52631,526.31
963,546.390247416772,50824,508.24
964,546.474738318539,49378,493.78
965,546.559229209514,49084,490.84
966,546.643720089944,48715,487.15
967,546.728210960073,48167,481.67
968,546.812701820146,50640,506.4
969,546.897192670409,56528,565.28
970,546.981683511106,56697,566.97
971,547.066174342483,53175,531.75
972,547.150665164785,53093,530.93
973,547.235155978257,55892,558.92
974,547.319646783145,55070,550.7
975,547.404137579692,52969,529.69
976,547.488628368145,51473,514.73
977,547.573119148749,49980,499.8
978,547.657609921748,49610,496.1
979,547.742100687388,52806,528.06
980,547.826591445914,54061,540.61
981,547.911082197572,52647,526.47
982,547.995572942605,51699,516.99
983,548.08006368126,50331,503.31
984,548.164554413782,49280,492.8
985,548.249045140415,48798,487.98
986,548.333535861404,48981,489.81
987,548.418026576996,67552,675.52
988,548.502517287435,72511,725.11
989,548.587007992966,62818,628.18
990,548.671498693834,57185,571.85
991,548.755989390285,60676,606.76
992,548.840480082563,64321,643.21
993,548.924970770915,60218,602.18
994,549.009461455584,55757,557.57
995,549.093952136815,56805,568.05
996,549.178442814856,55942,559.42
997,549.262933489949,52463,524.63
998,549.347424162341,58782,587.82
999,549.431914832276,60175,601.75
1000,549.5164055,55492,554.92
1001,549.600896165758,54826,548.26
1002,549.685386829794,54151,541.51
1003,549.769877492355,52034,520.34
1004,549.854368153685,51240,512.4
1005,549.938858814029,70228,702.28
1006,550.023349473633,78885,788.85
1007,550.107840132742,73313,733.13
1008,550.1923307916,65894,658.94
1009,550.276821450453,58663,586.63
1010,550.361312109546,54950,549.5
1011,550.445802769124,56980,569.8
1012,550.530293429432,56800,568
1013,550.614784090716,53834,538.34
1014,550.69927475322,52016,520.16
1015,550.78376541719,50993,509.93
1016,550.868256082871,50131,501.31
1017,550.952746750508,50121,501.21
1018,551.037237420346,53316,533.16
1019,551.12172809263,54394,543.94
1020,551.206218767606,52607,526.07
1021,551.290709445518,51525,515.25
1022,551.375200126611,50623,506.23
1023,551.459690811131,54519,545.19
1024,551.544181499323,55634,556.34
1025,551.628672191433,53705,537.05
1026,551.713162887704,52237,522.37
1027,551.797653588383,51017,510.17
1028,551.882144293714,50373,503.73
1029,551.966635003943,50110,501.1
1030,552.051125719314,53902,539.02
1031,552.135616440073,61339,613.39
1032,552.220107166465,61091,610.91
1033,552.304597898735,59297,592.97
1034,552.389088637129,57485,574.85
1035,552.473579381891,77065,770.65
1036,552.558070133266,81614,816.14
1037,552.6425608915,68957,689.57
1038,552.727051656838,61329,613.29
1039,552.811542429524,83703,837.03
1040,552.896033209805,88341,883.41
1041,552.980523997925,76365,763.65
1042,553.065014794129,67766,677.66
1043,553.149505598662,60366,603.66
1044,553.23399641177,56389,563.89
1045,553.318487233698,57790,577.9
1046,553.402978064691,72133,721.33
1047,553.487468904993,85352,853.52
1048,553.571959754851,79411,794.11
1049,553.656450614509,67258,672.58
1050,553.740941484213,59691,596.91
1051,553.825432364206,62677,626.77
1052,553.909923254736,62627,626.27
1053,553.994414156046,64268,642.68
1054,554.078905068382,62995,629.95
1055,554.16339599199,57400,574
1056,554.247886927113,54590,545.9
1057,554.332377873998,77807,778.07
1058,554.416868832889,83553,835.53
1059,554.501359804032,69511,695.11
1060,554.585850787671,61324,613.24
1061,554.670341784053,56741,567.41
1062,554.754832793421,54100,541
1063,554.839323816021,52215,522.15
1064,554.923814852099,51114,511.14
1065,555.008305901899,50981,509.81
1066,555.092796965667,58624,586.24
1067,555.177288043647,60232,602.32
1068,555.261779136085,84030,840.3
1069,555.346270243226,89813,898.13
1070,555.430761365315,77296,772.96
1071,555.515252502597,71711,717.11
1072,555.599743655318,66150,661.5
1073,555.684234823722,60283,602.83
1074,555.768726008055,60535,605.35
1075,555.853217208561,62958,629.58
1076,555.937708425486,60077,600.77
1077,556.022199659075,81601,816.01
1078,556.106690909574,86952,869.52
1079,556.191182177226,76073,760.73
1080,556.275673462278,67955,679.55
1081,556.360164764975,64128,641.28
1082,556.444656085561,65946,659.46
1083,556.529147424282,62947,629.47
1084,556.613638781383,58590,585.9
1085,556.698130157109,56087,560.87
1086,556.782621551706,57750,577.5
1087,556.867112965417,57635,576.35
1088,556.951604398489,60905,609.05
1089,557.036095851167,68148,681.48
1090,557.120587323695,65611,656.11
1091,557.20507881632,58815,588.15
1092,557.289570329285,55003,550.03
1093,557.374061862836,56534,565.34
1094,557.458553417219,57597,575.97
1095,557.543044992678,58549,585.49
1096,557.627536589459,57792,577.92
1097,557.712028207806,59008,590.08
1098,557.796519847966,58016,580.16
1099,557.881011510182,62270,622.7
1100,557.9655031947,66515,665.15
1101,558.049994901765,62813,628.13
1102,558.134486631623,57886,578.86
1103,558.218978384519,54895,548.95
1104,558.303470160697,56631,566.31
1105,558.387961960402,56448,564.48
1106,558.472453783881,56400,564
1107,558.556945631378,57371,573.71
1108,558.641437503137,87027,870.27
1109,558.725929399405,104308,1043.08
1110,558.810421320427,89661,896.61
1111,558.894913266447,73135,731.35
1112,558.97940523771,63779,637.79
1113,559.063897234463,61993,619.93
1114,559.14838925695,63394,633.94
1115,559.232881305415,60552,605.52
1116,559.317373380105,56110,561.1
1117,559.401865481264,57962,579.62
1118,559.486357609138,57963,579.63
1119,559.570849763971,54968,549.68
1120,559.65534194601,53751,537.51
1121,559.739834155498,56755,567.55
1122,559.824326392681,57012,570.12
1123,559.908818657804,58269,582.69
1124,559.993310951113,57536,575.36
1125,560.077803272852,54606,546.06
1126,560.162295623266,53220,532.2
1127,560.246788002602,51994,519.94
1128,560.331280411103,55047,550.47
1129,560.415772849015,59248,592.48
1130,560.500265316583,62380,623.8
1131,560.584757814052,67795,677.95
1132,560.669250341668,65532,655.32
1133,560.753742899676,58933,589.33
1134,560.83823548832,59034,590.34
1135,560.922728107845,57876,578.76
1136,561.007220758498,54410,544.1
1137,561.091713440523,53088,530.88
1138,561.176206154165,52226,522.26
1139,561.260698899669,51911,519.11
1140,561.345191677281,51578,515.78
1141,561.429684487245,50926,509.26
1142,561.514177329807,50710,507.1
1143,561.598670205212,50807,508.07
1144,561.683163113705,52066,520.66
1145,561.767656055531,52533,525.33
1146,561.852149030935,55432,554.32
1147,561.936642040163,59805,598.05
1148,562.021135083459,58419,584.19
1149,562.105628161069,55091,550.91
1150,562.190121273237,57137,571.37
1151,562.27461442021,57139,571.39
1152,562.359107602232,66552,665.52
1153,562.443600819547,68212,682.12
1154,562.528094072403,64196,641.96
1155,562.612587361042,70473,704.73
1156,562.697080685712,72185,721.85
1157,562.781574046656,68866,688.66
1158,562.866067444119,83696,836.96
1159,562.950560878348,83795,837.95
1160,563.035054349587,69296,692.96
1161,563.119547858082,64701,647.01
1162,563.204041404076,61879,618.79
1163,563.288534987816,58676,586.76
1164,563.373028609547,55813,558.13
1165,563.457522269514,53811,538.11
1166,563.542015967961,52830,528.3
1167,563.626509705135,55218,552.18
1168,563.71100348128,59253,592.53
1169,563.795497296641,57918,579.18
1170,563.879991151464,54493,544.93
1171,563.964485045993,52787,527.87
1172,564.048978980475,51995,519.95
1173,564.133472955153,52706,527.06
1174,564.217966970273,52753,527.53
1175,564.30246102608,55998,559.98
1176,564.386955122819,60038,600.38
1177,564.471449260736,61975,619.75
1178,564.555943440075,59352,593.52
1179,564.640437661083,55432,554.32
1180,564.724931924002,132906,1329.06
1181,564.80942622908,157841,1578.41
1182,564.893920576561,115081,1150.81
1183,564.97841496669,91141,911.41
1184,565.062909399713,76723,767.23
1185,565.147403875874,77251,772.51
1186,565.231898395419,73977,739.77
1187,565.316392958592,63979,639.79
1188,565.400887565639,58084,580.84
1189,565.485382216806,54854,548.54
1190,565.569876912336,52845,528.45
1191,565.654371652476,51615,516.15
1192,565.73886643747,53949,539.49
1193,565.823361267564,55371,553.71
1194,565.907856143003,75751,757.51
1195,565.992351064031,80887,808.87
1196,566.076846030894,68945,689.45
1197,566.161341043838,61487,614.87
1198,566.245836103106,56917,569.17
1199,566.330331208945,54369,543.69
1200,566.4148263616,53094,530.94
1201,566.499321561315,55796,557.96
1202,566.583816808336,55923,559.23
1203,566.668312102908,57165,571.65
1204,566.752807445276,56683,566.83
1205,566.837302835685,55511,555.11
1206,566.92179827438,56592,565.92
1207,567.006293761607,55343,553.43
1208,567.090789297611,53345,533.45
1209,567.175284882636,58214,582.14
1210,567.259780516928,59613,596.13
1211,567.344276200732,55905,559.05
1212,567.428771934293,53650,536.5
1213,567.513267717856,55844,558.44
1214,567.597763551667,55448,554.48
1215,567.68225943597,53248,532.48
1216,567.766755371011,74093,740.93
1217,567.851251357034,79447,794.47
1218,567.935747394286,67428,674.28
1219,568.020243483011,67491,674.91
1220,568.104739623454,65248,652.48
1221,568.18923581586,83494,834.94
1222,568.273732060474,86805,868.05
1223,568.358228357543,71667,716.67
1224,568.442724707309,62805,628.05
1225,568.52722111002,57703,577.03
1226,568.61171756592,54493,544.93
1227,568.696214075254,53293,532.93
1228,568.780710638267,52341,523.41
1229,568.865207255205,51384,513.84
1230,568.949703926312,51874,518.74
1231,569.034200651834,55688,556.88
1232,569.118697432015,55681,556.81
1233,569.203194267102,53244,532.44
1234,569.287691157338,55354,553.54
1235,569.37218810297,61452,614.52
1236,569.456685104242,71908,719.08
1237,569.5411821614,71353,713.53
1238,569.625679274688,63809,638.09
1239,569.710176444352,62542,625.42
1240,569.794673670637,60046,600.46
1241,569.879170953788,55920,559.2
1242,569.96366829405,57276,572.76
1243,570.048165691668,64586,645.86
1244,570.132663146887,64092,640.92
1245,570.217160659954,66182,661.82
1246,570.301658231112,65479,654.79
1247,570.386155860606,59851,598.51
1248,570.470653548683,56364,563.64
1249,570.555151295587,54016,540.16
1250,570.639649101562,52498,524.98
1251,570.724146966856,51843,518.43
1252,570.808644891712,54944,549.44
1253,570.893142876375,60157,601.57
1254,570.977640921091,60320,603.2
1255,571.062139026105,59594,595.94
1256,571.146637191662,78091,780.91
1257,571.231135418007,80830,808.3
1258,571.315633705386,67890,678.9
1259,571.400132054043,63907,639.07
1260,571.484630464223,64600,646
1261,571.569128936172,61652,616.52
1262,571.653627470135,57049,570.49
1263,571.738126066357,62182,621.82
1264,571.822624725083,66787,667.87
1265,571.907123446559,62611,626.11
1266,571.991622231028,65454,654.54
1267,572.076121078737,71444,714.44
1268,572.160619989931,68309,683.09
1269,572.245118964855,64984,649.84
1270,572.329618003753,61641,616.41
1271,572.414117106872,62134,621.34
1272,572.498616274455,67667,676.67
1273,572.583115506749,64868,648.68
1274,572.667614803999,58372,583.72
1275,572.752114166448,54540,545.4
1276,572.836613594344,52938,529.38
1277,572.921113087931,52731,527.31
1278,573.005612647453,51568,515.68
1279,573.090112273157,50757,507.57
1280,573.174611965286,54758,547.58
1281,573.259111724088,62473,624.73
1282,573.343611549805,70150,701.5
1283,573.428111442685,95131,951.31
1284,573.512611402971,98951,989.51
1285,573.597111430909,128103,1281.03
1286,573.681611526744,131721,1317.21
1287,573.766111690721,110460,1104.6
1288,573.850611923086,92312,923.12
1289,573.935112224083,74649,746.49
1290,574.019612593957,64190,641.9
1291,574.104113032955,58893,588.93
1292,574.18861354132,59254,592.54
1293,574.273114119298,58098,580.98
1294,574.357614767134,58566,585.66
1295,574.442115485074,57410,574.1
1296,574.526616273362,106691,1066.91
1297,574.611117132243,119804,1198.04
1298,574.695618061963,108558,1085.58
1299,574.780119062767,99708,997.08
1300,574.8646201349,81891,818.91
1301,574.949121278607,72712,727.12
1302,575.033622494133,69163,691.63
1303,575.118123781723,67212,672.12
1304,575.202625141623,62393,623.93
1305,575.287126574078,56978,569.78
1306,575.371628079332,54351,543.51
1307,575.456129657631,53114,531.14
1308,575.54063130922,52641,526.41
1309,575.625133034344,56170,561.7
1310,575.709634833249,63170,631.7
1311,575.794136706179,62532,625.32
1312,575.878638653379,57687,576.87
1313,575.963140675095,54357,543.57
1314,576.047642771572,52086,520.86
1315,576.132144943055,51599,515.99
1316,576.216647189789,56169,561.69
1317,576.301149512019,57089,570.89
1318,576.38565190999,54049,540.49
1319,576.470154383948,51977,519.77
1320,576.554656934138,51459,514.59
1321,576.639159560804,55646,556.46
1322,576.723662264192,56625,566.25
1323,576.808165044547,87479,874.79
1324,576.892667902114,98453,984.53
1325,576.977170837139,80313,803.13
1326,577.061673849866,66875,668.75
1327,577.146176940541,59468,594.68
1328,577.230680109408,55774,557.74
1329,577.315183356713,54038,540.38
1330,577.399686682701,55945,559.45
1331,577.484190087617,80915,809.15
1332,577.568693571706,85318,853.18
1333,577.653197135214,70463,704.63
1334,577.737700778385,65913,659.13
1335,577.822204501465,61972,619.72
1336,577.906708304698,56465,564.65
1337,577.991212188331,90429,904.29
1338,578.075716152607,99099,990.99
1339,578.160220197773,82553,825.53
1340,578.244724324073,71907,719.07
1341,578.329228531752,70600,706
1342,578.413732821056,71365,713.65
1343,578.49823719223,64852,648.52
1344,578.582741645518,58192,581.92
1345,578.667246181166,58305,583.05
1346,578.75175079942,57749,577.49
1347,578.836255500524,58728,587.28
1348,578.920760284723,66148,661.48
1349,579.005265152262,65289,652.89
1350,579.089770103388,59429,594.29
1351,579.174275138344,55613,556.13
1352,579.258780257375,52969,529.69
1353,579.343285460728,51413,514.13
1354,579.427790748647,50940,509.4
1355,579.512296121378,50251,502.51
1356,579.596801579165,49677,496.77
1357,579.681307122253,50483,504.83
1358,579.765812750888,50566,505.66
1359,579.850318465315,49767,497.67
1360,579.934824265779,49432,494.32
1361,580.019330152525,49198,491.98
1362,580.103836125799,69066,690.66
1363,580.188342185844,74877,748.77
1364,580.272848332908,67790,677.9
1365,580.357354567233,62241,622.41
1366,580.441860889067,56662,566.62
1367,580.526367298654,53564,535.64
1368,580.610873796238,59112,591.12
1369,580.695380382066,59884,598.84
1370,580.779887056382,55725,557.25
1371,580.864393819432,59194,591.94
1372,580.94890067146,59667,596.67
1373,581.033407612712,55508,555.08
1374,581.117914643433,52986,529.86
1375,581.202421763867,51923,519.23
1376,581.286928974261,51532,515.32
1377,581.371436274859,54705,547.05
1378,581.455943665907,55560,555.6
1379,581.540451147649,56617,566.17
1380,581.62495872033,55677,556.77
1381,581.709466384197,52746,527.46
1382,581.793974139493,51073,510.73
1383,581.878481986465,57010,570.1
1384,581.962989925357,58573,585.73
1385,582.047497956414,62404,624.04
1386,582.132006079881,66390,663.9
1387,582.216514296004,62013,620.13
1388,582.301022605028,56810,568.1
1389,582.385531007198,64070,640.7
1390,582.470039502758,65626,656.26
1391,582.554548091955,59534,595.34
1392,582.639056775033,55664,556.64
1393,582.723565552238,52790,527.9
1394,582.808074423814,51506,515.06
1395,582.892583390007,50623,506.23
1396,582.977092451061,57493,574.93
1397,583.061601607223,59383,593.83
1398,583.146110858736,57061,570.61
1399,583.230620205847,57181,571.81
1400,583.3151296488,55154,551.54
1401,583.399639187841,55578,555.78
1402,583.484148823214,54723,547.23
1403,583.568658555165,52594,525.94
1404,583.653168383939,51235,512.35
1405,583.73767830978,57398,573.98
1406,583.822188332935,59507,595.07
1407,583.906698453649,58661,586.61
1408,583.991208672165,56733,567.33
1409,584.075718988731,53664,536.64
1410,584.16022940359,55276,552.76
1411,584.244739916987,54772,547.72
1412,584.329250529169,52107,521.07
1413,584.41376124038,50445,504.45
1414,584.498272050865,49939,499.39
1415,584.58278296087,50225,502.25
1416,584.667293970638,59980,599.8
1417,584.751805080417,69411,694.11
1418,584.83631629045,66144,661.44
1419,584.920827600983,59032,590.32
1420,585.005339012262,54945,549.45
1421,585.08985052453,55999,559.99
1422,585.174362138034,58954,589.54
1423,585.258873853018,60584,605.84
1424,585.343385669727,58087,580.87
1425,585.427897588408,53794,537.94
1426,585.512409609304,51169,511.69
1427,585.596921732661,49917,499.17
1428,585.681433958724,51668,516.68
1429,585.765946287739,51878,518.78
1430,585.85045871995,54323,543.23
1431,585.934971255602,58613,586.13
1432,586.019483894941,65066,650.66
1433,586.103996638212,67326,673.26
1434,586.18850948566,61831,618.31
1435,586.27302243753,56897,568.97
1436,586.357535494067,53640,536.4
1437,586.442048655516,77159,771.59
1438,586.526561922122,104899,1048.99
1439,586.611075294132,96496,964.96
1440,586.695588771789,76595,765.95
1441,586.780102355339,65450,654.5
1442,586.864616045027,62431,624.31
1443,586.949129841097,58605,586.05
1444,587.033643743797,53637,536.37
1445,587.118157753369,51188,511.88
1446,587.20267187006,49770,497.7
1447,587.287186094115,49048,490.48
1448,587.371700425779,48779,487.79
1449,587.456214865296,48454,484.54
1450,587.540729412912,48371,483.71
1451,587.625244068873,48075,480.75
1452,587.709758833423,51336,513.36
1453,587.794273706808,52756,527.56
1454,587.878788689272,51619,516.19
1455,587.963303781061,50321,503.21
1456,588.047818982419,49320,493.2
1457,588.132334293593,51965,519.65
1458,588.216849714827,56519,565.19
1459,588.301365246366,55748,557.48
1460,588.385880888455,52717,527.17
1461,588.47039664134,50659,506.59
1462,588.554912505266,49351,493.51
1463,588.639428480477,52662,526.62
1464,588.72394456722,59006,590.06
1465,588.808460765738,65883,658.83
1466,588.892977076278,63688,636.88
1467,588.977493499084,57190,571.9
1468,589.062010034401,53020,530.2
1469,589.146526682475,50749,507.49
1470,589.231043443551,49534,495.34
1471,589.315560317874,48643,486.43
1472,589.400077305689,48255,482.55
1473,589.48459440724,48342,483.42
1474,589.569111622774,51733,517.33
1475,589.653628952536,58420,584.2
1476,589.73814639677,58322,583.22
1477,589.822663955722,54300,543
1478,589.907181629636,149790,1497.9
1479,589.991699418759,183156,1831.56
1480,590.076217323334,139916,1399.16
1481,590.160735343608,106433,1064.33
1482,590.245253479825,81241,812.41
1483,590.329771732231,66584,665.84
1484,590.41429010107,92678,926.78
1485,590.498808586588,97651,976.51
1486,590.58332718903,77061,770.61
1487,590.667845908641,68197,681.97
1488,590.752364745666,61794,617.94
1489,590.83688370035,55685,556.85
1490,590.921402772939,55828,558.28
1491,591.005921963678,62306,623.06
1492,591.090441272811,61335,613.35
1493,591.174960700584,59145,591.45
1494,591.259480247241,59742,597.42
1495,591.343999913029,60289,602.89
1496,591.428519698192,57419,574.19
1497,591.513039602976,53168,531.68
1498,591.597559627625,50945,509.45
1499,591.682079772385,49899,498.99
1500,591.7666000375,48791,487.91
1501,591.851120423216,48374,483.74
1502,591.935640929779,48247,482.47
1503,592.020161557432,50299,502.99
1504,592.104682306422,50596,505.96
1505,592.189203176993,49125,491.25
1506,592.273724169391,48256,482.56
1507,592.35824528386,47628,476.28
1508,592.442766520647,47668,476.68
1509,592.527287879995,51815,518.15
1510,592.611809362151,52785,527.85
1511,592.696330967358,79747,797.47
1512,592.780852695863,86624,866.24
1513,592.865374547911,70391,703.91
1514,592.949896523746,60632,606.32
1515,593.034418623614,55297,552.97
1516,593.11894084776,91193,911.93
1517,593.203463196429,99867,998.67
1518,593.287985669866,78187,781.87
1519,593.372508268317,65559,655.59
1520,593.457030992026,58361,583.61
1521,593.541553841238,53920,539.2
1522,593.626076816199,52074,520.74
1523,593.710599917154,50737,507.37
1524,593.795123144348,49157,491.57
1525,593.879646498027,48063,480.63
1526,593.964169978434,54988,549.88
1527,594.048693585816,57325,573.25
1528,594.133217320417,53303,533.03
1529,594.217741182483,54234,542.34
1530,594.302265172259,53534,535.34
1531,594.38678928999,54529,545.29
1532,594.47131353592,53651,536.51
1533,594.555837910296,54240,542.4
1534,594.640362413363,53711,537.11
1535,594.724887045364,73560,735.6
1536,594.809411806547,78106,781.06
1537,594.893936697155,65097,650.97
1538,594.978461717434,64592,645.92
1539,595.062986867629,62188,621.88
1540,595.147512147985,56527,565.27
1541,595.232037558747,60654,606.54
1542,595.316563100161,67734,677.34
1543,595.401088772471,66200,662
1544,595.485614575923,59782,597.82
1545,595.570140510762,54795,547.95
1546,595.654666577233,51680,516.8
1547,595.73919277558,53501,535.01
1548,595.82371910605,55195,551.95
1549,595.908245568888,53422,534.22
1550,595.992772164338,58394,583.94
1551,596.077298892645,67107,671.07
1552,596.161825754055,64243,642.43
1553,596.246352748813,56907,569.07
1554,596.330879877164,53280,532.8
1555,596.415407139353,67023,670.23
1556,596.499934535626,70286,702.86
1557,596.584462066227,62464,624.64
1558,596.668989731401,61076,610.76
1559,596.753517531394,61964,619.64
1560,596.838045466451,62428,624.28
1561,596.922573536817,58797,587.97
1562,597.007101742737,54211,542.11
1563,597.091630084456,85910,859.1
1564,597.17615856222,110523,1105.23
1565,597.260687176273,97291,972.91
1566,597.345215926861,80912,809.12
1567,597.429744814228,76423,764.23
1568,597.51427383862,68940,689.4
1569,597.598803000283,59768,597.68
1570,597.68333229946,62020,620.2
1571,597.767861736398,60580,605.8
1572,597.852391311341,61728,617.28
1573,597.936921024535,60674,606.74
1574,598.021450876224,58592,585.92
1575,598.105980866655,59977,599.77
1576,598.190510996071,56827,568.27
1577,598.275041264718,56060,560.6
1578,598.359571672842,58008,580.08
1579,598.444102220687,60377,603.77
1580,598.528632908498,57860,578.6
1581,598.613163736522,56631,566.31
1582,598.697694705001,63337,633.37
1583,598.782225814183,65208,652.08
1584,598.866757064312,62943,629.43
1585,598.951288455633,58251,582.51
1586,599.035819988391,56793,567.93
1587,599.120351662832,59180,591.8
1588,599.2048834792,56445,564.45
1589,599.289415437741,52045,520.45
1590,599.3739475387,50105,501.05
1591,599.458479782322,53241,532.41
1592,599.543012168852,57244,572.44
1593,599.627544698535,58836,588.36
1594,599.712077371617,55983,559.83
1595,599.796610188342,52290,522.9
1596,599.881143148956,54311,543.11
1597,599.965676253703,57835,578.35
1598,600.05020950283,56337,563.37
1599,600.13474289658,52641,526.41
1600,600.2192764352,50631,506.31
1601,600.303810118934,53231,532.31
1602,600.388343948028,53156,531.56
1603,600.472877922726,50700,507
1604,600.557412043273,52783,527.83
1605,600.641946309916,52583,525.83
1606,600.726480722899,50328,503.28
1607,600.811015282466,49108,491.08
1608,600.895549988864,48330,483.3
1609,600.980084842338,47427,474.27
1610,601.064619843132,49859,498.59
1611,601.149154991491,50966,509.66
1612,601.233690287662,53281,532.81
1613,601.318225731888,54030,540.3
1614,601.402761324415,51535,515.35
1615,601.487297065489,52703,527.03
1616,601.571832955354,52739,527.39
1617,601.656368994255,53998,539.98
1618,601.740905182438,53174,531.74
1619,601.825441520148,50196,501.96
1620,601.90997800763,53179,531.79
1621,601.994514645128,57389,573.89
1622,602.079051432889,58410,584.1
1623,602.163588371157,55952,559.52
1624,602.248125460177,55519,555.19
1625,602.332662700195,54321,543.21
1626,602.417200091456,54894,548.94
1627,602.501737634204,53532,535.32
1628,602.586275328686,50473,504.73
1629,602.670813175145,48635,486.35
1630,602.755351173828,58192,581.92
1631,602.839889324979,60645,606.45
1632,602.924427628843,58048,580.48
1633,603.008966085667,58899,588.99
1634,603.093504695693,55985,559.85
1635,603.178043459169,51756,517.56
1636,603.262582376339,53820,538.2
1637,603.347121447448,56432,564.32
1638,603.431660672741,55552,555.52
1639,603.516200052464,52619,526.19
1640,603.600739586861,49621,496.21
1641,603.685279276178,48268,482.68
1642,603.769819120659,48797,487.97
1643,603.854359120551,48385,483.85
1644,603.938899276098,52180,521.8
1645,604.023439587545,56580,565.8
1646,604.107980055137,55180,551.8
1647,604.19252067912,55099,550.99
1648,604.277061459738,56814,568.14
1649,604.361602397237,54298,542.98
1650,604.446143491862,50480,504.8
1651,604.530684743859,66540,665.4
1652,604.615226153471,83270,832.7
1653,604.699767720944,80180,801.8
1654,604.784309446525,68498,684.98
1655,604.868851330456,62835,628.35
1656,604.953393372984,66203,662.03
1657,605.037935574354,70021,700.21
1658,605.122477934812,64783,647.83
1659,605.207020454601,81762,817.62
1660,605.291563133967,84246,842.46
1661,605.376105973156,69643,696.43
1662,605.460648972412,60398,603.98
1663,605.545192131981,54020,540.2
1664,605.629735452108,50612,506.12
1665,605.714278933038,48581,485.81
1666,605.798822575015,55279,552.79
1667,605.883366378286,57224,572.24
1668,605.967910343095,52560,525.6
1669,606.052454469688,49615,496.15
1670,606.136998758309,48567,485.67
1671,606.221543209204,51974,519.74
1672,606.306087822618,52612,526.12
1673,606.390632598795,49883,498.83
1674,606.475177537982,51803,518.03
1675,606.559722640423,55605,556.05
1676,606.644267906364,57414,574.14
1677,606.728813336049,58434,584.34
1678,606.813358929724,55327,553.27
1679,606.897904687633,50881,508.81
1680,606.982450610022,48332,483.32
1681,607.066996697137,46881,468.81
1682,607.151542949221,49849,498.49
1683,607.236089366521,54009,540.09
1684,607.320635949282,52765,527.65
1685,607.405182697748,49610,496.1
1686,607.489729612165,52352,523.52
1687,607.574276692777,52770,527.7
1688,607.658823939831,49512,495.12
1689,607.74337135357,51347,513.47
1690,607.827918934241,55140,551.4
1691,607.912466682089,53716,537.16
1692,607.997014597358,49974,499.74
1693,608.081562680293,59707,597.07
1694,608.16611093114,61725,617.25
1695,608.250659350145,58591,585.91
1696,608.335207937551,58560,585.6
1697,608.419756693605,57726,577.26
1698,608.504305618551,54286,542.86
1699,608.588854712634,54250,542.5
1700,608.6734039761,53085,530.85
1701,608.757953409194,63140,631.4
1702,608.84250301216,69503,695.03
1703,608.927052785245,62603,626.03
1704,609.011602728693,56104,561.04
1705,609.096152842749,52327,523.27
1706,609.180703127658,49353,493.53
1707,609.265253583666,47678,476.78
1708,609.349804211018,47365,473.65
1709,609.434355009958,50142,501.42
1710,609.518905980733,50439,504.39
1711,609.603457123586,56041,560.41
1712,609.688008438764,93063,930.63
1713,609.772559926511,98109,981.09
1714,609.857111587073,75871,758.71
1715,609.941663420694,62635,626.35
1716,610.02621542762,55106,551.06
1717,610.110767608096,55253,552.53
1718,610.195319962366,53871,538.71
1719,610.279872490677,49897,498.97
1720,610.364425193274,47666,476.66
1721,610.4489780704,46897,468.97
1722,610.533531122303,46749,467.49
1723,610.618084349226,47568,475.68
1724,610.702637751414,51207,512.07
1725,610.787191329114,54940,549.4
1726,610.87174508257,53259,532.59
1727,610.956299012027,56958,569.58
1728,611.04085311773,56808,568.08
1729,611.125407399925,51869,518.69
1730,611.209961858857,48647,486.47
1731,611.29451649477,73780,737.8
1732,611.37907130791,89548,895.48
1733,611.463626298523,77206,772.06
1734,611.548181466852,67365,673.65
1735,611.632736813144,67886,678.86
1736,611.717292337643,63951,639.51
1737,611.801848040595,56540,565.4
1738,611.886403922244,52366,523.66
1739,611.970959982837,53632,536.32
1740,612.055516222617,55593,555.93
1741,612.14007264183,57784,577.84
1742,612.224629240722,59424,594.24
1743,612.309186019537,57189,571.89
1744,612.39374297852,69100,691
1745,612.478300117917,71779,717.79
1746,612.562857437973,80720,807.2
1747,612.647414938933,82962,829.62
1748,612.731972621042,69629,696.29
1749,612.816530484545,58866,588.66
1750,612.901088529688,72035,720.35
1751,612.985646756714,73653,736.53
1752,613.070205165871,64806,648.06
1753,613.154763757402,58611,586.11
1754,613.239322531553,53024,530.24
1755,613.323881488569,53574,535.74
1756,613.408440628695,52304,523.04
1757,613.492999952176,48851,488.51
1758,613.577559459258,50723,507.23
1759,613.662119150185,54365,543.65
1760,613.746679025203,52551,525.51
1761,613.831239084557,49145,491.45
1762,613.915799328492,50940,509.4
1763,614.000359757252,50934,509.34
1764,614.084920371084,48562,485.62
1765,614.169481170232,47249,472.49
1766,614.254042154942,47302,473.02
1767,614.338603325458,46958,469.58
1768,614.423164682026,50214,502.14
1769,614.507726224891,54366,543.66
1770,614.592287954298,52769,527.69
1771,614.676849870492,70024,700.24
1772,614.761411973718,73753,737.53
1773,614.845974264222,61284,612.84
1774,614.930536742248,54358,543.58
1775,615.015099408042,54517,545.17
1776,615.099662261849,53145,531.45
1777,615.184225303914,49872,498.72
1778,615.268788534481,52017,520.17
1779,615.353351953797,51625,516.25
1780,615.437915562106,55994,559.94
1781,615.522479359654,57047,570.47
1782,615.607043346685,52037,520.37
1783,615.691607523446,67925,679.25
1784,615.776171890179,71243,712.43
1785,615.860736447132,59806,598.06
1786,615.94530119455,53625,536.25
1787,616.029866132676,53505,535.05
1788,616.114431261757,52694,526.94
1789,616.198996582037,53667,536.67
1790,616.283562093762,56009,560.09
1791,616.368127797177,57871,578.71
1792,616.452693692527,55259,552.59
1793,616.537259780057,50961,509.61
1794,616.621826060012,52739,527.39
1795,616.706392532638,56440,564.4
1796,616.790959198179,54324,543.24
1797,616.87552605688,49898,498.98
1798,616.960093108988,72038,720.38
1799,617.044660354746,78029,780.29
1800,617.1292277944,74277,742.77
1801,617.213795428195,78551,785.51
1802,617.298363256377,71568,715.68
1803,617.38293127919,60543,605.43
1804,617.46749949688,53581,535.81
1805,617.552067909691,49211,492.11
1806,617.63663651787,46903,469.03
1807,617.72120532166,533266,5332.66
1808,617.805774321307,677615,6776.15
1809,617.890343517057,416078,4160.78
1810,617.974912909154,257312,2573.12
1811,618.059482497843,165972,1659.72
1812,618.14405228337,114066,1140.66
1813,618.22862226598,84328,843.28
1814,618.313192445918,66873,668.73
1815,618.397762823429,73426,734.26
1816,618.482333398757,76889,768.89
1817,618.56690417215,66631,666.31
1818,618.65147514385,61410,614.1
1819,618.736046314105,57184,571.84
1820,618.820617683158,52256,522.56
1821,618.905189251254,49813,498.13
1822,618.98976101864,48955,489.55
1823,619.07433298556,47626,476.26
1824,619.158905152259,51769,517.69
1825,619.243477518983,77490,774.9
1826,619.328050085976,81251,812.51
1827,619.412622853484,69955,699.55
1828,619.497195821751,65867,658.67
1829,619.581768991023,68304,683.04
1830,619.666342361546,63967,639.67
1831,619.750915933564,55647,556.47
1832,619.835489707321,51193,511.93
1833,619.920063683065,56503,565.03
1834,620.004637861039,60397,603.97
1835,620.089212241489,55605,556.05
1836,620.173786824659,50401,504.01
1837,620.258361610796,49267,492.67
1838,620.342936600144,48603,486.03
1839,620.427511792947,47302,473.02
1840,620.512087189453,53405,534.05
1841,620.596662789905,85825,858.25
1842,620.681238594548,101495,1014.95
1843,620.765814603629,86099,860.99
1844,620.850390817391,68921,689.21
1845,620.93496723608,61752,617.52
1846,621.019543859942,64291,642.91
1847,621.104120689221,61529,615.29
1848,621.188697724162,56891,568.91
1849,621.273274965011,52936,529.36
1850,621.357852412012,48759,487.59
1851,621.442430065412,48151,481.51
1852,621.527007925454,47233,472.33
1853,621.611585992385,49128,491.28
1854,621.696164266449,50678,506.78
1855,621.780742747892,48799,487.99
1856,621.865321436958,46414,464.14
1857,621.949900333892,45860,458.6
1858,622.03447943894,49374,493.74
1859,622.119058752348,50185,501.85
1860,622.203638274359,47945,479.45
1861,622.28821800522,51090,510.9
1862,622.372797945175,51746,517.46
1863,622.457378094469,49579,495.79
1864,622.541958453348,47841,478.41
1865,622.626539022057,48281,482.81
1866,622.711119800841,48435,484.35
1867,622.795700789945,47131,471.31
1868,622.880281989613,60570,605.7
1869,622.964863400093,63683,636.83
1870,623.049445021627,55537,555.37
1871,623.134026854462,51091,510.91
1872,623.218608898843,48234,482.34
1873,623.303191155015,50837,508.37
1874,623.387773623222,52185,521.85
1875,623.472356303711,53615,536.15
1876,623.556939196726,56247,562.47
1877,623.641522302512,53902,539.02
1878,623.726105621315,49463,494.63
1879,623.810689153379,50821,508.21
1880,623.89527289895,50507,505.07
1881,623.979856858273,51704,517.04
1882,624.064441031593,57839,578.39
1883,624.149025419156,60412,604.12
1884,624.233610021205,63069,630.69
1885,624.318194837987,63155,631.55
1886,624.402779869747,61115,611.15
1887,624.487365116729,63165,631.65
1888,624.571950579179,63184,631.84
1889,624.656536257342,57257,572.57
1890,624.741122151463,51324,513.24
1891,624.825708261788,50957,509.57
1892,624.91029458856,57834,578.34
1893,624.994881132027,57337,573.37
1894,625.079467892432,55074,550.74
1895,625.16405487002,52894,528.94
1896,625.248642065038,49352,493.52
1897,625.33322947773,85724,857.24
1898,625.41781710834,98984,989.84
1899,625.502404957115,222445,2224.45
1900,625.5869930243,252618,2526.18
1901,625.671581310139,168068,1680.68
1902,625.756169814878,575300,5753
1903,625.840758538762,675239,6752.39
1904,625.925347482035,409766,4097.66
1905,626.009936644944,264712,2647.12
1906,626.094526027733,177954,1779.54
1907,626.179115630648,120589,1205.89
1908,626.263705453933,88778,887.78
1909,626.348295497833,73617,736.17
1910,626.432885762595,63045,630.45
1911,626.517476248462,55404,554.04
1912,626.60206695568,67021,670.21
1913,626.686657884495,68344,683.44
1914,626.771249035151,57656,576.56
1915,626.855840407893,58840,588.4
1916,626.940432002967,57411,574.11
1917,627.025023820618,57272,572.72
1918,627.10961586109,73304,733.04
1919,627.19420812463,72904,729.04
1920,627.278800611482,72560,725.6
1921,627.363393321891,71529,715.29
1922,627.447986256102,101012,1010.12
1923,627.532579414361,104326,1043.26
1924,627.617172796912,79224,792.24
1925,627.701766404002,64161,641.61
1926,627.786360235874,55274,552.74
1927,627.870954292774,54349,543.49
1928,627.955548574948,52484,524.84
1929,628.04014308264,64992,649.92
1930,628.124737816095,67402,674.02
1931,628.209332775559,60907,609.07
1932,628.293927961276,56020,560.2
1933,628.378523373493,50318,503.18
1934,628.463119012454,46858,468.58
1935,628.547714878403,45490,454.9
1936,628.632310971587,49362,493.62
1937,628.716907292251,53496,534.96
1938,628.801503840639,55281,552.81
1939,628.886100616996,52561,525.61
1940,628.970697621569,48392,483.92
1941,629.055294854601,46367,463.67
1942,629.139892316339,49070,490.7
1943,629.224490007026,52758,527.58
1944,629.309087926909,51425,514.25
1945,629.393686076233,51655,516.55
1946,629.478284455242,50485,504.85
1947,629.562883064182,47051,470.51
1948,629.647481903298,45257,452.57
1949,629.732080972835,44584,445.84
1950,629.816680273037,47316,473.16
1951,629.901279804152,47834,478.34
1952,629.985879566422,49737,497.37
1953,630.070479560095,53590,535.9
1954,630.155079785414,54949,549.49
1955,630.239680242624,51908,519.08
1956,630.324280931972,47992,479.92
1957,630.408881853702,54691,546.91
1958,630.493483008059,58240,582.4
1959,630.578084395288,53188,531.88
1960,630.662686015635,48614,486.14
1961,630.747287869345,52470,524.7
1962,630.831889956662,53201,532.01
1963,630.916492277832,49094,490.94
1964,631.001094833101,46331,463.31
1965,631.085697622712,45229,452.29
1966,631.170300646912,48922,489.22
1967,631.254903905945,49633,496.33
1968,631.339507400056,54429,544.29
1969,631.424111129492,57635,576.35
1970,631.508715094496,61540,615.4
1971,631.593319295314,72091,720.91
1972,631.677923732192,71666,716.66
1973,631.762528405373,64840,648.4
1974,631.847133315104,60660,606.6
1975,631.93173846163,55103,551.03
1976,632.016343845195,53102,531.02
1977,632.100949466045,50807,508.07
1978,632.185555324425,47137,471.37
1979,632.270161420579,45128,451.28
1980,632.354767754754,44736,447.36
1981,632.439374327195,47056,470.56
1982,632.523981138146,47055,470.55
1983,632.608588187852,44931,449.31
1984,632.693195476559,45966,459.66
1985,632.777803004512,46091,460.91
1986,632.862410771956,45698,456.98
1987,632.947018779136,46099,460.99
1988,633.031627026297,46474,464.74
1989,633.116235513685,49697,496.97
1990,633.200844241544,57229,572.29
1991,633.28545321012,56701,567.01
1992,633.370062419658,50806,508.06
1993,633.454671870403,47258,472.58
1994,633.539281562599,45451,454.51
1995,633.623891496493,44562,445.62
1996,633.708501672329,44184,441.84
1997,633.793112090353,47263,472.63
1998,633.877722750809,47477,474.77
1999,633.962333653943,45402,454.02
2000,634.0469448,44093,440.93
2001,634.131556189225,43578,435.78
2002,634.216167821863,46610,466.1
2003,634.300779698159,47268,472.68
2004,634.385391818359,45048,450.48
2005,634.470004182707,44229,442.29
2006,634.554616791449,43642,436.42
2007,634.639229644829,46723,467.23
2008,634.723842743094,65914,659.14
2009,634.808456086488,72932,729.32
2010,634.893069675256,62775,627.75
2011,634.977683509643,57886,578.86
2012,635.062297589895,57851,578.51
2013,635.146911916256,57616,576.16
2014,635.231526488972,53787,537.87
2015,635.316141308288,244844,2448.44
2016,635.400756374449,296857,2968.57
2017,635.4853716877,197528,1975.28
2018,635.569987248286,139779,1397.79
2019,635.654603056453,100633,1006.33
2020,635.739219112446,76604,766.04
2021,635.823835416509,63549,635.49
2022,635.908451968888,62592,625.92
2023,635.993068769827,82296,822.96
2024,636.077685819573,81697,816.97
2025,636.16230311837,89822,898.22
2026,636.246920666464,86934,869.34
2027,636.331538464099,206437,2064.37
2028,636.41615651152,233754,2337.54
2029,636.500774808974,153040,1530.4
2030,636.585393356704,105387,1053.87
2031,636.670012154956,105654,1056.54
2032,636.754631203976,101750,1017.5
2033,636.839250504007,79436,794.36
2034,636.923870055296,63923,639.23
2035,637.008489858088,57554,575.54
2036,637.093109912628,53486,534.86
2037,637.17773021916,49239,492.39
2038,637.26235077793,46276,462.76
2039,637.346971589183,55365,553.65
2040,637.431592653165,61842,618.42
2041,637.51621397012,56726,567.26
2042,637.600835540293,53182,531.82
2043,637.68545736393,53435,534.35
2044,637.770079441276,54705,547.05
2045,637.854701772576,52020,520.2
2046,637.939324358074,48024,480.24
2047,638.023947198017,45968,459.68
