Scan Date:,2025-05-26 16:26:03Z
Integration Time:,1000
Number of Averages:,100

Pixel Number,Wavelength (nm),Sum Spectrum,Averaged Spectrum
0,464.9839,49417,494.17
1,465.068515076491,48590,485.9
2,465.153129906126,48762,487.62
3,465.237744489151,48786,487.86
4,465.322358825812,48878,488.78
5,465.406972916352,49099,490.99
6,465.491586761018,49236,492.36
7,465.576200360054,49344,493.44
8,465.660813713705,49486,494.86
9,465.745426822218,49771,497.71
10,465.830039685836,49546,495.46
11,465.914652304805,49210,492.1
12,465.99926467937,49259,492.59
13,466.083876809776,49433,494.33
14,466.168488696269,49313,493.13
15,466.253100339093,194237,1942.37
16,466.337711738494,235821,2358.21
17,466.422322894716,159279,1592.79
18,466.506933808006,113568,1135.68
19,466.591544478607,87216,872.16
20,466.676154906766,72183,721.83
21,466.760765092726,63559,635.59
22,466.845375036735,62083,620.83
23,466.929984739036,60704,607.04
24,467.014594199874,58053,580.53
25,467.099203419495,55975,559.75
26,467.183812398145,54395,543.95
27,467.268421136067,53713,537.13
28,467.353029633508,83669,836.69
29,467.437637890711,94078,940.78
30,467.522245907924,82175,821.75
31,467.60685368539,72308,723.08
32,467.691461223355,63631,636.31
33,467.776068522063,59334,593.34
34,467.860675581761,57007,570.07
35,467.945282402693,60689,606.89
36,468.029888985104,67696,676.96
37,468.11449532924,66254,662.54
38,468.199101435345,64232,642.32
39,468.283707303665,61957,619.57
40,468.368312934445,58056,580.56
41,468.45291832793,59211,592.11
42,468.537523484364,62321,623.21
43,468.622128403994,86505,865.05
44,468.706733087065,97359,973.59
45,468.791337533821,83717,837.17
46,468.875941744507,70639,706.39
47,468.96054571937,63662,636.62
48,469.045149458653,59944,599.44
49,469.129752962602,57466,574.66
50,469.214356231462,55520,555.2
51,469.298959265479,54513,545.13
52,469.383562064897,54493,544.93
53,469.468164629962,54518,545.18
54,469.552766960919,57254,572.54
55,469.637369058012,61324,613.24
56,469.721970921487,60343,603.43
57,469.80657255159,57884,578.84
58,469.891173948565,59795,597.95
59,469.975775112657,59455,594.55
60,470.060376044111,56684,566.84
61,470.144976743173,55107,551.07
62,470.229577210088,57642,576.42
63,470.314177445101,58543,585.43
64,470.398777448457,60378,603.78
65,470.483377220402,84628,846.28
66,470.567976761179,92101,921.01
67,470.652576071035,80192,801.92
68,470.737175150215,69993,699.93
69,470.821773998963,63090,630.9
70,470.906372617525,62644,626.44
71,470.990971006146,60998,609.98
72,471.075569165072,92858,928.58
73,471.160167094546,101173,1011.73
74,471.244764794815,85342,853.42
75,471.329362266123,74282,742.82
76,471.413959508717,68448,684.48
77,471.498556522839,70948,709.48
78,471.583153308737,72028,720.28
79,471.667749866655,68934,689.34
80,471.752346196838,67717,677.17
81,471.836942299532,67478,674.78
82,471.921538174981,71452,714.52
83,472.00613382343,69358,693.58
84,472.090729245126,62669,626.69
85,472.175324440312,58557,585.57
86,472.259919409234,59727,597.27
87,472.344514152137,59047,590.47
88,472.429108669267,56130,561.3
89,472.513702960868,55979,559.79
90,472.598297027185,57978,579.78
91,472.682890868465,57870,578.7
92,472.767484484951,55744,557.44
93,472.852077876889,53988,539.88
94,472.936671044524,56773,567.73
95,473.021263988101,57564,575.64
96,473.105856707865,56579,565.79
97,473.190449204062,61797,617.97
98,473.275041476937,78144,781.44
99,473.359633526735,85317,853.17
100,473.4442253537,76266,762.66
101,473.528816958078,69770,697.7
102,473.613408340115,68312,683.12
103,473.697999500055,64520,645.2
104,473.782590438143,59998,599.98
105,473.867181154625,57534,575.34
106,473.951771649745,60149,601.49
107,474.03636192375,60073,600.73
108,474.120951976883,57575,575.75
109,474.20554180939,56496,564.96
110,474.290131421517,55534,555.34
111,474.374720813508,58590,585.9
112,474.459309985608,59033,590.33
113,474.543898938063,56553,565.53
114,474.628487671118,55241,552.41
115,474.713076185018,54467,544.67
116,474.797664480008,58039,580.39
117,474.882252556332,90427,904.27
118,474.966840414238,99729,997.29
119,475.051428053968,118405,1184.05
120,475.13601547577,116179,1161.79
121,475.220602679887,89569,895.69
122,475.305189666564,73593,735.93
123,475.389776436048,64581,645.81
124,475.474362988583,59873,598.73
125,475.558949324414,56832,568.32
126,475.643535443787,55183,551.83
127,475.728121346946,54327,543.27
128,475.812707034136,53582,535.82
129,475.897292505604,78585,785.85
130,475.981877761593,90459,904.59
131,476.066462802349,81515,815.15
132,476.151047628118,74872,748.72
133,476.235632239144,67802,678.02
134,476.320216635672,61438,614.38
135,476.404800817948,61642,616.42
136,476.489384786216,61077,610.77
137,476.573968540723,62753,627.53
138,476.658552081712,83359,833.59
139,476.74313540943,86305,863.05
140,476.827718524121,73293,732.93
141,476.91230142603,64919,649.19
142,476.996884115403,63430,634.3
143,477.081466592484,61734,617.34
144,477.166048857519,58010,580.1
145,477.250630910753,59314,593.14
146,477.335212752432,59337,593.37
147,477.419794382799,57067,570.67
148,477.504375802101,59121,591.21
149,477.588957010582,59781,597.81
150,477.673538008487,57530,575.3
151,477.758118796063,102207,1022.07
152,477.842699373553,113974,1139.74
153,477.927279741204,88592,885.92
154,478.011859899259,73206,732.06
155,478.096439847965,64182,641.82
156,478.181019587566,60018,600.18
157,478.265599118308,58138,581.38
158,478.350178440435,56368,563.68
159,478.434757554193,55198,551.98
160,478.519336459827,67922,679.22
161,478.603915157582,70861,708.61
162,478.688493647704,63343,633.43
163,478.773071930436,124366,1243.66
164,478.857650006026,139946,1399.46
165,478.942227874716,104375,1043.75
166,479.026805536754,95752,957.52
167,479.111382992383,89087,890.87
168,479.19596024185,78988,789.88
169,479.280537285398,70253,702.53
170,479.365114123274,62651,626.51
171,479.449690755722,58091,580.91
172,479.534267182988,55654,556.54
173,479.618843405317,54193,541.93
174,479.703419422953,57066,570.66
175,479.787995236142,62236,622.36
176,479.87257084513,61415,614.15
177,479.95714625016,58160,581.6
178,480.041721451479,56213,562.13
179,480.126296449331,55432,554.32
180,480.210871243962,57835,578.35
181,480.295445835617,58183,581.83
182,480.380020224541,59433,594.33
183,480.464594410979,59037,590.37
184,480.549168395175,60162,601.62
185,480.633742177377,60009,600.09
186,480.718315757827,57334,573.34
187,480.802889136772,55755,557.55
188,480.887462314457,54537,545.37
189,480.972035291127,53661,536.61
190,481.056608067026,57384,573.84
191,481.141180642401,71431,714.31
192,481.225753017496,72687,726.87
193,481.310325192556,64312,643.12
194,481.394897167827,62683,626.83
195,481.479468943554,60843,608.43
196,481.564040519981,57857,578.57
197,481.648611897354,56009,560.09
198,481.733183075918,54546,545.46
199,481.817754055918,57538,575.38
200,481.9023248376,57999,579.99
201,481.986895421208,58995,589.95
202,482.071465806988,95401,954.01
203,482.156035995184,103424,1034.24
204,482.240605986042,85639,856.39
205,482.325175779807,73803,738.03
206,482.409745376725,64688,646.88
207,482.494314777039,59262,592.62
208,482.578883980996,56506,565.06
209,482.663452988841,55301,553.01
210,482.748021800818,54248,542.48
211,482.832590417173,53829,538.29
212,482.91715883815,57884,578.84
213,483.001727063996,61952,619.52
214,483.086295094955,60496,604.96
215,483.170862931273,57347,573.47
216,483.255430573193,56249,562.49
217,483.339998020963,59055,590.55
218,483.424565274826,59974,599.74
219,483.509132335028,57725,577.25
220,483.593699201814,56195,561.95
221,483.678265875429,58567,585.67
222,483.762832356118,58513,585.13
223,483.847398644127,55785,557.85
224,483.9319647397,58054,580.54
225,484.016530643083,70491,704.91
226,484.101096354521,71914,719.14
227,484.185661874258,65068,650.68
228,484.270227202541,60230,602.3
229,484.354792339614,57343,573.43
230,484.439357285722,56408,564.08
231,484.523922041111,58940,589.4
232,484.608486606025,62422,624.22
233,484.69305098071,61195,611.95
234,484.777615165411,59981,599.81
235,484.862179160373,62114,621.14
236,484.946742965841,60698,606.98
237,485.03130658206,60271,602.71
238,485.115870009276,62960,629.6
239,485.200433247733,61691,616.91
240,485.284996297677,58635,586.35
241,485.369559159353,83476,834.76
242,485.454121833005,93151,931.51
243,485.53868431888,78853,788.53
244,485.623246617222,69401,694.01
245,485.707808728276,63428,634.28
246,485.792370652288,59107,591.07
247,485.876932389502,59883,598.83
248,485.961493940164,59401,594.01
249,486.046055304519,57049,570.49
250,486.130616482813,56471,564.71
251,486.215177475289,56059,560.59
252,486.299738282193,62194,621.94
253,486.384298903771,63719,637.19
254,486.468859340268,59212,592.12
255,486.553419591928,56330,563.3
256,486.637979658997,55585,555.85
257,486.722539541719,55150,551.5
258,486.807099240341,57492,574.92
259,486.891658755108,57755,577.55
260,486.976218086263,55641,556.41
261,487.060777234053,54750,547.5
262,487.145336198723,54336,543.36
263,487.229894980517,53691,536.91
264,487.314453579682,53802,538.02
265,487.399011996461,53794,537.94
266,487.483570231101,53259,532.59
267,487.568128283845,52890,528.9
268,487.652686154941,52789,527.89
269,487.737243844632,53144,531.44
270,487.821801353163,57446,574.46
271,487.906358680781,58287,582.87
272,487.990915827729,55950,559.5
273,488.075472794253,54823,548.23
274,488.160029580599,59158,591.58
275,488.244586187011,60242,602.42
276,488.329142613735,57916,579.16
277,488.413698861015,63207,632.07
278,488.498254929097,63573,635.73
279,488.582810818225,63012,630.12
280,488.667366528646,62965,629.65
281,488.751922060605,59728,597.28
282,488.836477414345,57289,572.89
283,488.921032590113,56483,564.83
284,489.005587588153,57543,575.43
285,489.090142408711,87638,876.38
286,489.174697052032,98187,981.87
287,489.259251518361,85357,853.57
288,489.343805807943,73931,739.31
289,489.428359921024,64634,646.34
290,489.512913857847,59302,593.02
291,489.597467618659,56886,568.86
292,489.682021203705,68192,681.92
293,489.76657461323,70840,708.4
294,489.851127847479,63236,632.36
295,489.935680906696,60727,607.27
296,490.020233791128,58906,589.06
297,490.104786501019,56255,562.55
298,490.189339036615,58773,587.73
299,490.27389139816,59217,592.17
300,490.3584435859,56422,564.22
301,490.44299560008,54529,545.29
302,490.527547440945,53611,536.11
303,490.612099108739,53045,530.45
304,490.69665060371,52797,527.97
305,490.7812019261,52897,528.97
306,490.865753076156,56432,564.32
307,490.950304054123,57800,578
308,491.034854860246,56092,560.92
309,491.119405494769,54833,548.33
310,491.203955957939,54424,544.24
311,491.288506249999,54442,544.42
312,491.373056371197,53827,538.27
313,491.457606321775,57337,573.37
314,491.54215610198,59470,594.7
315,491.626705712057,57556,575.56
316,491.711255152251,55618,556.18
317,491.795804422807,54376,543.76
318,491.88035352397,53537,535.37
319,491.964902455985,53599,535.99
320,492.049451219098,57452,574.52
321,492.133999813553,58149,581.49
322,492.218548239596,55982,559.82
323,492.303096497471,58026,580.26
324,492.387644587425,60681,606.81
325,492.472192509702,62818,628.18
326,492.556740264546,70168,701.68
327,492.641287852205,69195,691.95
328,492.725835272921,62174,621.74
329,492.810382526942,59035,590.35
330,492.894929614511,68466,684.66
331,492.979476535874,70165,701.65
332,493.064023291276,63525,635.25
333,493.148569880962,61887,618.87
334,493.233116305178,59867,598.67
335,493.317662564167,56746,567.46
336,493.402208658177,56032,560.32
337,493.486754587451,55260,552.6
338,493.571300352235,54151,541.51
339,493.655845952774,53406,534.06
340,493.740391389313,56699,566.99
341,493.824936662097,57459,574.59
342,493.909481771372,57820,578.2
343,493.994026717382,57381,573.81
344,494.078571500372,55419,554.19
345,494.163116120589,54621,546.21
346,494.247660578276,54059,540.59
347,494.33220487368,84120,841.2
348,494.416749007044,92750,927.5
349,494.501292978615,76763,767.63
350,494.585836788637,66843,668.43
351,494.670380437356,60984,609.84
352,494.754923925017,58240,582.4
353,494.839467251864,60543,605.43
354,494.924010418144,60158,601.58
355,495.0085534241,57317,573.17
356,495.093096269979,72004,720.04
357,495.177638956025,75315,753.15
358,495.262181482484,69627,696.27
359,495.3467238496,67949,679.49
360,495.431266057619,63199,631.99
361,495.515808106786,62722,627.22
362,495.600349997346,61368,613.68
363,495.684891729544,58027,580.27
364,495.769433303626,57669,576.69
365,495.853974719836,56730,567.3
366,495.938515978419,55032,550.32
367,496.023057079622,54304,543.04
368,496.107598023688,54278,542.78
369,496.192138810863,57602,576.02
370,496.276679441392,57888,578.88
371,496.361219915521,57674,576.74
372,496.445760233493,89875,898.75
373,496.530300395556,97807,978.07
374,496.614840401953,79798,797.98
375,496.69938025293,74616,746.16
376,496.783919948731,69880,698.8
377,496.868459489603,66610,666.1
378,496.95299887579,63365,633.65
379,497.037538107538,66673,666.73
380,497.12207718509,66344,663.44
381,497.206616108694,64357,643.57
382,497.291154878593,62262,622.62
383,497.375693495033,59037,590.37
384,497.460231958259,56806,568.06
385,497.544770268516,55756,557.56
386,497.629308426049,55502,555.02
387,497.713846431104,54792,547.92
388,497.798384283926,57162,571.62
389,497.882921984759,57711,577.11
390,497.967459533848,56402,564.02
391,498.05199693144,59028,590.28
392,498.136534177779,63227,632.27
393,498.22107127311,62115,621.15
394,498.305608217678,58486,584.86
395,498.390145011729,56478,564.78
396,498.474681655507,55240,552.4
397,498.559218149259,54868,548.68
398,498.643754493228,55313,553.13
399,498.72829068766,54771,547.71
400,498.8128267328,54000,540
401,498.897362628894,53697,536.97
402,498.981898376185,53705,537.05
403,499.066433974921,54183,541.83
404,499.150969425345,58123,581.23
405,499.235504727703,74248,742.48
406,499.32003988224,76094,760.94
407,499.404574889201,69601,696.01
408,499.489109748831,65714,657.14
409,499.573644461376,61062,610.62
410,499.65817902708,57851,578.51
411,499.742713446188,55863,558.63
412,499.827247718947,54782,547.82
413,499.9117818456,54360,543.6
414,499.996315826393,53837,538.37
415,500.080849661572,53676,536.76
416,500.165383351381,54024,540.24
417,500.249916896065,53893,538.93
418,500.33445029587,54069,540.69
419,500.41898355104,73428,734.28
420,500.503516661822,78948,789.48
421,500.588049628459,68350,683.5
422,500.672582451197,62746,627.46
423,500.757115130282,59266,592.66
424,500.841647665958,56788,567.88
425,500.92618005847,55377,553.77
426,501.010712308064,81320,813.2
427,501.095244414985,91740,917.4
428,501.179776379478,81463,814.63
429,501.264308201788,72145,721.45
430,501.34883988216,68426,684.26
431,501.433371420839,64933,649.33
432,501.517902818071,59751,597.51
433,501.6024340741,60856,608.56
434,501.686965189172,63398,633.98
435,501.771496163532,61219,612.19
436,501.856026997425,57550,575.5
437,501.940557691096,55359,553.59
438,502.02508824479,54024,540.24
439,502.109618658753,57641,576.41
440,502.194148933229,58390,583.9
441,502.278679068464,55723,557.23
442,502.363209064702,54725,547.25
443,502.44773892219,54122,541.22
444,502.532268641171,57107,571.07
445,502.616798221892,58387,583.87
446,502.701327664597,56832,568.32
447,502.785856969531,55730,557.3
448,502.87038613694,58268,582.68
449,502.954915167069,61895,618.95
450,503.039444060163,60623,606.23
451,503.123972816466,57725,577.25
452,503.208501436225,60031,600.31
453,503.293029919684,60751,607.51
454,503.377558267088,61846,618.46
455,503.462086478683,64820,648.2
456,503.546614554714,67364,673.64
457,503.631142495425,64902,649.02
458,503.715670301062,60174,601.74
459,503.800197971871,57120,571.2
460,503.884725508095,55622,556.22
461,503.969252909981,58097,580.97
462,504.053780177773,61796,617.96
463,504.138307311717,61198,611.98
464,504.222834312058,61978,619.78
465,504.307361179041,61750,617.5
466,504.39188791291,62534,625.34
467,504.476414513912,63228,632.28
468,504.560940982291,77364,773.64
469,504.645467318292,79094,790.94
470,504.729993522161,68322,683.22
471,504.814519594143,65354,653.54
472,504.899045534482,65395,653.95
473,504.983571343424,67450,674.5
474,505.068097021215,68627,686.27
475,505.152622568098,68024,680.24
476,505.23714798432,79229,792.29
477,505.321673270126,78681,786.81
478,505.40619842576,68330,683.3
479,505.490723451468,62200,622
480,505.575248347494,61690,616.9
481,505.659773114085,60475,604.75
482,505.744297751485,86516,865.16
483,505.828822259939,96639,966.39
484,505.913346639693,81399,813.99
485,505.997870890991,70025,700.25
486,506.082395014079,63206,632.06
487,506.166919009201,59575,595.75
488,506.251442876604,57414,574.14
489,506.335966616531,59330,593.3
490,506.420490229229,59366,593.66
491,506.505013714942,57531,575.31
492,506.589537073916,56615,566.15
493,506.674060306396,58857,588.57
494,506.758583412626,59703,597.03
495,506.843106392852,57785,577.85
496,506.927629247319,56329,563.29
497,507.012151976272,55261,552.61
498,507.096674579957,58560,585.6
499,507.181197058618,60371,603.71
500,507.2657194125,58429,584.29
501,507.350241641849,86104,861.04
502,507.43476374691,97207,972.07
503,507.519285727928,82053,820.53
504,507.603807585148,70326,703.26
505,507.688329318816,63919,639.19
506,507.772850929175,63359,633.59
507,507.857372416473,65653,656.53
508,507.941893780953,63743,637.43
509,508.02641502286,60267,602.67
510,508.110936142441,57856,578.56
511,508.195457139939,59293,592.93
512,508.279978015601,59164,591.64
513,508.364498769671,57482,574.82
514,508.449019402395,56313,563.13
515,508.533539914017,55591,555.91
516,508.618060304783,58045,580.45
517,508.702580574937,58502,585.02
518,508.787100724726,56729,567.29
519,508.871620754394,57442,574.42
520,508.956140664186,72844,728.44
521,509.040660454347,80749,807.49
522,509.125180125123,88548,885.48
523,509.209699676758,85320,853.2
524,509.294219109499,92495,924.95
525,509.378738423589,90203,902.03
526,509.463257619274,78719,787.19
527,509.5477766968,70841,708.41
528,509.632295656411,63522,635.22
529,509.716814498352,59487,594.87
530,509.801333222869,57081,570.81
531,509.885851830207,55563,555.63
532,509.97037032061,55292,552.92
533,510.054888694324,55004,550.04
534,510.139406951595,58742,587.42
535,510.223925092667,59642,596.42
536,510.308443117785,57546,575.46
537,510.392961027195,56949,569.49
538,510.477478821141,59963,599.63
539,510.56199649987,63518,635.18
540,510.646514063625,65847,658.47
541,510.731031512652,67488,674.88
542,510.815548847197,64421,644.21
543,510.900066067503,60796,607.96
544,510.984583173818,58508,585.08
545,511.069100166384,60117,601.17
546,511.153617045449,60077,600.77
547,511.238133811256,61133,611.33
548,511.322650464052,60734,607.34
549,511.407167004081,57856,578.56
550,511.491683431587,63738,637.38
551,511.576199746818,64926,649.26
552,511.660715950017,63862,638.62
553,511.745232041429,62501,625.01
554,511.829748021301,59362,593.62
555,511.914263889876,57838,578.38
556,511.9987796474,57845,578.45
557,512.083295294119,57425,574.25
558,512.167810830277,56909,569.09
559,512.252326256119,59251,592.51
560,512.336841571891,62258,622.58
561,512.421356777838,76711,767.11
562,512.505871874205,78729,787.29
563,512.590386861236,72725,727.25
564,512.674901739178,68570,685.7
565,512.759416508275,63662,636.62
566,512.843931168773,60064,600.64
567,512.928445720916,61360,613.6
568,513.01296016495,64929,649.29
569,513.097474501119,63399,633.99
570,513.18198872967,60061,600.61
571,513.266502850847,58154,581.54
572,513.351016864895,60795,607.95
573,513.435530772059,61424,614.24
574,513.520044572585,59138,591.38
575,513.604558266717,57917,579.17
576,513.689071854701,64242,642.42
577,513.773585336782,67578,675.78
578,513.858098713206,68050,680.5
579,513.942611984216,69001,690.01
580,514.027125150058,72111,721.11
581,514.111638210978,73315,733.15
582,514.196151167221,68525,685.25
583,514.280664019031,62899,628.99
584,514.365176766654,60035,600.35
585,514.449689410336,61400,614
586,514.53420195032,64519,645.19
587,514.618714386852,63212,632.12
588,514.703226720178,59760,597.6
589,514.787738950542,57964,579.64
590,514.87225107819,56928,569.28
591,514.956763103367,56439,564.39
592,515.041275026318,55991,559.91
593,515.125786847287,63678,636.78
594,515.210298566521,65457,654.57
595,515.294810184265,60874,608.74
596,515.379321700762,58719,587.19
597,515.463833116259,57653,576.53
598,515.548344431001,56737,567.37
599,515.632855645233,59856,598.56
600,515.7173667592,60614,606.14
601,515.801877773147,60267,602.67
602,515.886388687319,62668,626.68
603,515.970899501962,61982,619.82
604,516.05541021732,59257,592.57
605,516.139920833639,57881,578.81
606,516.224431351163,57037,570.37
607,516.308941770138,56625,566.25
608,516.39345209081,56270,562.7
609,516.477962313423,55928,559.28
610,516.562472438222,59045,590.45
611,516.646982465452,63697,636.97
612,516.731492395359,68277,682.77
613,516.816002228188,67550,675.5
614,516.900511964184,63224,632.24
615,516.985021603591,67154,671.54
616,517.069531146656,74114,741.14
617,517.154040593623,81745,817.45
618,517.238549944738,78194,781.94
619,517.323059200245,72170,721.7
620,517.40756836039,67840,678.4
621,517.492077425417,62925,629.25
622,517.576586395573,59996,599.96
623,517.661095271101,87359,873.59
624,517.745604052248,94525,945.25
625,517.830112739258,78409,784.09
626,517.914621332376,76490,764.9
627,517.999129831848,73635,736.35
628,518.083638237919,66978,669.78
629,518.168146550834,62770,627.7
630,518.252654770838,60118,601.18
631,518.337162898176,58713,587.13
632,518.421670933093,57805,578.05
633,518.506178875835,57534,575.34
634,518.590686726646,57050,570.5
635,518.675194485772,57206,572.06
636,518.759702153457,60702,607.02
637,518.844209729948,61815,618.15
638,518.928717215489,59827,598.27
639,519.013224610325,61827,618.27
640,519.097731914701,62944,629.44
641,519.182239128863,61166,611.66
642,519.266746253055,59949,599.49
643,519.351253287523,59149,591.49
644,519.435760232512,58541,585.41
645,519.520267088267,58160,581.6
646,519.604773855033,57586,575.86
647,519.689280533056,57209,572.09
648,519.77378712258,57484,574.84
649,519.85829362385,57366,573.66
650,519.942800037113,61139,611.39
651,520.027306362612,62209,622.09
652,520.111812600593,59951,599.51
653,520.196318751301,58543,585.43
654,520.280824814981,57989,579.89
655,520.365330791879,57842,578.42
656,520.449836682239,58240,582.4
657,520.534342486307,58544,585.44
658,520.618848204327,58114,581.14
659,520.703353836546,61123,611.23
660,520.787859383207,62035,620.35
661,520.872364844557,66884,668.84
662,520.95687022084,86930,869.3
663,521.041375512301,88221,882.21
664,521.125880719186,75420,754.2
665,521.21038584174,68051,680.51
666,521.294890880208,77171,771.71
667,521.379395834834,78082,780.82
668,521.463900705865,72688,726.88
669,521.548405493545,69056,690.56
670,521.632910198119,64744,647.44
671,521.717414819833,62413,624.13
672,521.801919358931,60810,608.1
673,521.88642381566,60069,600.69
674,521.970928190263,63301,633.01
675,522.055432482986,235136,2351.36
676,522.139936694074,280980,2809.8
677,522.224440823773,191371,1913.71
678,522.308944872327,137499,1374.99
679,522.393448839982,104627,1046.27
680,522.477952726982,89172,891.72
681,522.562456533574,96616,966.16
682,522.646960260001,93173,931.73
683,522.731463906509,83288,832.88
684,522.815967473344,79547,795.47
685,522.90047096075,73150,731.5
686,522.984974368973,67058,670.58
687,523.069477698257,63421,634.21
688,523.153980948848,61935,619.35
689,523.238484120991,61232,612.32
690,523.322987214931,60743,607.43
691,523.407490230914,63716,637.16
692,523.491993169183,68300,683
693,523.576496029985,103176,1031.76
694,523.660998813565,109997,1099.97
695,523.745501520167,118407,1184.07
696,523.830004150038,114384,1143.84
697,523.914506703421,92109,921.09
698,523.999009180562,78803,788.03
699,524.083511581707,71023,710.23
700,524.1680139071,66555,665.55
701,524.252516156987,63996,639.96
702,524.337018331612,62459,624.59
703,524.421520431221,65109,651.09
704,524.506022456059,66027,660.27
705,524.590524406371,64208,642.08
706,524.675026282403,84135,841.35
707,524.759528084398,89841,898.41
708,524.844029812603,78278,782.78
709,524.928531467263,71337,713.37
710,525.013033048623,84943,849.43
711,525.097534556927,88131,881.31
712,525.182035992421,77611,776.11
713,525.266537355351,71161,711.61
714,525.351038645961,67786,677.86
715,525.435539864496,69655,696.55
716,525.520041011202,69258,692.58
717,525.604542086324,66911,669.11
718,525.689043090106,73879,738.79
719,525.773544022794,75096,750.96
720,525.858044884634,74342,743.42
721,525.942545675869,72964,729.64
722,526.027046396746,68934,689.34
723,526.11154704751,66643,666.43
724,526.196047628405,65654,656.54
725,526.280548139677,69093,690.93
726,526.36504858157,69881,698.81
727,526.449548954331,67419,674.19
728,526.534049258204,66585,665.85
729,526.618549493434,69562,695.62
730,526.703049660267,69783,697.83
731,526.787549758947,67850,678.5
732,526.87204978972,69816,698.16
733,526.956549752831,70616,706.16
734,527.041049648525,69068,690.68
735,527.125549477046,67368,673.68
736,527.210049238641,84881,848.81
737,527.294548933555,92103,921.03
738,527.379048562032,82701,827.01
739,527.463548124317,75653,756.53
740,527.548047620657,72977,729.77
741,527.632547051295,70935,709.35
742,527.717046416477,69509,695.09
743,527.801545716449,73770,737.7
744,527.886044951455,75046,750.46
745,527.97054412174,81045,810.45
746,528.05504322755,81239,812.39
747,528.139542269129,75697,756.97
748,528.224041246724,74496,744.96
749,528.308540160578,76265,762.65
750,528.393039010938,75496,754.96
751,528.477537798047,72511,725.11
752,528.562036522152,73636,736.36
753,528.646535183498,76848,768.48
754,528.731033782329,78885,788.85
755,528.815532318891,76716,767.16
756,528.900030793429,73561,735.61
757,528.984529206188,71576,715.76
758,529.069027557414,70588,705.88
759,529.15352584735,70256,702.56
760,529.238024076243,69951,699.51
761,529.322522244338,69686,696.86
762,529.407020351879,69947,699.47
763,529.491518399112,70716,707.16
764,529.576016386283,70815,708.15
765,529.660514313635,70634,706.34
766,529.745012181415,70433,704.33
767,529.829509989866,70239,702.39
768,529.914007739236,70081,700.81
769,529.998505429768,73937,739.37
770,530.083003061708,75539,755.39
771,530.167500635301,73881,738.81
772,530.251998150792,72797,727.97
773,530.336495608426,72786,727.86
774,530.420993008449,76319,763.19
775,530.505490351105,80433,804.33
776,530.589987636639,82584,825.84
777,530.674484865298,83829,838.29
778,530.758982037325,81767,817.67
779,530.843479152966,78246,782.46
780,530.927976212466,76293,762.93
781,531.012473216071,75770,757.7
782,531.096970164025,126361,1263.61
783,531.181467056574,143429,1434.29
784,531.265963893962,116547,1165.47
785,531.350460676435,98443,984.43
786,531.434957404238,88686,886.86
787,531.519454077616,83340,833.4
788,531.603950696814,82394,823.94
789,531.688447262078,81915,819.15
790,531.772943773652,79920,799.2
791,531.857440231782,77992,779.92
792,531.941936636713,76654,766.54
793,532.026432988689,78949,789.49
794,532.110929287956,79526,795.26
795,532.19542553476,80384,803.84
796,532.279921729345,79257,792.57
797,532.364417871956,75629,756.29
798,532.448913962839,72498,724.98
799,532.533410002239,70532,705.32
800,532.6179059904,69227,692.27
801,532.702401927568,67513,675.13
802,532.786897813989,65962,659.62
803,532.871393649906,71801,718.01
804,532.955889435567,76317,763.17
805,533.040385171214,72730,727.3
806,533.124880857094,96669,966.69
807,533.209376493452,101303,1013.03
808,533.293872080533,83634,836.34
809,533.378367618582,72401,724.01
810,533.462863107844,88583,885.83
811,533.547358548564,90979,909.79
812,533.631853940988,79324,793.24
813,533.71634928536,71615,716.15
814,533.800844581926,75771,757.71
815,533.885339830931,74246,742.46
816,533.96983503262,65823,658.23
817,534.054330187238,60649,606.49
818,534.13882529503,60562,605.62
819,534.223320356242,59487,594.87
820,534.307815371118,56668,566.68
821,534.392310339903,55156,551.56
822,534.476805262844,54424,544.24
823,534.561300140184,54131,541.31
824,534.64579497217,60615,606.15
825,534.730289759045,62138,621.38
826,534.814784501056,61683,616.83
827,534.899279198448,60856,608.56
828,534.983773851465,57753,577.53
829,535.068268460352,59087,590.87
830,535.152763025356,68756,687.56
831,535.23725754672,87705,877.05
832,535.321752024691,87558,875.58
833,535.406246459513,73930,739.3
834,535.490740851431,64922,649.22
835,535.575235200691,59619,596.19
836,535.659729507538,56853,568.53
837,535.744223772216,464402,4644.02
838,535.828717994971,580150,5801.5
839,535.913212176048,359622,3596.22
840,535.997706315693,228684,2286.84
841,536.08220041415,163687,1636.87
842,536.166694471664,123769,1237.69
843,536.251188488481,94017,940.17
844,536.335682464845,76673,766.73
845,536.420176401003,67138,671.38
846,536.504670297198,61486,614.86
847,536.589164153677,57872,578.72
848,536.673657970684,55939,559.39
849,536.758151748464,55908,559.08
850,536.842645487263,55563,555.63
851,536.927139187325,54575,545.75
852,537.011632848896,57479,574.79
853,537.096126472221,58649,586.49
854,537.180620057546,61172,611.72
855,537.265113605114,64132,641.32
856,537.349607115172,61650,616.5
857,537.434100587964,59004,590.04
858,537.518594023736,57110,571.1
859,537.603087422733,55769,557.69
860,537.687580785199,55476,554.76
861,537.772074111381,57958,579.58
862,537.856567401522,69114,691.14
863,537.941060655869,81658,816.58
864,538.025553874667,77914,779.14
865,538.11004705816,67806,678.06
866,538.194540206593,62103,621.03
867,538.279033320213,58954,589.54
868,538.363526399263,58041,580.41
869,538.44801944399,59409,594.09
870,538.532512454637,62549,625.49
871,538.617005431451,69579,695.79
872,538.701498374677,74822,748.22
873,538.785991284559,78225,782.25
874,538.870484161343,82105,821.05
875,538.954977005273,88257,882.57
876,539.039469816596,90693,906.93
877,539.123962595556,89344,893.44
878,539.208455342398,94082,940.82
879,539.292948057368,96496,964.96
880,539.37744074071,90537,905.37
881,539.46193339267,87912,879.12
882,539.546426013493,87350,873.5
883,539.630918603424,89308,893.08
884,539.715411162708,86135,861.35
885,539.79990369159,81964,819.64
886,539.884396190315,78026,780.26
887,539.968888659129,99107,991.07
888,540.053381098277,108798,1087.98
889,540.137873508003,93725,937.25
890,540.222365888553,80220,802.2
891,540.306858240173,72386,723.86
892,540.391350563106,67395,673.95
893,540.475842857599,70833,708.33
894,540.560335123896,70388,703.88
895,540.644827362243,68396,683.96
896,540.729319572884,69277,692.77
897,540.813811756066,65901,659.01
898,540.898303912032,61127,611.27
899,540.982796041028,58293,582.93
900,541.0672881433,56515,565.15
901,541.151780219092,55755,557.55
902,541.23627226865,54790,547.9
903,541.320764292218,53820,538.2
904,541.405256290042,53842,538.42
905,541.489748262367,56118,561.18
906,541.574240209438,60975,609.75
907,541.6587321315,61032,610.32
908,541.743224028798,61339,613.39
909,541.827715901578,60173,601.73
910,541.912207750085,57083,570.83
911,541.996699574563,55818,558.18
912,542.081191375258,55154,551.54
913,542.165683152415,58368,583.68
914,542.250174906279,58916,589.16
915,542.334666637096,56423,564.23
916,542.41915834511,55009,550.09
917,542.503650030566,76108,761.08
918,542.58814169371,84977,849.77
919,542.672633334787,81217,812.17
920,542.757124954042,74732,747.32
921,542.841616551719,66014,660.14
922,542.926108128065,64431,644.31
923,543.010599683325,62929,629.29
924,543.095091217743,60204,602.04
925,543.179582731564,85917,859.17
926,543.264074225034,92630,926.3
927,543.348565698398,78280,782.8
928,543.433057151901,71172,711.72
929,543.517548585789,68797,687.97
930,543.602040000305,76226,762.26
931,543.686531395696,84405,844.05
932,543.771022772206,85968,859.68
933,543.855514130081,90670,906.7
934,543.940005469566,97738,977.38
935,544.024496790906,100123,1001.23
936,544.108988094346,108013,1080.13
937,544.193479380131,114970,1149.7
938,544.277970648506,114679,1146.79
939,544.362461899717,113858,1138.58
940,544.446953134009,118671,1186.71
941,544.531444351626,121720,1217.2
942,544.615935552814,124091,1240.91
943,544.700426737818,127037,1270.37
944,544.784917906884,128089,1280.89
945,544.869409060255,132210,1322.1
946,544.953900198178,134517,1345.17
947,545.038391320898,133790,1337.9
948,545.122882428659,133539,1335.39
949,545.207373521708,133985,1339.85
950,545.291864600288,135016,1350.16
951,545.376355664645,136126,1361.26
952,545.460846715024,169470,1694.7
953,545.545337751671,179631,1796.31
954,545.62982877483,163700,1637
955,545.714319784747,157388,1573.88
956,545.798810781666,156239,1562.39
957,545.883301765834,152849,1528.49
958,545.967792737495,151289,1512.89
959,546.052283696893,149337,1493.37
960,546.136774644275,148944,1489.44
961,546.221265579886,147322,1473.22
962,546.30575650397,144102,1441.02
963,546.390247416772,142206,1422.06
964,546.474738318539,140926,1409.26
965,546.559229209514,140774,1407.74
966,546.643720089944,140805,1408.05
967,546.728210960073,140587,1405.87
968,546.812701820146,143578,1435.78
969,546.897192670409,149325,1493.25
970,546.981683511106,150288,1502.88
971,547.066174342483,147896,1478.96
972,547.150665164785,148220,1482.2
973,547.235155978257,151577,1515.77
974,547.319646783145,151610,1516.1
975,547.404137579692,150086,1500.86
976,547.488628368145,149206,1492.06
977,547.573119148749,148141,1481.41
978,547.657609921748,147981,1479.81
979,547.742100687388,151313,1513.13
980,547.826591445914,152367,1523.67
981,547.911082197572,151189,1511.89
982,547.995572942605,150728,1507.28
983,548.08006368126,149406,1494.06
984,548.164554413782,148506,1485.06
985,548.249045140415,148048,1480.48
986,548.333535861404,148381,1483.81
987,548.418026576996,165737,1657.37
988,548.502517287435,170409,1704.09
989,548.587007992966,162121,1621.21
990,548.671498693834,157481,1574.81
991,548.755989390285,160955,1609.55
992,548.840480082563,164976,1649.76
993,548.924970770915,162112,1621.12
994,549.009461455584,158648,1586.48
995,549.093952136815,159820,1598.2
996,549.178442814856,159191,1591.91
997,549.262933489949,156374,1563.74
998,549.347424162341,162449,1624.49
999,549.431914832276,163767,1637.67
1000,549.5164055,159695,1596.95
1001,549.600896165758,159509,1595.09
1002,549.685386829794,158821,1588.21
1003,549.769877492355,157170,1571.7
1004,549.854368153685,156783,1567.83
1005,549.938858814029,175153,1751.53
1006,550.023349473633,183166,1831.66
1007,550.107840132742,177943,1779.43
1008,550.1923307916,171510,1715.1
1009,550.276821450453,165045,1650.45
1010,550.361312109546,161516,1615.16
1011,550.445802769124,163199,1631.99
1012,550.530293429432,163462,1634.62
1013,550.614784090716,161397,1613.97
1014,550.69927475322,160482,1604.82
1015,550.78376541719,159896,1598.96
1016,550.868256082871,159538,1595.38
1017,550.952746750508,160334,1603.34
1018,551.037237420346,163691,1636.91
1019,551.12172809263,164693,1646.93
1020,551.206218767606,163041,1630.41
1021,551.290709445518,161996,1619.96
1022,551.375200126611,161092,1610.92
1023,551.459690811131,165046,1650.46
1024,551.544181499323,166543,1665.43
1025,551.628672191433,165065,1650.65
1026,551.713162887704,164102,1641.02
1027,551.797653588383,162803,1628.03
1028,551.882144293714,162009,1620.09
1029,551.966635003943,161608,1616.08
1030,552.051125719314,165605,1656.05
1031,552.135616440073,172842,1728.42
1032,552.220107166465,172370,1723.7
1033,552.304597898735,170817,1708.17
1034,552.389088637129,169562,1695.62
1035,552.473579381891,188552,1885.52
1036,552.558070133266,193339,1933.39
1037,552.6425608915,181760,1817.6
1038,552.727051656838,175398,1753.98
1039,552.811542429524,196808,1968.08
1040,552.896033209805,200966,2009.66
1041,552.980523997925,189679,1896.79
1042,553.065014794129,182163,1821.63
1043,553.149505598662,175707,1757.07
1044,553.23399641177,171900,1719
1045,553.318487233698,173176,1731.76
1046,553.402978064691,186478,1864.78
1047,553.487468904993,198855,1988.55
1048,553.571959754851,193408,1934.08
1049,553.656450614509,182526,1825.26
1050,553.740941484213,175916,1759.16
1051,553.825432364206,178420,1784.2
1052,553.909923254736,178448,1784.48
1053,553.994414156046,180402,1804.02
1054,554.078905068382,179038,1790.38
1055,554.16339599199,173850,1738.5
1056,554.247886927113,171401,1714.01
1057,554.332377873998,193400,1934
1058,554.416868832889,198989,1989.89
1059,554.501359804032,186218,1862.18
1060,554.585850787671,179154,1791.54
1061,554.670341784053,175065,1750.65
1062,554.754832793421,172591,1725.91
1063,554.839323816021,171164,1711.64
1064,554.923814852099,170357,1703.57
1065,555.008305901899,170644,1706.44
1066,555.092796965667,178501,1785.01
1067,555.177288043647,180449,1804.49
1068,555.261779136085,202756,2027.56
1069,555.346270243226,208077,2080.77
1070,555.430761365315,196237,1962.37
1071,555.515252502597,191728,1917.28
1072,555.599743655318,186728,1867.28
1073,555.684234823722,180995,1809.95
1074,555.768726008055,181044,1810.44
1075,555.853217208561,183215,1832.15
1076,555.937708425486,180730,1807.3
1077,556.022199659075,200922,2009.22
1078,556.106690909574,205722,2057.22
1079,556.191182177226,195525,1955.25
1080,556.275673462278,188209,1882.09
1081,556.360164764975,184740,1847.4
1082,556.444656085561,186741,1867.41
1083,556.529147424282,184752,1847.52
1084,556.613638781383,181465,1814.65
1085,556.698130157109,179410,1794.1
1086,556.782621551706,181022,1810.22
1087,556.867112965417,180849,1808.49
1088,556.951604398489,183963,1839.63
1089,557.036095851167,191019,1910.19
1090,557.120587323695,189287,1892.87
1091,557.20507881632,183588,1835.88
1092,557.289570329285,180166,1801.66
1093,557.374061862836,181819,1818.19
1094,557.458553417219,182960,1829.6
1095,557.543044992678,184029,1840.29
1096,557.627536589459,183145,1831.45
1097,557.712028207806,184177,1841.77
1098,557.796519847966,183430,1834.3
1099,557.881011510182,186949,1869.49
1100,557.9655031947,190689,1906.89
1101,558.049994901765,187196,1871.96
1102,558.134486631623,182491,1824.91
1103,558.218978384519,179400,1794
1104,558.303470160697,181391,1813.91
1105,558.387961960402,181619,1816.19
1106,558.472453783881,181549,1815.49
1107,558.556945631378,182517,1825.17
1108,558.641437503137,210404,2104.04
1109,558.725929399405,227590,2275.9
1110,558.810421320427,214229,2142.29
1111,558.894913266447,198597,1985.97
1112,558.97940523771,190224,1902.24
1113,559.063897234463,188780,1887.8
1114,559.14838925695,190718,1907.18
1115,559.232881305415,188366,1883.66
1116,559.317373380105,183929,1839.29
1117,559.401865481264,185677,1856.77
1118,559.486357609138,185877,1858.77
1119,559.570849763971,183257,1832.57
1120,559.65534194601,182618,1826.18
1121,559.739834155498,186154,1861.54
1122,559.824326392681,186641,1866.41
1123,559.908818657804,187451,1874.51
1124,559.993310951113,186835,1868.35
1125,560.077803272852,184126,1841.26
1126,560.162295623266,182677,1826.77
1127,560.246788002602,181870,1818.7
1128,560.331280411103,184850,1848.5
1129,560.415772849015,189118,1891.18
1130,560.500265316583,191959,1919.59
1131,560.584757814052,196771,1967.71
1132,560.669250341668,195228,1952.28
1133,560.753742899676,189593,1895.93
1134,560.83823548832,189741,1897.41
1135,560.922728107845,188789,1887.89
1136,561.007220758498,186057,1860.57
1137,561.091713440523,184912,1849.12
1138,561.176206154165,184216,1842.16
1139,561.260698899669,184477,1844.77
1140,561.345191677281,184438,1844.38
1141,561.429684487245,183881,1838.81
1142,561.514177329807,183897,1838.97
1143,561.598670205212,184203,1842.03
1144,561.683163113705,185186,1851.86
1145,561.767656055531,185391,1853.91
1146,561.852149030935,188550,1885.5
1147,561.936642040163,193338,1933.38
1148,562.021135083459,192584,1925.84
1149,562.105628161069,189931,1899.31
1150,562.190121273237,191911,1919.11
1151,562.27461442021,191438,1914.38
1152,562.359107602232,199991,1999.91
1153,562.443600819547,201161,2011.61
1154,562.528094072403,197172,1971.72
1155,562.612587361042,203103,2031.03
1156,562.697080685712,204962,2049.62
1157,562.781574046656,202116,2021.16
1158,562.866067444119,216063,2160.63
1159,562.950560878348,216153,2161.53
1160,563.035054349587,202544,2025.44
1161,563.119547858082,198402,1984.02
1162,563.204041404076,195917,1959.17
1163,563.288534987816,193153,1931.53
1164,563.373028609547,190371,1903.71
1165,563.457522269514,188184,1881.84
1166,563.542015967961,187495,1874.95
1167,563.626509705135,190225,1902.25
1168,563.71100348128,194317,1943.17
1169,563.795497296641,193560,1935.6
1170,563.879991151464,190458,1904.58
1171,563.964485045993,188605,1886.05
1172,564.048978980475,188098,1880.98
1173,564.133472955153,188587,1885.87
1174,564.217966970273,188567,1885.67
1175,564.30246102608,191802,1918.02
1176,564.386955122819,196120,1961.2
1177,564.471449260736,198279,1982.79
1178,564.555943440075,196328,1963.28
1179,564.640437661083,192977,1929.77
1180,564.724931924002,263352,2633.52
1181,564.80942622908,286089,2860.89
1182,564.893920576561,247605,2476.05
1183,564.97841496669,225673,2256.73
1184,565.062909399713,212043,2120.43
1185,565.147403875874,212242,2122.42
1186,565.231898395419,209103,2091.03
1187,565.316392958592,200000,2000
1188,565.400887565639,194497,1944.97
1189,565.485382216806,191593,1915.93
1190,565.569876912336,189853,1898.53
1191,565.654371652476,188931,1889.31
1192,565.73886643747,191255,1912.55
1193,565.823361267564,192195,1921.95
1194,565.907856143003,211511,2115.11
1195,565.992351064031,217023,2170.23
1196,566.076846030894,205999,2059.99
1197,566.161341043838,199085,1990.85
1198,566.245836103106,194936,1949.36
1199,566.330331208945,193117,1931.17
1200,566.4148263616,192185,1921.85
1201,566.499321561315,195204,1952.04
1202,566.583816808336,196088,1960.88
1203,566.668312102908,197788,1977.88
1204,566.752807445276,197357,1973.57
1205,566.837302835685,196508,1965.08
1206,566.92179827438,198063,1980.63
1207,567.006293761607,197677,1976.77
1208,567.090789297611,195810,1958.1
1209,567.175284882636,198864,1988.64
1210,567.259780516928,199830,1998.3
1211,567.344276200732,196994,1969.94
1212,567.428771934293,195355,1953.55
1213,567.513267717856,197637,1976.37
1214,567.597763551667,197937,1979.37
1215,567.68225943597,195750,1957.5
1216,567.766755371011,215344,2153.44
1217,567.851251357034,220962,2209.62
1218,567.935747394286,209566,2095.66
1219,568.020243483011,209506,2095.06
1220,568.104739623454,207277,2072.77
1221,568.18923581586,224076,2240.76
1222,568.273732060474,226954,2269.54
1223,568.358228357543,212232,2122.32
1224,568.442724707309,203787,2037.87
1225,568.52722111002,199169,1991.69
1226,568.61171756592,196365,1963.65
1227,568.696214075254,195346,1953.46
1228,568.780710638267,194620,1946.2
1229,568.865207255205,194273,1942.73
1230,568.949703926312,194652,1946.52
1231,569.034200651834,198112,1981.12
1232,569.118697432015,198457,1984.57
1233,569.203194267102,196013,1960.13
1234,569.287691157338,198576,1985.76
1235,569.37218810297,204489,2044.89
1236,569.456685104242,214124,2141.24
1237,569.5411821614,213476,2134.76
1238,569.625679274688,206123,2061.23
1239,569.710176444352,204596,2045.96
1240,569.794673670637,202147,2021.47
1241,569.879170953788,198396,1983.96
1242,569.96366829405,199489,1994.89
1243,570.048165691668,206024,2060.24
1244,570.132663146887,205401,2054.01
1245,570.217160659954,207552,2075.52
1246,570.301658231112,206753,2067.53
1247,570.386155860606,201787,2017.87
1248,570.470653548683,198871,1988.71
1249,570.555151295587,196877,1968.77
1250,570.639649101562,195664,1956.64
1251,570.724146966856,195007,1950.07
1252,570.808644891712,197624,1976.24
1253,570.893142876375,202731,2027.31
1254,570.977640921091,203647,2036.47
1255,571.062139026105,203358,2033.58
1256,571.146637191662,220807,2208.07
1257,571.231135418007,223854,2238.54
1258,571.315633705386,212297,2122.97
1259,571.400132054043,208981,2089.81
1260,571.484630464223,209801,2098.01
1261,571.569128936172,206454,2064.54
1262,571.653627470135,201370,2013.7
1263,571.738126066357,205850,2058.5
1264,571.822624725083,210097,2100.97
1265,571.907123446559,206015,2060.15
1266,571.991622231028,208229,2082.29
1267,572.076121078737,213224,2132.24
1268,572.160619989931,209866,2098.66
1269,572.245118964855,206655,2066.55
1270,572.329618003753,203210,2032.1
1271,572.414117106872,202936,2029.36
1272,572.498616274455,207527,2075.27
1273,572.583115506749,204867,2048.67
1274,572.667614803999,198185,1981.85
1275,572.752114166448,194459,1944.59
1276,572.836613594344,192948,1929.48
1277,572.921113087931,192406,1924.06
1278,573.005612647453,191666,1916.66
1279,573.090112273157,190905,1909.05
1280,573.174611965286,194540,1945.4
1281,573.259111724088,202114,2021.14
1282,573.343611549805,209674,2096.74
1283,573.428111442685,233085,2330.85
1284,573.512611402971,236944,2369.44
1285,573.597111430909,264466,2644.66
1286,573.681611526744,267551,2675.51
1287,573.766111690721,247206,2472.06
1288,573.850611923086,230179,2301.79
1289,573.935112224083,213814,2138.14
1290,574.019612593957,204601,2046.01
1291,574.104113032955,200025,2000.25
1292,574.18861354132,200785,2007.85
1293,574.273114119298,200142,2001.42
1294,574.357614767134,200465,2004.65
1295,574.442115485074,199049,1990.49
1296,574.526616273362,244595,2445.95
1297,574.611117132243,256536,2565.36
1298,574.695618061963,245933,2459.33
1299,574.780119062767,237593,2375.93
1300,574.8646201349,220747,2207.47
1301,574.949121278607,212073,2120.73
1302,575.033622494133,208747,2087.47
1303,575.118123781723,206914,2069.14
1304,575.202625141623,202376,2023.76
1305,575.287126574078,197027,1970.27
1306,575.371628079332,194427,1944.27
1307,575.456129657631,193519,1935.19
1308,575.54063130922,192812,1928.12
1309,575.625133034344,195989,1959.89
1310,575.709634833249,202240,2022.4
1311,575.794136706179,201046,2010.46
1312,575.878638653379,196471,1964.71
1313,575.963140675095,193623,1936.23
1314,576.047642771572,191530,1915.3
1315,576.132144943055,190505,1905.05
1316,576.216647189789,194412,1944.12
1317,576.301149512019,195601,1956.01
1318,576.38565190999,192658,1926.58
1319,576.470154383948,190672,1906.72
1320,576.554656934138,190252,1902.52
1321,576.639159560804,194341,1943.41
1322,576.723662264192,195773,1957.73
1323,576.808165044547,225148,2251.48
1324,576.892667902114,235654,2356.54
1325,576.977170837139,218418,2184.18
1326,577.061673849866,205338,2053.38
1327,577.146176940541,198336,1983.36
1328,577.230680109408,194885,1948.85
1329,577.315183356713,193141,1931.41
1330,577.399686682701,195071,1950.71
1331,577.484190087617,218378,2183.78
1332,577.568693571706,222156,2221.56
1333,577.653197135214,207722,2077.22
1334,577.737700778385,202910,2029.1
1335,577.822204501465,199059,1990.59
1336,577.906708304698,193840,1938.4
1337,577.991212188331,224730,2247.3
1338,578.075716152607,232381,2323.81
1339,578.160220197773,217057,2170.57
1340,578.244724324073,207193,2071.93
1341,578.329228531752,205978,2059.78
1342,578.413732821056,206375,2063.75
1343,578.49823719223,200184,2001.84
1344,578.582741645518,193855,1938.55
1345,578.667246181166,193360,1933.6
1346,578.75175079942,192507,1925.07
1347,578.836255500524,193220,1932.2
1348,578.920760284723,199902,1999.02
1349,579.005265152262,199142,1991.42
1350,579.089770103388,193399,1933.99
1351,579.174275138344,189947,1899.47
1352,579.258780257375,187382,1873.82
1353,579.343285460728,185800,1858
1354,579.427790748647,184982,1849.82
1355,579.512296121378,184128,1841.28
1356,579.596801579165,183924,1839.24
1357,579.681307122253,184843,1848.43
1358,579.765812750888,184666,1846.66
1359,579.850318465315,183960,1839.6
1360,579.934824265779,183515,1835.15
1361,580.019330152525,182868,1828.68
1362,580.103836125799,201233,2012.33
1363,580.188342185844,206588,2065.88
1364,580.272848332908,199424,1994.24
1365,580.357354567233,194031,1940.31
1366,580.441860889067,188908,1889.08
1367,580.526367298654,185868,1858.68
1368,580.610873796238,190778,1907.78
1369,580.695380382066,191289,1912.89
1370,580.779887056382,186773,1867.73
1371,580.864393819432,188393,1883.93
1372,580.94890067146,188129,1881.29
1373,581.033407612712,184354,1843.54
1374,581.117914643433,182254,1822.54
1375,581.202421763867,181582,1815.82
1376,581.286928974261,181325,1813.25
1377,581.371436274859,184223,1842.23
1378,581.455943665907,184519,1845.19
1379,581.540451147649,185345,1853.45
1380,581.62495872033,184299,1842.99
1381,581.709466384197,181191,1811.91
1382,581.793974139493,179532,1795.32
1383,581.878481986465,185458,1854.58
1384,581.962989925357,186628,1866.28
1385,582.047497956414,189232,1892.32
1386,582.132006079881,191798,1917.98
1387,582.216514296004,187985,1879.85
1388,582.301022605028,183794,1837.94
1389,582.385531007198,191072,1910.72
1390,582.470039502758,192656,1926.56
1391,582.554548091955,186487,1864.87
1392,582.639056775033,182832,1828.32
1393,582.723565552238,180198,1801.98
1394,582.808074423814,178961,1789.61
1395,582.892583390007,178234,1782.34
1396,582.977092451061,184242,1842.42
1397,583.061601607223,185772,1857.72
1398,583.146110858736,183517,1835.17
1399,583.230620205847,183521,1835.21
1400,583.3151296488,181539,1815.39
1401,583.399639187841,182417,1824.17
1402,583.484148823214,182088,1820.88
1403,583.568658555165,179594,1795.94
1404,583.653168383939,177896,1778.96
1405,583.73767830978,183100,1831
1406,583.822188332935,184694,1846.94
1407,583.906698453649,184051,1840.51
1408,583.991208672165,181994,1819.94
1409,584.075718988731,178262,1782.62
1410,584.16022940359,179511,1795.11
1411,584.244739916987,178901,1789.01
1412,584.329250529169,176213,1762.13
1413,584.41376124038,174703,1747.03
1414,584.498272050865,174084,1740.84
1415,584.58278296087,173865,1738.65
1416,584.667293970638,182354,1823.54
1417,584.751805080417,191555,1915.55
1418,584.83631629045,188467,1884.67
1419,584.920827600983,181677,1816.77
1420,585.005339012262,178049,1780.49
1421,585.08985052453,178922,1789.22
1422,585.174362138034,181360,1813.6
1423,585.258873853018,182439,1824.39
1424,585.343385669727,179951,1799.51
1425,585.427897588408,175943,1759.43
1426,585.512409609304,173293,1732.93
1427,585.596921732661,171954,1719.54
1428,585.681433958724,173764,1737.64
1429,585.765946287739,173966,1739.66
1430,585.85045871995,176280,1762.8
1431,585.934971255602,180136,1801.36
1432,586.019483894941,185982,1859.82
1433,586.103996638212,187914,1879.14
1434,586.18850948566,182167,1821.67
1435,586.27302243753,177441,1774.41
1436,586.357535494067,174415,1744.15
1437,586.442048655516,196077,1960.77
1438,586.526561922122,221493,2214.93
1439,586.611075294132,213480,2134.8
1440,586.695588771789,195077,1950.77
1441,586.780102355339,184616,1846.16
1442,586.864616045027,181966,1819.66
1443,586.949129841097,178737,1787.37
1444,587.033643743797,173975,1739.75
1445,587.118157753369,171477,1714.77
1446,587.20267187006,169854,1698.54
1447,587.287186094115,168816,1688.16
1448,587.371700425779,168154,1681.54
1449,587.456214865296,167474,1674.74
1450,587.540729412912,167179,1671.79
1451,587.625244068873,167018,1670.18
1452,587.709758833423,170100,1701
1453,587.794273706808,171463,1714.63
1454,587.878788689272,170334,1703.34
1455,587.963303781061,168993,1689.93
1456,588.047818982419,167967,1679.67
1457,588.132334293593,170823,1708.23
1458,588.216849714827,174966,1749.66
1459,588.301365246366,173486,1734.86
1460,588.385880888455,169923,1699.23
1461,588.47039664134,167699,1676.99
1462,588.554912505266,166600,1666
1463,588.639428480477,169849,1698.49
1464,588.72394456722,175429,1754.29
1465,588.808460765738,181793,1817.93
1466,588.892977076278,179526,1795.26
1467,588.977493499084,173110,1731.1
1468,589.062010034401,168895,1688.95
1469,589.146526682475,166381,1663.81
1470,589.231043443551,164856,1648.56
1471,589.315560317874,163590,1635.9
1472,589.400077305689,162990,1629.9
1473,589.48459440724,162876,1628.76
1474,589.569111622774,166021,1660.21
1475,589.653628952536,172395,1723.95
1476,589.73814639677,172497,1724.97
1477,589.822663955722,168984,1689.84
1478,589.907181629636,256286,2562.86
1479,589.991699418759,286905,2869.05
1480,590.076217323334,247467,2474.67
1481,590.160735343608,216676,2166.76
1482,590.245253479825,193210,1932.1
1483,590.329771732231,179596,1795.96
1484,590.41429010107,203750,2037.5
1485,590.498808586588,208075,2080.75
1486,590.58332718903,188673,1886.73
1487,590.667845908641,179784,1797.84
1488,590.752364745666,173825,1738.25
1489,590.83688370035,168383,1683.83
1490,590.921402772939,168522,1685.22
1491,591.005921963678,174122,1741.22
1492,591.090441272811,172798,1727.98
1493,591.174960700584,170671,1706.71
1494,591.259480247241,171564,1715.64
1495,591.343999913029,172429,1724.29
1496,591.428519698192,169839,1698.39
1497,591.513039602976,166105,1661.05
1498,591.597559627625,164294,1642.94
1499,591.682079772385,163023,1630.23
1500,591.7666000375,161535,1615.35
1501,591.851120423216,161044,1610.44
1502,591.935640929779,160784,1607.84
1503,592.020161557432,162376,1623.76
1504,592.104682306422,162618,1626.18
1505,592.189203176993,161169,1611.69
1506,592.273724169391,160207,1602.07
1507,592.35824528386,159623,1596.23
1508,592.442766520647,159363,1593.63
1509,592.527287879995,163117,1631.17
1510,592.611809362151,164453,1644.53
1511,592.696330967358,189767,1897.67
1512,592.780852695863,195762,1957.62
1513,592.865374547911,180003,1800.03
1514,592.949896523746,170897,1708.97
1515,593.034418623614,165971,1659.71
1516,593.11894084776,199514,1995.14
1517,593.203463196429,207497,2074.97
1518,593.287985669866,186970,1869.7
1519,593.372508268317,174891,1748.91
1520,593.457030992026,167977,1679.77
1521,593.541553841238,163894,1638.94
1522,593.626076816199,162340,1623.4
1523,593.710599917154,161043,1610.43
1524,593.795123144348,159352,1593.52
1525,593.879646498027,158174,1581.74
1526,593.964169978434,164659,1646.59
1527,594.048693585816,166863,1668.63
1528,594.133217320417,162905,1629.05
1529,594.217741182483,163561,1635.61
1530,594.302265172259,162698,1626.98
1531,594.38678928999,163281,1632.81
1532,594.47131353592,162772,1627.72
1533,594.555837910296,163308,1633.08
1534,594.640362413363,162417,1624.17
1535,594.724887045364,180644,1806.44
1536,594.809411806547,184943,1849.43
1537,594.893936697155,173064,1730.64
1538,594.978461717434,172488,1724.88
1539,595.062986867629,169932,1699.32
1540,595.147512147985,164522,1645.22
1541,595.232037558747,167805,1678.05
1542,595.316563100161,174109,1741.09
1543,595.401088772471,171183,1711.83
1544,595.485614575923,165140,1651.4
1545,595.570140510762,161241,1612.41
1546,595.654666577233,158690,1586.9
1547,595.73919277558,160607,1606.07
1548,595.82371910605,162446,1624.46
1549,595.908245568888,160943,1609.43
1550,595.992772164338,165609,1656.09
1551,596.077298892645,173413,1734.13
1552,596.161825754055,170556,1705.56
1553,596.246352748813,163261,1632.61
1554,596.330879877164,159624,1596.24
1555,596.415407139353,172808,1728.08
1556,596.499934535626,176139,1761.39
1557,596.584462066227,168570,1685.7
1558,596.668989731401,166905,1669.05
1559,596.753517531394,167360,1673.6
1560,596.838045466451,167625,1676.25
1561,596.922573536817,164155,1641.55
1562,597.007101742737,159902,1599.02
1563,597.091630084456,188945,1889.45
1564,597.17615856222,211637,2116.37
1565,597.260687176273,199381,1993.81
1566,597.345215926861,183912,1839.12
1567,597.429744814228,179817,1798.17
1568,597.51427383862,172974,1729.74
1569,597.598803000283,164583,1645.83
1570,597.68333229946,166819,1668.19
1571,597.767861736398,165439,1654.39
1572,597.852391311341,166208,1662.08
1573,597.936921024535,164956,1649.56
1574,598.021450876224,163220,1632.2
1575,598.105980866655,164925,1649.25
1576,598.190510996071,162148,1621.48
1577,598.275041264718,161088,1610.88
1578,598.359571672842,162599,1625.99
1579,598.444102220687,164546,1645.46
1580,598.528632908498,161951,1619.51
1581,598.613163736522,160909,1609.09
1582,598.697694705001,167247,1672.47
1583,598.782225814183,168602,1686.02
1584,598.866757064312,166404,1664.04
1585,598.951288455633,162453,1624.53
1586,599.035819988391,161149,1611.49
1587,599.120351662832,163156,1631.56
1588,599.2048834792,160622,1606.22
1589,599.289415437741,156507,1565.07
1590,599.3739475387,154724,1547.24
1591,599.458479782322,157566,1575.66
1592,599.543012168852,160927,1609.27
1593,599.627544698535,162603,1626.03
1594,599.712077371617,159896,1598.96
1595,599.796610188342,156172,1561.72
1596,599.881143148956,158017,1580.17
1597,599.965676253703,161049,1610.49
1598,600.05020950283,159382,1593.82
1599,600.13474289658,155585,1555.85
1600,600.2192764352,153322,1533.22
1601,600.303810118934,155418,1554.18
1602,600.388343948028,155611,1556.11
1603,600.472877922726,153323,1533.23
1604,600.557412043273,155686,1556.86
1605,600.641946309916,155924,1559.24
1606,600.726480722899,153511,1535.11
1607,600.811015282466,152030,1520.3
1608,600.895549988864,150931,1509.31
1609,600.980084842338,149947,1499.47
1610,601.064619843132,152146,1521.46
1611,601.149154991491,153135,1531.35
1612,601.233690287662,155614,1556.14
1613,601.318225731888,155648,1556.48
1614,601.402761324415,152950,1529.5
1615,601.487297065489,154737,1547.37
1616,601.571832955354,155384,1553.84
1617,601.656368994255,156525,1565.25
1618,601.740905182438,155415,1554.15
1619,601.825441520148,152113,1521.13
1620,601.90997800763,154708,1547.08
1621,601.994514645128,158335,1583.35
1622,602.079051432889,159489,1594.89
1623,602.163588371157,157555,1575.55
1624,602.248125460177,157061,1570.61
1625,602.332662700195,155866,1558.66
1626,602.417200091456,156536,1565.36
1627,602.501737634204,155317,1553.17
1628,602.586275328686,152254,1522.54
1629,602.670813175145,150588,1505.88
1630,602.755351173828,159398,1593.98
1631,602.839889324979,161499,1614.99
1632,602.924427628843,158929,1589.29
1633,603.008966085667,159472,1594.72
1634,603.093504695693,156845,1568.45
1635,603.178043459169,152706,1527.06
1636,603.262582376339,154675,1546.75
1637,603.347121447448,157383,1573.83
1638,603.431660672741,156442,1564.42
1639,603.516200052464,153593,1535.93
1640,603.600739586861,150786,1507.86
1641,603.685279276178,149132,1491.32
1642,603.769819120659,149586,1495.86
1643,603.854359120551,149257,1492.57
1644,603.938899276098,152318,1523.18
1645,604.023439587545,156487,1564.87
1646,604.107980055137,155304,1553.04
1647,604.19252067912,155081,1550.81
1648,604.277061459738,156816,1568.16
1649,604.361602397237,154483,1544.83
1650,604.446143491862,151319,1513.19
1651,604.530684743859,164076,1640.76
1652,604.615226153471,178661,1786.61
1653,604.699767720944,176832,1768.32
1654,604.784309446525,166987,1669.87
1655,604.868851330456,162343,1623.43
1656,604.953393372984,165544,1655.44
1657,605.037935574354,169011,1690.11
1658,605.122477934812,163978,1639.78
1659,605.207020454601,179926,1799.26
1660,605.291563133967,181930,1819.3
1661,605.376105973156,168207,1682.07
1662,605.460648972412,159650,1596.5
1663,605.545192131981,153630,1536.3
1664,605.629735452108,150338,1503.38
1665,605.714278933038,148073,1480.73
1666,605.798822575015,154453,1544.53
1667,605.883366378286,156362,1563.62
1668,605.967910343095,152140,1521.4
1669,606.052454469688,149333,1493.33
1670,606.136998758309,148183,1481.83
1671,606.221543209204,151110,1511.1
1672,606.306087822618,151444,1514.44
1673,606.390632598795,149106,1491.06
1674,606.475177537982,150976,1509.76
1675,606.559722640423,154574,1545.74
1676,606.644267906364,156245,1562.45
1677,606.728813336049,156937,1569.37
1678,606.813358929724,154114,1541.14
1679,606.897904687633,150158,1501.58
1680,606.982450610022,147992,1479.92
1681,607.066996697137,146570,1465.7
1682,607.151542949221,149185,1491.85
1683,607.236089366521,153396,1533.96
1684,607.320635949282,152112,1521.12
1685,607.405182697748,148917,1489.17
1686,607.489729612165,151562,1515.62
1687,607.574276692777,151880,1518.8
1688,607.658823939831,148960,1489.6
1689,607.74337135357,150574,1505.74
1690,607.827918934241,153900,1539
1691,607.912466682089,152248,1522.48
1692,607.997014597358,149024,1490.24
1693,608.081562680293,158028,1580.28
1694,608.16611093114,159652,1596.52
1695,608.250659350145,156740,1567.4
1696,608.335207937551,156574,1565.74
1697,608.419756693605,155684,1556.84
1698,608.504305618551,152457,1524.57
1699,608.588854712634,152741,1527.41
1700,608.6734039761,151588,1515.88
1701,608.757953409194,159572,1595.72
1702,608.84250301216,164971,1649.71
1703,608.927052785245,158973,1589.73
1704,609.011602728693,153227,1532.27
1705,609.096152842749,150011,1500.11
1706,609.180703127658,147456,1474.56
1707,609.265253583666,145754,1457.54
1708,609.349804211018,145210,1452.1
1709,609.434355009958,147817,1478.17
1710,609.518905980733,147907,1479.07
1711,609.603457123586,153183,1531.83
1712,609.688008438764,187732,1877.32
1713,609.772559926511,192410,1924.1
1714,609.857111587073,171699,1716.99
1715,609.941663420694,159525,1595.25
1716,610.02621542762,152350,1523.5
1717,610.110767608096,152264,1522.64
1718,610.195319962366,150624,1506.24
1719,610.279872490677,146563,1465.63
1720,610.364425193274,144423,1444.23
1721,610.4489780704,143503,1435.03
1722,610.533531122303,143270,1432.7
1723,610.618084349226,144533,1445.33
1724,610.702637751414,148290,1482.9
1725,610.787191329114,151663,1516.63
1726,610.87174508257,150051,1500.51
1727,610.956299012027,153620,1536.2
1728,611.04085311773,153400,1534
1729,611.125407399925,148771,1487.71
1730,611.209961858857,146031,1460.31
1731,611.29451649477,169551,1695.51
1732,611.37907130791,184071,1840.71
1733,611.463626298523,172583,1725.83
1734,611.548181466852,162843,1628.43
1735,611.632736813144,163460,1634.6
1736,611.717292337643,160377,1603.77
1737,611.801848040595,153358,1533.58
1738,611.886403922244,148990,1489.9
1739,611.970959982837,149787,1497.87
1740,612.055516222617,151587,1515.87
1741,612.14007264183,153315,1533.15
1742,612.224629240722,154540,1545.4
1743,612.309186019537,152247,1522.47
1744,612.39374297852,162824,1628.24
1745,612.478300117917,165328,1653.28
1746,612.562857437973,173505,1735.05
1747,612.647414938933,175335,1753.35
1748,612.731972621042,162731,1627.31
1749,612.816530484545,152541,1525.41
1750,612.901088529688,164821,1648.21
1751,612.985646756714,166071,1660.71
1752,613.070205165871,157618,1576.18
1753,613.154763757402,151825,1518.25
1754,613.239322531553,146145,1461.45
1755,613.323881488569,145993,1459.93
1756,613.408440628695,144625,1446.25
1757,613.492999952176,141568,1415.68
1758,613.577559459258,143322,1433.22
1759,613.662119150185,146468,1464.68
1760,613.746679025203,144375,1443.75
1761,613.831239084557,140793,1407.93
1762,613.915799328492,142353,1423.53
1763,614.000359757252,142001,1420.01
1764,614.084920371084,139350,1393.5
1765,614.169481170232,137835,1378.35
1766,614.254042154942,137625,1376.25
1767,614.338603325458,137039,1370.39
1768,614.423164682026,139776,1397.76
1769,614.507726224891,143412,1434.12
1770,614.592287954298,141877,1418.77
1771,614.676849870492,157296,1572.96
1772,614.761411973718,160383,1603.83
1773,614.845974264222,148881,1488.81
1774,614.930536742248,142856,1428.56
1775,615.015099408042,143248,1432.48
1776,615.099662261849,141848,1418.48
1777,615.184225303914,138336,1383.36
1778,615.268788534481,139896,1398.96
1779,615.353351953797,139555,1395.55
1780,615.437915562106,143875,1438.75
1781,615.522479359654,144657,1446.57
1782,615.607043346685,139858,1398.58
1783,615.691607523446,154350,1543.5
1784,615.776171890179,157300,1573
1785,615.860736447132,146652,1466.52
1786,615.94530119455,140860,1408.6
1787,616.029866132676,140724,1407.24
1788,616.114431261757,139691,1396.91
1789,616.198996582037,140689,1406.89
1790,616.283562093762,142947,1429.47
1791,616.368127797177,144077,1440.77
1792,616.452693692527,141342,1413.42
1793,616.537259780057,137300,1373
1794,616.621826060012,138686,1386.86
1795,616.706392532638,141827,1418.27
1796,616.790959198179,140004,1400.04
1797,616.87552605688,136086,1360.86
1798,616.960093108988,156749,1567.49
1799,617.044660354746,162137,1621.37
1800,617.1292277944,158569,1585.69
1801,617.213795428195,162501,1625.01
1802,617.298363256377,155818,1558.18
1803,617.38293127919,145353,1453.53
1804,617.46749949688,138956,1389.56
1805,617.552067909691,134987,1349.87
1806,617.63663651787,132550,1325.5
1807,617.72120532166,540921,5409.21
1808,617.805774321307,661878,6618.78
1809,617.890343517057,442792,4427.92
1810,617.974912909154,309726,3097.26
1811,618.059482497843,233001,2330.01
1812,618.14405228337,189461,1894.61
1813,618.22862226598,164380,1643.8
1814,618.313192445918,149747,1497.47
1815,618.397762823429,156947,1569.47
1816,618.482333398757,160937,1609.37
1817,618.56690417215,151639,1516.39
1818,618.65147514385,147339,1473.39
1819,618.736046314105,143867,1438.67
1820,618.820617683158,139620,1396.2
1821,618.905189251254,137750,1377.5
1822,618.98976101864,137118,1371.18
1823,619.07433298556,136137,1361.37
1824,619.158905152259,140466,1404.66
1825,619.243477518983,164242,1642.42
1826,619.328050085976,167488,1674.88
1827,619.412622853484,157261,1572.61
1828,619.497195821751,153778,1537.78
1829,619.581768991023,156185,1561.85
1830,619.666342361546,152176,1521.76
1831,619.750915933564,144315,1443.15
1832,619.835489707321,140305,1403.05
1833,619.920063683065,145198,1451.98
1834,620.004637861039,148683,1486.83
1835,620.089212241489,144814,1448.14
1836,620.173786824659,140488,1404.88
1837,620.258361610796,139477,1394.77
1838,620.342936600144,138670,1386.7
1839,620.427511792947,137726,1377.26
1840,620.512087189453,143589,1435.89
1841,620.596662789905,173583,1735.83
1842,620.681238594548,187889,1878.89
1843,620.765814603629,173431,1734.31
1844,620.850390817391,157594,1575.94
1845,620.93496723608,151226,1512.26
1846,621.019543859942,153607,1536.07
1847,621.104120689221,151166,1511.66
1848,621.188697724162,146766,1467.66
1849,621.273274965011,143032,1430.32
1850,621.357852412012,139129,1391.29
1851,621.442430065412,138590,1385.9
1852,621.527007925454,137844,1378.44
1853,621.611585992385,139398,1393.98
1854,621.696164266449,140742,1407.42
1855,621.780742747892,138762,1387.62
1856,621.865321436958,136914,1369.14
1857,621.949900333892,136212,1362.12
1858,622.03447943894,138650,1386.5
1859,622.119058752348,139110,1391.1
1860,622.203638274359,136878,1368.78
1861,622.28821800522,139519,1395.19
1862,622.372797945175,140166,1401.66
1863,622.457378094469,138065,1380.65
1864,622.541958453348,136074,1360.74
1865,622.626539022057,136051,1360.51
1866,622.711119800841,136186,1361.86
1867,622.795700789945,135208,1352.08
1868,622.880281989613,147702,1477.02
1869,622.964863400093,150173,1501.73
1870,623.049445021627,142123,1421.23
1871,623.134026854462,137818,1378.18
1872,623.218608898843,134935,1349.35
1873,623.303191155015,137156,1371.56
1874,623.387773623222,138030,1380.3
1875,623.472356303711,139249,1392.49
1876,623.556939196726,141199,1411.99
1877,623.641522302512,138477,1384.77
1878,623.726105621315,134198,1341.98
1879,623.810689153379,135352,1353.52
1880,623.89527289895,134687,1346.87
1881,623.979856858273,135298,1352.98
1882,624.064441031593,140643,1406.43
1883,624.149025419156,142472,1424.72
1884,624.233610021205,144764,1447.64
1885,624.318194837987,144876,1448.76
1886,624.402779869747,142556,1425.56
1887,624.487365116729,144011,1440.11
1888,624.571950579179,143547,1435.47
1889,624.656536257342,137585,1375.85
1890,624.741122151463,131992,1319.92
1891,624.825708261788,131818,1318.18
1892,624.91029458856,137845,1378.45
1893,624.994881132027,136838,1368.38
1894,625.079467892432,134096,1340.96
1895,625.16405487002,131209,1312.09
1896,625.248642065038,127618,1276.18
1897,625.33322947773,161163,1611.63
1898,625.41781710834,173120,1731.2
1899,625.502404957115,297761,2977.61
1900,625.5869930243,328611,3286.11
1901,625.671581310139,244353,2443.53
1902,625.756169814878,617024,6170.24
1903,625.840758538762,706952,7069.52
1904,625.925347482035,460273,4602.73
1905,626.009936644944,325345,3253.45
1906,626.094526027733,244760,2447.6
1907,626.179115630648,191349,1913.49
1908,626.263705453933,161380,1613.8
1909,626.348295497833,147239,1472.39
1910,626.432885762595,137265,1372.65
1911,626.517476248462,129493,1294.93
1912,626.60206695568,140162,1401.62
1913,626.686657884495,141926,1419.26
1914,626.771249035151,131975,1319.75
1915,626.855840407893,132686,1326.86
1916,626.940432002967,130951,1309.51
1917,627.025023820618,129986,1299.86
1918,627.10961586109,144485,1444.85
1919,627.19420812463,144463,1444.63
1920,627.278800611482,143804,1438.04
1921,627.363393321891,142594,1425.94
1922,627.447986256102,169984,1699.84
1923,627.532579414361,173142,1731.42
1924,627.617172796912,149574,1495.74
1925,627.701766404002,134769,1347.69
1926,627.786360235874,126459,1264.59
1927,627.870954292774,125475,1254.75
1928,627.955548574948,123690,1236.9
1929,628.04014308264,135341,1353.41
1930,628.124737816095,137469,1374.69
1931,628.209332775559,131040,1310.4
1932,628.293927961276,126035,1260.35
1933,628.378523373493,120668,1206.68
1934,628.463119012454,117567,1175.67
1935,628.547714878403,116212,1162.12
1936,628.632310971587,119766,1197.66
1937,628.716907292251,123352,1233.52
1938,628.801503840639,124543,1245.43
1939,628.886100616996,121826,1218.26
1940,628.970697621569,118002,1180.02
1941,629.055294854601,116062,1160.62
1942,629.139892316339,118680,1186.8
1943,629.224490007026,122332,1223.32
1944,629.309087926909,120756,1207.56
1945,629.393686076233,120578,1205.78
1946,629.478284455242,118992,1189.92
1947,629.562883064182,115403,1154.03
1948,629.647481903298,113696,1136.96
1949,629.732080972835,113257,1132.57
1950,629.816680273037,115639,1156.39
1951,629.901279804152,115655,1156.55
1952,629.985879566422,117296,1172.96
1953,630.070479560095,120870,1208.7
1954,630.155079785414,122060,1220.6
1955,630.239680242624,119005,1190.05
1956,630.324280931972,115151,1151.51
1957,630.408881853702,121220,1212.2
1958,630.493483008059,124361,1243.61
1959,630.578084395288,119101,1191.01
1960,630.662686015635,114427,1144.27
1961,630.747287869345,117772,1177.72
1962,630.831889956662,118611,1186.11
1963,630.916492277832,115055,1150.55
1964,631.001094833101,112285,1122.85
1965,631.085697622712,110743,1107.43
1966,631.170300646912,113931,1139.31
1967,631.254903905945,114765,1147.65
1968,631.339507400056,119379,1193.79
1969,631.424111129492,122118,1221.18
1970,631.508715094496,125794,1257.94
1971,631.593319295314,135494,1354.94
1972,631.677923732192,135329,1353.29
1973,631.762528405373,128981,1289.81
1974,631.847133315104,124332,1243.32
1975,631.93173846163,119094,1190.94
1976,632.016343845195,117622,1176.22
1977,632.100949466045,115556,1155.56
1978,632.185555324425,111888,1118.88
1979,632.270161420579,110084,1100.84
1980,632.354767754754,109660,1096.6
1981,632.439374327195,111899,1118.99
1982,632.523981138146,111781,1117.81
1983,632.608588187852,109395,1093.95
1984,632.693195476559,109750,1097.5
1985,632.777803004512,109600,1096
1986,632.862410771956,109406,1094.06
1987,632.947018779136,109849,1098.49
1988,633.031627026297,109998,1099.98
1989,633.116235513685,112294,1122.94
1990,633.200844241544,118909,1189.09
1991,633.28545321012,118447,1184.47
1992,633.370062419658,113047,1130.47
1993,633.454671870403,110062,1100.62
1994,633.539281562599,108482,1084.82
1995,633.623891496493,107462,1074.62
1996,633.708501672329,107044,1070.44
1997,633.793112090353,110194,1101.94
1998,633.877722750809,110053,1100.53
1999,633.962333653943,107727,1077.27
2000,634.0469448,106545,1065.45
2001,634.131556189225,105791,1057.91
2002,634.216167821863,108532,1085.32
2003,634.300779698159,108992,1089.92
2004,634.385391818359,106984,1069.84
2005,634.470004182707,105955,1059.55
2006,634.554616791449,105202,1052.02
2007,634.639229644829,108090,1080.9
2008,634.723842743094,125788,1257.88
2009,634.808456086488,132083,1320.83
2010,634.893069675256,122697,1226.97
2011,634.977683509643,117908,1179.08
2012,635.062297589895,117799,1177.99
2013,635.146911916256,117708,1177.08
2014,635.231526488972,113878,1138.78
2015,635.316141308288,291431,2914.31
2016,635.400756374449,339639,3396.39
2017,635.4853716877,246851,2468.51
2018,635.569987248286,193328,1933.28
2019,635.654603056453,157192,1571.92
2020,635.739219112446,135179,1351.79
2021,635.823835416509,122953,1229.53
2022,635.908451968888,121394,1213.94
2023,635.993068769827,139335,1393.35
2024,636.077685819573,138903,1389.03
2025,636.16230311837,146562,1465.62
2026,636.246920666464,143611,1436.11
2027,636.331538464099,253902,2539.02
2028,636.41615651152,279393,2793.93
2029,636.500774808974,205964,2059.64
2030,636.585393356704,162177,1621.77
2031,636.670012154956,161504,1615.04
2032,636.754631203976,157421,1574.21
2033,636.839250504007,136105,1361.05
2034,636.923870055296,120926,1209.26
2035,637.008489858088,114897,1148.97
2036,637.093109912628,111419,1114.19
2037,637.17773021916,107533,1075.33
2038,637.26235077793,104880,1048.8
2039,637.346971589183,113531,1135.31
2040,637.431592653165,119213,1192.13
2041,637.51621397012,114027,1140.27
2042,637.600835540293,110415,1104.15
2043,637.68545736393,110000,1100
2044,637.770079441276,110648,1106.48
2045,637.854701772576,108241,1082.41
2046,637.939324358074,104695,1046.95
2047,638.023947198017,102768,1027.68
