0,464.9839,125381,1253.81
1,465.068515076491,124849,1248.49
2,465.153129906126,124860,1248.6
3,465.237744489151,124715,1247.15
4,465.322358825812,124739,1247.39
5,465.406972916352,124750,1247.5
6,465.491586761018,124739,1247.39
7,465.576200360054,124709,1247.09
8,465.660813713705,124716,1247.16
9,465.745426822218,124643,1246.43
10,465.830039685836,124615,1246.15
11,465.914652304805,124796,1247.96
12,465.99926467937,124957,1249.57
13,466.083876809776,125047,1250.47
14,466.168488696269,125062,1250.62
15,466.253100339093,211934,2119.34
16,466.337711738494,236988,2369.88
17,466.422322894716,191084,1910.84
18,466.506933808006,163845,1638.45
19,466.591544478607,148187,1481.87
20,466.676154906766,138947,1389.47
21,466.760765092726,133602,1336.02
22,466.845375036735,132978,1329.78
23,466.929984739036,132372,1323.72
24,467.014594199874,130685,1306.85
25,467.099203419495,129371,1293.71
26,467.183812398145,128250,1282.5
27,467.268421136067,127793,1277.93
28,467.353029633508,147255,1472.55
29,467.437637890711,154192,1541.92
30,467.522245907924,146532,1465.32
31,467.60685368539,140105,1401.05
32,467.691461223355,134161,1341.61
33,467.776068522063,131180,1311.8
34,467.860675581761,129641,1296.41
35,467.945282402693,131283,1312.83
36,468.029888985104,135491,1354.91
37,468.11449532924,134662,1346.62
38,468.199101435345,133421,1334.21
39,468.283707303665,131912,1319.12
40,468.368312934445,129546,1295.46
41,468.45291832793,130599,1305.99
42,468.537523484364,132670,1326.7
43,468.622128403994,148143,1481.43
44,468.706733087065,155274,1552.74
45,468.791337533821,146722,1467.22
46,468.875941744507,138454,1384.54
47,468.96054571937,133914,1339.14
48,469.045149458653,131429,1314.29
49,469.129752962602,129984,1299.84
50,469.214356231462,128870,1288.7
51,469.298959265479,128249,1282.49
52,469.383562064897,127968,1279.68
53,469.468164629962,127690,1276.9
54,469.552766960919,129174,1291.74
55,469.637369058012,131863,1318.63
56,469.721970921487,131394,1313.94
57,469.80657255159,129733,1297.33
58,469.891173948565,130679,1306.79
59,469.975775112657,130255,1302.55
60,470.060376044111,128780,1287.8
61,470.144976743173,127830,1278.3
62,470.229577210088,129443,1294.43
63,470.314177445101,130007,1300.07
64,470.398777448457,131193,1311.93
65,470.483377220402,146807,1468.07
66,470.567976761179,151635,1516.35
67,470.652576071035,143963,1439.63
68,470.737175150215,137458,1374.58
69,470.821773998963,132904,1329.04
70,470.906372617525,132550,1325.5
71,470.990971006146,131574,1315.74
72,471.075569165072,152065,1520.65
73,471.160167094546,157534,1575.34
74,471.244764794815,147395,1473.95
75,471.329362266123,140365,1403.65
76,471.413959508717,136941,1369.41
77,471.498556522839,138351,1383.51
78,471.583153308737,138483,1384.83
79,471.667749866655,136118,1361.18
80,471.752346196838,135431,1354.31
81,471.836942299532,135623,1356.23
82,471.921538174981,138099,1380.99
83,472.00613382343,136774,1367.74
84,472.090729245126,132419,1324.19
85,472.175324440312,129725,1297.25
86,472.259919409234,130659,1306.59
87,472.344514152137,130554,1305.54
88,472.429108669267,128807,1288.07
89,472.513702960868,128533,1285.33
90,472.598297027185,129675,1296.75
91,472.682890868465,129613,1296.13
92,472.767484484951,128438,1284.38
93,472.852077876889,127342,1273.42
94,472.936671044524,129092,1290.92
95,473.021263988101,129496,1294.96
96,473.105856707865,128549,1285.49
97,473.190449204062,131787,1317.87
98,473.275041476937,142051,1420.51
99,473.359633526735,146415,1464.15
100,473.4442253537,140838,1408.38
101,473.528816958078,136753,1367.53
102,473.613408340115,135916,1359.16
103,473.697999500055,133622,1336.22
104,473.782590438143,130673,1306.73
105,473.867181154625,129461,1294.61
106,473.951771649745,131731,1317.31
107,474.03636192375,131567,1315.67
108,474.120951976883,129628,1296.28
109,474.20554180939,128609,1286.09
110,474.290131421517,127981,1279.81
111,474.374720813508,130198,1301.98
112,474.459309985608,130446,1304.46
113,474.543898938063,128670,1286.7
114,474.628487671118,127721,1277.21
115,474.713076185018,127212,1272.12
116,474.797664480008,129570,1295.7
117,474.882252556332,150685,1506.85
118,474.966840414238,157218,1572.18
119,475.051428053968,169600,1696
120,475.13601547577,167986,1679.86
121,475.220602679887,150630,1506.3
122,475.305189666564,140377,1403.77
123,475.389776436048,134503,1345.03
124,475.474362988583,131476,1314.76
125,475.558949324414,129447,1294.47
126,475.643535443787,128256,1282.56
127,475.728121346946,127767,1277.67
128,475.812707034136,127342,1273.42
129,475.897292505604,143360,1433.6
130,475.981877761593,150736,1507.36
131,476.066462802349,144894,1448.94
132,476.151047628118,140640,1406.4
133,476.235632239144,135828,1358.28
134,476.320216635672,131475,1314.75
135,476.404800817948,131749,1317.49
136,476.489384786216,131508,1315.08
137,476.573968540723,132410,1324.1
138,476.658552081712,145534,1455.34
139,476.74313540943,147273,1472.73
140,476.827718524121,139171,1391.71
141,476.91230142603,134210,1342.1
142,476.996884115403,133555,1335.55
143,477.081466592484,132284,1322.84
144,477.166048857519,129838,1298.38
145,477.250630910753,131168,1311.68
146,477.335212752432,131196,1311.96
147,477.419794382799,129735,1297.35
148,477.504375802101,130817,1308.17
149,477.588957010582,130961,1309.61
150,477.673538008487,129362,1293.62
151,477.758118796063,157331,1573.31
152,477.842699373553,165037,1650.37
153,477.927279741204,149250,1492.5
154,478.011859899259,139451,1394.51
155,478.096439847965,133560,1335.6
156,478.181019587566,130826,1308.26
157,478.265599118308,129472,1294.72
158,478.350178440435,128124,1281.24
159,478.434757554193,127563,1275.63
160,478.519336459827,135748,1357.48
161,478.603915157582,137698,1376.98
162,478.688493647704,132581,1325.81
163,478.773071930436,170934,1709.34
164,478.857650006026,180908,1809.08
165,478.942227874716,158769,1587.69
166,479.026805536754,153183,1531.83
167,479.111382992383,148876,1488.76
168,479.19596024185,142570,1425.7
169,479.280537285398,137322,1373.22
170,479.365114123274,132657,1326.57
171,479.449690755722,129803,1298.03
172,479.534267182988,128119,1281.19
173,479.618843405317,127384,1273.84
174,479.703419422953,129148,1291.48
175,479.787995236142,132217,1322.17
176,479.87257084513,131853,1318.53
177,479.95714625016,130101,1301.01
178,480.041721451479,129049,1290.49
179,480.126296449331,128379,1283.79
180,480.210871243962,129687,1296.87
181,480.295445835617,129791,1297.91
182,480.380020224541,130379,1303.79
183,480.464594410979,130241,1302.41
184,480.549168395175,130930,1309.3
185,480.633742177377,130795,1307.95
186,480.718315757827,128905,1289.05
187,480.802889136772,127836,1278.36
188,480.887462314457,127366,1273.66
189,480.972035291127,127001,1270.01
190,481.056608067026,129525,1295.25
191,481.141180642401,138352,1383.52
192,481.225753017496,138973,1389.73
193,481.310325192556,133696,1336.96
194,481.394897167827,132636,1326.36
195,481.479468943554,131399,1313.99
196,481.564040519981,129266,1292.66
197,481.648611897354,127998,1279.98
198,481.733183075918,127226,1272.26
199,481.817754055918,129100,1291
200,481.9023248376,129596,1295.96
201,481.986895421208,130379,1303.79
202,482.071465806988,154159,1541.59
203,482.156035995184,159385,1593.85
204,482.240605986042,147948,1479.48
205,482.325175779807,140263,1402.63
206,482.409745376725,134442,1344.42
207,482.494314777039,130945,1309.45
208,482.578883980996,128996,1289.96
209,482.663452988841,127979,1279.79
210,482.748021800818,127396,1273.96
211,482.832590417173,127347,1273.47
212,482.91715883815,129567,1295.67
213,483.001727063996,131837,1318.37
214,483.086295094955,130929,1309.29
215,483.170862931273,129224,1292.24
216,483.255430573193,128802,1288.02
217,483.339998020963,130420,1304.2
218,483.424565274826,130997,1309.97
219,483.509132335028,129540,1295.4
220,483.593699201814,128601,1286.01
221,483.678265875429,129978,1299.78
222,483.762832356118,130044,1300.44
223,483.847398644127,128506,1285.06
224,483.9319647397,130009,1300.09
225,484.016530643083,137732,1377.32
226,484.101096354521,138587,1385.87
227,484.185661874258,133952,1339.52
228,484.270227202541,130925,1309.25
229,484.354792339614,129096,1290.96
230,484.439357285722,128201,1282.01
231,484.523922041111,129575,1295.75
232,484.608486606025,131498,1314.98
233,484.69305098071,130739,1307.39
234,484.777615165411,130087,1300.87
235,484.862179160373,131682,1316.82
236,484.946742965841,131003,1310.03
237,485.03130658206,130969,1309.69
238,485.115870009276,132804,1328.04
239,485.200433247733,132051,1320.51
240,485.284996297677,129893,1298.93
241,485.369559159353,144790,1447.9
242,485.454121833005,150566,1505.66
243,485.53868431888,141931,1419.31
244,485.623246617222,136408,1364.08
245,485.707808728276,132972,1329.72
246,485.792370652288,130005,1300.05
247,485.876932389502,130518,1305.18
248,485.961493940164,130473,1304.73
249,486.046055304519,129218,1292.18
250,486.130616482813,129164,1291.64
251,486.215177475289,128939,1289.39
252,486.299738282193,132673,1326.73
253,486.384298903771,133457,1334.57
254,486.468859340268,130403,1304.03
255,486.553419591928,128385,1283.85
256,486.637979658997,127945,1279.45
257,486.722539541719,127521,1275.21
258,486.807099240341,129274,1292.74
259,486.891658755108,129701,1297.01
260,486.976218086263,128313,1283.13
261,487.060777234053,127690,1276.9
262,487.145336198723,127261,1272.61
263,487.229894980517,126780,1267.8
264,487.314453579682,126959,1269.59
265,487.399011996461,127029,1270.29
266,487.483570231101,126646,1266.46
267,487.568128283845,126625,1266.25
268,487.652686154941,126512,1265.12
269,487.737243844632,126628,1266.28
270,487.821801353163,129861,1298.61
271,487.906358680781,130509,1305.09
272,487.990915827729,128716,1287.16
273,488.075472794253,127468,1274.68
274,488.160029580599,129814,1298.14
275,488.244586187011,130635,1306.35
276,488.329142613735,129154,1291.54
277,488.413698861015,132425,1324.25
278,488.498254929097,133131,1331.31
279,488.582810818225,133109,1331.09
280,488.667366528646,132709,1327.09
281,488.751922060605,130394,1303.94
282,488.836477414345,129373,1293.73
283,488.921032590113,128803,1288.03
284,489.005587588153,129112,1291.12
285,489.090142408711,148440,1484.4
286,489.174697052032,155099,1550.99
287,489.259251518361,146809,1468.09
288,489.343805807943,139686,1396.86
289,489.428359921024,134029,1340.29
290,489.512913857847,130694,1306.94
291,489.597467618659,128931,1289.31
292,489.682021203705,135711,1357.11
293,489.76657461323,137458,1374.58
294,489.851127847479,132855,1328.55
295,489.935680906696,131121,1311.21
296,490.020233791128,129578,1295.78
297,490.104786501019,128010,1280.1
298,490.189339036615,129795,1297.95
299,490.27389139816,130437,1304.37
300,490.3584435859,128754,1287.54
301,490.44299560008,127387,1273.87
302,490.527547440945,126870,1268.7
303,490.612099108739,126785,1267.85
304,490.69665060371,126642,1266.42
305,490.7812019261,126649,1266.49
306,490.865753076156,128736,1287.36
307,490.950304054123,129318,1293.18
308,491.034854860246,128169,1281.69
309,491.119405494769,127517,1275.17
310,491.203955957939,127218,1272.18
311,491.288506249999,127125,1271.25
312,491.373056371197,126731,1267.31
313,491.457606321775,128727,1287.27
314,491.54215610198,130404,1304.04
315,491.626705712057,129418,1294.18
316,491.711255152251,128188,1281.88
317,491.795804422807,127265,1272.65
318,491.88035352397,126758,1267.58
319,491.964902455985,126836,1268.36
320,492.049451219098,128975,1289.75
321,492.133999813553,129326,1293.26
322,492.218548239596,128152,1281.52
323,492.303096497471,129417,1294.17
324,492.387644587425,131064,1310.64
325,492.472192509702,132421,1324.21
326,492.556740264546,137243,1372.43
327,492.641287852205,136643,1366.43
328,492.725835272921,132358,1323.58
329,492.810382526942,130147,1301.47
330,492.894929614511,135225,1352.25
331,492.979476535874,135994,1359.94
332,493.064023291276,131933,1319.33
333,493.148569880962,131032,1310.32
334,493.233116305178,130219,1302.19
335,493.317662564167,128551,1285.51
336,493.402208658177,128278,1282.78
337,493.486754587451,127980,1279.8
338,493.571300352235,127428,1274.28
339,493.655845952774,127153,1271.53
340,493.740391389313,129324,1293.24
341,493.824936662097,129813,1298.13
342,493.909481771372,130374,1303.74
343,493.994026717382,130032,1300.32
344,494.078571500372,128241,1282.41
345,494.163116120589,127554,1275.54
346,494.247660578276,127288,1272.88
347,494.33220487368,144058,1440.58
348,494.416749007044,149066,1490.66
349,494.501292978615,139865,1398.65
350,494.585836788637,134047,1340.47
351,494.670380437356,130998,1309.98
352,494.754923925017,129550,1295.5
353,494.839467251864,131033,1310.33
354,494.924010418144,130837,1308.37
355,495.0085534241,128892,1288.92
356,495.093096269979,137635,1376.35
357,495.177638956025,139734,1397.34
358,495.262181482484,136375,1363.75
359,495.3467238496,135830,1358.3
360,495.431266057619,133142,1331.42
361,495.515808106786,132636,1326.36
362,495.600349997346,131717,1317.17
363,495.684891729544,129597,1295.97
364,495.769433303626,129061,1290.61
365,495.853974719836,128263,1282.63
366,495.938515978419,127239,1272.39
367,496.023057079622,126791,1267.91
368,496.107598023688,126687,1266.87
369,496.192138810863,128832,1288.32
370,496.276679441392,129173,1291.73
371,496.361219915521,128757,1287.57
372,496.445760233493,149820,1498.2
373,496.530300395556,155007,1550.07
374,496.614840401953,143202,1432.02
375,496.69938025293,139764,1397.64
376,496.783919948731,136808,1368.08
377,496.868459489603,134573,1345.73
378,496.95299887579,132661,1326.61
379,497.037538107538,134809,1348.09
380,497.12207718509,134582,1345.82
381,497.206616108694,133561,1335.61
382,497.291154878593,132266,1322.66
383,497.375693495033,130039,1300.39
384,497.460231958259,128476,1284.76
385,497.544770268516,127689,1276.89
386,497.629308426049,127442,1274.42
387,497.713846431104,126947,1269.47
388,497.798384283926,128632,1286.32
389,497.882921984759,129061,1290.61
390,497.967459533848,128046,1280.46
391,498.05199693144,129749,1297.49
392,498.136534177779,132557,1325.57
393,498.22107127311,131778,1317.78
394,498.305608217678,129731,1297.31
395,498.390145011729,128641,1286.41
396,498.474681655507,127815,1278.15
397,498.559218149259,127394,1273.94
398,498.643754493228,127283,1272.83
399,498.72829068766,126832,1268.32
400,498.8128267328,126494,1264.94
401,498.897362628894,126385,1263.85
402,498.981898376185,126447,1264.47
403,499.066433974921,126541,1265.41
404,499.150969425345,128880,1288.8
405,499.235504727703,139291,1392.91
406,499.32003988224,140641,1406.41
407,499.404574889201,136708,1367.08
408,499.489109748831,134279,1342.79
409,499.573644461376,131430,1314.3
410,499.65817902708,129250,1292.5
411,499.742713446188,128087,1280.87
412,499.827247718947,127700,1277
413,499.9117818456,127373,1273.73
414,499.996315826393,126738,1267.38
415,500.080849661572,126441,1264.41
416,500.165383351381,126410,1264.1
417,500.249916896065,126387,1263.87
418,500.33445029587,126766,1267.66
419,500.41898355104,138568,1385.68
420,500.503516661822,141971,1419.71
421,500.588049628459,135588,1355.88
422,500.672582451197,132041,1320.41
423,500.757115130282,129873,1298.73
424,500.841647665958,128400,1284
425,500.92618005847,127407,1274.07
426,501.010712308064,144108,1441.08
427,501.095244414985,150834,1508.34
428,501.179776379478,144167,1441.67
429,501.264308201788,138114,1381.14
430,501.34883988216,135665,1356.65
431,501.433371420839,133502,1335.02
432,501.517902818071,130427,1304.27
433,501.6024340741,131359,1313.59
434,501.686965189172,132505,1325.05
435,501.771496163532,130843,1308.43
436,501.856026997425,128990,1289.9
437,501.940557691096,127959,1279.59
438,502.02508824479,127326,1273.26
439,502.109618658753,129432,1294.32
440,502.194148933229,129782,1297.82
441,502.278679068464,128080,1280.8
442,502.363209064702,127323,1273.23
443,502.44773892219,126871,1268.71
444,502.532268641171,128707,1287.07
445,502.616798221892,129519,1295.19
446,502.701327664597,128518,1285.18
447,502.785856969531,127628,1276.28
448,502.87038613694,129181,1291.81
449,502.954915167069,131569,1315.69
450,503.039444060163,130912,1309.12
451,503.123972816466,129264,1292.64
452,503.208501436225,130499,1304.99
453,503.293029919684,130814,1308.14
454,503.377558267088,131729,1317.29
455,503.462086478683,133332,1333.32
456,503.546614554714,134894,1348.94
457,503.631142495425,133499,1334.99
458,503.715670301062,130283,1302.83
459,503.800197971871,128139,1281.39
460,503.884725508095,127279,1272.79
461,503.969252909981,128806,1288.06
462,504.053780177773,131362,1313.62
463,504.138307311717,131120,1311.2
464,504.222834312058,131569,1315.69
465,504.307361179041,131052,1310.52
466,504.39188791291,131385,1313.85
467,504.476414513912,131984,1319.84
468,504.560940982291,140897,1408.97
469,504.645467318292,142079,1420.79
470,504.729993522161,135419,1354.19
471,504.814519594143,133474,1334.74
472,504.899045534482,133205,1332.05
473,504.983571343424,133994,1339.94
474,505.068097021215,135077,1350.77
475,505.152622568098,134950,1349.5
476,505.23714798432,141936,1419.36
477,505.321673270126,141710,1417.1
478,505.40619842576,135375,1353.75
479,505.490723451468,131666,1316.66
480,505.575248347494,131310,1313.1
481,505.659773114085,130301,1303.01
482,505.744297751485,147150,1471.5
483,505.828822259939,153854,1538.54
484,505.913346639693,144044,1440.44
485,505.997870890991,136627,1366.27
486,506.082395014079,132137,1321.37
487,506.166919009201,129407,1294.07
488,506.251442876604,127791,1277.91
489,506.335966616531,128976,1289.76
490,506.420490229229,129114,1291.14
491,506.505013714942,127903,1279.03
492,506.589537073916,127394,1273.94
493,506.674060306396,129417,1294.17
494,506.758583412626,130326,1303.26
495,506.843106392852,129035,1290.35
496,506.927629247319,128234,1282.34
497,507.012151976272,127577,1275.77
498,507.096674579957,129435,1294.35
499,507.181197058618,130468,1304.68
500,507.2657194125,129472,1294.72
501,507.350241641849,147663,1476.63
502,507.43476374691,154546,1545.46
503,507.519285727928,144170,1441.7
504,507.603807585148,136462,1364.62
505,507.688329318816,132418,1324.18
506,507.772850929175,132307,1323.07
507,507.857372416473,133684,1336.84
508,507.941893780953,132261,1322.61
509,508.02641502286,129820,1298.2
510,508.110936142441,128236,1282.36
511,508.195457139939,129492,1294.92
512,508.279978015601,129684,1296.84
513,508.364498769671,128641,1286.41
514,508.449019402395,127864,1278.64
515,508.533539914017,127179,1271.79
516,508.618060304783,128790,1287.9
517,508.702580574937,128992,1289.92
518,508.787100724726,127874,1278.74
519,508.871620754394,128471,1284.71
520,508.956140664186,137958,1379.58
521,509.040660454347,142960,1429.6
522,509.125180125123,147854,1478.54
523,509.209699676758,145606,1456.06
524,509.294219109499,149205,1492.05
525,509.378738423589,147504,1475.04
526,509.463257619274,140993,1409.93
527,509.5477766968,136526,1365.26
528,509.632295656411,131982,1319.82
529,509.716814498352,129441,1294.41
530,509.801333222869,128037,1280.37
531,509.885851830207,127172,1271.72
532,509.97037032061,126988,1269.88
533,510.054888694324,126819,1268.19
534,510.139406951595,128758,1287.58
535,510.223925092667,129099,1290.99
536,510.308443117785,127885,1278.85
537,510.392961027195,127629,1276.29
538,510.477478821141,129649,1296.49
539,510.56199649987,131899,1318.99
540,510.646514063625,133559,1335.59
541,510.731031512652,134609,1346.09
542,510.815548847197,132776,1327.76
543,510.900066067503,130460,1304.6
544,510.984583173818,128904,1289.04
545,511.069100166384,129642,1296.42
546,511.153617045449,129405,1294.05
547,511.238133811256,130417,1304.17
548,511.322650464052,130291,1302.91
549,511.407167004081,128480,1284.8
550,511.491683431587,132224,1322.24
551,511.576199746818,132975,1329.75
552,511.660715950017,132512,1325.12
553,511.745232041429,131841,1318.41
554,511.829748021301,129472,1294.72
555,511.914263889876,128021,1280.21
556,511.9987796474,127969,1279.69
557,512.083295294119,127794,1277.94
558,512.167810830277,127757,1277.57
559,512.252326256119,128943,1289.43
560,512.336841571891,130785,1307.85
561,512.421356777838,139277,1392.77
562,512.505871874205,140426,1404.26
563,512.590386861236,137064,1370.64
564,512.674901739178,134237,1342.37
565,512.759416508275,130836,1308.36
566,512.843931168773,128935,1289.35
567,512.928445720916,130003,1300.03
568,513.01296016495,132112,1321.12
569,513.097474501119,131240,1312.4
570,513.18198872967,129268,1292.68
571,513.266502850847,128138,1281.38
572,513.351016864895,129752,1297.52
573,513.435530772059,130169,1301.69
574,513.520044572585,128687,1286.87
575,513.604558266717,127964,1279.64
576,513.689071854701,131836,1318.36
577,513.773585336782,134028,1340.28
578,513.858098713206,134393,1343.93
579,513.942611984216,135110,1351.1
580,514.027125150058,137180,1371.8
581,514.111638210978,138020,1380.2
582,514.196151167221,135052,1350.52
583,514.280664019031,131480,1314.8
584,514.365176766654,129510,1295.1
585,514.449689410336,130129,1301.29
586,514.53420195032,131973,1319.73
587,514.618714386852,131279,1312.79
588,514.703226720178,129210,1292.1
589,514.787738950542,128030,1280.3
590,514.87225107819,127325,1273.25
591,514.956763103367,126692,1266.92
592,515.041275026318,126403,1264.03
593,515.125786847287,131425,1314.25
594,515.210298566521,132620,1326.2
595,515.294810184265,129928,1299.28
596,515.379321700762,128433,1284.33
597,515.463833116259,127812,1278.12
598,515.548344431001,127105,1271.05
599,515.632855645233,128958,1289.58
600,515.7173667592,129303,1293.03
601,515.801877773147,128882,1288.82
602,515.886388687319,130660,1306.6
603,515.970899501962,130191,1301.91
604,516.05541021732,128312,1283.12
605,516.139920833639,127478,1274.78
606,516.224431351163,127088,1270.88
607,516.308941770138,126766,1267.66
608,516.39345209081,126435,1264.35
609,516.477962313423,126564,1265.64
610,516.562472438222,128708,1287.08
611,516.646982465452,131293,1312.93
612,516.731492395359,133875,1338.75
613,516.816002228188,133189,1331.89
614,516.900511964184,130347,1303.47
615,516.985021603591,132761,1327.61
616,517.069531146656,137012,1370.12
617,517.154040593623,142081,1420.81
618,517.238549944738,140099,1400.99
619,517.323059200245,136565,1365.65
620,517.40756836039,134053,1340.53
621,517.492077425417,130845,1308.45
622,517.576586395573,128956,1289.56
623,517.661095271101,146841,1468.41
624,517.745604052248,151139,1511.39
625,517.830112739258,140517,1405.17
626,517.914621332376,139100,1391
627,517.999129831848,137041,1370.41
628,518.083638237919,132673,1326.73
629,518.168146550834,129997,1299.97
630,518.252654770838,128487,1284.87
631,518.337162898176,127956,1279.56
632,518.421670933093,127578,1275.78
633,518.506178875835,127068,1270.68
634,518.590686726646,126472,1264.72
635,518.675194485772,126655,1266.55
636,518.759702153457,128693,1286.93
637,518.844209729948,129280,1292.8
638,518.928717215489,128405,1284.05
639,519.013224610325,129626,1296.26
640,519.097731914701,130132,1301.32
641,519.182239128863,129101,1291.01
642,519.266746253055,128274,1282.74
643,519.351253287523,127689,1276.89
644,519.435760232512,127279,1272.79
645,519.520267088267,126975,1269.75
646,519.604773855033,126659,1266.59
647,519.689280533056,126460,1264.6
648,519.77378712258,126430,1264.3
649,519.85829362385,126390,1263.9
650,519.942800037113,128544,1285.44
651,520.027306362612,129017,1290.17
652,520.111812600593,127904,1279.04
653,520.196318751301,127224,1272.24
654,520.280824814981,126798,1267.98
655,520.365330791879,126478,1264.78
656,520.449836682239,126490,1264.9
657,520.534342486307,126647,1266.47
658,520.618848204327,126473,1264.73
659,520.703353836546,128352,1283.52
660,520.787859383207,128733,1287.33
661,520.872364844557,131764,1317.64
662,520.95687022084,144585,1445.85
663,521.041375512301,145711,1457.11
664,521.125880719186,137588,1375.88
665,521.21038584174,132762,1327.62
666,521.294890880208,138545,1385.45
667,521.379395834834,139087,1390.87
668,521.463900705865,135688,1356.88
669,521.548405493545,133698,1336.98
670,521.632910198119,130952,1309.52
671,521.717414819833,129149,1291.49
672,521.801919358931,128125,1281.25
673,521.88642381566,127409,1274.09
674,521.970928190263,129371,1293.71
675,522.055432482986,239617,2396.17
676,522.139936694074,269125,2691.25
677,522.224440823773,211524,2115.24
678,522.308944872327,176767,1767.67
679,522.393448839982,155665,1556.65
680,522.477952726982,145888,1458.88
681,522.562456533574,150217,1502.17
682,522.646960260001,147860,1478.6
683,522.731463906509,141671,1416.71
684,522.815967473344,139235,1392.35
685,522.90047096075,135293,1352.93
686,522.984974368973,131744,1317.44
687,523.069477698257,129772,1297.72
688,523.153980948848,128487,1284.87
689,523.238484120991,127806,1278.06
690,523.322987214931,127602,1276.02
691,523.407490230914,129483,1294.83
692,523.491993169183,132337,1323.37
693,523.576496029985,154945,1549.45
694,523.660998813565,159113,1591.13
695,523.745501520167,164442,1644.42
696,523.830004150038,161860,1618.6
697,523.914506703421,147115,1471.15
698,523.999009180562,138411,1384.11
699,524.083511581707,133391,1333.91
700,524.1680139071,130600,1306
701,524.252516156987,129046,1290.46
702,524.337018331612,128061,1280.61
703,524.421520431221,129633,1296.33
704,524.506022456059,130122,1301.22
705,524.590524406371,128695,1286.95
706,524.675026282403,141382,1413.82
707,524.759528084398,145066,1450.66
708,524.844029812603,137641,1376.41
709,524.928531467263,132989,1329.89
710,525.013033048623,141730,1417.3
711,525.097534556927,143907,1439.07
712,525.182035992421,137213,1372.13
713,525.266537355351,132927,1329.27
714,525.351038645961,130686,1306.86
715,525.435539864496,131734,1317.34
716,525.520041011202,131600,1316
717,525.604542086324,130118,1301.18
718,525.689043090106,134115,1341.15
719,525.773544022794,134629,1346.29
720,525.858044884634,134137,1341.37
721,525.942545675869,133281,1332.81
722,526.027046396746,130863,1308.63
723,526.11154704751,129691,1296.91
724,526.196047628405,129299,1292.99
725,526.280548139677,131446,1314.46
726,526.36504858157,131703,1317.03
727,526.449548954331,130055,1300.55
728,526.534049258204,129479,1294.79
729,526.618549493434,131370,1313.7
730,526.703049660267,131683,1316.83
731,526.787549758947,130378,1303.78
732,526.87204978972,131283,1312.83
733,526.956549752831,131607,1316.07
734,527.041049648525,130322,1303.22
735,527.125549477046,129472,1294.72
736,527.210049238641,140795,1407.95
737,527.294548933555,145206,1452.06
738,527.379048562032,139247,1392.47
739,527.463548124317,134820,1348.2
740,527.548047620657,133191,1331.91
741,527.632547051295,132120,1321.2
742,527.717046416477,131071,1310.71
743,527.801545716449,134023,1340.23
744,527.886044951455,134504,1345.04
745,527.97054412174,138348,1383.48
746,528.05504322755,138880,1388.8
747,528.139542269129,135182,1351.82
748,528.224041246724,134238,1342.38
749,528.308540160578,135133,1351.33
750,528.393039010938,134387,1343.87
751,528.477537798047,132403,1324.03
752,528.562036522152,133070,1330.7
753,528.646535183498,135024,1350.24
754,528.731033782329,136211,1362.11
755,528.815532318891,134847,1348.47
756,528.900030793429,133132,1331.32
757,528.984529206188,131691,1316.91
758,529.069027557414,130763,1307.63
759,529.15352584735,130536,1305.36
760,529.238024076243,130276,1302.76
761,529.322522244338,129907,1299.07
762,529.407020351879,129931,1299.31
763,529.491518399112,130454,1304.54
764,529.576016386283,130881,1308.81
765,529.660514313635,130912,1309.12
766,529.745012181415,130627,1306.27
767,529.829509989866,130502,1305.02
768,529.914007739236,130487,1304.87
769,529.998505429768,132642,1326.42
770,530.083003061708,133347,1333.47
771,530.167500635301,132364,1323.64
772,530.251998150792,131814,1318.14
773,530.336495608426,132059,1320.59
774,530.420993008449,134105,1341.05
775,530.505490351105,136551,1365.51
776,530.589987636639,138071,1380.71
777,530.674484865298,138979,1389.79
778,530.758982037325,137422,1374.22
779,530.843479152966,134861,1348.61
780,530.927976212466,133524,1335.24
781,531.012473216071,133074,1330.74
782,531.096970164025,163635,1636.35
783,531.181467056574,173888,1738.88
784,531.265963893962,157454,1574.54
785,531.350460676435,146507,1465.07
786,531.434957404238,140433,1404.33
787,531.519454077616,137250,1372.5
788,531.603950696814,136737,1367.37
789,531.688447262078,136098,1360.98
790,531.772943773652,134597,1345.97
791,531.857440231782,133051,1330.51
792,531.941936636713,132140,1321.4
793,532.026432988689,133878,1338.78
794,532.110929287956,134047,1340.47
795,532.19542553476,134406,1344.06
796,532.279921729345,133678,1336.78
797,532.364417871956,131699,1316.99
798,532.448913962839,130415,1304.15
799,532.533410002239,129698,1296.98
800,532.6179059904,129227,1292.27
801,532.702401927568,128618,1286.18
802,532.786897813989,128169,1281.69
803,532.871393649906,132370,1323.7
804,532.955889435567,135742,1357.42
805,533.040385171214,133944,1339.44
806,533.124880857094,150501,1505.01
807,533.209376493452,153874,1538.74
808,533.293872080533,142505,1425.05
809,533.378367618582,135706,1357.06
810,533.462863107844,145729,1457.29
811,533.547358548564,147258,1472.58
812,533.631853940988,140630,1406.3
813,533.71634928536,136349,1363.49
814,533.800844581926,139164,1391.64
815,533.885339830931,138573,1385.73
816,533.96983503262,133732,1337.32
817,534.054330187238,130760,1307.6
818,534.13882529503,130957,1309.57
819,534.223320356242,130430,1304.3
820,534.307815371118,128434,1284.34
821,534.392310339903,127261,1272.61
822,534.476805262844,126698,1266.98
823,534.561300140184,126642,1266.42
824,534.64579497217,130792,1307.92
825,534.730289759045,131604,1316.04
826,534.814784501056,131358,1313.58
827,534.899279198448,131031,1310.31
828,534.983773851465,129128,1291.28
829,535.068268460352,130046,1300.46
830,535.152763025356,136418,1364.18
831,535.23725754672,148860,1488.6
832,535.321752024691,148646,1486.46
833,535.406246459513,139836,1398.36
834,535.490740851431,133948,1339.48
835,535.575235200691,130709,1307.09
836,535.659729507538,128867,1288.67
837,535.744223772216,390048,3900.48
838,535.828717994971,463988,4639.88
839,535.913212176048,322888,3228.88
840,535.997706315693,238635,2386.35
841,536.08220041415,196879,1968.79
842,536.166694471664,171055,1710.55
843,536.251188488481,151974,1519.74
844,536.335682464845,141117,1411.17
845,536.420176401003,135057,1350.57
846,536.504670297198,131533,1315.33
847,536.589164153677,129423,1294.23
848,536.673657970684,128018,1280.18
849,536.758151748464,127728,1277.28
850,536.842645487263,127502,1275.02
851,536.927139187325,127234,1272.34
852,537.011632848896,129292,1292.92
853,537.096126472221,130028,1300.28
854,537.180620057546,131477,1314.77
855,537.265113605114,133375,1333.75
856,537.349607115172,131951,1319.51
857,537.434100587964,130144,1301.44
858,537.518594023736,128853,1288.53
859,537.603087422733,128085,1280.85
860,537.687580785199,127906,1279.06
861,537.772074111381,129874,1298.74
862,537.856567401522,137230,1372.3
863,537.941060655869,145239,1452.39
864,538.025553874667,144322,1443.22
865,538.11004705816,142443,1424.43
866,538.194540206593,148005,1480.05
867,538.279033320213,162475,1624.75
868,538.363526399263,184344,1843.44
869,538.44801944399,208766,2087.66
870,538.532512454637,229791,2297.91
871,538.617005431451,245537,2455.37
872,538.701498374677,249666,2496.66
873,538.785991284559,242995,2429.95
874,538.870484161343,230731,2307.31
875,538.954977005273,218789,2187.89
876,539.039469816596,206504,2065.04
877,539.123962595556,194835,1948.35
878,539.208455342398,190268,1902.68
879,539.292948057368,186897,1868.97
880,539.37744074071,179935,1799.35
881,539.46193339267,175481,1754.81
882,539.546426013493,172862,1728.62
883,539.630918603424,172392,1723.92
884,539.715411162708,168714,1687.14
885,539.79990369159,164606,1646.06
886,539.884396190315,160633,1606.33
887,539.968888659129,171183,1711.83
888,540.053381098277,174179,1741.79
889,540.137873508003,161884,1618.84
890,540.222365888553,150452,1504.52
891,540.306858240173,142506,1425.06
892,540.391350563106,136838,1368.38
893,540.475842857599,137264,1372.64
894,540.560335123896,135915,1359.15
895,540.644827362243,134236,1342.36
896,540.729319572884,134848,1348.48
897,540.813811756066,132840,1328.4
898,540.898303912032,129888,1298.88
899,540.982796041028,128093,1280.93
900,541.0672881433,127273,1272.73
901,541.151780219092,126991,1269.91
902,541.23627226865,126621,1266.21
903,541.320764292218,126295,1262.95
904,541.405256290042,126473,1264.73
905,541.489748262367,127945,1279.45
906,541.574240209438,131203,1312.03
907,541.6587321315,131107,1311.07
908,541.743224028798,131420,1314.2
909,541.827715901578,130892,1308.92
910,541.912207750085,128761,1287.61
911,541.996699574563,127800,1278
912,542.081191375258,127459,1274.59
913,542.165683152415,129452,1294.52
914,542.250174906279,129736,1297.36
915,542.334666637096,128129,1281.29
916,542.41915834511,127129,1271.29
917,542.503650030566,140652,1406.52
918,542.58814169371,146828,1468.28
919,542.672633334787,144529,1445.29
920,542.757124954042,140507,1405.07
921,542.841616551719,135354,1353.54
922,542.926108128065,134784,1347.84
923,543.010599683325,134187,1341.87
924,543.095091217743,132962,1329.62
925,543.179582731564,150270,1502.7
926,543.264074225034,155184,1551.84
927,543.348565698398,146059,1460.59
928,543.433057151901,141337,1413.37
929,543.517548585789,139180,1391.8
930,543.602040000305,142548,1425.48
931,543.686531395696,146007,1460.07
932,543.771022772206,145013,1450.13
933,543.855514130081,145788,1457.88
934,543.940005469566,147999,1479.99
935,544.024496790906,147120,1471.2
936,544.108988094346,149589,1495.89
937,544.193479380131,151754,1517.54
938,544.277970648506,149968,1499.68
939,544.362461899717,147860,1478.6
940,544.446953134009,148802,1488.02
941,544.531444351626,148830,1488.3
942,544.615935552814,148929,1489.29
943,544.700426737818,149705,1497.05
944,544.784917906884,149272,1492.72
945,544.869409060255,150449,1504.49
946,544.953900198178,150560,1505.6
947,545.038391320898,148917,1489.17
948,545.122882428659,147954,1479.54
949,545.207373521708,147364,1473.64
950,545.291864600288,146831,1468.31
951,545.376355664645,146609,1466.09
952,545.460846715024,167415,1674.15
953,545.545337751671,173503,1735.03
954,545.62982877483,162670,1626.7
955,545.714319784747,157834,1578.34
956,545.798810781666,156688,1566.88
957,545.883301765834,154126,1541.26
958,545.967792737495,152815,1528.15
959,546.052283696893,151829,1518.29
960,546.136774644275,152121,1521.21
961,546.221265579886,151178,1511.78
962,546.30575650397,149022,1490.22
963,546.390247416772,147859,1478.59
964,546.474738318539,147093,1470.93
965,546.559229209514,146969,1469.69
966,546.643720089944,146671,1466.71
967,546.728210960073,146312,1463.12
968,546.812701820146,147909,1479.09
969,546.897192670409,151522,1515.22
970,546.981683511106,151682,1516.82
971,547.066174342483,149819,1498.19
972,547.150665164785,149850,1498.5
973,547.235155978257,151558,1515.58
974,547.319646783145,151156,1511.56
975,547.404137579692,149412,1494.12
976,547.488628368145,148032,1480.32
977,547.573119148749,146988,1469.88
978,547.657609921748,146712,1467.12
979,547.742100687388,148883,1488.83
980,547.826591445914,149283,1492.83
981,547.911082197572,148477,1484.77
982,547.995572942605,148369,1483.69
983,548.08006368126,147741,1477.41
984,548.164554413782,147107,1471.07
985,548.249045140415,146382,1463.82
986,548.333535861404,146187,1461.87
987,548.418026576996,156478,1564.78
988,548.502517287435,159225,1592.25
989,548.587007992966,153639,1536.39
990,548.671498693834,150363,1503.63
991,548.755989390285,152253,1522.53
992,548.840480082563,154228,1542.28
993,548.924970770915,152280,1522.8
994,549.009461455584,149888,1498.88
995,549.093952136815,150476,1504.76
996,549.178442814856,149630,1496.3
997,549.262933489949,147510,1475.1
998,549.347424162341,151176,1511.76
999,549.431914832276,151793,1517.93
1000,549.5164055,148861,1488.61
1001,549.600896165758,148362,1483.62
1002,549.685386829794,147522,1475.22
1003,549.769877492355,145976,1459.76
1004,549.854368153685,145419,1454.19
1005,549.938858814029,156677,1566.77
1006,550.023349473633,161628,1616.28
1007,550.107840132742,158246,1582.46
1008,550.1923307916,153820,1538.2
1009,550.276821450453,149408,1494.08
1010,550.361312109546,147054,1470.54
1011,550.445802769124,147966,1479.66
1012,550.530293429432,148058,1480.58
1013,550.614784090716,146243,1462.43
1014,550.69927475322,145190,1451.9
1015,550.78376541719,144677,1446.77
1016,550.868256082871,144120,1441.2
1017,550.952746750508,144075,1440.75
1018,551.037237420346,145743,1457.43
1019,551.12172809263,146155,1461.55
1020,551.206218767606,144685,1446.85
1021,551.290709445518,143839,1438.39
1022,551.375200126611,143364,1433.64
1023,551.459690811131,145632,1456.32
1024,551.544181499323,146210,1462.1
1025,551.628672191433,145025,1450.25
1026,551.713162887704,144113,1441.13
1027,551.797653588383,143258,1432.58
1028,551.882144293714,142914,1429.14
1029,551.966635003943,142811,1428.11
1030,552.051125719314,145051,1450.51
1031,552.135616440073,149232,1492.32
1032,552.220107166465,149062,1490.62
1033,552.304597898735,148151,1481.51
1034,552.389088637129,147144,1471.44
1035,552.473579381891,158579,1585.79
1036,552.558070133266,160843,1608.43
1037,552.6425608915,153254,1532.54
1038,552.727051656838,148887,1488.87
1039,552.811542429524,162090,1620.9
1040,552.896033209805,164793,1647.93
1041,552.980523997925,157660,1576.6
1042,553.065014794129,152366,1523.66
1043,553.149505598662,147806,1478.06
1044,553.23399641177,145598,1455.98
1045,553.318487233698,146438,1464.38
1046,553.402978064691,154450,1544.5
1047,553.487468904993,161664,1616.64
1048,553.571959754851,157912,1579.12
1049,553.656450614509,150859,1508.59
1050,553.740941484213,146579,1465.79
1051,553.825432364206,148188,1481.88
1052,553.909923254736,148015,1480.15
1053,553.994414156046,149236,1492.36
1054,554.078905068382,148508,1485.08
1055,554.16339599199,145242,1452.42
1056,554.247886927113,143632,1436.32
1057,554.332377873998,156039,1560.39
1058,554.416868832889,158999,1589.99
1059,554.501359804032,151466,1514.66
1060,554.585850787671,147327,1473.27
1061,554.670341784053,144798,1447.98
1062,554.754832793421,143367,1433.67
1063,554.839323816021,142660,1426.6
1064,554.923814852099,142021,1420.21
1065,555.008305901899,141798,1417.98
1066,555.092796965667,146121,1461.21
1067,555.177288043647,147197,1471.97
1068,555.261779136085,161104,1611.04
1069,555.346270243226,164259,1642.59
1070,555.430761365315,156822,1568.22
1071,555.515252502597,153474,1534.74
1072,555.599743655318,149966,1499.66
1073,555.684234823722,146310,1463.1
1074,555.768726008055,146206,1462.06
1075,555.853217208561,147580,1475.8
1076,555.937708425486,145899,1458.99
1077,556.022199659075,158768,1587.68
1078,556.106690909574,161925,1619.25
1079,556.191182177226,155328,1553.28
1080,556.275673462278,150367,1503.67
1081,556.360164764975,148086,1480.86
1082,556.444656085561,148815,1488.15
1083,556.529147424282,146905,1469.05
1084,556.613638781383,144627,1446.27
1085,556.698130157109,143403,1434.03
1086,556.782621551706,144407,1444.07
1087,556.867112965417,144132,1441.32
1088,556.951604398489,145616,1456.16
1089,557.036095851167,149601,1496.01
1090,557.120587323695,148054,1480.54
1091,557.20507881632,144242,1442.42
1092,557.289570329285,142061,1420.61
1093,557.374061862836,143287,1432.87
1094,557.458553417219,143854,1438.54
1095,557.543044992678,144307,1443.07
1096,557.627536589459,143966,1439.66
1097,557.712028207806,144377,1443.77
1098,557.796519847966,143821,1438.21
1099,557.881011510182,145868,1458.68
1100,557.9655031947,148082,1480.82
1101,558.049994901765,145688,1456.88
1102,558.134486631623,142671,1426.71
1103,558.218978384519,140914,1409.14
1104,558.303470160697,141986,1419.86
1105,558.387961960402,141935,1419.35
1106,558.472453783881,141789,1417.89
1107,558.556945631378,142182,1421.82
1108,558.641437503137,160020,1600.2
1109,558.725929399405,170555,1705.55
1110,558.810421320427,161600,1616
1111,558.894913266447,151604,1516.04
1112,558.97940523771,146243,1462.43
1113,559.063897234463,145279,1452.79
1114,559.14838925695,146178,1461.78
1115,559.232881305415,144599,1445.99
1116,559.317373380105,142092,1420.92
1117,559.401865481264,142928,1429.28
1118,559.486357609138,142815,1428.15
1119,559.570849763971,140902,1409.02
1120,559.65534194601,140144,1401.44
1121,559.739834155498,142025,1420.25
1122,559.824326392681,142275,1422.75
1123,559.908818657804,142656,1426.56
1124,559.993310951113,141978,1419.78
1125,560.077803272852,140226,1402.26
1126,560.162295623266,139513,1395.13
1127,560.246788002602,138754,1387.54
1128,560.331280411103,140410,1404.1
1129,560.415772849015,142765,1427.65
1130,560.500265316583,144400,1444
1131,560.584757814052,147310,1473.1
1132,560.669250341668,145880,1458.8
1133,560.753742899676,142034,1420.34
1134,560.83823548832,142286,1422.86
1135,560.922728107845,141952,1419.52
1136,561.007220758498,140260,1402.6
1137,561.091713440523,139157,1391.57
1138,561.176206154165,138090,1380.9
1139,561.260698899669,137884,1378.84
1140,561.345191677281,137563,1375.63
1141,561.429684487245,137306,1373.06
1142,561.514177329807,137549,1375.49
1143,561.598670205212,137616,1376.16
1144,561.683163113705,138269,1382.69
1145,561.767656055531,138417,1384.17
1146,561.852149030935,139991,1399.91
1147,561.936642040163,142474,1424.74
1148,562.021135083459,141668,1416.68
1149,562.105628161069,139554,1395.54
1150,562.190121273237,140589,1405.89
1151,562.27461442021,140630,1406.3
1152,562.359107602232,146288,1462.88
1153,562.443600819547,147468,1474.68
1154,562.528094072403,145159,1451.59
1155,562.612587361042,148517,1485.17
1156,562.697080685712,149612,1496.12
1157,562.781574046656,147690,1476.9
1158,562.866067444119,156293,1562.93
1159,562.950560878348,156643,1566.43
1160,563.035054349587,148199,1481.99
1161,563.119547858082,145274,1452.74
1162,563.204041404076,143121,1431.21
1163,563.288534987816,140921,1409.21
1164,563.373028609547,139328,1393.28
1165,563.457522269514,138210,1382.1
1166,563.542015967961,137613,1376.13
1167,563.626509705135,139125,1391.25
1168,563.71100348128,141696,1416.96
1169,563.795497296641,140981,1409.81
1170,563.879991151464,138809,1388.09
1171,563.964485045993,137631,1376.31
1172,564.048978980475,137021,1370.21
1173,564.133472955153,137283,1372.83
1174,564.217966970273,137283,1372.83
1175,564.30246102608,139450,1394.5
1176,564.386955122819,141802,1418.02
1177,564.471449260736,142943,1429.43
1178,564.555943440075,141716,1417.16
1179,564.640437661083,139117,1391.17
1180,564.724931924002,180190,1801.9
1181,564.80942622908,193965,1939.65
1182,564.893920576561,171350,1713.5
1183,564.97841496669,158742,1587.42
1184,565.062909399713,150825,1508.25
1185,565.147403875874,151169,1511.69
1186,565.231898395419,149456,1494.56
1187,565.316392958592,143747,1437.47
1188,565.400887565639,140209,1402.09
1189,565.485382216806,138337,1383.37
1190,565.569876912336,137113,1371.13
1191,565.654371652476,136221,1362.21
1192,565.73886643747,137737,1377.37
1193,565.823361267564,138215,1382.15
1194,565.907856143003,150079,1500.79
1195,565.992351064031,153235,1532.35
1196,566.076846030894,145955,1459.55
1197,566.161341043838,141337,1413.37
1198,566.245836103106,138620,1386.2
1199,566.330331208945,137286,1372.86
1200,566.4148263616,136665,1366.65
1201,566.499321561315,138208,1382.08
1202,566.583816808336,138309,1383.09
1203,566.668312102908,139262,1392.62
1204,566.752807445276,138834,1388.34
1205,566.837302835685,137899,1378.99
1206,566.92179827438,138660,1386.6
1207,567.006293761607,138227,1382.27
1208,567.090789297611,136702,1367.02
1209,567.175284882636,138912,1389.12
1210,567.259780516928,139666,1396.66
1211,567.344276200732,137808,1378.08
1212,567.428771934293,136727,1367.27
1213,567.513267717856,138297,1382.97
1214,567.597763551667,138096,1380.96
1215,567.68225943597,136452,1364.52
1216,567.766755371011,148376,1483.76
1217,567.851251357034,151725,1517.25
1218,567.935747394286,144732,1447.32
1219,568.020243483011,144786,1447.86
1220,568.104739623454,143442,1434.42
1221,568.18923581586,154536,1545.36
1222,568.273732060474,156365,1563.65
1223,568.358228357543,146962,1469.62
1224,568.442724707309,141655,1416.55
1225,568.52722111002,138746,1387.46
1226,568.61171756592,136703,1367.03
1227,568.696214075254,135925,1359.25
1228,568.780710638267,135583,1355.83
1229,568.865207255205,135009,1350.09
1230,568.949703926312,134996,1349.96
1231,569.034200651834,137095,1370.95
1232,569.118697432015,136949,1369.49
1233,569.203194267102,135690,1356.9
1234,569.287691157338,137096,1370.96
1235,569.37218810297,140835,1408.35
1236,569.456685104242,147224,1472.24
1237,569.5411821614,147075,1470.75
1238,569.625679274688,142288,1422.88
1239,569.710176444352,141461,1414.61
1240,569.794673670637,140287,1402.87
1241,569.879170953788,137634,1376.34
1242,569.96366829405,138043,1380.43
1243,570.048165691668,142195,1421.95
1244,570.132663146887,141998,1419.98
1245,570.217160659954,143288,1432.88
1246,570.301658231112,142724,1427.24
1247,570.386155860606,139374,1393.74
1248,570.470653548683,137383,1373.83
1249,570.555151295587,136189,1361.89
1250,570.639649101562,135222,1352.22
1251,570.724146966856,134537,1345.37
1252,570.808644891712,136401,1364.01
1253,570.893142876375,139654,1396.54
1254,570.977640921091,139651,1396.51
1255,571.062139026105,139144,1391.44
1256,571.146637191662,150042,1500.42
1257,571.231135418007,151608,1516.08
1258,571.315633705386,143897,1438.97
1259,571.400132054043,141620,1416.2
1260,571.484630464223,142058,1420.58
1261,571.569128936172,140392,1403.92
1262,571.653627470135,137576,1375.76
1263,571.738126066357,140370,1403.7
1264,571.822624725083,142877,1428.77
1265,571.907123446559,140436,1404.36
1266,571.991622231028,141503,1415.03
1267,572.076121078737,144825,1448.25
1268,572.160619989931,143249,1432.49
1269,572.245118964855,141734,1417.34
1270,572.329618003753,140305,1403.05
1271,572.414117106872,140743,1407.43
1272,572.498616274455,143836,1438.36
1273,572.583115506749,142185,1421.85
1274,572.667614803999,138077,1380.77
1275,572.752114166448,136008,1360.08
1276,572.836613594344,135435,1354.35
1277,572.921113087931,135054,1350.54
1278,573.005612647453,134204,1342.04
1279,573.090112273157,133593,1335.93
1280,573.174611965286,135472,1354.72
1281,573.259111724088,140260,1402.6
1282,573.343611549805,145006,1450.06
1283,573.428111442685,160081,1600.81
1284,573.512611402971,162649,1626.49
1285,573.597111430909,180807,1808.07
1286,573.681611526744,183128,1831.28
1287,573.766111690721,169656,1696.56
1288,573.850611923086,158331,1583.31
1289,573.935112224083,147480,1474.8
1290,574.019612593957,141091,1410.91
1291,574.104113032955,137817,1378.17
1292,574.18861354132,138230,1382.3
1293,574.273114119298,137981,1379.81
1294,574.357614767134,138330,1383.3
1295,574.442115485074,137665,1376.65
1296,574.526616273362,165648,1656.48
1297,574.611117132243,173186,1731.86
1298,574.695618061963,166912,1669.12
1299,574.780119062767,161763,1617.63
1300,574.8646201349,151625,1516.25
1301,574.949121278607,146490,1464.9
1302,575.033622494133,143997,1439.97
1303,575.118123781723,142762,1427.62
1304,575.202625141623,140234,1402.34
1305,575.287126574078,137379,1373.79
1306,575.371628079332,135981,1359.81
1307,575.456129657631,135039,1350.39
1308,575.54063130922,134477,1344.77
1309,575.625133034344,136542,1365.42
1310,575.709634833249,140263,1402.63
1311,575.794136706179,139724,1397.24
1312,575.878638653379,137019,1370.19
1313,575.963140675095,135240,1352.4
1314,576.047642771572,134013,1340.13
1315,576.132144943055,133776,1337.76
1316,576.216647189789,136639,1366.39
1317,576.301149512019,137274,1372.74
1318,576.38565190999,135610,1356.1
1319,576.470154383948,134304,1343.04
1320,576.554656934138,133538,1335.38
1321,576.639159560804,135834,1358.34
1322,576.723662264192,136547,1365.47
1323,576.808165044547,155371,1553.71
1324,576.892667902114,162186,1621.86
1325,576.977170837139,151309,1513.09
1326,577.061673849866,143349,1433.49
1327,577.146176940541,138701,1387.01
1328,577.230680109408,135860,1358.6
1329,577.315183356713,134845,1348.45
1330,577.399686682701,136226,1362.26
1331,577.484190087617,151293,1512.93
1332,577.568693571706,154018,1540.18
1333,577.653197135214,145097,1450.97
1334,577.737700778385,142191,1421.91
1335,577.822204501465,139989,1399.89
1336,577.906708304698,136899,1368.99
1337,577.991212188331,154625,1546.25
1338,578.075716152607,159007,1590.07
1339,578.160220197773,150205,1502.05
1340,578.244724324073,144462,1444.62
1341,578.329228531752,144010,1440.1
1342,578.413732821056,144591,1445.91
1343,578.49823719223,141069,1410.69
1344,578.582741645518,137373,1373.73
1345,578.667246181166,137115,1371.15
1346,578.75175079942,136595,1365.95
1347,578.836255500524,137203,1372.03
1348,578.920760284723,141876,1418.76
1349,579.005265152262,141673,1416.73
1350,579.089770103388,138188,1381.88
1351,579.174275138344,135823,1358.23
1352,579.258780257375,134167,1341.67
1353,579.343285460728,133143,1331.43
1354,579.427790748647,132809,1328.09
1355,579.512296121378,132220,1322.2
1356,579.596801579165,131695,1316.95
1357,579.681307122253,132426,1324.26
1358,579.765812750888,132528,1325.28
1359,579.850318465315,131876,1318.76
1360,579.934824265779,131702,1317.02
1361,580.019330152525,131707,1317.07
1362,580.103836125799,143444,1434.44
1363,580.188342185844,146866,1468.66
1364,580.272848332908,142596,1425.96
1365,580.357354567233,139245,1392.45
1366,580.441860889067,135855,1358.55
1367,580.526367298654,134008,1340.08
1368,580.610873796238,137170,1371.7
1369,580.695380382066,137734,1377.34
1370,580.779887056382,135078,1350.78
1371,580.864393819432,136957,1369.57
1372,580.94890067146,137224,1372.24
1373,581.033407612712,135037,1350.37
1374,581.117914643433,133592,1335.92
1375,581.202421763867,133154,1331.54
1376,581.286928974261,132992,1329.92
1377,581.371436274859,134747,1347.47
1378,581.455943665907,135060,1350.6
1379,581.540451147649,136003,1360.03
1380,581.62495872033,135777,1357.77
1381,581.709466384197,133957,1339.57
1382,581.793974139493,133009,1330.09
1383,581.878481986465,136932,1369.32
1384,581.962989925357,137742,1377.42
1385,582.047497956414,139317,1393.17
1386,582.132006079881,141373,1413.73
1387,582.216514296004,138677,1386.77
1388,582.301022605028,135614,1356.14
1389,582.385531007198,140192,1401.92
1390,582.470039502758,141290,1412.9
1391,582.554548091955,137781,1377.81
1392,582.639056775033,135393,1353.93
1393,582.723565552238,133385,1333.85
1394,582.808074423814,132426,1324.26
1395,582.892583390007,131993,1319.93
1396,582.977092451061,136386,1363.86
1397,583.061601607223,137576,1375.76
1398,583.146110858736,136001,1360.01
1399,583.230620205847,135663,1356.63
1400,583.3151296488,134522,1345.22
1401,583.399639187841,135266,1352.66
1402,583.484148823214,134932,1349.32
1403,583.568658555165,133070,1330.7
1404,583.653168383939,132331,1323.31
1405,583.73767830978,136315,1363.15
1406,583.822188332935,137290,1372.9
1407,583.906698453649,136731,1367.31
1408,583.991208672165,135353,1353.53
1409,584.075718988731,133355,1333.55
1410,584.16022940359,134638,1346.38
1411,584.244739916987,134513,1345.13
1412,584.329250529169,132897,1328.97
1413,584.41376124038,132090,1320.9
1414,584.498272050865,131744,1317.44
1415,584.58278296087,131974,1319.74
1416,584.667293970638,137596,1375.96
1417,584.751805080417,143142,1431.42
1418,584.83631629045,141313,1413.13
1419,584.920827600983,137166,1371.66
1420,585.005339012262,134700,1347
1421,585.08985052453,135329,1353.29
1422,585.174362138034,136722,1367.22
1423,585.258873853018,137602,1376.02
1424,585.343385669727,136402,1364.02
1425,585.427897588408,134022,1340.22
1426,585.512409609304,132253,1322.53
1427,585.596921732661,131148,1311.48
1428,585.681433958724,132106,1321.06
1429,585.765946287739,132764,1327.64
1430,585.85045871995,134288,1342.88
1431,585.934971255602,136635,1366.35
1432,586.019483894941,140546,1405.46
1433,586.103996638212,141881,1418.81
1434,586.18850948566,138479,1384.79
1435,586.27302243753,135780,1357.8
1436,586.357535494067,133947,1339.47
1437,586.442048655516,147377,1473.77
1438,586.526561922122,163743,1637.43
1439,586.611075294132,159006,1590.06
1440,586.695588771789,147211,1472.11
1441,586.780102355339,140572,1405.72
1442,586.864616045027,138701,1387.01
1443,586.949129841097,136691,1366.91
1444,587.033643743797,133863,1338.63
1445,587.118157753369,132318,1323.18
1446,587.20267187006,131679,1316.79
1447,587.287186094115,131252,1312.52
1448,587.371700425779,130929,1309.29
1449,587.456214865296,130688,1306.88
1450,587.540729412912,130668,1306.68
1451,587.625244068873,130773,1307.73
1452,587.709758833423,132911,1329.11
1453,587.794273706808,133559,1335.59
1454,587.878788689272,132564,1325.64
1455,587.963303781061,132015,1320.15
1456,588.047818982419,131391,1313.91
1457,588.132334293593,132797,1327.97
1458,588.216849714827,135624,1356.24
1459,588.301365246366,135304,1353.04
1460,588.385880888455,133355,1333.55
1461,588.47039664134,131871,1318.71
1462,588.554912505266,131143,1311.43
1463,588.639428480477,133115,1331.15
1464,588.72394456722,136316,1363.16
1465,588.808460765738,140305,1403.05
1466,588.892977076278,139276,1392.76
1467,588.977493499084,135493,1354.93
1468,589.062010034401,133023,1330.23
1469,589.146526682475,131684,1316.84
1470,589.231043443551,131116,1311.16
1471,589.315560317874,130649,1306.49
1472,589.400077305689,130446,1304.46
1473,589.48459440724,130103,1301.03
1474,589.569111622774,131919,1319.19
1475,589.653628952536,135778,1357.78
1476,589.73814639677,135632,1356.32
1477,589.822663955722,133219,1332.19
1478,589.907181629636,184012,1840.12
1479,589.991699418759,202182,2021.82
1480,590.076217323334,179481,1794.81
1481,590.160735343608,161706,1617.06
1482,590.245253479825,148266,1482.66
1483,590.329771732231,140393,1403.93
1484,590.41429010107,156410,1564.1
1485,590.498808586588,159591,1595.91
1486,590.58332718903,147313,1473.13
1487,590.667845908641,142115,1421.15
1488,590.752364745666,138502,1385.02
1489,590.83688370035,135009,1350.09
1490,590.921402772939,135012,1350.12
1491,591.005921963678,138763,1387.63
1492,591.090441272811,137987,1379.87
1493,591.174960700584,136683,1366.83
1494,591.259480247241,137073,1370.73
1495,591.343999913029,137490,1374.9
1496,591.428519698192,136411,1364.11
1497,591.513039602976,134258,1342.58
1498,591.597559627625,132651,1326.51
1499,591.682079772385,131689,1316.89
1500,591.7666000375,131109,1311.09
1501,591.851120423216,130962,1309.62
1502,591.935640929779,130727,1307.27
1503,592.020161557432,131548,1315.48
1504,592.104682306422,131786,1317.86
1505,592.189203176993,130989,1309.89
1506,592.273724169391,130398,1303.98
1507,592.35824528386,130419,1304.19
1508,592.442766520647,130423,1304.23
1509,592.527287879995,132664,1326.64
1510,592.611809362151,133295,1332.95
1511,592.696330967358,149488,1494.88
1512,592.780852695863,153597,1535.97
1513,592.865374547911,143416,1434.16
1514,592.949896523746,137408,1374.08
1515,593.034418623614,134126,1341.26
1516,593.11894084776,155869,1558.69
1517,593.203463196429,161285,1612.85
1518,593.287985669866,148126,1481.26
1519,593.372508268317,140518,1405.18
1520,593.457030992026,136233,1362.33
1521,593.541553841238,133679,1336.79
1522,593.626076816199,132467,1324.67
1523,593.710599917154,131520,1315.2
1524,593.795123144348,130559,1305.59
1525,593.879646498027,130057,1300.57
1526,593.964169978434,134282,1342.82
1527,594.048693585816,135763,1357.63
1528,594.133217320417,133315,1333.15
1529,594.217741182483,133956,1339.56
1530,594.302265172259,133621,1336.21
1531,594.38678928999,133912,1339.12
1532,594.47131353592,133405,1334.05
1533,594.555837910296,133954,1339.54
1534,594.640362413363,133558,1335.58
1535,594.724887045364,145455,1454.55
1536,594.809411806547,148311,1483.11
1537,594.893936697155,140509,1405.09
1538,594.978461717434,140364,1403.64
1539,595.062986867629,138862,1388.62
1540,595.147512147985,135279,1352.79
1541,595.232037558747,137378,1373.78
1542,595.316563100161,141362,1413.62
1543,595.401088772471,140810,1408.1
1544,595.485614575923,137350,1373.5
1545,595.570140510762,134313,1343.13
1546,595.654666577233,132682,1326.82
1547,595.73919277558,133403,1334.03
1548,595.82371910605,133749,1337.49
1549,595.908245568888,132773,1327.73
1550,595.992772164338,136025,1360.25
1551,596.077298892645,140966,1409.66
1552,596.161825754055,139212,1392.12
1553,596.246352748813,134869,1348.69
1554,596.330879877164,132530,1325.3
1555,596.415407139353,140470,1404.7
1556,596.499934535626,142559,1425.59
1557,596.584462066227,137970,1379.7
1558,596.668989731401,136852,1368.52
1559,596.753517531394,137843,1378.43
1560,596.838045466451,138464,1384.64
1561,596.922573536817,136291,1362.91
1562,597.007101742737,133912,1339.12
1563,597.091630084456,150352,1503.52
1564,597.17615856222,164057,1640.57
1565,597.260687176273,157530,1575.3
1566,597.345215926861,148643,1486.43
1567,597.429744814228,146361,1463.61
1568,597.51427383862,142119,1421.19
1569,597.598803000283,136695,1366.95
1570,597.68333229946,137927,1379.27
1571,597.767861736398,137272,1372.72
1572,597.852391311341,138333,1383.33
1573,597.936921024535,137949,1379.49
1574,598.021450876224,136647,1366.47
1575,598.105980866655,137403,1374.03
1576,598.190510996071,135675,1356.75
1577,598.275041264718,134893,1348.93
1578,598.359571672842,136021,1360.21
1579,598.444102220687,137455,1374.55
1580,598.528632908498,136014,1360.14
1581,598.613163736522,135484,1354.84
1582,598.697694705001,139371,1393.71
1583,598.782225814183,140303,1403.03
1584,598.866757064312,139059,1390.59
1585,598.951288455633,136490,1364.9
1586,599.035819988391,135291,1352.91
1587,599.120351662832,136344,1363.44
1588,599.2048834792,134868,1348.68
1589,599.289415437741,132495,1324.95
1590,599.3739475387,131285,1312.85
1591,599.458479782322,132986,1329.86
1592,599.543012168852,135473,1354.73
1593,599.627544698535,136491,1364.91
1594,599.712077371617,134853,1348.53
1595,599.796610188342,132194,1321.94
1596,599.881143148956,132886,1328.86
1597,599.965676253703,134834,1348.34
1598,600.05020950283,134097,1340.97
1599,600.13474289658,132119,1321.19
1600,600.2192764352,130873,1308.73
1601,600.303810118934,132354,1323.54
1602,600.388343948028,132356,1323.56
1603,600.472877922726,130836,1308.36
1604,600.557412043273,132174,1321.74
1605,600.641946309916,132281,1322.81
1606,600.726480722899,131076,1310.76
1607,600.811015282466,130200,1302
1608,600.895549988864,129566,1295.66
1609,600.980084842338,129330,1293.3
1610,601.064619843132,131178,1311.78
1611,601.149154991491,131952,1319.52
1612,601.233690287662,133345,1333.45
1613,601.318225731888,133508,1335.08
1614,601.402761324415,131898,1318.98
1615,601.487297065489,132743,1327.43
1616,601.571832955354,132834,1328.34
1617,601.656368994255,133876,1338.76
1618,601.740905182438,133381,1333.81
1619,601.825441520148,131328,1313.28
1620,601.90997800763,132967,1329.67
1621,601.994514645128,134917,1349.17
1622,602.079051432889,135544,1355.44
1623,602.163588371157,134310,1343.1
1624,602.248125460177,134004,1340.04
1625,602.332662700195,133427,1334.27
1626,602.417200091456,134067,1340.67
1627,602.501737634204,133545,1335.45
1628,602.586275328686,131715,1317.15
1629,602.670813175145,130586,1305.86
1630,602.755351173828,135928,1359.28
1631,602.839889324979,137336,1373.36
1632,602.924427628843,135905,1359.05
1633,603.008966085667,136096,1360.96
1634,603.093504695693,134411,1344.11
1635,603.178043459169,132088,1320.88
1636,603.262582376339,133309,1333.09
1637,603.347121447448,134960,1349.6
1638,603.431660672741,134285,1342.85
1639,603.516200052464,132332,1323.32
1640,603.600739586861,130765,1307.65
1641,603.685279276178,130130,1301.3
1642,603.769819120659,130296,1302.96
1643,603.854359120551,129787,1297.87
1644,603.938899276098,132291,1322.91
1645,604.023439587545,135131,1351.31
1646,604.107980055137,134047,1340.47
1647,604.19252067912,133680,1336.8
1648,604.277061459738,132947,1329.47
1649,604.361602397237,131268,1312.68
1650,604.446143491862,130180,1301.8
1651,604.530684743859,140091,1400.91
1652,604.615226153471,149981,1499.81
1653,604.699767720944,147964,1479.64
1654,604.784309446525,141561,1415.61
1655,604.868851330456,138732,1387.32
1656,604.953393372984,140601,1406.01
1657,605.037935574354,142620,1426.2
1658,605.122477934812,139615,1396.15
1659,605.207020454601,149769,1497.69
1660,605.291563133967,150903,1509.03
1661,605.376105973156,142297,1422.97
1662,605.460648972412,137372,1373.72
1663,605.545192131981,133741,1337.41
1664,605.629735452108,131322,1313.22
1665,605.714278933038,129969,1299.69
1666,605.798822575015,134031,1340.31
1667,605.883366378286,135249,1352.49
1668,605.967910343095,132407,1324.07
1669,606.052454469688,130634,1306.34
1670,606.136998758309,130132,1301.32
1671,606.221543209204,132330,1323.3
1672,606.306087822618,132611,1326.11
1673,606.390632598795,131221,1312.21
1674,606.475177537982,132416,1324.16
1675,606.559722640423,134512,1345.12
1676,606.644267906364,135545,1355.45
1677,606.728813336049,136031,1360.31
1678,606.813358929724,134310,1343.1
1679,606.897904687633,131738,1317.38
1680,606.982450610022,130338,1303.38
1681,607.066996697137,129643,1296.43
1682,607.151542949221,131346,1313.46
1683,607.236089366521,133903,1339.03
1684,607.320635949282,133006,1330.06
1685,607.405182697748,130987,1309.87
1686,607.489729612165,132561,1325.61
1687,607.574276692777,132748,1327.48
1688,607.658823939831,130998,1309.98
1689,607.74337135357,132054,1320.54
1690,607.827918934241,134324,1343.24
1691,607.912466682089,133309,1333.09
1692,607.997014597358,131055,1310.55
1693,608.081562680293,136851,1368.51
1694,608.16611093114,138140,1381.4
1695,608.250659350145,136424,1364.24
1696,608.335207937551,136354,1363.54
1697,608.419756693605,135629,1356.29
1698,608.504305618551,133662,1336.62
1699,608.588854712634,133599,1335.99
1700,608.6734039761,132567,1325.67
1701,608.757953409194,137383,1373.83
1702,608.84250301216,140657,1406.57
1703,608.927052785245,137244,1372.44
1704,609.011602728693,134026,1340.26
1705,609.096152842749,131965,1319.65
1706,609.180703127658,130363,1303.63
1707,609.265253583666,129202,1292.02
1708,609.349804211018,128765,1287.65
1709,609.434355009958,130821,1308.21
1710,609.518905980733,131009,1310.09
1711,609.603457123586,134064,1340.64
1712,609.688008438764,156546,1565.46
1713,609.772559926511,159672,1596.72
1714,609.857111587073,146286,1462.86
1715,609.941663420694,138448,1384.48
1716,610.02621542762,134314,1343.14
1717,610.110767608096,134429,1344.29
1718,610.195319962366,133623,1336.23
1719,610.279872490677,131583,1315.83
1720,610.364425193274,130323,1303.23
1721,610.4489780704,129629,1296.29
1722,610.533531122303,129279,1292.79
1723,610.618084349226,129511,1295.11
1724,610.702637751414,131593,1315.93
1725,610.787191329114,133725,1337.25
1726,610.87174508257,132903,1329.03
1727,610.956299012027,135260,1352.6
1728,611.04085311773,135129,1351.29
1729,611.125407399925,132291,1322.91
1730,611.209961858857,130671,1306.71
1731,611.29451649477,145544,1455.44
1732,611.37907130791,154495,1544.95
1733,611.463626298523,147151,1471.51
1734,611.548181466852,141120,1411.2
1735,611.632736813144,141528,1415.28
1736,611.717292337643,139272,1392.72
1737,611.801848040595,135021,1350.21
1738,611.886403922244,132473,1324.73
1739,611.970959982837,133274,1332.74
1740,612.055516222617,134524,1345.24
1741,612.14007264183,135646,1356.46
1742,612.224629240722,136702,1367.02
1743,612.309186019537,135508,1355.08
1744,612.39374297852,142513,1425.13
1745,612.478300117917,143899,1438.99
1746,612.562857437973,149019,1490.19
1747,612.647414938933,150136,1501.36
1748,612.731972621042,142418,1424.18
1749,612.816530484545,136352,1363.52
1750,612.901088529688,144261,1442.61
1751,612.985646756714,145483,1454.83
1752,613.070205165871,140417,1404.17
1753,613.154763757402,136746,1367.46
1754,613.239322531553,133435,1334.35
1755,613.323881488569,133368,1333.68
1756,613.408440628695,132591,1325.91
1757,613.492999952176,130648,1306.48
1758,613.577559459258,131891,1318.91
1759,613.662119150185,134174,1341.74
1760,613.746679025203,133004,1330.04
1761,613.831239084557,131037,1310.37
1762,613.915799328492,132004,1320.04
1763,614.000359757252,131984,1319.84
1764,614.084920371084,130862,1308.62
1765,614.169481170232,130002,1300.02
1766,614.254042154942,129790,1297.9
1767,614.338603325458,129252,1292.52
1768,614.423164682026,131004,1310.04
1769,614.507726224891,133548,1335.48
1770,614.592287954298,132610,1326.1
1771,614.676849870492,142679,1426.79
1772,614.761411973718,144947,1449.47
1773,614.845974264222,137707,1377.07
1774,614.930536742248,133772,1337.72
1775,615.015099408042,133775,1337.75
1776,615.099662261849,133107,1331.07
1777,615.184225303914,131135,1311.35
1778,615.268788534481,132279,1322.79
1779,615.353351953797,132196,1321.96
1780,615.437915562106,134996,1349.96
1781,615.522479359654,135401,1354.01
1782,615.607043346685,132333,1323.33
1783,615.691607523446,141038,1410.38
1784,615.776171890179,142743,1427.43
1785,615.860736447132,136286,1362.86
1786,615.94530119455,132622,1326.22
1787,616.029866132676,132446,1324.46
1788,616.114431261757,132062,1320.62
1789,616.198996582037,132657,1326.57
1790,616.283562093762,134172,1341.72
1791,616.368127797177,135359,1353.59
1792,616.452693692527,133982,1339.82
1793,616.537259780057,131492,1314.92
1794,616.621826060012,132384,1323.84
1795,616.706392532638,134627,1346.27
1796,616.790959198179,133687,1336.87
1797,616.87552605688,131237,1312.37
1798,616.960093108988,144548,1445.48
1799,617.044660354746,148129,1481.29
1800,617.1292277944,145592,1455.92
1801,617.213795428195,148209,1482.09
1802,617.298363256377,144160,1441.6
1803,617.38293127919,137500,1375
1804,617.46749949688,133584,1335.84
1805,617.552067909691,131319,1313.19
1806,617.63663651787,129842,1298.42
1807,617.72120532166,368988,3689.88
1808,617.805774321307,440095,4400.95
1809,617.890343517057,312346,3123.46
1810,617.974912909154,233703,2337.03
1811,618.059482497843,188245,1882.45
1812,618.14405228337,162429,1624.29
1813,618.22862226598,147706,1477.06
1814,618.313192445918,139078,1390.78
1815,618.397762823429,143838,1438.38
1816,618.482333398757,146248,1462.48
1817,618.56690417215,140520,1405.2
1818,618.65147514385,137730,1377.3
1819,618.736046314105,135309,1353.09
1820,618.820617683158,132382,1323.82
1821,618.905189251254,131217,1312.17
1822,618.98976101864,130829,1308.29
1823,619.07433298556,129988,1299.88
1824,619.158905152259,132346,1323.46
1825,619.243477518983,147442,1474.42
1826,619.328050085976,149393,1493.93
1827,619.412622853484,142561,1425.61
1828,619.497195821751,140209,1402.09
1829,619.581768991023,141460,1414.6
1830,619.666342361546,138906,1389.06
1831,619.750915933564,134220,1342.2
1832,619.835489707321,131618,1316.18
1833,619.920063683065,134611,1346.11
1834,620.004637861039,136645,1366.45
1835,620.089212241489,134110,1341.1
1836,620.173786824659,131558,1315.58
1837,620.258361610796,130999,1309.99
1838,620.342936600144,130289,1302.89
1839,620.427511792947,129605,1296.05
1840,620.512087189453,133444,1334.44
1841,620.596662789905,152664,1526.64
1842,620.681238594548,161757,1617.57
1843,620.765814603629,152412,1524.12
1844,620.850390817391,142448,1424.48
1845,620.93496723608,138493,1384.93
1846,621.019543859942,140087,1400.87
1847,621.104120689221,138548,1385.48
1848,621.188697724162,135624,1356.24
1849,621.273274965011,133048,1330.48
1850,621.357852412012,130448,1304.48
1851,621.442430065412,129885,1298.85
1852,621.527007925454,129376,1293.76
1853,621.611585992385,130814,1308.14
1854,621.696164266449,131975,1319.75
1855,621.780742747892,130812,1308.12
1856,621.865321436958,129542,1295.42
1857,621.949900333892,129054,1290.54
1858,622.03447943894,130791,1307.91
1859,622.119058752348,131071,1310.71
1860,622.203638274359,129907,1299.07
1861,622.28821800522,131948,1319.48
1862,622.372797945175,132231,1322.31
1863,622.457378094469,130618,1306.18
1864,622.541958453348,129264,1292.64
1865,622.626539022057,129579,1295.79
1866,622.711119800841,129948,1299.48
1867,622.795700789945,129452,1294.52
1868,622.880281989613,137325,1373.25
1869,622.964863400093,139535,1395.35
1870,623.049445021627,134766,1347.66
1871,623.134026854462,132037,1320.37
1872,623.218608898843,130251,1302.51
1873,623.303191155015,131651,1316.51
1874,623.387773623222,132346,1323.46
1875,623.472356303711,133325,1333.25
1876,623.556939196726,134874,1348.74
1877,623.641522302512,133549,1335.49
1878,623.726105621315,131143,1311.43
1879,623.810689153379,131629,1316.29
1880,623.89527289895,131538,1315.38
1881,623.979856858273,132208,1322.08
1882,624.064441031593,135571,1355.71
1883,624.149025419156,137200,1372
1884,624.233610021205,138939,1389.39
1885,624.318194837987,139019,1390.19
1886,624.402779869747,137894,1378.94
1887,624.487365116729,139099,1390.99
1888,624.571950579179,138948,1389.48
1889,624.656536257342,135635,1356.35
1890,624.741122151463,132320,1323.2
1891,624.825708261788,132217,1322.17
1892,624.91029458856,136009,1360.09
1893,624.994881132027,135367,1353.67
1894,625.079467892432,134013,1340.13
1895,625.16405487002,132814,1328.14
1896,625.248642065038,131113,1311.13
1897,625.33322947773,153162,1531.62
1898,625.41781710834,161034,1610.34
1899,625.502404957115,254944,2549.44
1900,625.5869930243,278443,2784.43
1901,625.671581310139,216941,2169.41
1902,625.756169814878,463309,4633.09
1903,625.840758538762,521963,5219.63
1904,625.925347482035,356657,3566.57
1905,626.009936644944,265081,2650.81
1906,626.094526027733,210837,2108.37
1907,626.179115630648,175370,1753.7
1908,626.263705453933,155773,1557.73
1909,626.348295497833,146438,1464.38
1910,626.432885762595,139846,1398.46
1911,626.517476248462,134621,1346.21
1912,626.60206695568,140940,1409.4
1913,626.686657884495,141893,1418.93
1914,626.771249035151,136028,1360.28
1915,626.855840407893,137068,1370.68
1916,626.940432002967,136385,1363.85
1917,627.025023820618,136270,1362.7
1918,627.10961586109,145717,1457.17
1919,627.19420812463,145600,1456
1920,627.278800611482,144612,1446.12
1921,627.363393321891,143550,1435.5
1922,627.447986256102,161753,1617.53
1923,627.532579414361,164394,1643.94
1924,627.617172796912,149328,1493.28
1925,627.701766404002,139938,1399.38
1926,627.786360235874,134779,1347.79
1927,627.870954292774,134157,1341.57
1928,627.955548574948,132673,1326.73
1929,628.04014308264,139626,1396.26
1930,628.124737816095,141265,1412.65
1931,628.209332775559,137669,1376.69
1932,628.293927961276,134736,1347.36
1933,628.378523373493,131530,1315.3
1934,628.463119012454,129686,1296.86
1935,628.547714878403,129034,1290.34
1936,628.632310971587,131134,1311.34
1937,628.716907292251,133583,1335.83
1938,628.801503840639,134739,1347.39
1939,628.886100616996,133222,1332.22
1940,628.970697621569,130992,1309.92
1941,629.055294854601,129771,1297.71
1942,629.139892316339,131247,1312.47
1943,629.224490007026,133509,1335.09
1944,629.309087926909,132796,1327.96
1945,629.393686076233,132913,1329.13
1946,629.478284455242,132211,1322.11
1947,629.562883064182,130273,1302.73
1948,629.647481903298,129121,1291.21
1949,629.732080972835,128800,1288
1950,629.816680273037,130495,1304.95
1951,629.901279804152,130543,1305.43
1952,629.985879566422,131404,1314.04
1953,630.070479560095,133788,1337.88
1954,630.155079785414,134528,1345.28
1955,630.239680242624,132615,1326.15
1956,630.324280931972,130376,1303.76
1957,630.408881853702,134323,1343.23
1958,630.493483008059,136386,1363.86
1959,630.578084395288,133636,1336.36
1960,630.662686015635,131191,1311.91
1961,630.747287869345,133253,1332.53
1962,630.831889956662,133674,1336.74
1963,630.916492277832,131453,1314.53
1964,631.001094833101,129719,1297.19
1965,631.085697622712,129027,1290.27
1966,631.170300646912,130889,1308.89
1967,631.254903905945,131186,1311.86
1968,631.339507400056,134188,1341.88
1969,631.424111129492,136298,1362.98
1970,631.508715094496,138746,1387.46
1971,631.593319295314,145039,1450.39
1972,631.677923732192,144786,1447.86
1973,631.762528405373,140549,1405.49
1974,631.847133315104,137623,1376.23
1975,631.93173846163,134555,1345.55
1976,632.016343845195,133913,1339.13
1977,632.100949466045,132536,1325.36
1978,632.185555324425,130257,1302.57
1979,632.270161420579,129015,1290.15
1980,632.354767754754,128709,1287.09
1981,632.439374327195,130140,1301.4
1982,632.523981138146,130083,1300.83
1983,632.608588187852,128762,1287.62
1984,632.693195476559,129076,1290.76
1985,632.777803004512,128850,1288.5
1986,632.862410771956,128794,1287.94
1987,632.947018779136,129067,1290.67
1988,633.031627026297,129489,1294.89
1989,633.116235513685,131527,1315.27
1990,633.200844241544,135621,1356.21
1991,633.28545321012,135289,1352.89
1992,633.370062419658,131839,1318.39
1993,633.454671870403,129692,1296.92
1994,633.539281562599,128499,1284.99
1995,633.623891496493,128082,1280.82
1996,633.708501672329,128038,1280.38
1997,633.793112090353,129855,1298.55
1998,633.877722750809,130135,1301.35
1999,633.962333653943,129261,1292.61
2000,634.0469448,128524,1285.24
2001,634.131556189225,127973,1279.73
2002,634.216167821863,129891,1298.91
2003,634.300779698159,130454,1304.54
2004,634.385391818359,129255,1292.55
2005,634.470004182707,128715,1287.15
2006,634.554616791449,128298,1282.98
2007,634.639229644829,129959,1299.59
2008,634.723842743094,141372,1413.72
2009,634.808456086488,145487,1454.87
2010,634.893069675256,139429,1394.29
2011,634.977683509643,136436,1364.36
2012,635.062297589895,136259,1362.59
2013,635.146911916256,136121,1361.21
2014,635.231526488972,134023,1340.23
2015,635.316141308288,284812,2848.12
2016,635.400756374449,326351,3263.51
2017,635.4853716877,247116,2471.16
2018,635.569987248286,201216,2012.16
2019,635.654603056453,171253,1712.53
2020,635.739219112446,153159,1531.59
2021,635.823835416509,143167,1431.67
2022,635.908451968888,141029,1410.29
2023,635.993068769827,151733,1517.33
2024,636.077685819573,151024,1510.24
2025,636.16230311837,155727,1557.27
2026,636.246920666464,154087,1540.87
2027,636.331538464099,218287,2182.87
2028,636.41615651152,232846,2328.46
2029,636.500774808974,188740,1887.4
2030,636.585393356704,162326,1623.26
2031,636.670012154956,163609,1636.09
2032,636.754631203976,162032,1620.32
2033,636.839250504007,149065,1490.65
2034,636.923870055296,139961,1399.61
2035,637.008489858088,136159,1361.59
2036,637.093109912628,133876,1338.76
2037,637.17773021916,131612,1316.12
2038,637.26235077793,130072,1300.72
2039,637.346971589183,135073,1350.73
2040,637.431592653165,138792,1387.92
2041,637.51621397012,135962,1359.62
2042,637.600835540293,133921,1339.21
2043,637.68545736393,134126,1341.26
2044,637.770079441276,134597,1345.97
2045,637.854701772576,132700,1327
2046,637.939324358074,130450,1304.5
2047,638.023947198017,129176,1291.76
