464.9839,508543
465.068515076491,502349
465.153129906126,503621
465.237744489151,503629
465.322358825812,502792
465.406972916352,502550
465.491586761018,502135
465.576200360054,502418
465.660813713705,503582
465.745426822218,505934
465.830039685836,507606
465.914652304805,507844
465.99926467937,507026
466.083876809776,507395
466.168488696269,508235
466.253100339093,1216518
466.337711738494,1417466
466.422322894716,1043169
466.506933808006,820791
466.591544478607,692778
466.676154906766,618816
466.760765092726,576567
466.845375036735,570383
466.929984739036,565819
467.014594199874,553125
467.099203419495,542542
467.183812398145,533974
467.268421136067,530332
467.353029633508,678846
467.437637890711,729728
467.522245907924,669825
467.60685368539,620670
467.691461223355,578120
467.776068522063,556452
467.860675581761,543969
467.945282402693,561532
468.029888985104,596005
468.11449532924,588672
468.199101435345,577656
468.283707303665,564433
468.368312934445,544509
468.45291832793,551401
468.537523484364,567872
468.622128403994,688239
468.706733087065,742829
468.791337533821,675742
468.875941744507,610489
468.96054571937,575852
469.045149458653,556872
469.129752962602,544339
469.214356231462,535797
469.298959265479,531308
469.383562064897,529851
469.468164629962,528054
469.552766960919,526340
469.637369058012,544838
469.721970921487,548673
469.80657255159,540166
469.891173948565,550907
469.975775112657,549429
470.060376044111,536324
470.144976743173,529624
470.229577210088,544565
470.314177445101,548245
470.398777448457,556063
470.483377220402,676879
470.567976761179,714900
470.652576071035,656651
470.737175150215,605726
470.821773998963,570848
470.906372617525,567607
470.990971006146,559282
471.075569165072,717378
471.160167094546,759272
471.244764794815,681807
471.329362266123,628885
471.413959508717,602243
471.498556522839,614997
471.583153308737,618118
471.667749866655,600727
471.752346196838,595420
471.836942299532,595399
471.921538174981,615180
472.00613382343,603805
472.090729245126,570270
472.175324440312,549863
472.259919409234,555075
472.344514152137,552751
472.429108669267,538342
472.513702960868,536407
472.598297027185,545407
472.682890868465,543733
472.767484484951,533501
472.852077876889,525889
472.936671044524,540441
473.021263988101,545254
473.105856707865,538415
473.190449204062,564445
473.275041476937,645738
473.359633526735,680441
473.4442253537,635982
473.528816958078,603351
473.613408340115,596929
473.697999500055,578329
473.782590438143,556147
473.867181154625,544340
473.951771649745,558307
474.03636192375,557898
474.120951976883,545391
474.20554180939,539016
474.290131421517,533617
474.374720813508,549110
474.459309985608,550776
474.543898938063,538330
474.628487671118,532012
474.713076185018,528904
474.797664480008,547207
474.882252556332,708762
474.966840414238,756069
475.051428053968,848333
475.13601547577,836103
475.220602679887,704452
475.305189666564,625043
475.389776436048,579567
475.474362988583,554078
475.558949324414,538679
475.643535443787,532340
475.728121346946,529572
475.812707034136,526458
475.897292505604,648628
475.981877761593,706007
476.066462802349,661433
476.151047628118,628107
476.235632239144,592824
476.320216635672,561728
476.404800817948,561870
476.489384786216,559388
476.573968540723,569186
476.658552081712,672675
476.74313540943,686243
476.827718524121,622327
476.91230142603,581061
476.996884115403,572507
477.081466592484,563032
477.166048857519,545488
477.250630910753,554696
477.335212752432,555722
477.419794382799,543022
477.504375802101,551253
477.588957010582,554658
477.673538008487,543904
477.758118796063,766171
477.842699373553,825280
477.927279741204,699076
478.011859899259,622432
478.096439847965,578539
478.181019587566,557604
478.265599118308,547251
478.350178440435,538312
478.434757554193,532987
478.519336459827,594816
478.603915157582,610336
478.688493647704,572126
478.773071930436,873325
478.857650006026,951610
478.942227874716,776332
479.026805536754,731667
479.111382992383,697614
479.19596024185,647808
479.280537285398,605444
479.365114123274,569555
479.449690755722,547115
479.534267182988,534273
479.618843405317,527979
479.703419422953,542116
479.787995236142,566606
479.87257084513,562826
479.95714625016,547211
480.041721451479,536272
480.126296449331,531281
480.210871243962,544197
480.295445835617,547547
480.380020224541,554278
480.464594410979,552011
480.549168395175,556590
480.633742177377,555086
480.718315757827,541417
480.802889136772,533202
480.887462314457,528536
480.972035291127,524788
481.056608067026,543378
481.141180642401,612783
481.225753017496,618320
481.310325192556,576029
481.394897167827,567991
481.479468943554,559476
481.564040519981,544857
481.648611897354,536125
481.733183075918,528670
481.817754055918,542943
481.9023248376,546398
481.986895421208,550599
482.071465806988,730692
482.156035995184,769542
482.240605986042,681756
482.325175779807,624063
482.409745376725,580514
482.494314777039,554130
482.578883980996,539474
482.663452988841,532314
482.748021800818,526256
482.832590417173,524587
482.91715883815,543849
483.001727063996,564410
483.086295094955,558348
483.170862931273,542902
483.255430573193,538234
483.339998020963,553144
483.424565274826,555823
483.509132335028,542909
483.593699201814,535026
483.678265875429,546930
483.762832356118,547129
483.847398644127,534228
483.9319647397,545063
484.016530643083,606241
484.101096354521,614083
484.185661874258,580337
484.270227202541,556765
484.354792339614,542483
484.439357285722,537057
484.523922041111,550817
484.608486606025,569256
484.69305098071,562088
484.777615165411,555395
484.862179160373,566193
484.946742965841,559903
485.03130658206,558272
485.115870009276,572444
485.200433247733,566660
485.284996297677,549462
485.369559159353,670477
485.454121833005,716750
485.53868431888,646774
485.623246617222,603028
485.707808728276,575406
485.792370652288,552154
485.876932389502,554313
485.961493940164,551633
486.046055304519,538806
486.130616482813,536186
486.215177475289,535629
486.299738282193,566981
486.384298903771,574355
486.468859340268,552081
486.553419591928,537083
486.637979658997,532572
486.722539541719,529642
486.807099240341,541699
486.891658755108,543364
486.976218086263,532858
487.060777234053,527021
487.145336198723,523224
487.229894980517,520452
487.314453579682,522490
487.399011996461,523784
487.483570231101,522251
487.568128283845,521482
487.652686154941,519690
487.737243844632,520459
487.821801353163,545380
487.906358680781,551977
487.990915827729,539171
488.075472794253,532995
488.160029580599,553810
488.244586187011,558220
488.329142613735,545398
488.413698861015,572085
488.498254929097,576127
488.582810818225,573337
488.667366528646,571065
488.751922060605,552827
488.836477414345,542092
488.921032590113,538332
489.005587588153,544110
489.090142408711,693040
489.174697052032,743666
489.259251518361,679190
489.343805807943,622877
489.428359921024,578348
489.512913857847,552513
489.597467618659,540501
489.682021203705,596569
489.76657461323,610046
489.851127847479,571963
489.935680906696,558229
490.020233791128,548357
490.104786501019,535158
490.189339036615,547115
490.27389139816,549417
490.3584435859,537021
490.44299560008,528489
490.527547440945,523343
490.612099108739,520513
490.69665060371,519380
490.7812019261,520383
490.865753076156,538248
490.950304054123,543839
491.034854860246,535694
491.119405494769,531136
491.203955957939,529120
491.288506249999,528585
491.373056371197,525755
491.457606321775,543033
491.54215610198,552131
491.626705712057,540691
491.711255152251,530569
491.795804422807,524785
491.88035352397,522202
491.964902455985,523201
492.049451219098,542461
492.133999813553,545853
492.218548239596,535163
492.303096497471,545088
492.387644587425,558300
492.472192509702,567855
492.556740264546,606722
492.641287852205,602325
492.725835272921,565860
492.810382526942,550282
492.894929614511,596518
492.979476535874,603517
493.064023291276,568751
493.148569880962,560774
493.233116305178,552535
493.317662564167,537914
493.402208658177,533341
493.486754587451,529691
493.571300352235,525161
493.655845952774,521403
493.740391389313,537609
493.824936662097,541866
493.909481771372,546727
493.994026717382,544579
494.078571500372,533329
494.163116120589,529116
494.247660578276,526848
494.33220487368,671710
494.416749007044,712676
494.501292978615,634990
494.585836788637,587184
494.670380437356,559784
494.754923925017,546381
494.839467251864,556377
494.924010418144,553770
495.0085534241,539633
495.093096269979,612015
495.177638956025,629362
495.262181482484,601630
495.3467238496,595605
495.431266057619,573992
495.515808106786,570007
495.600349997346,562386
495.684891729544,544648
495.769433303626,542272
495.853974719836,536857
495.938515978419,527680
496.023057079622,523726
496.107598023688,522447
496.192138810863,539540
496.276679441392,542713
496.361219915521,541585
496.445760233493,701597
496.530300395556,740715
496.614840401953,650000
496.69938025293,625224
496.783919948731,603331
496.868459489603,585685
496.95299887579,569512
497.037538107538,586607
497.12207718509,584210
497.206616108694,574414
497.291154878593,564355
497.375693495033,548198
497.460231958259,536661
497.544770268516,530578
497.629308426049,529301
497.713846431104,525897
497.798384283926,539225
497.882921984759,542480
497.967459533848,533879
498.05199693144,546853
498.136534177779,568814
498.22107127311,563608
498.305608217678,545491
498.390145011729,535012
498.474681655507,528448
498.559218149259,525382
498.643754493228,525672
498.72829068766,523008
498.8128267328,519786
498.897362628894,519952
498.981898376185,521192
499.066433974921,523706
499.150969425345,542807
499.235504727703,624771
499.32003988224,634622
499.404574889201,601781
499.489109748831,581821
499.573644461376,557743
499.65817902708,541558
499.742713446188,533185
499.827247718947,528178
499.9117818456,525865
499.996315826393,522623
500.080849661572,520837
500.165383351381,521482
500.249916896065,520402
500.33445029587,521725
500.41898355104,621246
500.503516661822,648826
500.588049628459,595236
500.672582451197,566811
500.757115130282,549198
500.841647665958,537742
500.92618005847,529183
501.010712308064,656661
501.095244414985,708177
501.179776379478,657537
501.264308201788,610960
501.34883988216,592456
501.433371420839,574426
501.517902818071,548742
501.6024340741,555885
501.686965189172,567345
501.771496163532,555568
501.856026997425,539443
501.940557691096,529722
502.02508824479,523819
502.109618658753,542569
502.194148933229,546943
502.278679068464,534803
502.363209064702,529227
502.44773892219,524445
502.532268641171,538100
502.616798221892,543768
502.701327664597,536824
502.785856969531,531152
502.87038613694,543290
502.954915167069,561132
503.039444060163,554555
503.123972816466,539284
503.208501436225,549657
503.293029919684,554446
503.377558267088,561329
503.462086478683,575730
503.546614554714,589013
503.631142495425,576336
503.715670301062,551780
503.800197971871,536629
503.884725508095,527935
503.969252909981,539137
504.053780177773,559573
504.138307311717,556644
504.222834312058,560254
504.307361179041,558858
504.39188791291,562827
504.476414513912,567549
504.560940982291,638539
504.645467318292,647257
504.729993522161,592303
504.814519594143,576684
504.899045534482,575096
504.983571343424,585031
505.068097021215,591108
505.152622568098,588466
505.23714798432,644269
505.321673270126,642583
505.40619842576,591690
505.490723451468,560928
505.575248347494,559023
505.659773114085,552101
505.744297751485,681425
505.828822259939,732142
505.913346639693,655681
505.997870890991,598117
506.082395014079,564244
506.166919009201,546187
506.251442876604,533730
506.335966616531,542939
506.420490229229,544203
506.505013714942,535453
506.589537073916,531944
506.674060306396,544122
506.758583412626,549847
506.843106392852,540454
506.927629247319,533066
507.012151976272,527278
507.096674579957,541857
507.181197058618,551317
507.2657194125,542084
507.350241641849,681110
507.43476374691,736382
507.519285727928,659170
507.603807585148,598772
507.688329318816,567248
507.772850929175,566580
507.857372416473,577567
507.941893780953,566110
508.02641502286,548241
508.110936142441,536570
508.195457139939,544696
508.279978015601,544286
508.364498769671,536653
508.449019402395,530736
508.533539914017,524726
508.618060304783,536815
508.702580574937,538504
508.787100724726,530218
508.871620754394,534133
508.956140664186,609597
509.040660454347,649111
509.125180125123,688175
509.209699676758,671767
509.294219109499,706410
509.378738423589,695291
509.463257619274,639468
509.5477766968,600299
509.632295656411,565001
509.716814498352,544924
509.801333222869,532963
509.885851830207,525572
509.97037032061,524013
510.054888694324,522334
510.139406951595,540802
510.223925092667,545195
510.308443117785,534326
510.392961027195,531054
510.477478821141,545479
510.56199649987,563622
510.646514063625,576016
510.731031512652,585246
510.815548847197,571745
510.900066067503,553597
510.984583173818,540471
511.069100166384,548223
511.153617045449,547297
511.238133811256,552553
511.322650464052,550732
511.407167004081,537045
511.491683431587,565253
511.576199746818,570624
511.660715950017,566934
511.745232041429,560589
511.829748021301,543938
511.914263889876,535267
511.9987796474,535058
512.083295294119,531546
512.167810830277,528902
512.252326256119,539907
512.336841571891,555469
512.421356777838,627201
512.505871874205,635589
512.590386861236,606792
512.674901739178,582195
512.759416508275,555442
512.843931168773,540931
512.928445720916,549002
513.01296016495,565070
513.097474501119,556724
513.18198872967,541255
513.266502850847,533438
513.351016864895,545203
513.435530772059,547419
513.520044572585,535682
513.604558266717,528593
513.689071854701,559990
513.773585336782,580422
513.858098713206,583869
513.942611984216,588201
514.027125150058,603590
514.111638210978,610521
514.196151167221,586860
514.280664019031,557596
514.365176766654,542278
514.449689410336,547912
514.53420195032,563641
514.618714386852,557120
514.703226720178,540872
514.787738950542,531893
514.87225107819,525557
514.956763103367,520553
515.041275026318,518724
515.125786847287,558435
515.210298566521,568744
515.294810184265,546534
515.379321700762,534800
515.463833116259,531054
515.548344431001,527176
515.632855645233,541784
515.7173667592,545225
515.801877773147,542763
515.886388687319,555097
515.970899501962,550685
516.05541021732,536263
516.139920833639,528042
516.224431351163,524864
516.308941770138,523960
516.39345209081,522222
516.477962313423,519761
516.562472438222,533831
516.646982465452,555449
516.731492395359,580764
516.816002228188,577479
516.900511964184,555093
516.985021603591,573910
517.069531146656,607316
517.154040593623,644897
517.238549944738,627045
517.323059200245,597310
517.40756836039,575996
517.492077425417,552669
517.576586395573,538417
517.661095271101,673565
517.745604052248,708432
517.830112739258,627527
517.914621332376,618086
517.999129831848,604326
518.083638237919,571422
518.168146550834,549689
518.252654770838,535213
518.337162898176,528766
518.421670933093,524855
518.506178875835,521996
518.590686726646,519909
518.675194485772,521477
518.759702153457,537806
518.844209729948,541918
518.928717215489,531948
519.013224610325,542575
519.097731914701,548537
519.182239128863,538898
519.266746253055,531908
519.351253287523,527693
519.435760232512,523998
519.520267088267,522973
519.604773855033,522058
519.689280533056,520312
519.77378712258,519983
519.85829362385,518824
519.942800037113,537299
520.027306362612,542994
520.111812600593,531410
520.196318751301,524263
520.280824814981,520021
520.365330791879,517559
520.449836682239,519521
520.534342486307,522500
520.618848204327,522398
520.703353836546,537466
520.787859383207,540916
520.872364844557,565358
520.95687022084,663867
521.041375512301,669871
521.125880719186,605899
521.21038584174,567975
521.294890880208,612200
521.379395834834,617721
521.463900705865,591458
521.548405493545,571932
521.632910198119,549438
521.717414819833,536099
521.801919358931,527659
521.88642381566,522922
521.970928190263,538789
522.055432482986,1500768
522.139936694074,1757828
522.224440823773,1255402
522.308944872327,954442
522.393448839982,772327
522.477952726982,683078
522.562456533574,711738
522.646960260001,690000
522.731463906509,639521
522.815967473344,620528
522.90047096075,587428
522.984974368973,556212
523.069477698257,538823
523.153980948848,530288
523.238484120991,525735
523.322987214931,522794
523.407490230914,539032
523.491993169183,562469
523.576496029985,734609
523.660998813565,767061
523.745501520167,808422
523.830004150038,788707
523.914506703421,677505
523.999009180562,610611
524.083511581707,570461
524.1680139071,547928
524.252516156987,535130
524.337018331612,526689
524.421520431221,538931
524.506022456059,543671
524.590524406371,533260
524.675026282403,631424
524.759528084398,659804
524.844029812603,601557
524.928531467263,565614
525.013033048623,631649
525.097534556927,648080
525.182035992421,597276
525.266537355351,563742
525.351038645961,544559
525.435539864496,553504
525.520041011202,552987
525.604542086324,540678
525.689043090106,574177
525.773544022794,578658
525.858044884634,574028
525.942545675869,567466
526.027046396746,546882
526.11154704751,535103
526.196047628405,529138
526.280548139677,545134
526.36504858157,548381
526.449548954331,536331
526.534049258204,531899
526.618549493434,546221
526.703049660267,548144
526.787549758947,537488
526.87204978972,545746
526.956549752831,548457
527.041049648525,539166
527.125549477046,532002
527.210049238641,618925
527.294548933555,652978
527.379048562032,605236
527.463548124317,569292
527.548047620657,555074
527.632547051295,546600
527.717046416477,539492
527.801545716449,562860
527.886044951455,568304
527.97054412174,606481
528.05504322755,608477
528.139542269129,572694
528.224041246724,561386
528.308540160578,567100
528.393039010938,560676
528.477537798047,544380
528.562036522152,548689
528.646535183498,564225
528.731033782329,573731
528.815532318891,563070
528.900030793429,546902
528.984529206188,535893
529.069027557414,529276
529.15352584735,524932
529.238024076243,521707
529.322522244338,519886
529.407020351879,519858
529.491518399112,521722
529.576016386283,522252
529.660514313635,521017
529.745012181415,519073
529.829509989866,518149
529.914007739236,517658
529.998505429768,533800
530.083003061708,539740
530.167500635301,531668
530.251998150792,526618
530.336495608426,527418
530.420993008449,543310
530.505490351105,561037
530.589987636639,570698
530.674484865298,576757
530.758982037325,564401
530.843479152966,544887
530.927976212466,533872
531.012473216071,530921
531.096970164025,780393
531.181467056574,862865
531.265963893962,729212
531.350460676435,639227
531.434957404238,589466
531.519454077616,561125
531.603950696814,554503
531.688447262078,551847
531.772943773652,543183
531.857440231782,534652
531.941936636713,527533
532.026432988689,539894
532.110929287956,543858
532.19542553476,550429
532.279921729345,548522
532.364417871956,535301
532.448913962839,527184
532.533410002239,524161
532.6179059904,523665
532.702401927568,521404
532.786897813989,520643
532.871393649906,555839
532.955889435567,582812
533.040385171214,569343
533.124880857094,695357
533.209376493452,723324
533.293872080533,639812
533.378367618582,589331
533.462863107844,674916
533.547358548564,690237
533.631853940988,634704
533.71634928536,599335
533.800844581926,622420
533.885339830931,616326
533.96983503262,577343
534.054330187238,553178
534.13882529503,553646
534.223320356242,550122
534.307815371118,536879
534.392310339903,529261
534.476805262844,524313
534.561300140184,521257
534.64579497217,553329
534.730289759045,561125
534.814784501056,559167
534.899279198448,556016
534.983773851465,541212
535.068268460352,547690
535.152763025356,596533
535.23725754672,692596
535.321752024691,692281
535.406246459513,625126
535.490740851431,579512
535.575235200691,552028
535.659729507538,537744
535.744223772216,2559656
535.828717994971,3128114
535.913212176048,2039293
535.997706315693,1389573
536.08220041415,1067100
536.166694471664,868303
536.251188488481,720968
536.335682464845,633906
536.420176401003,586342
536.504670297198,558520
536.589164153677,540861
536.673657970684,532293
536.758151748464,533006
536.842645487263,530338
536.927139187325,524724
537.011632848896,539321
537.096126472221,545370
537.180620057546,558324
537.265113605114,573910
537.349607115172,562791
537.434100587964,549484
537.518594023736,540010
537.603087422733,532534
537.687580785199,530444
537.772074111381,544348
537.856567401522,603967
537.941060655869,676894
538.025553874667,682040
538.11004705816,680223
538.194540206593,723546
538.279033320213,787739
538.363526399263,852091
538.44801944399,897981
538.532512454637,916336
538.617005431451,920259
538.701498374677,887071
538.785991284559,835315
538.870484161343,791442
538.954977005273,772517
539.039469816596,749725
539.123962595556,720071
539.208455342398,732344
539.292948057368,742574
539.37744074071,716536
539.46193339267,705896
539.546426013493,707021
539.630918603424,720086
539.715411162708,705658
539.79990369159,686597
539.884396190315,666991
539.968888659129,767364
540.053381098277,807519
540.137873508003,725056
540.222365888553,650456
540.306858240173,602428
540.391350563106,570239
540.475842857599,584354
540.560335123896,581938
540.644827362243,573387
540.729319572884,580463
540.813811756066,567646
540.898303912032,547808
540.982796041028,535286
541.0672881433,527572
541.151780219092,524832
541.23627226865,522323
541.320764292218,520115
541.405256290042,521611
541.489748262367,534643
541.574240209438,558832
541.6587321315,556698
541.743224028798,558379
541.827715901578,554262
541.912207750085,538161
541.996699574563,530874
542.081191375258,528066
542.165683152415,543607
542.250174906279,544839
542.334666637096,533486
542.41915834511,527608
542.503650030566,632298
542.58814169371,677660
542.672633334787,659639
542.757124954042,626735
542.841616551719,582584
542.926108128065,572823
543.010599683325,562941
543.095091217743,548060
543.179582731564,673861
543.264074225034,704575
543.348565698398,627701
543.433057151901,581527
543.517548585789,554535
543.602040000305,572485
543.686531395696,591921
543.771022772206,575124
543.855514130081,571054
543.940005469566,578847
544.024496790906,564817
544.108988094346,579526
544.193479380131,591956
544.277970648506,571080
544.362461899717,548490
544.446953134009,553037
544.531444351626,552104
544.615935552814,552769
544.700426737818,554858
544.784917906884,544693
544.869409060255,552889
544.953900198178,553956
545.038391320898,540791
545.122882428659,532752
545.207373521708,527521
545.291864600288,523652
545.376355664645,521103
545.460846715024,679170
545.545337751671,725288
545.62982877483,642444
545.714319784747,608170
545.798810781666,602745
545.883301765834,582100
545.967792737495,572091
546.052283696893,564501
546.136774644275,565788
546.221265579886,558972
546.30575650397,543882
546.390247416772,535507
546.474738318539,528836
546.559229209514,526835
546.643720089944,525316
546.728210960073,521672
546.812701820146,532293
546.897192670409,559111
546.981683511106,560450
547.066174342483,544949
547.150665164785,543554
547.235155978257,556575
547.319646783145,552705
547.404137579692,542007
547.488628368145,535299
547.573119148749,529008
547.657609921748,526404
547.742100687388,541950
547.826591445914,543784
547.911082197572,535792
547.995572942605,533106
548.08006368126,528312
548.164554413782,525558
548.249045140415,524480
548.333535861404,524369
548.418026576996,608514
548.502517287435,631017
548.587007992966,586794
548.671498693834,560670
548.755989390285,574721
548.840480082563,590712
548.924970770915,572293
549.009461455584,551692
549.093952136815,555619
549.178442814856,551131
549.262933489949,537662
549.347424162341,568272
549.431914832276,573994
549.5164055,551853
549.600896165758,549040
549.685386829794,545327
549.769877492355,535630
549.854368153685,531933
549.938858814029,619421
550.023349473633,659103
550.107840132742,633422
550.1923307916,599361
550.276821450453,565690
550.361312109546,547463
550.445802769124,554882
550.530293429432,553971
550.614784090716,539631
550.69927475322,532528
550.78376541719,527570
550.868256082871,523096
550.952746750508,523001
551.037237420346,538884
551.12172809263,544242
551.206218767606,534918
551.290709445518,529489
551.375200126611,525370
551.459690811131,542301
551.544181499323,547916
551.628672191433,539213
551.713162887704,532530
551.797653588383,527076
551.882144293714,523635
551.966635003943,523212
552.051125719314,542086
552.135616440073,575689
552.220107166465,571165
552.304597898735,562512
552.389088637129,554276
552.473579381891,643588
552.558070133266,664746
552.6425608915,606586
552.727051656838,571628
552.811542429524,675488
552.896033209805,697868
552.980523997925,643508
553.065014794129,603788
553.149505598662,569363
553.23399641177,550920
553.318487233698,556233
553.402978064691,621445
553.487468904993,682650
553.571959754851,654750
553.656450614509,598078
553.740941484213,563615
553.825432364206,577871
553.909923254736,577465
553.994414156046,585798
554.078905068382,580555
554.16339599199,555470
554.247886927113,542113
554.332377873998,648364
554.416868832889,674507
554.501359804032,609984
554.585850787671,573400
554.670341784053,552257
554.754832793421,539231
554.839323816021,531119
554.923814852099,525535
555.008305901899,523586
555.092796965667,558638
555.177288043647,567145
555.261779136085,675728
555.346270243226,700926
555.430761365315,644622
555.515252502597,621871
555.599743655318,596556
555.684234823722,570053
555.768726008055,571280
555.853217208561,581350
555.937708425486,566728
556.022199659075,665870
556.106690909574,689051
556.191182177226,637682
556.275673462278,599435
556.360164764975,581418
556.444656085561,591163
556.529147424282,577362
556.613638781383,557461
556.698130157109,547074
556.782621551706,554514
556.867112965417,553598
556.951604398489,569159
557.036095851167,603501
557.120587323695,591491
557.20507881632,559780
557.289570329285,541815
557.374061862836,548982
557.458553417219,554274
557.543044992678,558821
557.627536589459,555230
557.712028207806,562201
557.796519847966,558816
557.881011510182,576071
557.9655031947,594311
558.049994901765,576181
558.134486631623,552840
558.218978384519,538248
558.303470160697,546776
558.387961960402,546450
558.472453783881,546227
558.556945631378,551071
558.641437503137,687745
558.725929399405,766427
558.810421320427,697869
558.894913266447,622268
558.97940523771,580440
559.063897234463,572978
559.14838925695,580285
559.232881305415,567901
559.317373380105,547603
559.401865481264,554828
559.486357609138,554148
559.570849763971,539777
559.65534194601,534549
559.739834155498,550778
559.824326392681,552402
559.908818657804,557047
559.993310951113,552614
560.077803272852,538597
560.162295623266,532180
560.246788002602,527137
560.331280411103,541864
560.415772849015,562085
560.500265316583,574820
560.584757814052,598862
560.669250341668,589162
560.753742899676,559103
560.83823548832,559344
560.922728107845,554124
561.007220758498,539786
561.091713440523,532482
561.176206154165,527445
561.260698899669,526897
561.345191677281,525294
561.429684487245,522830
561.514177329807,523289
561.598670205212,523867
561.683163113705,528750
561.767656055531,529677
561.852149030935,542800
561.936642040163,563480
562.021135083459,558482
562.105628161069,544009
562.190121273237,552791
562.27461442021,552152
562.359107602232,595094
562.443600819547,601233
562.528094072403,583090
562.612587361042,612111
562.697080685712,620046
562.781574046656,605433
562.866067444119,672938
562.950560878348,673676
563.035054349587,609869
563.119547858082,590271
563.204041404076,576471
563.288534987816,561529
563.373028609547,548330
563.457522269514,538171
563.542015967961,531928
563.626509705135,543445
563.71100348128,562518
563.795497296641,557005
563.879991151464,541418
563.964485045993,531954
564.048978980475,526732
564.133472955153,529490
564.217966970273,530252
564.30246102608,545428
564.386955122819,564429
564.471449260736,574098
564.555943440075,562983
564.640437661083,544486
564.724931924002,889272
564.80942622908,1001749
564.893920576561,812961
564.97841496669,706272
565.062909399713,642369
565.147403875874,645191
565.231898395419,629811
565.316392958592,585199
565.400887565639,557584
565.485382216806,542270
565.569876912336,532758
565.654371652476,526894
565.73886643747,538017
565.823361267564,542300
565.907856143003,635172
565.992351064031,660412
566.076846030894,606028
566.161341043838,570865
566.245836103106,548429
566.330331208945,536914
566.4148263616,531792
566.499321561315,544682
566.583816808336,546180
566.668312102908,552572
566.752807445276,549345
566.837302835685,542740
566.92179827438,547522
567.006293761607,543522
567.090789297611,533394
567.175284882636,554542
567.259780516928,560088
567.344276200732,543087
567.428771934293,533125
567.513267717856,543968
567.597763551667,545180
567.68225943597,534223
567.766755371011,630735
567.851251357034,658110
567.935747394286,600783
568.020243483011,599809
568.104739623454,588982
568.18923581586,672895
568.273732060474,687649
568.358228357543,616559
568.442724707309,576083
568.52722111002,552771
568.61171756592,538249
568.696214075254,532474
568.780710638267,529077
568.865207255205,524831
568.949703926312,525122
569.034200651834,542835
569.118697432015,545661
569.203194267102,535506
569.287691157338,545781
569.37218810297,573451
569.456685104242,620487
569.5411821614,618090
569.625679274688,582604
569.710176444352,576942
569.794673670637,566312
569.879170953788,546941
569.96366829405,552339
570.048165691668,585893
570.132663146887,583795
570.217160659954,593948
570.301658231112,589841
570.386155860606,563595
570.470653548683,547273
570.555151295587,536275
570.639649101562,529322
570.724146966856,525449
570.808644891712,541412
570.893142876375,565861
570.977640921091,566493
571.062139026105,563061
571.146637191662,647040
571.231135418007,657940
571.315633705386,597503
571.400132054043,580545
571.484630464223,585667
571.569128936172,571572
571.653627470135,549754
571.738126066357,573557
571.822624725083,595778
571.907123446559,577171
571.991622231028,588272
572.076121078737,614175
572.160619989931,600138
572.245118964855,586450
572.329618003753,573339
572.414117106872,576633
572.498616274455,600688
572.583115506749,588669
572.667614803999,559174
572.752114166448,542185
572.836613594344,536125
572.921113087931,534979
573.005612647453,529657
573.090112273157,525041
573.174611965286,541772
573.259111724088,577376
573.343611549805,612910
573.428111442685,728648
573.512611402971,747935
573.597111430909,882549
573.681611526744,898997
573.766111690721,799526
573.850611923086,714246
573.935112224083,631228
574.019612593957,583210
574.104113032955,559222
574.18861354132,561536
574.273114119298,557622
574.357614767134,559139
574.442115485074,552735
574.526616273362,776989
574.611117132243,837683
574.695618061963,788000
574.780119062767,747216
574.8646201349,664736
574.949121278607,622094
575.033622494133,604498
575.118123781723,596051
575.202625141623,575908
575.287126574078,551602
575.371628079332,540023
575.456129657631,535346
575.54063130922,533400
575.625133034344,548467
575.709634833249,580067
575.794136706179,577495
575.878638653379,555648
575.963140675095,540706
576.047642771572,531099
576.132144943055,529319
576.216647189789,549250
576.301149512019,552606
576.38565190999,539456
576.470154383948,530451
576.554656934138,527940
576.639159560804,547425
576.723662264192,553092
576.808165044547,695552
576.892667902114,746002
576.977170837139,662281
577.061673849866,600888
577.146176940541,565731
577.230680109408,546568
577.315183356713,538025
577.399686682701,547298
577.484190087617,663924
577.568693571706,685706
577.653197135214,617243
577.737700778385,595080
577.822204501465,577516
577.906708304698,553614
577.991212188331,706121
578.075716152607,743967
578.160220197773,667948
578.244724324073,618815
578.329228531752,614016
578.413732821056,619296
578.49823719223,590483
578.582741645518,559841
578.667246181166,559315
578.75175079942,556356
578.836255500524,560590
578.920760284723,596075
579.005265152262,594156
579.089770103388,566588
579.174275138344,547870
579.258780257375,535083
579.343285460728,528664
579.427790748647,526466
579.512296121378,524619
579.596801579165,522372
579.681307122253,525976
579.765812750888,526785
579.850318465315,522753
579.934824265779,520403
580.019330152525,519594
580.103836125799,610900
580.188342185844,638257
580.272848332908,604949
580.357354567233,580207
580.441860889067,554896
580.526367298654,540454
580.610873796238,566072
580.695380382066,570316
580.779887056382,550439
580.864393819432,568222
580.94890067146,570708
581.033407612712,550612
581.117914643433,539149
581.202421763867,533995
581.286928974261,532111
581.371436274859,545974
581.455943665907,548077
581.540451147649,553961
581.62495872033,550681
581.709466384197,537554
581.793974139493,531291
581.878481986465,560610
581.962989925357,567487
582.047497956414,582889
582.132006079881,599919
582.216514296004,580340
582.301022605028,556964
582.385531007198,590423
582.470039502758,596811
582.554548091955,569033
582.639056775033,551378
582.723565552238,537752
582.808074423814,531643
582.892583390007,528862
582.977092451061,561271
583.061601607223,570518
583.146110858736,559327
583.230620205847,558732
583.3151296488,549600
583.399639187841,553326
583.484148823214,550557
583.568658555165,539522
583.653168383939,532323
583.73767830978,559581
583.822188332935,567618
583.906698453649,564494
583.991208672165,555859
584.075718988731,540682
584.16022940359,548250
584.244739916987,547807
584.329250529169,535798
584.41376124038,528370
584.498272050865,525827
584.58278296087,526258
584.667293970638,569927
584.751805080417,613575
584.83631629045,600387
584.920827600983,569265
585.005339012262,550427
585.08985052453,554505
585.174362138034,567203
585.258873853018,573590
585.343385669727,562109
585.427897588408,544078
585.512409609304,532960
585.596921732661,526343
585.681433958724,535431
585.765946287739,537352
585.85045871995,548841
585.934971255602,568305
586.019483894941,598114
586.103996638212,607928
586.18850948566,582422
586.27302243753,559342
586.357535494067,544913
586.442048655516,652713
586.526561922122,779908
586.611075294132,741970
586.695588771789,650516
586.780102355339,598923
586.864616045027,585379
586.949129841097,570045
587.033643743797,548204
587.118157753369,536162
587.20267187006,529127
587.287186094115,525138
587.371700425779,523932
587.456214865296,521742
587.540729412912,520317
587.625244068873,520121
587.709758833423,535850
587.794273706808,540945
587.878788689272,534749
587.963303781061,529832
588.047818982419,526949
588.132334293593,539648
588.216849714827,561189
588.301365246366,558846
588.385880888455,544205
588.47039664134,534064
588.554912505266,527868
588.639428480477,542879
588.72394456722,571325
588.808460765738,603420
588.892977076278,593463
588.977493499084,562383
589.062010034401,543838
589.146526682475,534246
589.231043443551,528728
589.315560317874,524743
589.400077305689,522010
589.48459440724,521590
589.569111622774,537338
589.653628952536,567428
589.73814639677,567311
589.822663955722,548821
589.907181629636,990433
589.991699418759,1145728
590.076217323334,944529
590.160735343608,789336
590.245253479825,675273
590.329771732231,608420
590.41429010107,733157
590.498808586588,756945
590.58332718903,659344
590.667845908641,616788
590.752364745666,587242
590.83688370035,559578
590.921402772939,558647
591.005921963678,587559
591.090441272811,582973
591.174960700584,573298
591.259480247241,577107
591.343999913029,580535
591.428519698192,567636
591.513039602976,548339
591.597559627625,538407
591.682079772385,531926
591.7666000375,525296
591.851120423216,523940
591.935640929779,523434
592.020161557432,532034
592.104682306422,533522
592.189203176993,526437
592.273724169391,522617
592.35824528386,519450
592.442766520647,518923
592.527287879995,538465
592.611809362151,545119
592.696330967358,671502
592.780852695863,702625
592.865374547911,626649
592.949896523746,582323
593.034418623614,557255
593.11894084776,722446
593.203463196429,763036
593.287985669866,663154
593.372508268317,602603
593.457030992026,568888
593.541553841238,549901
593.626076816199,542427
593.710599917154,535676
593.795123144348,529930
593.879646498027,526402
593.964169978434,557897
594.048693585816,568052
594.133217320417,548681
594.217741182483,553902
594.302265172259,552112
594.38678928999,555694
594.47131353592,551987
594.555837910296,555049
594.640362413363,551503
594.724887045364,641423
594.809411806547,663018
594.893936697155,603546
594.978461717434,602258
595.062986867629,591203
595.147512147985,564035
595.232037558747,582063
595.316563100161,613819
595.401088772471,609974
595.485614575923,582184
595.570140510762,558646
595.654666577233,543769
595.73919277558,550960
595.82371910605,557346
595.908245568888,549643
595.992772164338,571994
596.077298892645,611730
596.161825754055,599808
596.246352748813,566157
596.330879877164,549422
596.415407139353,612709
596.499934535626,627071
596.584462066227,589873
596.668989731401,583886
596.753517531394,589476
596.838045466451,591751
596.922573536817,574959
597.007101742737,555161
597.091630084456,697221
597.17615856222,809049
597.260687176273,751146
597.345215926861,677206
597.429744814228,656801
597.51427383862,622728
597.598803000283,579625
597.68333229946,588967
597.767861736398,583239
597.852391311341,588834
597.936921024535,584249
598.021450876224,574780
598.105980866655,580431
598.190510996071,567263
598.275041264718,563465
598.359571672842,572494
598.444102220687,583490
598.528632908498,572431
598.613163736522,567240
598.697694705001,598001
598.782225814183,606013
598.866757064312,595777
598.951288455633,575690
599.035819988391,568205
599.120351662832,577879
599.2048834792,566065
599.289415437741,545425
599.3739475387,537093
599.458479782322,552758
599.543012168852,570710
599.627544698535,577974
599.712077371617,564675
599.796610188342,546739
599.881143148956,556189
599.965676253703,572286
600.05020950283,564391
600.13474289658,546559
600.2192764352,536937
600.303810118934,548850
600.388343948028,549868
600.472877922726,538019
600.557412043273,548180
600.641946309916,548029
600.726480722899,538037
600.811015282466,533349
600.895549988864,528496
600.980084842338,524581
601.064619843132,536841
601.149154991491,540996
601.233690287662,553149
601.318225731888,554603
601.402761324415,542131
601.487297065489,549734
601.571832955354,551826
601.656368994255,558834
601.740905182438,554122
601.825441520148,539323
601.90997800763,552486
601.994514645128,571192
602.079051432889,576325
602.163588371157,566024
602.248125460177,564540
602.332662700195,558266
602.417200091456,561647
602.501737634204,556262
602.586275328686,541701
602.670813175145,533473
602.755351173828,577387
602.839889324979,588312
602.924427628843,575730
603.008966085667,578758
603.093504695693,566702
603.178043459169,547697
603.262582376339,556384
603.347121447448,567621
603.431660672741,562821
603.516200052464,549252
603.600739586861,537057
603.685279276178,531664
603.769819120659,533614
603.854359120551,531195
603.938899276098,551884
604.023439587545,573706
604.107980055137,564383
604.19252067912,562185
604.277061459738,556286
604.361602397237,540884
604.446143491862,531065
604.530684743859,622862
604.615226153471,704836
604.699767720944,684501
604.784309446525,629264
604.868851330456,600850
604.953393372984,614652
605.037935574354,630926
605.122477934812,605312
605.207020454601,683199
605.291563133967,693802
605.376105973156,626717
605.460648972412,585992
605.545192131981,557715
605.629735452108,541025
605.714278933038,531587
605.798822575015,562914
605.883366378286,571762
605.967910343095,549781
606.052454469688,535348
606.136998758309,529904
606.221543209204,547160
606.306087822618,550554
606.390632598795,538470
606.475177537982,547894
606.559722640423,565512
606.644267906364,574274
606.728813336049,579421
606.813358929724,565947
606.897904687633,545751
606.982450610022,534334
607.066996697137,527363
607.151542949221,540288
607.236089366521,560369
607.320635949282,554193
607.405182697748,539559
607.489729612165,552595
607.574276692777,553575
607.658823939831,539460
607.74337135357,548550
607.827918934241,564501
607.912466682089,555951
607.997014597358,539335
608.081562680293,584240
608.16611093114,594707
608.250659350145,582117
608.335207937551,582565
608.419756693605,577483
608.504305618551,560221
608.588854712634,558886
608.6734039761,553200
608.757953409194,591502
608.84250301216,619939
608.927052785245,593390
609.011602728693,567087
609.096152842749,550539
609.180703127658,537661
609.265253583666,528531
609.349804211018,526945
609.434355009958,541631
609.518905980733,542792
609.603457123586,568545
609.688008438764,740072
609.772559926511,763005
609.857111587073,660255
609.941663420694,599715
610.02621542762,564995
610.110767608096,565769
610.195319962366,560165
610.279872490677,542192
610.364425193274,531353
610.4489780704,526033
610.533531122303,524152
610.618084349226,528040
610.702637751414,546242
610.787191329114,563795
610.87174508257,556308
610.956299012027,574533
611.04085311773,575005
611.125407399925,552177
611.209961858857,537186
611.29451649477,652905
611.37907130791,724281
611.463626298523,666475
611.548181466852,620170
611.632736813144,623506
611.717292337643,607192
611.801848040595,573127
611.886403922244,552475
611.970959982837,557192
612.055516222617,567413
612.14007264183,577780
612.224629240722,585000
612.309186019537,576049
612.39374297852,633004
612.478300117917,645900
612.562857437973,686681
612.647414938933,696266
612.731972621042,634703
612.816530484545,585620
612.901088529688,646715
612.985646756714,654871
613.070205165871,613971
613.154763757402,585565
613.239322531553,558726
613.323881488569,559789
613.408440628695,554127
613.492999952176,538974
613.577559459258,548062
613.662119150185,564653
613.746679025203,556717
613.831239084557,541261
613.915799328492,550018
614.000359757252,550799
614.084920371084,540563
614.169481170232,534989
614.254042154942,535037
614.338603325458,531693
614.423164682026,546763
614.507726224891,566551
614.592287954298,558255
614.676849870492,637845
614.761411973718,654883
614.845974264222,596992
614.930536742248,565992
615.015099408042,567516
615.099662261849,561322
615.184225303914,545130
615.268788534481,554098
615.353351953797,552034
615.437915562106,572189
615.522479359654,577690
615.607043346685,554891
615.691607523446,625866
615.776171890179,641069
615.860736447132,590283
615.94530119455,562262
616.029866132676,562930
616.114431261757,559667
616.198996582037,563743
616.283562093762,573992
616.368127797177,580058
616.452693692527,567646
616.537259780057,547141
616.621826060012,554782
616.706392532638,573334
616.790959198179,565274
616.87552605688,546552
616.960093108988,649954
617.044660354746,677680
617.1292277944,659980
617.213795428195,679374
617.298363256377,646387
617.38293127919,594641
617.46749949688,563277
617.552067909691,544506
617.63663651787,533507
617.72120532166,2620759
617.805774321307,3236333
617.890343517057,2123398
617.974912909154,1440082
618.059482497843,1046321
618.14405228337,823486
618.22862226598,695127
618.313192445918,619370
618.397762823429,653180
618.482333398757,669500
618.56690417215,621665
618.65147514385,597894
618.736046314105,578261
618.820617683158,556652
618.905189251254,546149
618.98976101864,541383
619.07433298556,535000
619.158905152259,555230
619.243477518983,674192
619.328050085976,689703
619.412622853484,636873
619.497195821751,617341
619.581768991023,627372
619.666342361546,608608
619.750915933564,571911
619.835489707321,550815
619.920063683065,575499
620.004637861039,594443
620.089212241489,573301
620.173786824659,549189
620.258361610796,543560
620.342936600144,539408
620.427511792947,534568
620.512087189453,563265
620.596662789905,710759
620.681238594548,781783
620.765814603629,711510
620.850390817391,632884
620.93496723608,602428
621.019543859942,615608
621.104120689221,602492
621.188697724162,580204
621.273274965011,562261
621.357852412012,543478
621.442430065412,540748
621.527007925454,535983
621.611585992385,543845
621.696164266449,550495
621.780742747892,541410
621.865321436958,530583
621.949900333892,527201
622.03447943894,541538
622.119058752348,545051
622.203638274359,534829
622.28821800522,548517
622.372797945175,552612
622.457378094469,542894
622.541958453348,534498
622.626539022057,536735
622.711119800841,538077
622.795700789945,533004
622.880281989613,596533
622.964863400093,610653
623.049445021627,571337
623.134026854462,550741
623.218608898843,538434
623.303191155015,549937
623.387773623222,555177
623.472356303711,562805
623.556939196726,575541
623.641522302512,565220
623.726105621315,546210
623.810689153379,551942
623.89527289895,550151
623.979856858273,556173
624.064441031593,584068
624.149025419156,595695
624.233610021205,609151
624.318194837987,610249
624.402779869747,600261
624.487365116729,608768
624.571950579179,608852
624.656536257342,581956
624.741122151463,554134
624.825708261788,551822
624.91029458856,584307
624.994881132027,581995
625.079467892432,570737
625.16405487002,559347
625.248642065038,543556
625.33322947773,714319
625.41781710834,776003
625.502404957115,1397209
625.5869930243,1551734
625.671581310139,1134350
625.756169814878,2847370
625.840758538762,3250460
625.925347482035,2107013
626.009936644944,1480116
626.094526027733,1105319
626.179115630648,854773
626.263705453933,715536
626.348295497833,650999
626.432885762595,607289
626.517476248462,571439
626.60206695568,622952
626.686657884495,630757
626.771249035151,584573
626.855840407893,591420
626.940432002967,584684
627.025023820618,586957
627.10961586109,661234
627.19420812463,657811
627.278800611482,654808
627.363393321891,649764
627.447986256102,784222
627.532579414361,800187
627.617172796912,685555
627.701766404002,615334
627.786360235874,575351
627.870954292774,571685
627.955548574948,562423
628.04014308264,618515
628.124737816095,629411
628.209332775559,600501
628.293927961276,578739
628.378523373493,552985
628.463119012454,537442
628.547714878403,532038
628.632310971587,549239
628.716907292251,567686
628.801503840639,575607
628.886100616996,563723
628.970697621569,545453
629.055294854601,536391
629.139892316339,549509
629.224490007026,566583
629.309087926909,561736
629.393686076233,561961
629.478284455242,555304
629.562883064182,540678
629.647481903298,532594
629.732080972835,529107
629.816680273037,541530
629.901279804152,542357
629.985879566422,548978
630.070479560095,567623
630.155079785414,574854
630.239680242624,560313
630.324280931972,541871
630.408881853702,573042
630.493483008059,589339
630.578084395288,566315
630.662686015635,545105
630.747287869345,562715
630.831889956662,567220
630.916492277832,548804
631.001094833101,536349
631.085697622712,531655
631.170300646912,548373
631.254903905945,551904
631.339507400056,575335
631.424111129492,589759
631.508715094496,607539
631.593319295314,655422
631.677923732192,653352
631.762528405373,622048
631.847133315104,602030
631.93173846163,576088
632.016343845195,568296
632.100949466045,557851
632.185555324425,540589
632.270161420579,530678
632.354767754754,529015
632.439374327195,540900
632.523981138146,541414
632.608588187852,531943
632.693195476559,535931
632.777803004512,535958
632.862410771956,534436
632.947018779136,535613
633.031627026297,537181
633.116235513685,552786
633.200844241544,586792
633.28545321012,584486
633.370062419658,558424
633.454671870403,543325
633.539281562599,534120
633.623891496493,529310
633.708501672329,527269
633.793112090353,541662
633.877722750809,543937
633.962333653943,533977
634.0469448,527364
634.131556189225,524008
634.216167821863,538816
634.300779698159,542756
634.385391818359,533247
634.470004182707,529068
634.554616791449,526288
634.639229644829,540254
634.723842743094,628676
634.808456086488,660144
634.893069675256,612447
634.977683509643,589486
635.062297589895,590383
635.146911916256,589395
635.231526488972,571543
635.316141308288,1820019
635.400756374449,2162434
635.4853716877,1507208
635.569987248286,1124383
635.654603056453,877371
635.739219112446,728971
635.823835416509,647055
635.908451968888,629484
635.993068769827,712575
636.077685819573,706107
636.16230311837,741321
636.246920666464,725336
636.331538464099,1263700
636.41615651152,1388574
636.500774808974,1024711
636.585393356704,808063
636.670012154956,809514
636.754631203976,793910
636.839250504007,693167
636.923870055296,620374
637.008489858088,590846
637.093109912628,573642
637.17773021916,552976
637.26235077793,538140
637.346971589183,580247
637.431592653165,610475
637.51621397012,590046
637.600835540293,573774
637.68545736393,573779
637.770079441276,576769
637.854701772576,562883
637.939324358074,544604
638.023947198017,534584
