464.9839,51739
465.068515076491,51625
465.153129906126,51961
465.237744489151,51931
465.322358825812,51858
465.406972916352,51647
465.491586761018,51532
465.576200360054,51593
465.660813713705,51614
465.745426822218,51565
465.830039685836,51682
465.914652304805,51626
465.99926467937,51788
466.083876809776,52141
466.168488696269,52092
466.253100339093,195514
466.337711738494,236447
466.422322894716,160817
466.506933808006,115766
466.591544478607,89637
466.676154906766,74692
466.760765092726,66280
466.845375036735,64872
466.929984739036,63705
467.014594199874,61031
467.099203419495,59066
467.183812398145,57399
467.268421136067,56349
467.353029633508,86080
467.437637890711,96481
467.522245907924,84641
467.60685368539,74836
467.691461223355,66502
467.776068522063,62337
467.860675581761,59618
467.945282402693,62431
468.029888985104,68798
468.11449532924,67669
468.199101435345,65773
468.283707303665,63510
468.368312934445,59812
468.45291832793,61047
468.537523484364,64092
468.622128403994,87940
468.706733087065,98765
468.791337533821,85286
468.875941744507,72216
468.96054571937,65348
469.045149458653,61872
469.129752962602,59628
469.214356231462,57768
469.298959265479,56616
469.383562064897,56282
469.468164629962,55858
469.552766960919,58640
469.637369058012,63167
469.721970921487,62341
469.80657255159,59715
469.891173948565,61417
469.975775112657,60949
470.060376044111,58282
470.144976743173,56683
470.229577210088,59284
470.314177445101,60056
470.398777448457,61744
470.483377220402,85448
470.567976761179,92818
470.652576071035,81318
470.737175150215,71662
470.821773998963,64680
470.906372617525,63985
470.990971006146,62353
471.075569165072,93916
471.160167094546,102542
471.244764794815,86932
471.329362266123,76018
471.413959508717,70679
471.498556522839,73358
471.583153308737,74114
471.667749866655,70639
471.752346196838,69681
471.836942299532,69518
471.921538174981,73249
472.00613382343,70879
472.090729245126,64433
472.175324440312,60464
472.259919409234,61547
472.344514152137,61258
472.429108669267,58237
472.513702960868,57634
472.598297027185,59506
472.682890868465,59193
472.767484484951,57355
472.852077876889,55865
472.936671044524,58642
473.021263988101,59593
473.105856707865,58193
473.190449204062,63088
473.275041476937,79059
473.359633526735,86034
473.4442253537,77269
473.528816958078,71061
473.613408340115,69756
473.697999500055,65977
473.782590438143,61645
473.867181154625,59301
473.951771649745,61740
474.03636192375,61591
474.120951976883,58902
474.20554180939,57404
474.290131421517,56659
474.374720813508,60078
474.459309985608,60544
474.543898938063,58308
474.628487671118,56934
474.713076185018,56422
474.797664480008,60125
474.882252556332,92222
474.966840414238,101606
475.051428053968,119713
475.13601547577,117188
475.220602679887,90941
475.305189666564,75268
475.389776436048,66472
475.474362988583,61670
475.558949324414,58615
475.643535443787,56967
475.728121346946,56095
475.812707034136,55669
475.897292505604,80419
475.981877761593,91894
476.066462802349,83086
476.151047628118,76560
476.235632239144,69212
476.320216635672,62855
476.404800817948,62933
476.489384786216,62114
476.573968540723,64011
476.658552081712,84597
476.74313540943,87273
476.827718524121,74428
476.91230142603,66235
476.996884115403,64704
477.081466592484,62981
477.166048857519,59371
477.250630910753,61030
477.335212752432,61163
477.419794382799,58900
477.504375802101,60621
477.588957010582,61146
477.673538008487,58883
477.758118796063,103103
477.842699373553,114928
477.927279741204,89781
478.011859899259,74582
478.096439847965,65755
478.181019587566,61477
478.265599118308,59476
478.350178440435,57903
478.434757554193,56814
478.519336459827,68899
478.603915157582,71827
478.688493647704,64373
478.773071930436,124785
478.857650006026,140535
478.942227874716,105568
479.026805536754,96714
479.111382992383,90055
479.19596024185,80091
479.280537285398,71532
479.365114123274,64115
479.449690755722,59546
479.534267182988,56883
479.618843405317,55766
479.703419422953,58742
479.787995236142,63795
479.87257084513,63052
479.95714625016,59723
480.041721451479,57442
480.126296449331,56652
480.210871243962,59458
480.295445835617,60087
480.380020224541,61453
480.464594410979,61007
480.549168395175,62061
480.633742177377,61746
480.718315757827,58729
480.802889136772,56829
480.887462314457,55971
480.972035291127,55489
481.056608067026,59247
481.141180642401,72986
481.225753017496,74060
481.310325192556,65355
481.394897167827,63685
481.479468943554,62211
481.564040519981,59499
481.648611897354,57811
481.733183075918,56333
481.817754055918,59082
481.9023248376,59842
481.986895421208,60635
482.071465806988,96612
482.156035995184,104493
482.240605986042,86945
482.325175779807,75473
482.409745376725,66841
482.494314777039,61713
482.578883980996,59056
482.663452988841,57801
482.748021800818,56875
482.832590417173,56489
482.91715883815,59997
483.001727063996,63912
483.086295094955,62675
483.170862931273,59842
483.255430573193,58931
483.339998020963,61586
483.424565274826,61802
483.509132335028,59105
483.593699201814,57351
483.678265875429,59754
483.762832356118,59768
483.847398644127,57369
483.9319647397,59484
484.016530643083,71851
484.101096354521,73333
484.185661874258,66378
484.270227202541,61627
484.354792339614,58816
484.439357285722,57597
484.523922041111,60239
484.608486606025,63728
484.69305098071,62551
484.777615165411,61295
484.862179160373,63143
484.946742965841,61915
485.03130658206,61752
485.115870009276,64739
485.200433247733,63424
485.284996297677,59966
485.369559159353,84461
485.454121833005,94122
485.53868431888,80114
485.623246617222,70575
485.707808728276,64990
485.792370652288,60928
485.876932389502,61750
485.961493940164,61153
486.046055304519,58459
486.130616482813,57552
486.215177475289,57242
486.299738282193,63473
486.384298903771,65040
486.468859340268,60825
486.553419591928,57803
486.637979658997,56995
486.722539541719,56540
486.807099240341,58711
486.891658755108,59275
486.976218086263,57136
487.060777234053,56037
487.145336198723,55243
487.229894980517,54727
487.314453579682,55260
487.399011996461,55505
487.483570231101,55016
487.568128283845,54708
487.652686154941,54405
487.737243844632,54650
487.821801353163,59618
487.906358680781,60867
487.990915827729,57985
488.075472794253,56719
488.160029580599,61176
488.244586187011,62121
488.329142613735,59481
488.413698861015,64658
488.498254929097,65358
488.582810818225,64785
488.667366528646,64637
488.751922060605,61318
488.836477414345,59103
488.921032590113,58231
489.005587588153,59141
489.090142408711,88394
489.174697052032,98680
489.259251518361,85601
489.343805807943,74472
489.428359921024,65951
489.512913857847,60980
489.597467618659,58854
489.682021203705,69981
489.76657461323,72406
489.851127847479,64769
489.935680906696,61832
490.020233791128,59852
490.104786501019,57483
490.189339036615,60029
490.27389139816,60569
490.3584435859,58196
490.44299560008,56479
490.527547440945,55478
490.612099108739,54768
490.69665060371,54494
490.7812019261,54654
490.865753076156,58258
490.950304054123,59386
491.034854860246,57749
491.119405494769,56407
491.203955957939,55612
491.288506249999,55561
491.373056371197,55187
491.457606321775,58688
491.54215610198,60715
491.626705712057,58729
491.711255152251,57022
491.795804422807,55756
491.88035352397,54773
491.964902455985,54698
492.049451219098,58560
492.133999813553,59202
492.218548239596,56974
492.303096497471,59003
492.387644587425,61756
492.472192509702,63636
492.556740264546,70842
492.641287852205,70023
492.725835272921,63325
492.810382526942,60194
492.894929614511,69627
492.979476535874,71343
493.064023291276,64488
493.148569880962,62843
493.233116305178,61124
493.317662564167,58169
493.402208658177,57332
493.486754587451,56351
493.571300352235,55104
493.655845952774,54497
493.740391389313,57928
493.824936662097,58770
493.909481771372,59516
493.994026717382,59070
494.078571500372,56845
494.163116120589,56092
494.247660578276,55440
494.33220487368,84749
494.416749007044,93267
494.501292978615,77725
494.585836788637,68387
494.670380437356,62749
494.754923925017,59804
494.839467251864,61815
494.924010418144,61242
495.0085534241,58297
495.093096269979,72770
495.177638956025,76241
495.262181482484,70456
495.3467238496,69168
495.431266057619,65116
495.515808106786,64360
495.600349997346,62767
495.684891729544,59387
495.769433303626,59104
495.853974719836,58164
495.938515978419,56223
496.023057079622,55348
496.107598023688,55068
496.192138810863,58636
496.276679441392,59283
496.361219915521,58694
496.445760233493,90410
496.530300395556,98310
496.614840401953,80302
496.69938025293,75060
496.783919948731,70656
496.868459489603,67570
496.95299887579,64334
497.037538107538,67582
497.12207718509,67432
497.206616108694,65522
497.291154878593,63384
497.375693495033,60501
497.460231958259,58387
497.544770268516,57181
497.629308426049,56730
497.713846431104,55910
497.798384283926,58351
497.882921984759,58663
497.967459533848,56765
498.05199693144,59521
498.136534177779,63969
498.22107127311,62980
498.305608217678,59261
498.390145011729,57531
498.474681655507,56560
498.559218149259,55880
498.643754493228,55894
498.72829068766,55365
498.8128267328,54759
498.897362628894,54459
498.981898376185,54389
499.066433974921,54877
499.150969425345,58890
499.235504727703,74893
499.32003988224,76829
499.404574889201,70511
499.489109748831,66564
499.573644461376,62076
499.65817902708,58671
499.742713446188,56974
499.827247718947,56126
499.9117818456,55533
499.996315826393,54986
500.080849661572,54595
500.165383351381,54599
500.249916896065,54179
500.33445029587,54277
500.41898355104,73612
500.503516661822,79149
500.588049628459,68387
500.672582451197,62918
500.757115130282,59972
500.841647665958,57822
500.92618005847,56275
501.010712308064,81778
501.095244414985,91852
501.179776379478,81705
501.264308201788,72320
501.34883988216,68690
501.433371420839,65255
501.517902818071,60320
501.6024340741,61686
501.686965189172,63916
501.771496163532,61707
501.856026997425,58457
501.940557691096,56547
502.02508824479,55206
502.109618658753,58514
502.194148933229,59353
502.278679068464,57172
502.363209064702,56432
502.44773892219,55441
502.532268641171,58037
502.616798221892,59231
502.701327664597,57761
502.785856969531,56555
502.87038613694,59098
502.954915167069,62801
503.039444060163,61347
503.123972816466,58297
503.208501436225,60486
503.293029919684,61348
503.377558267088,62615
503.462086478683,65313
503.546614554714,67729
503.631142495425,65180
503.715670301062,60372
503.800197971871,57418
503.884725508095,56077
503.969252909981,58590
504.053780177773,62647
504.138307311717,61990
504.222834312058,62716
504.307361179041,62441
504.39188791291,63246
504.476414513912,64186
504.560940982291,78068
504.645467318292,79658
504.729993522161,68878
504.814519594143,65863
504.899045534482,65785
504.983571343424,67635
505.068097021215,68913
505.152622568098,68519
505.23714798432,79512
505.321673270126,79107
505.40619842576,69005
505.490723451468,62903
505.575248347494,62287
505.659773114085,60781
505.744297751485,86647
505.828822259939,96880
505.913346639693,81404
505.997870890991,70086
506.082395014079,63597
506.166919009201,60181
506.251442876604,57655
506.335966616531,59496
506.420490229229,59577
506.505013714942,57711
506.589537073916,56876
506.674060306396,59165
506.758583412626,60080
506.843106392852,58286
506.927629247319,56817
507.012151976272,55810
507.096674579957,58701
507.181197058618,60409
507.2657194125,58703
507.350241641849,86316
507.43476374691,97399
507.519285727928,82189
507.603807585148,70407
507.688329318816,64261
507.772850929175,63875
507.857372416473,65665
507.941893780953,63446
508.02641502286,59813
508.110936142441,57476
508.195457139939,59165
508.279978015601,58967
508.364498769671,57496
508.449019402395,56291
508.533539914017,54981
508.618060304783,57684
508.702580574937,58489
508.787100724726,56861
508.871620754394,57660
508.956140664186,72727
509.040660454347,80186
509.125180125123,87623
509.209699676758,84490
509.294219109499,91718
509.378738423589,89577
509.463257619274,78392
509.5477766968,70675
509.632295656411,63665
509.716814498352,59422
509.801333222869,57068
509.885851830207,56095
509.97037032061,55963
510.054888694324,55355
510.139406951595,58994
510.223925092667,59929
510.308443117785,57777
510.392961027195,56904
510.477478821141,59604
510.56199649987,63159
510.646514063625,65902
510.731031512652,67666
510.815548847197,64649
510.900066067503,61231
510.984583173818,58688
511.069100166384,59862
511.153617045449,59538
511.238133811256,60848
511.322650464052,60590
511.407167004081,57732
511.491683431587,63462
511.576199746818,64730
511.660715950017,64021
511.745232041429,62799
511.829748021301,59167
511.914263889876,57014
511.9987796474,57083
512.083295294119,56691
512.167810830277,56273
512.252326256119,58587
512.336841571891,61650
512.421356777838,75752
512.505871874205,77538
512.590386861236,71727
512.674901739178,66932
512.759416508275,61573
512.843931168773,58521
512.928445720916,60249
513.01296016495,63590
513.097474501119,62064
513.18198872967,59077
513.266502850847,57370
513.351016864895,59381
513.435530772059,59695
513.520044572585,57522
513.604558266717,56315
513.689071854701,62541
513.773585336782,66399
513.858098713206,66883
513.942611984216,67696
514.027125150058,70857
514.111638210978,72387
514.196151167221,67832
514.280664019031,62100
514.365176766654,59342
514.449689410336,60676
514.53420195032,63532
514.618714386852,62056
514.703226720178,58653
514.787738950542,56707
514.87225107819,55583
514.956763103367,55347
515.041275026318,55491
515.125786847287,63043
515.210298566521,64504
515.294810184265,59821
515.379321700762,57474
515.463833116259,56542
515.548344431001,55713
515.632855645233,58460
515.7173667592,58960
515.801877773147,58334
515.886388687319,60735
515.970899501962,59943
516.05541021732,57384
516.139920833639,55789
516.224431351163,55121
516.308941770138,55278
516.39345209081,54893
516.477962313423,54436
516.562472438222,57598
516.646982465452,61955
516.731492395359,66390
516.816002228188,65495
516.900511964184,61157
516.985021603591,64919
517.069531146656,71791
517.154040593623,79366
517.238549944738,75898
517.323059200245,69914
517.40756836039,65867
517.492077425417,61297
517.576586395573,58231
517.661095271101,85133
517.745604052248,92192
517.830112739258,76077
517.914621332376,74182
517.999129831848,71645
518.083638237919,65052
518.168146550834,60855
518.252654770838,58027
518.337162898176,56467
518.421670933093,55381
518.506178875835,55044
518.590686726646,54815
518.675194485772,55117
518.759702153457,58235
518.844209729948,58931
518.928717215489,57033
519.013224610325,59386
519.097731914701,60585
519.182239128863,58675
519.266746253055,57513
519.351253287523,56452
519.435760232512,55883
519.520267088267,55693
519.604773855033,55254
519.689280533056,54904
519.77378712258,54918
519.85829362385,54677
519.942800037113,58316
520.027306362612,59252
520.111812600593,56835
520.196318751301,55495
520.280824814981,55106
520.365330791879,54680
520.449836682239,55038
520.534342486307,55515
520.618848204327,55226
520.703353836546,58117
520.787859383207,58755
520.872364844557,63653
520.95687022084,83392
521.041375512301,84740
521.125880719186,71901
521.21038584174,64262
521.294890880208,72966
521.379395834834,74058
521.463900705865,69010
521.548405493545,65339
521.632910198119,60677
521.717414819833,58057
521.801919358931,56314
521.88642381566,55382
521.970928190263,58651
522.055432482986,213957
522.139936694074,255089
522.224440823773,174515
522.308944872327,126199
522.393448839982,96317
522.477952726982,81980
522.562456533574,89726
522.646960260001,86888
522.731463906509,77849
522.815967473344,74371
522.90047096075,67995
522.984974368973,62109
523.069477698257,58656
523.153980948848,56830
523.238484120991,55730
523.322987214931,55373
523.407490230914,58670
523.491993169183,63277
523.576496029985,97926
523.660998813565,104534
523.745501520167,112838
523.830004150038,108714
523.914506703421,86484
523.999009180562,73379
524.083511581707,65355
524.1680139071,60839
524.252516156987,58235
524.337018331612,56537
524.421520431221,58856
524.506022456059,59433
524.590524406371,57507
524.675026282403,77048
524.759528084398,82951
524.844029812603,71701
524.928531467263,64747
525.013033048623,77935
525.097534556927,81112
525.182035992421,70534
525.266537355351,63823
525.351038645961,60062
525.435539864496,61720
525.520041011202,61365
525.604542086324,59176
525.689043090106,66263
525.773544022794,67432
525.858044884634,66738
525.942545675869,65284
526.027046396746,61217
526.11154704751,58618
526.196047628405,57330
526.280548139677,60705
526.36504858157,61414
526.449548954331,58980
526.534049258204,58168
526.618549493434,60719
526.703049660267,60760
526.787549758947,58741
526.87204978972,60884
526.956549752831,61804
527.041049648525,60090
527.125549477046,58926
527.210049238641,76280
527.294548933555,82884
527.379048562032,73312
527.463548124317,65840
527.548047620657,62971
527.632547051295,61383
527.717046416477,59925
527.801545716449,63324
527.886044951455,63804
527.97054412174,70415
528.05504322755,70806
528.139542269129,64857
528.224041246724,63401
528.308540160578,64949
528.393039010938,63864
528.477537798047,60663
528.562036522152,61730
528.646535183498,64910
528.731033782329,66915
528.815532318891,64841
528.900030793429,61946
528.984529206188,60197
529.069027557414,59251
529.15352584735,58472
529.238024076243,57565
529.322522244338,57002
529.407020351879,57103
529.491518399112,57579
529.576016386283,57734
529.660514313635,57397
529.745012181415,57333
529.829509989866,57245
529.914007739236,57384
529.998505429768,61058
530.083003061708,62403
530.167500635301,60636
530.251998150792,59516
530.336495608426,59546
530.420993008449,62402
530.505490351105,65979
530.589987636639,68425
530.674484865298,69865
530.758982037325,67147
530.843479152966,63322
530.927976212466,61375
531.012473216071,60809
531.096970164025,110971
531.181467056574,127894
531.265963893962,101214
531.350460676435,82928
531.434957404238,72764
531.519454077616,66954
531.603950696814,65736
531.688447262078,65423
531.772943773652,63496
531.857440231782,61078
531.941936636713,59373
532.026432988689,61659
532.110929287956,61983
532.19542553476,62967
532.279921729345,62587
532.364417871956,59966
532.448913962839,58126
532.533410002239,57397
532.6179059904,57077
532.702401927568,56197
532.786897813989,55657
532.871393649906,62377
532.955889435567,67697
533.040385171214,65045
533.124880857094,89945
533.209376493452,95399
533.293872080533,78546
533.378367618582,68220
533.462863107844,85119
533.547358548564,87976
533.631853940988,76876
533.71634928536,69833
533.800844581926,74543
533.885339830931,73611
533.96983503262,65993
534.054330187238,61156
534.13882529503,61236
534.223320356242,60471
534.307815371118,57514
534.392310339903,55902
534.476805262844,55187
534.561300140184,54669
534.64579497217,61147
534.730289759045,62818
534.814784501056,62219
534.899279198448,61418
534.983773851465,58494
535.068268460352,59670
535.152763025356,69315
535.23725754672,88669
535.321752024691,88666
535.406246459513,75270
535.490740851431,66427
535.575235200691,61332
535.659729507538,58600
535.744223772216,489270
535.828717994971,611544
535.913212176048,377885
535.997706315693,239263
536.08220041415,169870
536.166694471664,127364
536.251188488481,96645
536.335682464845,78866
536.420176401003,68866
536.504670297198,62670
536.589164153677,58563
536.673657970684,56491
536.758151748464,56440
536.842645487263,55882
536.927139187325,55044
537.011632848896,58020
537.096126472221,59236
537.180620057546,61755
537.265113605114,64642
537.349607115172,62284
537.434100587964,59934
537.518594023736,58255
537.603087422733,56862
537.687580785199,56649
537.772074111381,59442
537.856567401522,70254
537.941060655869,82594
538.025553874667,79060
538.11004705816,69683
538.194540206593,64842
538.279033320213,63743
538.363526399263,66150
538.44801944399,71696
538.532512454637,79530
538.617005431451,91355
538.701498374677,100536
538.785991284559,106247
538.870484161343,110464
538.954977005273,115080
539.039469816596,114682
539.123962595556,110468
539.208455342398,111829
539.292948057368,110941
539.37744074071,102692
539.46193339267,98026
539.546426013493,96472
539.630918603424,97636
539.715411162708,93942
539.79990369159,89778
539.884396190315,85781
539.968888659129,106931
540.053381098277,116819
540.137873508003,101876
540.222365888553,88440
540.306858240173,80197
540.391350563106,74390
540.475842857599,76684
540.560335123896,75034
540.644827362243,72205
540.729319572884,72225
540.813811756066,68214
540.898303912032,62929
540.982796041028,59614
541.0672881433,57642
541.151780219092,56859
541.23627226865,56127
541.320764292218,55218
541.405256290042,55191
541.489748262367,57459
541.574240209438,62259
541.6587321315,62037
541.743224028798,62424
541.827715901578,61583
541.912207750085,58193
541.996699574563,56879
542.081191375258,56557
542.165683152415,59475
542.250174906279,59944
542.334666637096,57545
542.41915834511,56436
542.503650030566,77575
542.58814169371,87149
542.672633334787,84149
542.757124954042,78616
542.841616551719,71408
542.926108128065,71195
543.010599683325,71005
543.095091217743,69718
543.179582731564,96605
543.264074225034,104817
543.348565698398,91612
543.433057151901,85242
543.517548585789,82546
543.602040000305,88358
543.686531395696,94400
543.771022772206,93290
543.855514130081,94122
543.940005469566,96901
544.024496790906,95516
544.108988094346,99526
544.193479380131,103021
544.277970648506,99885
544.362461899717,96634
544.446953134009,98516
544.531444351626,98861
544.615935552814,99003
544.700426737818,100102
544.784917906884,99619
544.869409060255,101594
544.953900198178,101910
545.038391320898,99787
545.122882428659,98466
545.207373521708,97607
545.291864600288,97016
545.376355664645,96917
545.460846715024,128755
545.545337751671,137680
545.62982877483,120688
545.714319784747,113782
545.798810781666,112624
545.883301765834,108274
545.967792737495,106479
546.052283696893,105492
546.136774644275,105727
546.221265579886,104408
546.30575650397,101822
546.390247416772,100371
546.474738318539,99151
546.559229209514,99140
546.643720089944,99040
546.728210960073,98751
546.812701820146,101000
546.897192670409,106485
546.981683511106,107172
547.066174342483,104392
547.150665164785,104129
547.235155978257,106711
547.319646783145,105975
547.404137579692,103363
547.488628368145,102215
547.573119148749,100973
547.657609921748,100365
547.742100687388,103477
547.826591445914,103990
547.911082197572,102433
547.995572942605,101964
548.08006368126,101217
548.164554413782,100739
548.249045140415,100491
548.333535861404,100781
548.418026576996,117561
548.502517287435,121979
548.587007992966,113153
548.671498693834,108004
548.755989390285,110779
548.840480082563,113947
548.924970770915,110316
549.009461455584,106346
549.093952136815,107069
549.178442814856,105922
549.262933489949,102798
549.347424162341,108750
549.431914832276,110201
549.5164055,105740
549.600896165758,104699
549.685386829794,103777
549.769877492355,102049
549.854368153685,101609
549.938858814029,119287
550.023349473633,127118
550.107840132742,122140
550.1923307916,115464
550.276821450453,108411
550.361312109546,104886
550.445802769124,106647
550.530293429432,106500
550.614784090716,103625
550.69927475322,101779
550.78376541719,100745
550.868256082871,99929
550.952746750508,99816
551.037237420346,102941
551.12172809263,103875
551.206218767606,101923
551.290709445518,101074
551.375200126611,100256
551.459690811131,103188
551.544181499323,103866
551.628672191433,102147
551.713162887704,100795
551.797653588383,99691
551.882144293714,99176
551.966635003943,98953
552.051125719314,102901
552.135616440073,109517
552.220107166465,108549
552.304597898735,106827
552.389088637129,105500
552.473579381891,123368
552.558070133266,127430
552.6425608915,115620
552.727051656838,108571
552.811542429524,129070
552.896033209805,133228
552.980523997925,122124
553.065014794129,114025
553.149505598662,107078
553.23399641177,103434
553.318487233698,104164
553.402978064691,117046
553.487468904993,129027
553.571959754851,123129
553.656450614509,111729
553.740941484213,104765
553.825432364206,107366
553.909923254736,107398
553.994414156046,109372
554.078905068382,108344
554.16339599199,103184
554.247886927113,100382
554.332377873998,121439
554.416868832889,126620
554.501359804032,113775
554.585850787671,106163
554.670341784053,101497
554.754832793421,98938
554.839323816021,97310
554.923814852099,96359
555.008305901899,96031
555.092796965667,102947
555.177288043647,104500
555.261779136085,125767
555.346270243226,130566
555.430761365315,119074
555.515252502597,114293
555.599743655318,109182
555.684234823722,103821
555.768726008055,104136
555.853217208561,106087
555.937708425486,102785
556.022199659075,122229
556.106690909574,126847
556.191182177226,116603
556.275673462278,109026
556.360164764975,105264
556.444656085561,107152
556.529147424282,104599
556.613638781383,100488
556.698130157109,98202
556.782621551706,99774
556.867112965417,99926
556.951604398489,102774
557.036095851167,109172
557.120587323695,106807
557.20507881632,100723
557.289570329285,97259
557.374061862836,98300
557.458553417219,99064
557.543044992678,99888
557.627536589459,98966
557.712028207806,99793
557.796519847966,98673
557.881011510182,102074
557.9655031947,105412
558.049994901765,101473
558.134486631623,96399
558.218978384519,93295
558.303470160697,95102
558.387961960402,95008
558.472453783881,94999
558.556945631378,95596
558.641437503137,122791
558.725929399405,138556
558.810421320427,124665
558.894913266447,109365
558.97940523771,100900
559.063897234463,99423
559.14838925695,100892
559.232881305415,98208
559.317373380105,93485
559.401865481264,94486
559.486357609138,94261
559.570849763971,91452
559.65534194601,90338
559.739834155498,93160
559.824326392681,93060
559.908818657804,93445
559.993310951113,92729
560.077803272852,89910
560.162295623266,88294
560.246788002602,87300
560.331280411103,90170
560.415772849015,94003
560.500265316583,96693
560.584757814052,101151
560.669250341668,98988
560.753742899676,93063
560.83823548832,93203
560.922728107845,92259
561.007220758498,89456
561.091713440523,87949
561.176206154165,86718
561.260698899669,86355
561.345191677281,85853
561.429684487245,85307
561.514177329807,85096
561.598670205212,85076
561.683163113705,86212
561.767656055531,85887
561.852149030935,88265
561.936642040163,92613
562.021135083459,91463
562.105628161069,88501
562.190121273237,89975
562.27461442021,89611
562.359107602232,98110
562.443600819547,99312
562.528094072403,95673
562.612587361042,101269
562.697080685712,102746
562.781574046656,99672
562.866067444119,112781
562.950560878348,112886
563.035054349587,99992
563.119547858082,95388
563.204041404076,92335
563.288534987816,89661
563.373028609547,87074
563.457522269514,84873
563.542015967961,83235
563.626509705135,85572
563.71100348128,89337
563.795497296641,88026
563.879991151464,84637
563.964485045993,82653
564.048978980475,81588
564.133472955153,81978
564.217966970273,82066
564.30246102608,85025
564.386955122819,88594
564.471449260736,90432
564.555943440075,88111
564.640437661083,84327
564.724931924002,153296
564.80942622908,175747
564.893920576561,137604
564.97841496669,116119
565.062909399713,103095
565.147403875874,103345
565.231898395419,99823
565.316392958592,90628
565.400887565639,85011
565.485382216806,81772
565.569876912336,80017
565.654371652476,79100
565.73886643747,81082
565.823361267564,81676
565.907856143003,99988
565.992351064031,105163
566.076846030894,94207
566.161341043838,87101
566.245836103106,82884
566.330331208945,80639
566.4148263616,79313
566.499321561315,81466
566.583816808336,81515
566.668312102908,82692
566.752807445276,82104
566.837302835685,81047
566.92179827438,81970
567.006293761607,80953
567.090789297611,78970
567.175284882636,82768
567.259780516928,83591
567.344276200732,80307
567.428771934293,78529
567.513267717856,80529
567.597763551667,80325
567.68225943597,78063
567.766755371011,97260
567.851251357034,102600
567.935747394286,91168
568.020243483011,90725
568.104739623454,88312
568.18923581586,105305
568.273732060474,108132
568.358228357543,93757
568.442724707309,85611
568.52722111002,80935
568.61171756592,78118
568.696214075254,76865
568.780710638267,75830
568.865207255205,74692
568.949703926312,75004
569.034200651834,78416
569.118697432015,78575
569.203194267102,76328
569.287691157338,78535
569.37218810297,84469
569.456685104242,93956
569.5411821614,93324
569.625679274688,86127
569.710176444352,84774
569.794673670637,82386
569.879170953788,78397
569.96366829405,79689
570.048165691668,86422
570.132663146887,85695
570.217160659954,87523
570.301658231112,86336
570.386155860606,81050
570.470653548683,78101
570.555151295587,76221
570.639649101562,74794
570.724146966856,73901
570.808644891712,76864
570.893142876375,81583
570.977640921091,81628
571.062139026105,81082
571.146637191662,97792
571.231135418007,99950
571.315633705386,88093
571.400132054043,84317
571.484630464223,84893
571.569128936172,82384
571.653627470135,78147
571.738126066357,82566
571.822624725083,86935
571.907123446559,83149
571.991622231028,85523
572.076121078737,90796
572.160619989931,87600
572.245118964855,84387
572.329618003753,81350
572.414117106872,81681
572.498616274455,86670
572.583115506749,84299
572.667614803999,78329
572.752114166448,74873
572.836613594344,73669
572.921113087931,73334
573.005612647453,72172
573.090112273157,71300
573.174611965286,74622
573.259111724088,81768
573.343611549805,89108
573.428111442685,112147
573.512611402971,115691
573.597111430909,142354
573.681611526744,145389
573.766111690721,125481
573.850611923086,108668
573.935112224083,92087
574.019612593957,82381
574.104113032955,77877
574.18861354132,78374
574.273114119298,77384
574.357614767134,77588
574.442115485074,76188
574.526616273362,120347
574.611117132243,132006
574.695618061963,122013
574.780119062767,114183
574.8646201349,98028
574.949121278607,89469
575.033622494133,85835
575.118123781723,83888
575.202625141623,80063
575.287126574078,75309
575.371628079332,72883
575.456129657631,71933
575.54063130922,71314
575.625133034344,74465
575.709634833249,80336
575.794136706179,79560
575.878638653379,75170
575.963140675095,72049
576.047642771572,70008
576.132144943055,69540
576.216647189789,73690
576.301149512019,74334
576.38565190999,71552
576.470154383948,69722
576.554656934138,69132
576.639159560804,73174
576.723662264192,74297
576.808165044547,102708
576.892667902114,112972
576.977170837139,96202
577.061673849866,83338
577.146176940541,76300
577.230680109408,72933
577.315183356713,71417
577.399686682701,73508
577.484190087617,96674
577.568693571706,100623
577.653197135214,86715
577.737700778385,82369
577.822204501465,78694
577.906708304698,73776
577.991212188331,104170
578.075716152607,111896
578.160220197773,96703
578.244724324073,86607
578.329228531752,85415
578.413732821056,86464
578.49823719223,80719
578.582741645518,74761
578.667246181166,74558
578.75175079942,73826
578.836255500524,74676
578.920760284723,81759
579.005265152262,81136
579.089770103388,75741
579.174275138344,72122
579.258780257375,69393
579.343285460728,68204
579.427790748647,67991
579.512296121378,67443
579.596801579165,66672
579.681307122253,67281
579.765812750888,67416
579.850318465315,66684
579.934824265779,66280
580.019330152525,65928
580.103836125799,83996
580.188342185844,89628
580.272848332908,83197
580.357354567233,78485
580.441860889067,73467
580.526367298654,70050
580.610873796238,74632
580.695380382066,75378
580.779887056382,71622
580.864393819432,74743
580.94890067146,75129
581.033407612712,71499
581.117914643433,69336
581.202421763867,68532
581.286928974261,68276
581.371436274859,70517
581.455943665907,71138
581.540451147649,72550
581.62495872033,71806
581.709466384197,68941
581.793974139493,67363
581.878481986465,73057
581.962989925357,74484
582.047497956414,77672
582.132006079881,80721
582.216514296004,76641
582.301022605028,71959
582.385531007198,78770
582.470039502758,80258
582.554548091955,74633
582.639056775033,71182
582.723565552238,68332
582.808074423814,66837
582.892583390007,66228
582.977092451061,72531
583.061601607223,74130
583.146110858736,71999
583.230620205847,72063
583.3151296488,70257
583.399639187841,71165
583.484148823214,70678
583.568658555165,68237
583.653168383939,66803
583.73767830978,72447
583.822188332935,74159
583.906698453649,73485
583.991208672165,71860
584.075718988731,68896
584.16022940359,70217
584.244739916987,69789
584.329250529169,67287
584.41376124038,66108
584.498272050865,65994
584.58278296087,65835
584.667293970638,74555
584.751805080417,83258
584.83631629045,79985
584.920827600983,73439
585.005339012262,69914
585.08985052453,71114
585.174362138034,73319
585.258873853018,74578
585.343385669727,72273
585.427897588408,68572
585.512409609304,66379
585.596921732661,65180
585.681433958724,66796
585.765946287739,67046
585.85045871995,69425
585.934971255602,73247
586.019483894941,78964
586.103996638212,80824
586.18850948566,75683
586.27302243753,71099
586.357535494067,68236
586.442048655516,89447
586.526561922122,114819
586.611075294132,106979
586.695588771789,88660
586.780102355339,78737
586.864616045027,76232
586.949129841097,73123
587.033643743797,68663
587.118157753369,66177
587.20267187006,64877
587.287186094115,64203
587.371700425779,63978
587.456214865296,63548
587.540729412912,63160
587.625244068873,63181
587.709758833423,66393
587.794273706808,67303
587.878788689272,66108
587.963303781061,64958
588.047818982419,64105
588.132334293593,66389
588.216849714827,70579
588.301365246366,70072
588.385880888455,67221
588.47039664134,65492
588.554912505266,64611
588.639428480477,67528
588.72394456722,73249
588.808460765738,79655
588.892977076278,77662
588.977493499084,71493
589.062010034401,67629
589.146526682475,65562
589.231043443551,64170
589.315560317874,63265
589.400077305689,62719
589.48459440724,62436
589.569111622774,65440
589.653628952536,71514
589.73814639677,71644
589.822663955722,67901
589.907181629636,153621
589.991699418759,183889
590.076217323334,145085
590.160735343608,114879
590.245253479825,92301
590.329771732231,79217
590.41429010107,103630
590.498808586588,108265
590.58332718903,89288
590.667845908641,80856
590.752364745666,74978
590.83688370035,69507
590.921402772939,69509
591.005921963678,75672
591.090441272811,74888
591.174960700584,72863
591.259480247241,73634
591.343999913029,74467
591.428519698192,71833
591.513039602976,67854
591.597559627625,65667
591.682079772385,64480
591.7666000375,63306
591.851120423216,62844
591.935640929779,62873
592.020161557432,64599
592.104682306422,64637
592.189203176993,63019
592.273724169391,61995
592.35824528386,61604
592.442766520647,61534
592.527287879995,65467
592.611809362151,66782
592.696330967358,91749
592.780852695863,97881
592.865374547911,82519
592.949896523746,73672
593.034418623614,68802
593.11894084776,101883
593.203463196429,110053
593.287985669866,90067
593.372508268317,78355
593.457030992026,71631
593.541553841238,67599
593.626076816199,66037
593.710599917154,64762
593.795123144348,63353
593.879646498027,62521
593.964169978434,68866
594.048693585816,70933
594.133217320417,66872
594.217741182483,67576
594.302265172259,66903
594.38678928999,67762
594.47131353592,67180
594.555837910296,67748
594.640362413363,66984
594.724887045364,84943
594.809411806547,88944
594.893936697155,76848
594.978461717434,76841
595.062986867629,74836
595.147512147985,69558
595.232037558747,73258
595.316563100161,79492
595.401088772471,78030
595.485614575923,72257
595.570140510762,67743
595.654666577233,65234
595.73919277558,66828
595.82371910605,68143
595.908245568888,66699
595.992772164338,71139
596.077298892645,78965
596.161825754055,76698
596.246352748813,70071
596.330879877164,66560
596.415407139353,79012
596.499934535626,81819
596.584462066227,74443
596.668989731401,73017
596.753517531394,74014
596.838045466451,74450
596.922573536817,71208
597.007101742737,67262
597.091630084456,95575
597.17615856222,117621
597.260687176273,105956
597.345215926861,91339
597.429744814228,87248
597.51427383862,80410
597.598803000283,71706
597.68333229946,73568
597.767861736398,72462
597.852391311341,73608
597.936921024535,72938
598.021450876224,71144
598.105980866655,72282
598.190510996071,69495
598.275041264718,68731
598.359571672842,70510
598.444102220687,72849
598.528632908498,70716
598.613163736522,69453
598.697694705001,75505
598.782225814183,77000
598.866757064312,74851
598.951288455633,70666
599.035819988391,69344
599.120351662832,71482
599.2048834792,69184
599.289415437741,64953
599.3739475387,62956
599.458479782322,65787
599.543012168852,69487
599.627544698535,71430
599.712077371617,69040
599.796610188342,65358
599.881143148956,66995
599.965676253703,70187
600.05020950283,68777
600.13474289658,65225
600.2192764352,62987
600.303810118934,65163
600.388343948028,65434
600.472877922726,63125
600.557412043273,65230
600.641946309916,65242
600.726480722899,62894
600.811015282466,61736
600.895549988864,60971
600.980084842338,60065
601.064619843132,62244
601.149154991491,63158
601.233690287662,65758
601.318225731888,66336
601.402761324415,63935
601.487297065489,65413
601.571832955354,65621
601.656368994255,66750
601.740905182438,65869
601.825441520148,63113
601.90997800763,65771
601.994514645128,69257
602.079051432889,70388
602.163588371157,68429
602.248125460177,67983
602.332662700195,66828
602.417200091456,67455
602.501737634204,66531
602.586275328686,63615
602.670813175145,61703
602.755351173828,70306
602.839889324979,72555
602.924427628843,70211
603.008966085667,71066
603.093504695693,68368
603.178043459169,64186
603.262582376339,66235
603.347121447448,68870
603.431660672741,67965
603.516200052464,64981
603.600739586861,62014
603.685279276178,60731
603.769819120659,61175
603.854359120551,60702
603.938899276098,64168
604.023439587545,68634
604.107980055137,67523
604.19252067912,67332
604.277061459738,66218
604.361602397237,63269
604.446143491862,61132
604.530684743859,76863
604.615226153471,92741
604.699767720944,89829
604.784309446525,79652
604.868851330456,74489
604.953393372984,77674
605.037935574354,81400
605.122477934812,76337
605.207020454601,91666
605.291563133967,93671
605.376105973156,80064
605.460648972412,71996
605.545192131981,66405
605.629735452108,63186
605.714278933038,61272
605.798822575015,67455
605.883366378286,69272
605.967910343095,65013
606.052454469688,62218
606.136998758309,61078
606.221543209204,64201
606.306087822618,64807
606.390632598795,62172
606.475177537982,63866
606.559722640423,67550
606.644267906364,69067
606.728813336049,69848
606.813358929724,67133
606.897904687633,63332
606.982450610022,61052
607.066996697137,59659
607.151542949221,62265
607.236089366521,66367
607.320635949282,65302
607.405182697748,62340
607.489729612165,65087
607.574276692777,65323
607.658823939831,62222
607.74337135357,63859
607.827918934241,67201
607.912466682089,65655
607.997014597358,62275
608.081562680293,71059
608.16611093114,73007
608.250659350145,70218
608.335207937551,70362
608.419756693605,69780
608.504305618551,66735
608.588854712634,66390
608.6734039761,65086
608.757953409194,72854
608.84250301216,78665
608.927052785245,73191
609.011602728693,67506
609.096152842749,64110
609.180703127658,61146
609.265253583666,59321
609.349804211018,59191
609.434355009958,62195
609.518905980733,62340
609.603457123586,67449
609.688008438764,101746
609.772559926511,106478
609.857111587073,85913
609.941663420694,73737
610.02621542762,66753
610.110767608096,67010
610.195319962366,65884
610.279872490677,62141
610.364425193274,59927
610.4489780704,58991
610.533531122303,58779
610.618084349226,59702
610.702637751414,63251
610.787191329114,66744
610.87174508257,65011
610.956299012027,68604
611.04085311773,68812
611.125407399925,64379
611.209961858857,61663
611.29451649477,84680
611.37907130791,98809
611.463626298523,87282
611.548181466852,78033
611.632736813144,78363
611.717292337643,75038
611.801848040595,68443
611.886403922244,64495
611.970959982837,65479
612.055516222617,67336
612.14007264183,69019
612.224629240722,70484
612.309186019537,68864
612.39374297852,80164
612.478300117917,82603
612.562857437973,90969
612.647414938933,92773
612.731972621042,80193
612.816530484545,70719
612.901088529688,83025
612.985646756714,84887
613.070205165871,76971
613.154763757402,71209
613.239322531553,65845
613.323881488569,66043
613.408440628695,64732
613.492999952176,61718
613.577559459258,63489
613.662119150185,66734
613.746679025203,65033
613.831239084557,62099
613.915799328492,63871
614.000359757252,63849
614.084920371084,61753
614.169481170232,60653
614.254042154942,60666
614.338603325458,60255
614.423164682026,63400
614.507726224891,67367
614.592287954298,65592
614.676849870492,80811
614.761411973718,83727
614.845974264222,72412
614.930536742248,66418
615.015099408042,66652
615.099662261849,65475
615.184225303914,62357
615.268788534481,63901
615.353351953797,63715
615.437915562106,68157
615.522479359654,69228
615.607043346685,64650
615.691607523446,78774
615.776171890179,81686
615.860736447132,71481
615.94530119455,65578
616.029866132676,65386
616.114431261757,64724
616.198996582037,65600
616.283562093762,67662
616.368127797177,68953
616.452693692527,66333
616.537259780057,62213
616.621826060012,63673
616.706392532638,67504
616.790959198179,66191
616.87552605688,62727
616.960093108988,83236
617.044660354746,88704
617.1292277944,84941
617.213795428195,88543
617.298363256377,82035
617.38293127919,71750
617.46749949688,65535
617.552067909691,61890
617.63663651787,59680
617.72120532166,511753
617.805774321307,645882
617.890343517057,402909
617.974912909154,255545
618.059482497843,170817
618.14405228337,122738
618.22862226598,94989
618.313192445918,78903
618.397762823429,84919
618.482333398757,87269
618.56690417215,77312
618.65147514385,72356
618.736046314105,68718
618.820617683158,64822
618.905189251254,63026
618.98976101864,61826
619.07433298556,60376
619.158905152259,64439
619.243477518983,87965
619.328050085976,91259
619.412622853484,80987
619.497195821751,77207
619.581768991023,79360
619.666342361546,75738
619.750915933564,68349
619.835489707321,64402
619.920063683065,69353
620.004637861039,73158
620.089212241489,68974
620.173786824659,64426
620.258361610796,63404
620.342936600144,62518
620.427511792947,61444
620.512087189453,67202
620.596662789905,96619
620.681238594548,110988
620.765814603629,96961
620.850390817391,81298
620.93496723608,74966
621.019543859942,77490
621.104120689221,75010
621.188697724162,70778
621.273274965011,67545
621.357852412012,63747
621.442430065412,62938
621.527007925454,62002
621.611585992385,63684
621.696164266449,65000
621.780742747892,63368
621.865321436958,61724
621.949900333892,60966
622.03447943894,63488
622.119058752348,64170
622.203638274359,62156
622.28821800522,64971
622.372797945175,65852
622.457378094469,64054
622.541958453348,62117
622.626539022057,62419
622.711119800841,62726
622.795700789945,61722
622.880281989613,74335
622.964863400093,77049
623.049445021627,69323
623.134026854462,65028
623.218608898843,62423
623.303191155015,64926
623.387773623222,66243
623.472356303711,67978
623.556939196726,70262
623.641522302512,67698
623.726105621315,63726
623.810689153379,64954
623.89527289895,64734
623.979856858273,65677
624.064441031593,71118
624.149025419156,73762
624.233610021205,76512
624.318194837987,76601
624.402779869747,74376
624.487365116729,76208
624.571950579179,76398
624.656536257342,70801
624.741122151463,64928
624.825708261788,64795
624.91029458856,71229
624.994881132027,70580
625.079467892432,68433
625.16405487002,66291
625.248642065038,63337
625.33322947773,96756
625.41781710834,108432
625.502404957115,234700
625.5869930243,266444
625.671581310139,181907
625.756169814878,556376
625.840758538762,647089
625.925347482035,399613
626.009936644944,263694
626.094526027733,182460
626.179115630648,128634
626.263705453933,98885
626.348295497833,84778
626.432885762595,74977
626.517476248462,67523
626.60206695568,78107
626.686657884495,79683
626.771249035151,69865
626.855840407893,71072
626.940432002967,69787
627.025023820618,69473
627.10961586109,84090
627.19420812463,83643
627.278800611482,82945
627.363393321891,82219
627.447986256102,109479
627.532579414361,112488
627.617172796912,89301
627.701766404002,75335
627.786360235874,67197
627.870954292774,66368
627.955548574948,64640
628.04014308264,75665
628.124737816095,77672
628.209332775559,72051
628.293927961276,67610
628.378523373493,62592
628.463119012454,59722
628.547714878403,58664
628.632310971587,62028
628.716907292251,65917
628.801503840639,67717
628.886100616996,65136
628.970697621569,61272
629.055294854601,59386
629.139892316339,61986
629.224490007026,65470
629.309087926909,64246
629.393686076233,64407
629.478284455242,62990
629.562883064182,59866
629.647481903298,58319
629.732080972835,57803
629.816680273037,60342
629.901279804152,60620
629.985879566422,62060
630.070479560095,65673
630.155079785414,67203
630.239680242624,64384
630.324280931972,60599
630.408881853702,66643
630.493483008059,69896
630.578084395288,65408
630.662686015635,61449
630.747287869345,64916
630.831889956662,65628
630.916492277832,61744
631.001094833101,59104
631.085697622712,58051
631.170300646912,61254
631.254903905945,61888
631.339507400056,66531
631.424111129492,69325
631.508715094496,72749
631.593319295314,82502
631.677923732192,82262
631.762528405373,76078
631.847133315104,71973
631.93173846163,66704
632.016343845195,65295
632.100949466045,63499
632.185555324425,60112
632.270161420579,57977
632.354767754754,57476
632.439374327195,59957
632.523981138146,59938
632.608588187852,57915
632.693195476559,58476
632.777803004512,58537
632.862410771956,58345
632.947018779136,58875
633.031627026297,59331
633.116235513685,61943
633.200844241544,68397
633.28545321012,68218
633.370062419658,63009
633.454671870403,60010
633.539281562599,58476
633.623891496493,57618
633.708501672329,57093
633.793112090353,59676
633.877722750809,59994
633.962333653943,58162
634.0469448,56949
634.131556189225,56432
634.216167821863,59357
634.300779698159,60335
634.385391818359,58549
634.470004182707,57618
634.554616791449,56832
634.639229644829,59531
634.723842743094,77393
634.808456086488,83596
634.893069675256,74242
634.977683509643,69820
635.062297589895,69825
635.146911916256,69350
635.231526488972,65705
635.316141308288,323020
635.400756374449,393907
635.4853716877,258536
635.569987248286,179554
635.654603056453,128618
635.739219112446,98103
635.823835416509,81408
635.908451968888,77670
635.993068769827,94016
636.077685819573,92581
636.16230311837,99769
636.246920666464,96974
636.331538464099,205103
636.41615651152,229842
636.500774808974,156417
636.585393356704,113029
636.670012154956,113077
636.754631203976,109516
636.839250504007,89125
636.923870055296,74628
637.008489858088,68925
637.093109912628,65834
637.17773021916,61955
637.26235077793,59306
637.346971589183,67698
637.431592653165,73314
637.51621397012,68751
637.600835540293,65641
637.68545736393,65767
637.770079441276,66550
637.854701772576,63859
637.939324358074,60335
638.023947198017,58555
