464.9839,129990
465.068515076491,129547
465.153129906126,129480
465.237744489151,129417
465.322358825812,129471
465.406972916352,129349
465.491586761018,129234
465.576200360054,129235
465.660813713705,129467
465.745426822218,129806
465.830039685836,129936
465.914652304805,129967
465.99926467937,129742
466.083876809776,129665
466.168488696269,129848
466.253100339093,214465
466.337711738494,238653
466.422322894716,194126
466.506933808006,167548
466.591544478607,152120
466.676154906766,143487
466.760765092726,138783
466.845375036735,137944
466.929984739036,137085
467.014594199874,135535
467.099203419495,134173
467.183812398145,133051
467.268421136067,132574
467.353029633508,151237
467.437637890711,157625
467.522245907924,150133
467.60685368539,143945
467.691461223355,138733
467.776068522063,136012
467.860675581761,134482
467.945282402693,136019
468.029888985104,139960
468.11449532924,139426
468.199101435345,138329
468.283707303665,137016
468.368312934445,134522
468.45291832793,135308
468.537523484364,137393
468.622128403994,152503
468.706733087065,159226
468.791337533821,150801
468.875941744507,142778
468.96054571937,138528
469.045149458653,136123
469.129752962602,134604
469.214356231462,133592
469.298959265479,133286
469.383562064897,132926
469.468164629962,132293
469.552766960919,132200
469.637369058012,134601
469.721970921487,135105
469.80657255159,134169
469.891173948565,135348
469.975775112657,134907
470.060376044111,133389
470.144976743173,132768
470.229577210088,134551
470.314177445101,135036
470.398777448457,136113
470.483377220402,151060
470.567976761179,156027
470.652576071035,148578
470.737175150215,142194
470.821773998963,137929
470.906372617525,137526
470.990971006146,136531
471.075569165072,156212
471.160167094546,161433
471.244764794815,151662
471.329362266123,144974
471.413959508717,141677
471.498556522839,143437
471.583153308737,143715
471.667749866655,141056
471.752346196838,140318
471.836942299532,140421
471.921538174981,142538
472.00613382343,141157
472.090729245126,137232
472.175324440312,134701
472.259919409234,135664
472.344514152137,135453
472.429108669267,133586
472.513702960868,133161
472.598297027185,134183
472.682890868465,134051
472.767484484951,132899
472.852077876889,132196
472.936671044524,134026
473.021263988101,134608
473.105856707865,133731
473.190449204062,136731
473.275041476937,146484
473.359633526735,150866
473.4442253537,145583
473.528816958078,141824
473.613408340115,140996
473.697999500055,138692
473.782590438143,135789
473.867181154625,134117
473.951771649745,135783
474.03636192375,135935
474.120951976883,134444
474.20554180939,133611
474.290131421517,133135
474.374720813508,135049
474.459309985608,134972
474.543898938063,133362
474.628487671118,132651
474.713076185018,132405
474.797664480008,134695
474.882252556332,155029
474.966840414238,161056
475.051428053968,173181
475.13601547577,171779
475.220602679887,154947
475.305189666564,144774
475.389776436048,139010
475.474362988583,135840
475.558949324414,133847
475.643535443787,133157
475.728121346946,132863
475.812707034136,132327
475.897292505604,147773
475.981877761593,154959
476.066462802349,149142
476.151047628118,144682
476.235632239144,139951
476.320216635672,136051
476.404800817948,136225
476.489384786216,135871
476.573968540723,136978
476.658552081712,149919
476.74313540943,151877
476.827718524121,143979
476.91230142603,139047
476.996884115403,138113
477.081466592484,137073
477.166048857519,134910
477.250630910753,135991
477.335212752432,135842
477.419794382799,134200
477.504375802101,135122
477.588957010582,135394
477.673538008487,134392
477.758118796063,161549
477.842699373553,168759
477.927279741204,153412
478.011859899259,143919
478.096439847965,138292
478.181019587566,135639
478.265599118308,134314
478.350178440435,133121
478.434757554193,132622
478.519336459827,140442
478.603915157582,142317
478.688493647704,137815
478.773071930436,174934
478.857650006026,184644
478.942227874716,162969
479.026805536754,157589
479.111382992383,153328
479.19596024185,146998
479.280537285398,141847
479.365114123274,137345
479.449690755722,134761
479.534267182988,133207
479.618843405317,132267
479.703419422953,134130
479.787995236142,137096
479.87257084513,136360
479.95714625016,134516
480.041721451479,133116
480.126296449331,132576
480.210871243962,133964
480.295445835617,134305
480.380020224541,135314
480.464594410979,135145
480.549168395175,135771
480.633742177377,135655
480.718315757827,134059
480.802889136772,132833
480.887462314457,132153
480.972035291127,132150
481.056608067026,134482
481.141180642401,142931
481.225753017496,143566
481.310325192556,138397
481.394897167827,137579
481.479468943554,136630
481.564040519981,134569
481.648611897354,133182
481.733183075918,132302
481.817754055918,134016
481.9023248376,134391
481.986895421208,135030
482.071465806988,158228
482.156035995184,163608
482.240605986042,152338
482.325175779807,144583
482.409745376725,138704
482.494314777039,135310
482.578883980996,133506
482.663452988841,132647
482.748021800818,132015
482.832590417173,131633
482.91715883815,133743
483.001727063996,136418
483.086295094955,135759
483.170862931273,133816
483.255430573193,133313
483.339998020963,135063
483.424565274826,135406
483.509132335028,134025
483.593699201814,133151
483.678265875429,134550
483.762832356118,134587
483.847398644127,132892
483.9319647397,134151
484.016530643083,141867
484.101096354521,142964
484.185661874258,138552
484.270227202541,135628
484.354792339614,134003
484.439357285722,133359
484.523922041111,135028
484.608486606025,136874
484.69305098071,135962
484.777615165411,135073
484.862179160373,136553
484.946742965841,136108
485.03130658206,136130
485.115870009276,137571
485.200433247733,136604
485.284996297677,134636
485.369559159353,149348
485.454121833005,155055
485.53868431888,146494
485.623246617222,141178
485.707808728276,137962
485.792370652288,135274
485.876932389502,135669
485.961493940164,135449
486.046055304519,133837
486.130616482813,133343
486.215177475289,133309
486.299738282193,137190
486.384298903771,137983
486.468859340268,135295
486.553419591928,133583
486.637979658997,132947
486.722539541719,132325
486.807099240341,133582
486.891658755108,133816
486.976218086263,132549
487.060777234053,131792
487.145336198723,131663
487.229894980517,131636
487.314453579682,131915
487.399011996461,131982
487.483570231101,131611
487.568128283845,131324
487.652686154941,131225
487.737243844632,131435
487.821801353163,134179
487.906358680781,134773
487.990915827729,133265
488.075472794253,132778
488.160029580599,135504
488.244586187011,135784
488.329142613735,134016
488.413698861015,137344
488.498254929097,137906
488.582810818225,137669
488.667366528646,137628
488.751922060605,135420
488.836477414345,133915
488.921032590113,133205
489.005587588153,133818
489.090142408711,153005
489.174697052032,159382
489.259251518361,151183
489.343805807943,144257
489.428359921024,138803
489.512913857847,135716
489.597467618659,134201
489.682021203705,140864
489.76657461323,142460
489.851127847479,137805
489.935680906696,135873
490.020233791128,134567
490.104786501019,133129
490.189339036615,134757
490.27389139816,134955
490.3584435859,133099
490.44299560008,132053
490.527547440945,131698
490.612099108739,131811
490.69665060371,131576
490.7812019261,131446
490.865753076156,133593
490.950304054123,134391
491.034854860246,133360
491.119405494769,132751
491.203955957939,132342
491.288506249999,132101
491.373056371197,131884
491.457606321775,134072
491.54215610198,135135
491.626705712057,133856
491.711255152251,132699
491.795804422807,131751
491.88035352397,131325
491.964902455985,131408
492.049451219098,133638
492.133999813553,134078
492.218548239596,132898
492.303096497471,134159
492.387644587425,135536
492.472192509702,136893
492.556740264546,141675
492.641287852205,141344
492.725835272921,136890
492.810382526942,134654
492.894929614511,139810
492.979476535874,140649
493.064023291276,136703
493.148569880962,135806
493.233116305178,134958
493.317662564167,133272
493.402208658177,132771
493.486754587451,132322
493.571300352235,131734
493.655845952774,131379
493.740391389313,133548
493.824936662097,134143
493.909481771372,134697
493.994026717382,134353
494.078571500372,132863
494.163116120589,132083
494.247660578276,131867
494.33220487368,147928
494.416749007044,152312
494.501292978615,143830
494.585836788637,138537
494.670380437356,135497
494.754923925017,133962
494.839467251864,135421
494.924010418144,135658
495.0085534241,134236
495.093096269979,142416
495.177638956025,144169
495.262181482484,140699
495.3467238496,140038
495.431266057619,137417
495.515808106786,136904
495.600349997346,136171
495.684891729544,134284
495.769433303626,134053
495.853974719836,133471
495.938515978419,132407
496.023057079622,131727
496.107598023688,131590
496.192138810863,133864
496.276679441392,134084
496.361219915521,133463
496.445760233493,153739
496.530300395556,159039
496.614840401953,147811
496.69938025293,144551
496.783919948731,141632
496.868459489603,139365
496.95299887579,137108
497.037538107538,139328
497.12207718509,139248
497.206616108694,137969
497.291154878593,136699
497.375693495033,134595
497.460231958259,132960
497.544770268516,132245
497.629308426049,132111
497.713846431104,131765
497.798384283926,133665
497.882921984759,134259
497.967459533848,133139
498.05199693144,134761
498.136534177779,137467
498.22107127311,136917
498.305608217678,134482
498.390145011729,133149
498.474681655507,132625
498.559218149259,132346
498.643754493228,132238
498.72829068766,131913
498.8128267328,131395
498.897362628894,131215
498.981898376185,131268
499.066433974921,131478
499.150969425345,133861
499.235504727703,143837
499.32003988224,144976
499.404574889201,141017
499.489109748831,138493
499.573644461376,135713
499.65817902708,133929
499.742713446188,132840
499.827247718947,132236
499.9117818456,131948
499.996315826393,131573
500.080849661572,132159
500.165383351381,132616
500.249916896065,131992
500.33445029587,131785
500.41898355104,143158
500.503516661822,146345
500.588049628459,140079
500.672582451197,136828
500.757115130282,134863
500.841647665958,133450
500.92618005847,132463
501.010712308064,148601
501.095244414985,154787
501.179776379478,148329
501.264308201788,142442
501.34883988216,140048
501.433371420839,138034
501.517902818071,134872
501.6024340741,135553
501.686965189172,136871
501.771496163532,135338
501.856026997425,133498
501.940557691096,132457
502.02508824479,131912
502.109618658753,134058
502.194148933229,134514
502.278679068464,133137
502.363209064702,132392
502.44773892219,131661
502.532268641171,133346
502.616798221892,133924
502.701327664597,133105
502.785856969531,132604
502.87038613694,134068
502.954915167069,136179
503.039444060163,135344
503.123972816466,133576
503.208501436225,135206
503.293029919684,135624
503.377558267088,136187
503.462086478683,137922
503.546614554714,139506
503.631142495425,137935
503.715670301062,134879
503.800197971871,133086
503.884725508095,132270
503.969252909981,133789
504.053780177773,136473
504.138307311717,136239
504.222834312058,136708
504.307361179041,136659
504.39188791291,137348
504.476414513912,137658
504.560940982291,146257
504.645467318292,147265
504.729993522161,140438
504.814519594143,138372
504.899045534482,138248
504.983571343424,139155
505.068097021215,139751
505.152622568098,139578
505.23714798432,146566
505.321673270126,146517
505.40619842576,140185
505.490723451468,136255
505.575248347494,135863
505.659773114085,135074
505.744297751485,151475
505.828822259939,157793
505.913346639693,148134
505.997870890991,141150
506.082395014079,137010
506.166919009201,134617
506.251442876604,133055
506.335966616531,134208
506.420490229229,134211
506.505013714942,133013
506.589537073916,132439
506.674060306396,134022
506.758583412626,134582
506.843106392852,133404
506.927629247319,132398
507.012151976272,131785
507.096674579957,133553
507.181197058618,134571
507.2657194125,133640
507.350241641849,151267
507.43476374691,158409
507.519285727928,148849
507.603807585148,141224
507.688329318816,137088
507.772850929175,136771
507.857372416473,138059
507.941893780953,136428
508.02641502286,134284
508.110936142441,132886
508.195457139939,133898
508.279978015601,134024
508.364498769671,133040
508.449019402395,132512
508.533539914017,132103
508.618060304783,133728
508.702580574937,133911
508.787100724726,132938
508.871620754394,133392
508.956140664186,142636
509.040660454347,147397
509.125180125123,152014
509.209699676758,149926
509.294219109499,153591
509.378738423589,152123
509.463257619274,145640
509.5477766968,141138
509.632295656411,136852
509.716814498352,134195
509.801333222869,132719
509.885851830207,132070
509.97037032061,132206
510.054888694324,131994
510.139406951595,133620
510.223925092667,134003
510.308443117785,132758
510.392961027195,132602
510.477478821141,134524
510.56199649987,136940
510.646514063625,138418
510.731031512652,139281
510.815548847197,137421
510.900066067503,135353
510.984583173818,133875
511.069100166384,134688
511.153617045449,134615
511.238133811256,135225
511.322650464052,135020
511.407167004081,133192
511.491683431587,136807
511.576199746818,137627
511.660715950017,137079
511.745232041429,136310
511.829748021301,134310
511.914263889876,133206
511.9987796474,133095
512.083295294119,132595
512.167810830277,132110
512.252326256119,133371
512.336841571891,135397
512.421356777838,143781
512.505871874205,144948
512.590386861236,141785
512.674901739178,139076
512.759416508275,136030
512.843931168773,133990
512.928445720916,134739
513.01296016495,136874
513.097474501119,136060
513.18198872967,133964
513.266502850847,132746
513.351016864895,134140
513.435530772059,134401
513.520044572585,133020
513.604558266717,132212
513.689071854701,136249
513.773585336782,138420
513.858098713206,138753
513.942611984216,139740
514.027125150058,141561
514.111638210978,142532
514.196151167221,139776
514.280664019031,136115
514.365176766654,134148
514.449689410336,134852
514.53420195032,136569
514.618714386852,135699
514.703226720178,133788
514.787738950542,132469
514.87225107819,131900
514.956763103367,131365
515.041275026318,130872
515.125786847287,135571
515.210298566521,136823
515.294810184265,134189
515.379321700762,132937
515.463833116259,132350
515.548344431001,132093
515.632855645233,133794
515.7173667592,134215
515.801877773147,133985
515.886388687319,135216
515.970899501962,134470
516.05541021732,132753
516.139920833639,131819
516.224431351163,131602
516.308941770138,131753
516.39345209081,131262
516.477962313423,130902
516.562472438222,132796
516.646982465452,135755
516.731492395359,138615
516.816002228188,138059
516.900511964184,135492
516.985021603591,138135
517.069531146656,142631
517.154040593623,147199
517.238549944738,144759
517.323059200245,140941
517.40756836039,138393
517.492077425417,135545
517.576586395573,133667
517.661095271101,150662
517.745604052248,155082
517.830112739258,144953
517.914621332376,143547
517.999129831848,141637
518.083638237919,137431
518.168146550834,134892
518.252654770838,133539
518.337162898176,132879
518.421670933093,132207
518.506178875835,131814
518.590686726646,131279
518.675194485772,131253
518.759702153457,133273
518.844209729948,133959
518.928717215489,132699
519.013224610325,134014
519.097731914701,134611
519.182239128863,133579
519.266746253055,132808
519.351253287523,132299
519.435760232512,131781
519.520267088267,131594
519.604773855033,131465
519.689280533056,131323
519.77378712258,131297
519.85829362385,131218
519.942800037113,133600
520.027306362612,134166
520.111812600593,132428
520.196318751301,131529
520.280824814981,130974
520.365330791879,130744
520.449836682239,131176
520.534342486307,131198
520.618848204327,130969
520.703353836546,132804
520.787859383207,133236
520.872364844557,136381
520.95687022084,148715
521.041375512301,149563
521.125880719186,141690
521.21038584174,136878
521.294890880208,142400
521.379395834834,143509
521.463900705865,140615
521.548405493545,138142
521.632910198119,135125
521.717414819833,133495
521.801919358931,132444
521.88642381566,131859
521.970928190263,133752
522.055432482986,215757
522.139936694074,237185
522.224440823773,194651
522.308944872327,169281
522.393448839982,153326
522.477952726982,146158
522.562456533574,151934
522.646960260001,150357
522.731463906509,144666
522.815967473344,142693
522.90047096075,138930
522.984974368973,135260
523.069477698257,133316
523.153980948848,132413
523.238484120991,131882
523.322987214931,131449
523.407490230914,133537
523.491993169183,136605
523.576496029985,158587
523.660998813565,162670
523.745501520167,167815
523.830004150038,165254
523.914506703421,151094
523.999009180562,142571
524.083511581707,137494
524.1680139071,134621
524.252516156987,133096
524.337018331612,132064
524.421520431221,133662
524.506022456059,134294
524.590524406371,133075
524.675026282403,145221
524.759528084398,148603
524.844029812603,141238
524.928531467263,137031
525.013033048623,145345
525.097534556927,147107
525.182035992421,140277
525.266537355351,136155
525.351038645961,133995
525.435539864496,135299
525.520041011202,135325
525.604542086324,133873
525.689043090106,137936
525.773544022794,138542
525.858044884634,137948
525.942545675869,137224
526.027046396746,134894
526.11154704751,133359
526.196047628405,132390
526.280548139677,134206
526.36504858157,134534
526.449548954331,132978
526.534049258204,132442
526.618549493434,134217
526.703049660267,134112
526.787549758947,132839
526.87204978972,134205
526.956549752831,134673
527.041049648525,133429
527.125549477046,132645
527.210049238641,143568
527.294548933555,147894
527.379048562032,142090
527.463548124317,137621
527.548047620657,135922
527.632547051295,134782
527.717046416477,133601
527.801545716449,136114
527.886044951455,136698
527.97054412174,140626
528.05504322755,141092
528.139542269129,137128
528.224041246724,135911
528.308540160578,136470
528.393039010938,135599
528.477537798047,133776
528.562036522152,134398
528.646535183498,136454
528.731033782329,137685
528.815532318891,136342
528.900030793429,134426
528.984529206188,133117
529.069027557414,132276
529.15352584735,131871
529.238024076243,131423
529.322522244338,131168
529.407020351879,131268
529.491518399112,131595
529.576016386283,131835
529.660514313635,131687
529.745012181415,131209
529.829509989866,131100
529.914007739236,131177
529.998505429768,133219
530.083003061708,133999
530.167500635301,133002
530.251998150792,132474
530.336495608426,132483
530.420993008449,134123
530.505490351105,136459
530.589987636639,137615
530.674484865298,138216
530.758982037325,136665
530.843479152966,134444
530.927976212466,133059
531.012473216071,132673
531.096970164025,161561
531.181467056574,171359
531.265963893962,155907
531.350460676435,145615
531.434957404238,139652
531.519454077616,136380
531.603950696814,135914
531.688447262078,135640
531.772943773652,134452
531.857440231782,133231
531.941936636713,132373
532.026432988689,133932
532.110929287956,134390
532.19542553476,135040
532.279921729345,134700
532.364417871956,133197
532.448913962839,132252
532.533410002239,131864
532.6179059904,131868
532.702401927568,131781
532.786897813989,131770
532.871393649906,136161
532.955889435567,139155
533.040385171214,137338
533.124880857094,153321
533.209376493452,156882
533.293872080533,146361
533.378367618582,140259
533.462863107844,150162
533.547358548564,151779
533.631853940988,145138
533.71634928536,140970
533.800844581926,144154
533.885339830931,143579
533.96983503262,138709
534.054330187238,135885
534.13882529503,136143
534.223320356242,135560
534.307815371118,133654
534.392310339903,132335
534.476805262844,131780
534.561300140184,131637
534.64579497217,135472
534.730289759045,136670
534.814784501056,136463
534.899279198448,135898
534.983773851465,134162
535.068268460352,135066
535.152763025356,140995
535.23725754672,152763
535.321752024691,152425
535.406246459513,143981
535.490740851431,138693
535.575235200691,135713
535.659729507538,134016
535.744223772216,365908
535.828717994971,431781
535.913212176048,306739
535.997706315693,231966
536.08220041415,195307
536.166694471664,172729
536.251188488481,155551
536.335682464845,145615
536.420176401003,139768
536.504670297198,136617
536.589164153677,134847
536.673657970684,133510
536.758151748464,133415
536.842645487263,133301
536.927139187325,132971
537.011632848896,134827
537.096126472221,135882
537.180620057546,137718
537.265113605114,139764
537.349607115172,138291
537.434100587964,136602
537.518594023736,135698
537.603087422733,135257
537.687580785199,135690
537.772074111381,137754
537.856567401522,144943
537.941060655869,153318
538.025553874667,153331
538.11004705816,155765
538.194540206593,177761
538.279033320213,237405
538.363526399263,347472
538.44801944399,494823
538.532512454637,654935
538.617005431451,809839
538.701498374677,936171
538.785991284559,1012150
538.870484161343,1026482
538.954977005273,992566
539.039469816596,926724
539.123962595556,844428
539.208455342398,762480
539.292948057368,685633
539.37744074071,619546
539.46193339267,571859
539.546426013493,538141
539.630918603424,514327
539.715411162708,493146
539.79990369159,475104
539.884396190315,457104
539.968888659129,451676
540.053381098277,434981
540.137873508003,398785
540.222365888553,359038
540.306858240173,319900
540.391350563106,281972
540.475842857599,251665
540.560335123896,223004
540.644827362243,198343
540.729319572884,180343
540.813811756066,164736
540.898303912032,152917
540.982796041028,145133
541.0672881433,140263
541.151780219092,137577
541.23627226865,135587
541.320764292218,134302
541.405256290042,133920
541.489748262367,134945
541.574240209438,137797
541.6587321315,137528
541.743224028798,137590
541.827715901578,136608
541.912207750085,134320
541.996699574563,133553
542.081191375258,133241
542.165683152415,134988
542.250174906279,135031
542.334666637096,133648
542.41915834511,132898
542.503650030566,145805
542.58814169371,151404
542.672633334787,149013
542.757124954042,144790
542.841616551719,139196
542.926108128065,137929
543.010599683325,136798
543.095091217743,135080
543.179582731564,150993
543.264074225034,154750
543.348565698398,144801
543.433057151901,139001
543.517548585789,135881
543.602040000305,137989
543.686531395696,140338
543.771022772206,138209
543.855514130081,137733
543.940005469566,138941
544.024496790906,137124
544.108988094346,138943
544.193479380131,140268
544.277970648506,137412
544.362461899717,134689
544.446953134009,135465
544.531444351626,135515
544.615935552814,135471
544.700426737818,135704
544.784917906884,134666
544.869409060255,135722
544.953900198178,135661
545.038391320898,133980
545.122882428659,133090
545.207373521708,132251
545.291864600288,131674
545.376355664645,131345
545.460846715024,151333
545.545337751671,157207
545.62982877483,146718
545.714319784747,142333
545.798810781666,141407
545.883301765834,138824
545.967792737495,137748
546.052283696893,136786
546.136774644275,136796
546.221265579886,135985
546.30575650397,134161
546.390247416772,133109
546.474738318539,132341
546.559229209514,132086
546.643720089944,131781
546.728210960073,131321
546.812701820146,132470
546.897192670409,135762
546.981683511106,135898
547.066174342483,134111
547.150665164785,133991
547.235155978257,135695
547.319646783145,135141
547.404137579692,133830
547.488628368145,133189
547.573119148749,132303
547.657609921748,132210
547.742100687388,134259
547.826591445914,134413
547.911082197572,133328
547.995572942605,133022
548.08006368126,132574
548.164554413782,132359
548.249045140415,132266
548.333535861404,132105
548.418026576996,141917
548.502517287435,144469
548.587007992966,139093
548.671498693834,135836
548.755989390285,137721
548.840480082563,140158
548.924970770915,138127
549.009461455584,135516
549.093952136815,135819
549.178442814856,135330
549.262933489949,133868
549.347424162341,137712
549.431914832276,138491
549.5164055,135585
549.600896165758,134797
549.685386829794,134268
549.769877492355,132953
549.854368153685,132388
549.938858814029,143449
550.023349473633,148287
550.107840132742,144803
550.1923307916,140483
550.276821450453,136404
550.361312109546,134284
550.445802769124,135369
550.530293429432,135384
550.614784090716,133688
550.69927475322,132738
550.78376541719,132358
550.868256082871,131706
550.952746750508,131527
551.037237420346,133688
551.12172809263,134239
551.206218767606,132873
551.290709445518,132222
551.375200126611,131767
551.459690811131,133795
551.544181499323,134444
551.628672191433,133327
551.713162887704,132456
551.797653588383,131779
551.882144293714,131391
551.966635003943,131398
552.051125719314,133842
552.135616440073,137838
552.220107166465,137282
552.304597898735,136226
552.389088637129,135320
552.473579381891,146407
552.558070133266,148947
552.6425608915,141814
552.727051656838,137792
552.811542429524,150796
552.896033209805,153439
552.980523997925,146420
553.065014794129,141590
553.149505598662,137299
553.23399641177,134970
553.318487233698,135596
553.402978064691,143355
553.487468904993,150852
553.571959754851,147332
553.656450614509,140247
553.740941484213,136123
553.825432364206,137728
553.909923254736,137681
553.994414156046,139086
554.078905068382,138499
554.16339599199,135360
554.247886927113,133533
554.332377873998,145409
554.416868832889,148444
554.501359804032,141330
554.585850787671,137054
554.670341784053,134761
554.754832793421,133400
554.839323816021,132330
554.923814852099,131719
555.008305901899,131466
555.092796965667,135633
555.177288043647,136544
555.261779136085,149994
555.346270243226,153202
555.430761365315,146337
555.515252502597,143363
555.599743655318,140222
555.684234823722,137180
555.768726008055,137505
555.853217208561,138739
555.937708425486,136779
556.022199659075,148998
556.106690909574,152000
556.191182177226,145567
556.275673462278,140923
556.360164764975,138774
556.444656085561,139628
556.529147424282,137791
556.613638781383,135552
556.698130157109,134508
556.782621551706,135534
556.867112965417,135478
556.951604398489,137072
557.036095851167,140958
557.120587323695,139499
557.20507881632,135567
557.289570329285,133264
557.374061862836,134506
557.458553417219,135379
557.543044992678,135850
557.627536589459,134986
557.712028207806,135507
557.796519847966,135270
557.881011510182,137362
557.9655031947,139766
558.049994901765,137853
558.134486631623,134905
558.218978384519,133340
558.303470160697,134248
558.387961960402,133914
558.472453783881,133819
558.556945631378,134501
558.641437503137,151857
558.725929399405,161874
558.810421320427,153145
558.894913266447,143792
558.97940523771,138689
559.063897234463,137776
559.14838925695,138626
559.232881305415,137241
559.317373380105,134838
559.401865481264,135641
559.486357609138,135652
559.570849763971,134091
559.65534194601,133476
559.739834155498,135166
559.824326392681,135469
559.908818657804,135908
559.993310951113,135261
560.077803272852,133772
560.162295623266,133012
560.246788002602,132264
560.331280411103,133973
560.415772849015,136272
560.500265316583,137875
560.584757814052,140545
560.669250341668,138940
560.753742899676,135420
560.83823548832,135696
560.922728107845,135271
561.007220758498,133662
561.091713440523,132847
561.176206154165,132214
561.260698899669,132093
561.345191677281,131887
561.429684487245,131537
561.514177329807,131323
561.598670205212,131320
561.683163113705,131932
561.767656055531,132321
561.852149030935,134087
561.936642040163,136484
562.021135083459,135811
562.105628161069,133961
562.190121273237,135205
562.27461442021,135207
562.359107602232,140103
562.443600819547,140624
562.528094072403,138585
562.612587361042,142424
562.697080685712,143559
562.781574046656,141817
562.866067444119,150292
562.950560878348,150480
563.035054349587,142237
563.119547858082,139535
563.204041404076,137817
563.288534987816,135903
563.373028609547,134207
563.457522269514,133127
563.542015967961,132315
563.626509705135,133898
563.71100348128,136388
563.795497296641,135697
563.879991151464,133588
563.964485045993,132187
564.048978980475,131616
564.133472955153,132182
564.217966970273,132470
564.30246102608,134302
564.386955122819,136493
564.471449260736,137390
564.555943440075,135972
564.640437661083,133849
564.724931924002,173493
564.80942622908,186526
564.893920576561,165082
564.97841496669,153010
565.062909399713,145642
565.147403875874,146188
565.231898395419,144407
565.316392958592,138852
565.400887565639,135327
565.485382216806,133667
565.569876912336,132817
565.654371652476,131995
565.73886643747,133164
565.823361267564,133696
565.907856143003,145317
565.992351064031,148294
566.076846030894,141509
566.161341043838,136941
566.245836103106,134339
566.330331208945,133106
566.4148263616,132233
566.499321561315,133689
566.583816808336,134084
566.668312102908,135296
566.752807445276,135202
566.837302835685,134270
566.92179827438,134888
567.006293761607,134404
567.090789297611,132981
567.175284882636,135604
567.259780516928,136241
567.344276200732,133949
567.428771934293,132513
567.513267717856,133752
567.597763551667,134113
567.68225943597,132908
567.766755371011,144943
567.851251357034,148317
567.935747394286,141266
568.020243483011,141040
568.104739623454,139522
568.18923581586,150222
568.273732060474,152239
568.358228357543,143102
568.442724707309,137925
568.52722111002,134963
568.61171756592,132988
568.696214075254,132245
568.780710638267,131758
568.865207255205,131266
568.949703926312,131326
569.034200651834,133601
569.118697432015,134071
569.203194267102,132992
569.287691157338,134341
569.37218810297,137959
569.456685104242,143958
569.5411821614,143535
569.625679274688,138884
569.710176444352,138166
569.794673670637,136928
569.879170953788,134364
569.96366829405,134800
570.048165691668,138990
570.132663146887,138836
570.217160659954,140178
570.301658231112,139747
570.386155860606,136653
570.470653548683,134717
570.555151295587,133478
570.639649101562,132615
570.724146966856,132009
570.808644891712,133721
570.893142876375,136697
570.977640921091,136889
571.062139026105,136719
571.146637191662,147267
571.231135418007,148648
571.315633705386,141134
571.400132054043,138772
571.484630464223,139029
571.569128936172,137207
571.653627470135,134683
571.738126066357,137531
571.822624725083,140050
571.907123446559,137696
571.991622231028,139111
572.076121078737,142185
572.160619989931,140528
572.245118964855,138936
572.329618003753,137215
572.414117106872,137660
572.498616274455,140840
572.583115506749,139577
572.667614803999,135781
572.752114166448,133688
572.836613594344,133100
572.921113087931,132919
573.005612647453,132486
573.090112273157,131919
573.174611965286,133837
573.259111724088,137942
573.343611549805,142140
573.428111442685,156951
573.512611402971,159613
573.597111430909,177381
573.681611526744,179522
573.766111690721,166231
573.850611923086,155244
573.935112224083,145111
574.019612593957,139336
574.104113032955,136346
574.18861354132,136533
574.273114119298,135887
574.357614767134,135948
574.442115485074,135269
574.526616273362,162646
574.611117132243,169952
574.695618061963,163660
574.780119062767,158790
574.8646201349,148859
574.949121278607,143952
575.033622494133,141636
575.118123781723,140170
575.202625141623,137539
575.287126574078,134858
575.371628079332,133554
575.456129657631,132982
575.54063130922,132615
575.625133034344,134518
575.709634833249,138147
575.794136706179,137510
575.878638653379,135003
575.963140675095,133713
576.047642771572,132636
576.132144943055,132006
576.216647189789,134403
576.301149512019,134779
576.38565190999,132976
576.470154383948,132022
576.554656934138,131596
576.639159560804,134125
576.723662264192,135047
576.808165044547,152935
576.892667902114,159140
576.977170837139,148375
577.061673849866,140512
577.146176940541,136291
577.230680109408,134137
577.315183356713,133178
577.399686682701,134160
577.484190087617,148702
577.568693571706,151383
577.653197135214,142784
577.737700778385,140345
577.822204501465,138344
577.906708304698,135486
577.991212188331,152515
578.075716152607,156764
578.160220197773,148263
578.244724324073,142679
578.329228531752,142311
578.413732821056,143043
578.49823719223,139684
578.582741645518,136013
578.667246181166,135779
578.75175079942,135555
578.836255500524,136304
578.920760284723,140622
579.005265152262,140160
579.089770103388,136819
579.174275138344,134574
579.258780257375,132857
579.343285460728,132271
579.427790748647,131897
579.512296121378,131342
579.596801579165,131092
579.681307122253,131582
579.765812750888,131819
579.850318465315,131412
579.934824265779,131124
580.019330152525,131229
580.103836125799,142462
580.188342185844,145774
580.272848332908,141702
580.357354567233,138730
580.441860889067,135514
580.526367298654,133414
580.610873796238,136471
580.695380382066,137061
580.779887056382,134705
580.864393819432,136783
580.94890067146,137069
581.033407612712,134650
581.117914643433,133194
581.202421763867,132523
581.286928974261,132522
581.371436274859,134315
581.455943665907,134792
581.540451147649,135502
581.62495872033,134852
581.709466384197,133238
581.793974139493,132381
581.878481986465,135732
581.962989925357,136625
582.047497956414,138607
582.132006079881,140663
582.216514296004,138249
582.301022605028,135051
582.385531007198,139222
582.470039502758,140200
582.554548091955,136754
582.639056775033,134909
582.723565552238,133402
582.808074423814,132597
582.892583390007,132012
582.977092451061,135757
583.061601607223,136782
583.146110858736,135173
583.230620205847,134879
583.3151296488,133814
583.399639187841,134626
583.484148823214,134321
583.568658555165,132927
583.653168383939,132072
583.73767830978,135664
583.822188332935,136951
583.906698453649,136493
583.991208672165,135369
584.075718988731,133855
584.16022940359,134721
584.244739916987,134468
584.329250529169,133041
584.41376124038,132040
584.498272050865,131880
584.58278296087,131969
584.667293970638,137394
584.751805080417,143160
584.83631629045,141616
584.920827600983,137640
585.005339012262,135422
585.08985052453,135737
585.174362138034,136975
585.258873853018,137859
585.343385669727,136584
585.427897588408,134282
585.512409609304,132702
585.596921732661,131926
585.681433958724,133093
585.765946287739,133166
585.85045871995,134404
585.934971255602,136966
586.019483894941,140483
586.103996638212,141630
586.18850948566,138535
586.27302243753,135955
586.357535494067,134087
586.442048655516,147214
586.526561922122,163009
586.611075294132,158327
586.695588771789,147094
586.780102355339,140829
586.864616045027,139003
586.949129841097,136900
587.033643743797,134172
587.118157753369,132837
587.20267187006,132125
587.287186094115,131673
587.371700425779,131416
587.456214865296,131368
587.540729412912,131163
587.625244068873,130802
587.709758833423,132679
587.794273706808,133390
587.878788689272,132647
587.963303781061,132059
588.047818982419,131968
588.132334293593,133681
588.216849714827,136441
588.301365246366,136097
588.385880888455,134408
588.47039664134,133115
588.554912505266,132267
588.639428480477,134018
588.72394456722,136951
588.808460765738,140595
588.892977076278,139811
588.977493499084,136355
589.062010034401,134189
589.146526682475,133056
589.231043443551,132388
589.315560317874,131877
589.400077305689,131454
589.48459440724,131410
589.569111622774,133530
589.653628952536,137132
589.73814639677,137003
589.822663955722,134719
589.907181629636,182950
589.991699418759,200490
590.076217323334,179191
590.160735343608,161945
590.245253479825,148803
590.329771732231,141278
590.41429010107,156991
590.498808586588,159903
590.58332718903,147970
590.667845908641,142936
590.752364745666,139336
590.83688370035,135888
590.921402772939,135860
591.005921963678,139593
591.090441272811,138915
591.174960700584,137707
591.259480247241,138020
591.343999913029,138203
591.428519698192,136649
591.513039602976,134263
591.597559627625,132898
591.682079772385,132124
591.7666000375,131422
591.851120423216,131351
591.935640929779,131180
592.020161557432,132398
592.104682306422,132679
592.189203176993,131740
592.273724169391,131309
592.35824528386,131001
592.442766520647,131098
592.527287879995,133436
592.611809362151,134028
592.696330967358,149771
592.780852695863,153805
592.865374547911,144505
592.949896523746,139246
593.034418623614,136073
593.11894084776,156978
593.203463196429,162294
593.287985669866,149553
593.372508268317,141746
593.457030992026,137387
593.541553841238,134954
593.626076816199,133935
593.710599917154,133034
593.795123144348,132291
593.879646498027,132011
593.964169978434,135890
594.048693585816,137109
594.133217320417,134566
594.217741182483,135194
594.302265172259,135053
594.38678928999,135297
594.47131353592,134858
594.555837910296,135367
594.640362413363,135030
594.724887045364,146652
594.809411806547,149358
594.893936697155,141562
594.978461717434,141365
595.062986867629,139988
595.147512147985,136597
595.232037558747,138572
595.316563100161,142425
595.401088772471,141775
595.485614575923,138333
595.570140510762,135574
595.654666577233,133734
595.73919277558,134530
595.82371910605,135412
595.908245568888,134792
595.992772164338,137716
596.077298892645,142690
596.161825754055,141277
596.246352748813,136920
596.330879877164,134584
596.415407139353,142114
596.499934535626,143964
596.584462066227,139753
596.668989731401,138999
596.753517531394,139720
596.838045466451,139935
596.922573536817,137894
597.007101742737,135471
597.091630084456,151287
597.17615856222,164313
597.260687176273,157901
597.345215926861,149491
597.429744814228,147496
597.51427383862,143424
597.598803000283,138423
597.68333229946,139746
597.767861736398,139034
597.852391311341,139830
597.936921024535,139037
598.021450876224,137782
598.105980866655,138656
598.190510996071,136884
598.275041264718,136532
598.359571672842,137801
598.444102220687,139233
598.528632908498,137766
598.613163736522,137332
598.697694705001,141180
598.782225814183,141777
598.866757064312,140487
598.951288455633,138121
599.035819988391,137224
599.120351662832,138505
599.2048834792,136994
599.289415437741,134318
599.3739475387,133153
599.458479782322,134875
599.543012168852,137378
599.627544698535,138394
599.712077371617,136760
599.796610188342,134506
599.881143148956,135508
599.965676253703,137468
600.05020950283,136574
600.13474289658,134242
600.2192764352,132869
600.303810118934,134419
600.388343948028,134431
600.472877922726,133083
600.557412043273,134403
600.641946309916,134208
600.726480722899,132965
600.811015282466,132544
600.895549988864,132157
600.980084842338,131764
601.064619843132,133389
601.149154991491,133989
601.233690287662,135169
601.318225731888,135178
601.402761324415,133491
601.487297065489,134519
601.571832955354,134798
601.656368994255,135625
601.740905182438,135165
601.825441520148,133258
601.90997800763,134887
601.994514645128,137053
602.079051432889,137467
602.163588371157,136060
602.248125460177,135874
602.332662700195,135467
602.417200091456,136115
602.501737634204,135685
602.586275328686,133761
602.670813175145,132415
602.755351173828,137754
602.839889324979,139383
602.924427628843,137931
603.008966085667,138238
603.093504695693,136452
603.178043459169,134065
603.262582376339,135339
603.347121447448,136799
603.431660672741,136423
603.516200052464,134651
603.600739586861,132862
603.685279276178,132006
603.769819120659,132349
603.854359120551,132382
603.938899276098,134726
604.023439587545,137638
604.107980055137,136692
604.19252067912,136276
604.277061459738,135429
604.361602397237,133580
604.446143491862,132401
604.530684743859,142207
604.615226153471,151746
604.699767720944,150107
604.784309446525,143908
604.868851330456,140701
604.953393372984,142684
605.037935574354,144980
605.122477934812,141969
605.207020454601,151681
605.291563133967,152882
605.376105973156,144529
605.460648972412,139425
605.545192131981,135874
605.629735452108,133887
605.714278933038,132670
605.798822575015,136598
605.883366378286,137995
605.967910343095,135350
606.052454469688,133430
606.136998758309,132604
606.221543209204,134640
606.306087822618,135057
606.390632598795,133434
606.475177537982,134582
606.559722640423,136660
606.644267906364,137611
606.728813336049,138180
606.813358929724,136671
606.897904687633,134267
606.982450610022,132831
607.066996697137,131959
607.151542949221,133637
607.236089366521,136185
607.320635949282,135417
607.405182697748,133314
607.489729612165,134850
607.574276692777,134844
607.658823939831,133090
607.74337135357,134215
607.827918934241,136441
607.912466682089,135465
607.997014597358,133505
608.081562680293,139026
608.16611093114,140166
608.250659350145,138730
608.335207937551,138811
608.419756693605,138408
608.504305618551,136502
608.588854712634,136084
608.6734039761,135203
608.757953409194,139955
608.84250301216,143316
608.927052785245,140228
609.011602728693,137025
609.096152842749,134997
609.180703127658,133604
609.265253583666,132415
609.349804211018,131904
609.434355009958,133664
609.518905980733,133994
609.603457123586,136906
609.688008438764,158547
609.772559926511,161793
609.857111587073,148877
609.941663420694,141283
610.02621542762,137020
610.110767608096,136948
610.195319962366,136006
610.279872490677,133635
610.364425193274,132367
610.4489780704,131752
610.533531122303,131466
610.618084349226,131911
610.702637751414,134059
610.787191329114,136297
610.87174508257,135287
610.956299012027,137397
611.04085311773,137485
611.125407399925,135050
611.209961858857,133620
611.29451649477,147892
611.37907130791,156500
611.463626298523,149559
611.548181466852,143770
611.632736813144,144082
611.717292337643,141860
611.801848040595,137477
611.886403922244,134787
611.970959982837,135355
612.055516222617,136646
612.14007264183,138172
612.224629240722,139403
612.309186019537,138341
612.39374297852,144948
612.478300117917,146205
612.562857437973,151241
612.647414938933,152321
612.731972621042,144948
612.816530484545,139214
612.901088529688,146819
612.985646756714,147781
613.070205165871,142913
613.154763757402,139308
613.239322531553,135800
613.323881488569,136249
613.408440628695,135627
613.492999952176,133558
613.577559459258,134412
613.662119150185,136339
613.746679025203,135326
613.831239084557,133505
613.915799328492,134652
614.000359757252,134873
614.084920371084,133793
614.169481170232,133237
614.254042154942,133270
614.338603325458,132998
614.423164682026,134788
614.507726224891,136905
614.592287954298,135688
614.676849870492,145521
614.761411973718,147618
614.845974264222,140467
614.930536742248,136551
615.015099408042,136741
615.099662261849,136084
615.184225303914,134097
615.268788534481,135045
615.353351953797,134704
615.437915562106,137172
615.522479359654,138022
615.607043346685,135489
615.691607523446,143799
615.776171890179,145556
615.860736447132,139304
615.94530119455,135896
616.029866132676,135931
616.114431261757,135391
616.198996582037,135850
616.283562093762,137079
616.368127797177,137806
616.452693692527,136353
616.537259780057,134075
616.621826060012,135055
616.706392532638,137372
616.790959198179,136834
616.87552605688,134630
616.960093108988,147285
617.044660354746,150605
617.1292277944,148072
617.213795428195,150413
617.298363256377,146514
617.38293127919,140184
617.46749949688,136329
617.552067909691,134111
617.63663651787,132748
617.72120532166,347185
617.805774321307,411355
617.890343517057,297155
617.974912909154,226593
618.059482497843,185801
618.14405228337,162449
618.22862226598,149017
618.313192445918,141165
618.397762823429,146303
618.482333398757,148964
618.56690417215,143237
618.65147514385,140271
618.736046314105,137783
618.820617683158,135129
618.905189251254,133892
618.98976101864,133497
619.07433298556,132806
619.158905152259,135094
619.243477518983,149803
619.328050085976,151949
619.412622853484,145573
619.497195821751,143308
619.581768991023,144645
619.666342361546,142302
619.750915933564,137706
619.835489707321,134955
619.920063683065,137747
620.004637861039,140234
620.089212241489,138139
620.173786824659,135183
620.258361610796,134129
620.342936600144,133538
620.427511792947,133033
620.512087189453,136625
620.596662789905,155237
620.681238594548,164372
620.765814603629,155146
620.850390817391,145045
620.93496723608,140891
621.019543859942,142374
621.104120689221,140813
621.188697724162,138324
621.273274965011,136548
621.357852412012,134443
621.442430065412,133989
621.527007925454,133416
621.611585992385,134449
621.696164266449,135272
621.780742747892,134211
621.865321436958,132979
621.949900333892,132538
622.03447943894,134047
622.119058752348,134381
622.203638274359,132992
622.28821800522,134661
622.372797945175,135093
622.457378094469,133835
622.541958453348,132733
622.626539022057,132948
622.711119800841,133001
622.795700789945,132189
622.880281989613,139962
622.964863400093,141807
623.049445021627,137150
623.134026854462,134610
623.218608898843,133002
623.303191155015,134780
623.387773623222,135404
623.472356303711,136076
623.556939196726,137678
623.641522302512,136450
623.726105621315,134260
623.810689153379,135158
623.89527289895,134962
623.979856858273,135177
624.064441031593,138620
624.149025419156,140427
624.233610021205,142453
624.318194837987,142694
624.402779869747,141305
624.487365116729,142308
624.571950579179,142294
624.656536257342,139084
624.741122151463,135405
624.825708261788,134882
624.91029458856,138862
624.994881132027,138996
625.079467892432,137692
625.16405487002,136035
625.248642065038,134030
625.33322947773,155464
625.41781710834,163319
625.502404957115,245967
625.5869930243,266654
625.671581310139,211864
625.756169814878,465224
625.840758538762,526540
625.925347482035,360672
626.009936644944,268932
626.094526027733,214230
626.179115630648,178529
626.263705453933,158887
626.348295497833,149551
626.432885762595,142792
626.517476248462,137383
626.60206695568,143691
626.686657884495,144892
626.771249035151,139078
626.855840407893,139803
626.940432002967,138841
627.025023820618,138957
627.10961586109,148215
627.19420812463,148108
627.278800611482,147671
627.363393321891,146939
627.447986256102,164543
627.532579414361,166923
627.617172796912,152450
627.701766404002,143495
627.786360235874,138037
627.870954292774,137260
627.955548574948,136219
628.04014308264,142992
628.124737816095,144517
628.209332775559,141208
628.293927961276,138605
628.378523373493,135719
628.463119012454,133909
628.547714878403,132751
628.632310971587,134636
628.716907292251,136872
628.801503840639,138023
628.886100616996,136702
628.970697621569,134359
629.055294854601,133221
629.139892316339,134755
629.224490007026,136961
629.309087926909,136425
629.393686076233,136562
629.478284455242,135737
629.562883064182,133637
629.647481903298,132525
629.732080972835,132195
629.816680273037,133557
629.901279804152,133742
629.985879566422,134844
630.070479560095,137100
630.155079785414,138085
630.239680242624,136264
630.324280931972,133882
630.408881853702,137590
630.493483008059,139386
630.578084395288,136775
630.662686015635,134606
630.747287869345,136848
630.831889956662,137217
630.916492277832,134761
631.001094833101,133095
631.085697622712,132378
631.170300646912,134601
631.254903905945,135083
631.339507400056,137754
631.424111129492,139377
631.508715094496,141315
631.593319295314,147138
631.677923732192,147072
631.762528405373,143393
631.847133315104,140823
631.93173846163,137671
632.016343845195,136899
632.100949466045,135589
632.185555324425,133527
632.270161420579,132462
632.354767754754,132176
632.439374327195,133504
632.523981138146,133633
632.608588187852,132296
632.693195476559,132617
632.777803004512,132801
632.862410771956,132763
632.947018779136,133136
633.031627026297,133676
633.116235513685,135620
633.200844241544,139217
633.28545321012,138696
633.370062419658,135649
633.454671870403,133725
633.539281562599,132598
633.623891496493,132236
633.708501672329,132181
633.793112090353,133789
633.877722750809,133860
633.962333653943,132797
634.0469448,132237
634.131556189225,131677
634.216167821863,133424
634.300779698159,133851
634.385391818359,132673
634.470004182707,132151
634.554616791449,131861
634.639229644829,133582
634.723842743094,144496
634.808456086488,148460
634.893069675256,142429
634.977683509643,139615
635.062297589895,139809
635.146911916256,139687
635.231526488972,137422
635.316141308288,305270
635.400756374449,351806
635.4853716877,263619
635.569987248286,212103
635.654603056453,179108
635.739219112446,158935
635.823835416509,147518
635.908451968888,145006
635.993068769827,155258
636.077685819573,154456
636.16230311837,158819
636.246920666464,156997
636.331538464099,219993
636.41615651152,234433
636.500774808974,191105
636.585393356704,165192
636.670012154956,166595
636.754631203976,165291
636.839250504007,152682
636.923870055296,143485
637.008489858088,139766
637.093109912628,137373
637.17773021916,135012
637.26235077793,133379
637.346971589183,138118
637.431592653165,141520
637.51621397012,138925
637.600835540293,137110
637.68545736393,137426
637.770079441276,138095
637.854701772576,136372
637.939324358074,133941
638.023947198017,132677
