0,464.9839,141367,1413.67
1,465.068515076491,141176,1411.76
2,465.153129906126,141025,1410.25
3,465.237744489151,140794,1407.94
4,465.322358825812,140619,1406.19
5,465.406972916352,140522,1405.22
6,465.491586761018,140405,1404.05
7,465.576200360054,140422,1404.22
8,465.660813713705,140590,1405.9
9,465.745426822218,140785,1407.85
10,465.830039685836,140713,1407.13
11,465.914652304805,140781,1407.81
12,465.99926467937,141149,1411.49
13,466.083876809776,141464,1414.64
14,466.168488696269,141376,1413.76
15,466.253100339093,218578,2185.78
16,466.337711738494,240571,2405.71
17,466.422322894716,199366,1993.66
18,466.506933808006,174887,1748.87
19,466.591544478607,160953,1609.53
20,466.676154906766,153144,1531.44
21,466.760765092726,148599,1485.99
22,466.845375036735,148234,1482.34
23,466.929984739036,147929,1479.29
24,467.014594199874,146262,1462.62
25,467.099203419495,145113,1451.13
26,467.183812398145,144170,1441.7
27,467.268421136067,143747,1437.47
28,467.353029633508,161154,1611.54
29,467.437637890711,167053,1670.53
30,467.522245907924,159996,1599.96
31,467.60685368539,154183,1541.83
32,467.691461223355,149453,1494.53
33,467.776068522063,147099,1470.99
34,467.860675581761,145493,1454.93
35,467.945282402693,147000,1470
36,468.029888985104,150614,1506.14
37,468.11449532924,149978,1499.78
38,468.199101435345,149011,1490.11
39,468.283707303665,147861,1478.61
40,468.368312934445,145759,1457.59
41,468.45291832793,146383,1463.83
42,468.537523484364,147985,1479.85
43,468.622128403994,162174,1621.74
44,468.706733087065,168787,1687.87
45,468.791337533821,160886,1608.86
46,468.875941744507,153413,1534.13
47,468.96054571937,149424,1494.24
48,469.045149458653,147136,1471.36
49,469.129752962602,145669,1456.69
50,469.214356231462,144555,1445.55
51,469.298959265479,144092,1440.92
52,469.383562064897,143911,1439.11
53,469.468164629962,143589,1435.89
54,469.552766960919,144981,1449.81
55,469.637369058012,147691,1476.91
56,469.721970921487,147263,1472.63
57,469.80657255159,145760,1457.6
58,469.891173948565,146761,1467.61
59,469.975775112657,145969,1459.69
60,470.060376044111,144185,1441.85
61,470.144976743173,143527,1435.27
62,470.229577210088,145427,1454.27
63,470.314177445101,146015,1460.15
64,470.398777448457,147023,1470.23
65,470.483377220402,161141,1611.41
66,470.567976761179,165370,1653.7
67,470.652576071035,158301,1583.01
68,470.737175150215,152367,1523.67
69,470.821773998963,148192,1481.92
70,470.906372617525,147639,1476.39
71,470.990971006146,146665,1466.65
72,471.075569165072,165405,1654.05
73,471.160167094546,170412,1704.12
74,471.244764794815,161383,1613.83
75,471.329362266123,155491,1554.91
76,471.413959508717,152489,1524.89
77,471.498556522839,153784,1537.84
78,471.583153308737,154110,1541.1
79,471.667749866655,151940,1519.4
80,471.752346196838,151045,1510.45
81,471.836942299532,150923,1509.23
82,471.921538174981,153013,1530.13
83,472.00613382343,151781,1517.81
84,472.090729245126,148167,1481.67
85,472.175324440312,145865,1458.65
86,472.259919409234,146580,1465.8
87,472.344514152137,146256,1462.56
88,472.429108669267,144429,1444.29
89,472.513702960868,144265,1442.65
90,472.598297027185,145493,1454.93
91,472.682890868465,145354,1453.54
92,472.767484484951,143932,1439.32
93,472.852077876889,143060,1430.6
94,472.936671044524,145052,1450.52
95,473.021263988101,145638,1456.38
96,473.105856707865,144600,1446
97,473.190449204062,147533,1475.33
98,473.275041476937,156839,1568.39
99,473.359633526735,160903,1609.03
100,473.4442253537,155462,1554.62
101,473.528816958078,151574,1515.74
102,473.613408340115,151063,1510.63
103,473.697999500055,149020,1490.2
104,473.782590438143,146619,1466.19
105,473.867181154625,145399,1453.99
106,473.951771649745,146906,1469.06
107,474.03636192375,146769,1467.69
108,474.120951976883,145336,1453.36
109,474.20554180939,144632,1446.32
110,474.290131421517,143879,1438.79
111,474.374720813508,145579,1455.79
112,474.459309985608,145834,1458.34
113,474.543898938063,144299,1442.99
114,474.628487671118,143434,1434.34
115,474.713076185018,143004,1430.04
116,474.797664480008,145096,1450.96
117,474.882252556332,164619,1646.19
118,474.966840414238,170448,1704.48
119,475.051428053968,181780,1817.8
120,475.13601547577,180647,1806.47
121,475.220602679887,164840,1648.4
122,475.305189666564,155282,1552.82
123,475.389776436048,149621,1496.21
124,475.474362988583,146272,1462.72
125,475.558949324414,144443,1444.43
126,475.643535443787,143703,1437.03
127,475.728121346946,143533,1435.33
128,475.812707034136,142945,1429.45
129,475.897292505604,157258,1572.58
130,475.981877761593,164248,1642.48
131,476.066462802349,159018,1590.18
132,476.151047628118,155149,1551.49
133,476.235632239144,150934,1509.34
134,476.320216635672,147313,1473.13
135,476.404800817948,147465,1474.65
136,476.489384786216,147230,1472.3
137,476.573968540723,148100,1481
138,476.658552081712,160019,1600.19
139,476.74313540943,161888,1618.88
140,476.827718524121,154452,1544.52
141,476.91230142603,149584,1495.84
142,476.996884115403,148574,1485.74
143,477.081466592484,147534,1475.34
144,477.166048857519,145617,1456.17
145,477.250630910753,146782,1467.82
146,477.335212752432,146743,1467.43
147,477.419794382799,145044,1450.44
148,477.504375802101,145947,1459.47
149,477.588957010582,146387,1463.87
150,477.673538008487,145230,1452.3
151,477.758118796063,170547,1705.47
152,477.842699373553,177393,1773.93
153,477.927279741204,162909,1629.09
154,478.011859899259,153997,1539.97
155,478.096439847965,148915,1489.15
156,478.181019587566,146591,1465.91
157,478.265599118308,145433,1454.33
158,478.350178440435,144440,1444.4
159,478.434757554193,143867,1438.67
160,478.519336459827,151185,1511.85
161,478.603915157582,152926,1529.26
162,478.688493647704,148449,1484.49
163,478.773071930436,183125,1831.25
164,478.857650006026,192340,1923.4
165,478.942227874716,172044,1720.44
166,479.026805536754,166954,1669.54
167,479.111382992383,163014,1630.14
168,479.19596024185,157115,1571.15
169,479.280537285398,152354,1523.54
170,479.365114123274,148417,1484.17
171,479.449690755722,145826,1458.26
172,479.534267182988,144118,1441.18
173,479.618843405317,143253,1432.53
174,479.703419422953,145000,1450
175,479.787995236142,147951,1479.51
176,479.87257084513,147457,1474.57
177,479.95714625016,145475,1454.75
178,480.041721451479,144298,1442.98
179,480.126296449331,143840,1438.4
180,480.210871243962,145144,1451.44
181,480.295445835617,145415,1454.15
182,480.380020224541,146115,1461.15
183,480.464594410979,145873,1458.73
184,480.549168395175,146672,1466.72
185,480.633742177377,146670,1466.7
186,480.718315757827,145029,1450.29
187,480.802889136772,143701,1437.01
188,480.887462314457,143192,1431.92
189,480.972035291127,142824,1428.24
190,481.056608067026,144734,1447.34
191,481.141180642401,152576,1525.76
192,481.225753017496,153139,1531.39
193,481.310325192556,148290,1482.9
194,481.394897167827,147464,1474.64
195,481.479468943554,146398,1463.98
196,481.564040519981,144919,1449.19
197,481.648611897354,143969,1439.69
198,481.733183075918,143389,1433.89
199,481.817754055918,145263,1452.63
200,481.9023248376,145530,1455.3
201,481.986895421208,145995,1459.95
202,482.071465806988,167718,1677.18
203,482.156035995184,172653,1726.53
204,482.240605986042,162001,1620.01
205,482.325175779807,155155,1551.55
206,482.409745376725,149987,1499.87
207,482.494314777039,146627,1466.27
208,482.578883980996,144828,1448.28
209,482.663452988841,143856,1438.56
210,482.748021800818,142976,1429.76
211,482.832590417173,142731,1427.31
212,482.91715883815,144974,1449.74
213,483.001727063996,147372,1473.72
214,483.086295094955,146715,1467.15
215,483.170862931273,145094,1450.94
216,483.255430573193,144328,1443.28
217,483.339998020963,146024,1460.24
218,483.424565274826,146672,1466.72
219,483.509132335028,145318,1453.18
220,483.593699201814,144371,1443.71
221,483.678265875429,145863,1458.63
222,483.762832356118,145873,1458.73
223,483.847398644127,144026,1440.26
224,483.9319647397,145210,1452.1
225,484.016530643083,152064,1520.64
226,484.101096354521,152771,1527.71
227,484.185661874258,148964,1489.64
228,484.270227202541,146158,1461.58
229,484.354792339614,144525,1445.25
230,484.439357285722,144010,1440.1
231,484.523922041111,145501,1455.01
232,484.608486606025,147421,1474.21
233,484.69305098071,146632,1466.32
234,484.777615165411,145962,1459.62
235,484.862179160373,147226,1472.26
236,484.946742965841,146549,1465.49
237,485.03130658206,146370,1463.7
238,485.115870009276,148224,1482.24
239,485.200433247733,147487,1474.87
240,485.284996297677,145517,1455.17
241,485.369559159353,158982,1589.82
242,485.454121833005,164125,1641.25
243,485.53868431888,156380,1563.8
244,485.623246617222,151230,1512.3
245,485.707808728276,148015,1480.15
246,485.792370652288,145564,1455.64
247,485.876932389502,146168,1461.68
248,485.961493940164,145846,1458.46
249,486.046055304519,144311,1443.11
250,486.130616482813,143789,1437.89
251,486.215177475289,143694,1436.94
252,486.299738282193,147479,1474.79
253,486.384298903771,148392,1483.92
254,486.468859340268,145967,1459.67
255,486.553419591928,144037,1440.37
256,486.637979658997,143303,1433.03
257,486.722539541719,142981,1429.81
258,486.807099240341,144391,1443.91
259,486.891658755108,144698,1446.98
260,486.976218086263,143454,1434.54
261,487.060777234053,142675,1426.75
262,487.145336198723,142389,1423.89
263,487.229894980517,142519,1425.19
264,487.314453579682,142773,1427.73
265,487.399011996461,142586,1425.86
266,487.483570231101,142394,1423.94
267,487.568128283845,142420,1424.2
268,487.652686154941,142310,1423.1
269,487.737243844632,142182,1421.82
270,487.821801353163,144725,1447.25
271,487.906358680781,145558,1455.58
272,487.990915827729,144272,1442.72
273,488.075472794253,143475,1434.75
274,488.160029580599,146037,1460.37
275,488.244586187011,146519,1465.19
276,488.329142613735,145122,1451.22
277,488.413698861015,148237,1482.37
278,488.498254929097,148712,1487.12
279,488.582810818225,148436,1484.36
280,488.667366528646,148029,1480.29
281,488.751922060605,145795,1457.95
282,488.836477414345,144569,1445.69
283,488.921032590113,144207,1442.07
284,489.005587588153,144550,1445.5
285,489.090142408711,162348,1623.48
286,489.174697052032,168699,1686.99
287,489.259251518361,160983,1609.83
288,489.343805807943,154459,1544.59
289,489.428359921024,149386,1493.86
290,489.512913857847,146229,1462.29
291,489.597467618659,144709,1447.09
292,489.682021203705,151195,1511.95
293,489.76657461323,152637,1526.37
294,489.851127847479,147910,1479.1
295,489.935680906696,146340,1463.4
296,490.020233791128,145281,1452.81
297,490.104786501019,143758,1437.58
298,490.189339036615,145240,1452.4
299,490.27389139816,145327,1453.27
300,490.3584435859,144017,1440.17
301,490.44299560008,143222,1432.22
302,490.527547440945,142904,1429.04
303,490.612099108739,142543,1425.43
304,490.69665060371,142116,1421.16
305,490.7812019261,142005,1420.05
306,490.865753076156,144095,1440.95
307,490.950304054123,144860,1448.6
308,491.034854860246,144078,1440.78
309,491.119405494769,143412,1434.12
310,491.203955957939,142991,1429.91
311,491.288506249999,142897,1428.97
312,491.373056371197,142768,1427.68
313,491.457606321775,145085,1450.85
314,491.54215610198,146242,1462.42
315,491.626705712057,145060,1450.6
316,491.711255152251,143867,1438.67
317,491.795804422807,143199,1431.99
318,491.88035352397,142720,1427.2
319,491.964902455985,142701,1427.01
320,492.049451219098,145076,1450.76
321,492.133999813553,145624,1456.24
322,492.218548239596,144421,1444.21
323,492.303096497471,145489,1454.89
324,492.387644587425,146947,1469.47
325,492.472192509702,147880,1478.8
326,492.556740264546,152069,1520.69
327,492.641287852205,151552,1515.52
328,492.725835272921,147471,1474.71
329,492.810382526942,145776,1457.76
330,492.894929614511,150436,1504.36
331,492.979476535874,151107,1511.07
332,493.064023291276,147511,1475.11
333,493.148569880962,146734,1467.34
334,493.233116305178,145767,1457.67
335,493.317662564167,144212,1442.12
336,493.402208658177,143642,1436.42
337,493.486754587451,143274,1432.74
338,493.571300352235,142895,1428.95
339,493.655845952774,142648,1426.48
340,493.740391389313,144636,1446.36
341,493.824936662097,144975,1449.75
342,493.909481771372,145567,1455.67
343,493.994026717382,145082,1450.82
344,494.078571500372,143482,1434.82
345,494.163116120589,142920,1429.2
346,494.247660578276,142788,1427.88
347,494.33220487368,157994,1579.94
348,494.416749007044,162333,1623.33
349,494.501292978615,154257,1542.57
350,494.585836788637,149338,1493.38
351,494.670380437356,146678,1466.78
352,494.754923925017,145395,1453.95
353,494.839467251864,146509,1465.09
354,494.924010418144,146067,1460.67
355,495.0085534241,144248,1442.48
356,495.093096269979,152338,1523.38
357,495.177638956025,154398,1543.98
358,495.262181482484,151231,1512.31
359,495.3467238496,150438,1504.38
360,495.431266057619,147822,1478.22
361,495.515808106786,147533,1475.33
362,495.600349997346,146954,1469.54
363,495.684891729544,145223,1452.23
364,495.769433303626,144908,1449.08
365,495.853974719836,144346,1443.46
366,495.938515978419,143364,1433.64
367,496.023057079622,142876,1428.76
368,496.107598023688,142910,1429.1
369,496.192138810863,144985,1449.85
370,496.276679441392,145316,1453.16
371,496.361219915521,144995,1449.95
372,496.445760233493,163993,1639.93
373,496.530300395556,168608,1686.08
374,496.614840401953,157781,1577.81
375,496.69938025293,154752,1547.52
376,496.783919948731,152089,1520.89
377,496.868459489603,149981,1499.81
378,496.95299887579,147831,1478.31
379,497.037538107538,149588,1495.88
380,497.12207718509,149413,1494.13
381,497.206616108694,148203,1482.03
382,497.291154878593,146920,1469.2
383,497.375693495033,144867,1448.67
384,497.460231958259,143662,1436.62
385,497.544770268516,143138,1431.38
386,497.629308426049,142969,1429.69
387,497.713846431104,142610,1426.1
388,497.798384283926,144251,1442.51
389,497.882921984759,144578,1445.78
390,497.967459533848,143761,1437.61
391,498.05199693144,145649,1456.49
392,498.136534177779,148033,1480.33
393,498.22107127311,147446,1474.46
394,498.305608217678,145583,1455.83
395,498.390145011729,144403,1444.03
396,498.474681655507,143695,1436.95
397,498.559218149259,143289,1432.89
398,498.643754493228,143063,1430.63
399,498.72829068766,142661,1426.61
400,498.8128267328,142355,1423.55
401,498.897362628894,142326,1423.26
402,498.981898376185,142276,1422.76
403,499.066433974921,142583,1425.83
404,499.150969425345,144793,1447.93
405,499.235504727703,154378,1543.78
406,499.32003988224,155706,1557.06
407,499.404574889201,151834,1518.34
408,499.489109748831,149550,1495.5
409,499.573644461376,146709,1467.09
410,499.65817902708,144797,1447.97
411,499.742713446188,143892,1438.92
412,499.827247718947,143220,1432.2
413,499.9117818456,142889,1428.89
414,499.996315826393,142534,1425.34
415,500.080849661572,142126,1421.26
416,500.165383351381,142075,1420.75
417,500.249916896065,142072,1420.72
418,500.33445029587,142358,1423.58
419,500.41898355104,153335,1533.35
420,500.503516661822,156395,1563.95
421,500.588049628459,150638,1506.38
422,500.672582451197,147443,1474.43
423,500.757115130282,145363,1453.63
424,500.841647665958,144152,1441.52
425,500.92618005847,143423,1434.23
426,501.010712308064,158600,1586
427,501.095244414985,164866,1648.66
428,501.179776379478,158917,1589.17
429,501.264308201788,153409,1534.09
430,501.34883988216,151330,1513.3
431,501.433371420839,149035,1490.35
432,501.517902818071,145767,1457.67
433,501.6024340741,146464,1464.64
434,501.686965189172,147970,1479.7
435,501.771496163532,146566,1465.66
436,501.856026997425,144643,1446.43
437,501.940557691096,143584,1435.84
438,502.02508824479,142893,1428.93
439,502.109618658753,144949,1449.49
440,502.194148933229,145329,1453.29
441,502.278679068464,143879,1438.79
442,502.363209064702,143500,1435
443,502.44773892219,143043,1430.43
444,502.532268641171,144369,1443.69
445,502.616798221892,144771,1447.71
446,502.701327664597,144046,1440.46
447,502.785856969531,143302,1433.02
448,502.87038613694,144657,1446.57
449,502.954915167069,146870,1468.7
450,503.039444060163,146363,1463.63
451,503.123972816466,144442,1444.42
452,503.208501436225,145468,1454.68
453,503.293029919684,146055,1460.55
454,503.377558267088,146923,1469.23
455,503.462086478683,148853,1488.53
456,503.546614554714,150180,1501.8
457,503.631142495425,148560,1485.6
458,503.715670301062,145842,1458.42
459,503.800197971871,144397,1443.97
460,503.884725508095,143455,1434.55
461,503.969252909981,144684,1446.84
462,504.053780177773,147060,1470.6
463,504.138307311717,146663,1466.63
464,504.222834312058,147141,1471.41
465,504.307361179041,146901,1469.01
466,504.39188791291,147182,1471.82
467,504.476414513912,147331,1473.31
468,504.560940982291,155385,1553.85
469,504.645467318292,156734,1567.34
470,504.729993522161,150826,1508.26
471,504.814519594143,149113,1491.13
472,504.899045534482,148869,1488.69
473,504.983571343424,149537,1495.37
474,505.068097021215,150031,1500.31
475,505.152622568098,149744,1497.44
476,505.23714798432,156253,1562.53
477,505.321673270126,156184,1561.84
478,505.40619842576,150446,1504.46
479,505.490723451468,147193,1471.93
480,505.575248347494,147096,1470.96
481,505.659773114085,146212,1462.12
482,505.744297751485,161291,1612.91
483,505.828822259939,167116,1671.16
484,505.913346639693,158279,1582.79
485,505.997870890991,151715,1517.15
486,506.082395014079,147454,1474.54
487,506.166919009201,145156,1451.56
488,506.251442876604,144012,1440.12
489,506.335966616531,145244,1452.44
490,506.420490229229,145358,1453.58
491,506.505013714942,144267,1442.67
492,506.589537073916,143895,1438.95
493,506.674060306396,145411,1454.11
494,506.758583412626,145746,1457.46
495,506.843106392852,144291,1442.91
496,506.927629247319,143611,1436.11
497,507.012151976272,143168,1431.68
498,507.096674579957,144706,1447.06
499,507.181197058618,145501,1455.01
500,507.2657194125,144461,1444.61
501,507.350241641849,161154,1611.54
502,507.43476374691,167716,1677.16
503,507.519285727928,158388,1583.88
504,507.603807585148,151415,1514.15
505,507.688329318816,147531,1475.31
506,507.772850929175,147008,1470.08
507,507.857372416473,148026,1480.26
508,507.941893780953,146933,1469.33
509,508.02641502286,145155,1451.55
510,508.110936142441,143965,1439.65
511,508.195457139939,144993,1449.93
512,508.279978015601,145181,1451.81
513,508.364498769671,144292,1442.92
514,508.449019402395,143667,1436.67
515,508.533539914017,143179,1431.79
516,508.618060304783,144716,1447.16
517,508.702580574937,144919,1449.19
518,508.787100724726,143826,1438.26
519,508.871620754394,144252,1442.52
520,508.956140664186,152983,1529.83
521,509.040660454347,157539,1575.39
522,509.125180125123,161724,1617.24
523,509.209699676758,159572,1595.72
524,509.294219109499,163140,1631.4
525,509.378738423589,161973,1619.73
526,509.463257619274,156280,1562.8
527,509.5477766968,152076,1520.76
528,509.632295656411,147736,1477.36
529,509.716814498352,145204,1452.04
530,509.801333222869,143891,1438.91
531,509.885851830207,143355,1433.55
532,509.97037032061,143416,1434.16
533,510.054888694324,143325,1433.25
534,510.139406951595,144806,1448.06
535,510.223925092667,145095,1450.95
536,510.308443117785,143852,1438.52
537,510.392961027195,143426,1434.26
538,510.477478821141,145405,1454.05
539,510.56199649987,147704,1477.04
540,510.646514063625,149125,1491.25
541,510.731031512652,150059,1500.59
542,510.815548847197,148316,1483.16
543,510.900066067503,146101,1461.01
544,510.984583173818,144550,1445.5
545,511.069100166384,145141,1451.41
546,511.153617045449,145213,1452.13
547,511.238133811256,146098,1460.98
548,511.322650464052,145845,1458.45
549,511.407167004081,144202,1442.02
550,511.491683431587,147481,1474.81
551,511.576199746818,147979,1479.79
552,511.660715950017,147392,1473.92
553,511.745232041429,146859,1468.59
554,511.829748021301,145166,1451.66
555,511.914263889876,144092,1440.92
556,511.9987796474,143918,1439.18
557,512.083295294119,143541,1435.41
558,512.167810830277,143396,1433.96
559,512.252326256119,144614,1446.14
560,512.336841571891,146252,1462.52
561,512.421356777838,154084,1540.84
562,512.505871874205,154982,1549.82
563,512.590386861236,152064,1520.64
564,512.674901739178,149646,1496.46
565,512.759416508275,146805,1468.05
566,512.843931168773,144897,1448.97
567,512.928445720916,145800,1458
568,513.01296016495,147898,1478.98
569,513.097474501119,147173,1471.73
570,513.18198872967,145414,1454.14
571,513.266502850847,144234,1442.34
572,513.351016864895,145476,1454.76
573,513.435530772059,145554,1455.54
574,513.520044572585,144022,1440.22
575,513.604558266717,143225,1432.25
576,513.689071854701,146957,1469.57
577,513.773585336782,149165,1491.65
578,513.858098713206,149529,1495.29
579,513.942611984216,150172,1501.72
580,514.027125150058,151997,1519.97
581,514.111638210978,152878,1528.78
582,514.196151167221,150168,1501.68
583,514.280664019031,146787,1467.87
584,514.365176766654,145080,1450.8
585,514.449689410336,145567,1455.67
586,514.53420195032,147281,1472.81
587,514.618714386852,146631,1466.31
588,514.703226720178,144595,1445.95
589,514.787738950542,143531,1435.31
590,514.87225107819,143126,1431.26
591,514.956763103367,142872,1428.72
592,515.041275026318,142908,1429.08
593,515.125786847287,147463,1474.63
594,515.210298566521,148539,1485.39
595,515.294810184265,145878,1458.78
596,515.379321700762,144378,1443.78
597,515.463833116259,143821,1438.21
598,515.548344431001,143168,1431.68
599,515.632855645233,144909,1449.09
600,515.7173667592,145358,1453.58
601,515.801877773147,144925,1449.25
602,515.886388687319,146521,1465.21
603,515.970899501962,146060,1460.6
604,516.05541021732,144546,1445.46
605,516.139920833639,143778,1437.78
606,516.224431351163,143091,1430.91
607,516.308941770138,142865,1428.65
608,516.39345209081,142602,1426.02
609,516.477962313423,142318,1423.18
610,516.562472438222,143869,1438.69
611,516.646982465452,146693,1466.93
612,516.731492395359,149528,1495.28
613,516.816002228188,148853,1488.53
614,516.900511964184,146281,1462.81
615,516.985021603591,148734,1487.34
616,517.069531146656,152892,1528.92
617,517.154040593623,157275,1572.75
618,517.238549944738,155313,1553.13
619,517.323059200245,152037,1520.37
620,517.40756836039,149657,1496.57
621,517.492077425417,146867,1468.67
622,517.576586395573,144870,1448.7
623,517.661095271101,161034,1610.34
624,517.745604052248,165540,1655.4
625,517.830112739258,155737,1557.37
626,517.914621332376,153975,1539.75
627,517.999129831848,152184,1521.84
628,518.083638237919,148602,1486.02
629,518.168146550834,146308,1463.08
630,518.252654770838,144556,1445.56
631,518.337162898176,143805,1438.05
632,518.421670933093,143172,1431.72
633,518.506178875835,142610,1426.1
634,518.590686726646,142277,1422.77
635,518.675194485772,142587,1425.87
636,518.759702153457,144617,1446.17
637,518.844209729948,145277,1452.77
638,518.928717215489,144337,1443.37
639,519.013224610325,145880,1458.8
640,519.097731914701,146482,1464.82
641,519.182239128863,145184,1451.84
642,519.266746253055,144370,1443.7
643,519.351253287523,143922,1439.22
644,519.435760232512,143557,1435.57
645,519.520267088267,143445,1434.45
646,519.604773855033,142976,1429.76
647,519.689280533056,142675,1426.75
648,519.77378712258,142811,1428.11
649,519.85829362385,142941,1429.41
650,519.942800037113,145151,1451.51
651,520.027306362612,145795,1457.95
652,520.111812600593,144731,1447.31
653,520.196318751301,144032,1440.32
654,520.280824814981,143632,1436.32
655,520.365330791879,143139,1431.39
656,520.449836682239,143159,1431.59
657,520.534342486307,143450,1434.5
658,520.618848204327,143269,1432.69
659,520.703353836546,144725,1447.25
660,520.787859383207,145109,1451.09
661,520.872364844557,147993,1479.93
662,520.95687022084,159620,1596.2
663,521.041375512301,160365,1603.65
664,521.125880719186,152779,1527.79
665,521.21038584174,148489,1484.89
666,521.294890880208,153644,1536.44
667,521.379395834834,154320,1543.2
668,521.463900705865,151414,1514.14
669,521.548405493545,149085,1490.85
670,521.632910198119,146488,1464.88
671,521.717414819833,145052,1450.52
672,521.801919358931,144126,1441.26
673,521.88642381566,143327,1433.27
674,521.970928190263,145123,1451.23
675,522.055432482986,242169,2421.69
676,522.139936694074,268230,2682.3
677,522.224440823773,217847,2178.47
678,522.308944872327,187450,1874.5
679,522.393448839982,168885,1688.85
680,522.477952726982,160115,1601.15
681,522.562456533574,164255,1642.55
682,522.646960260001,162191,1621.91
683,522.731463906509,156579,1565.79
684,522.815967473344,154402,1544.02
685,522.90047096075,150800,1508
686,522.984974368973,147199,1471.99
687,523.069477698257,145171,1451.71
688,523.153980948848,144397,1443.97
689,523.238484120991,144015,1440.15
690,523.322987214931,143832,1438.32
691,523.407490230914,145946,1459.46
692,523.491993169183,148951,1489.51
693,523.576496029985,169627,1696.27
694,523.660998813565,173646,1736.46
695,523.745501520167,178707,1787.07
696,523.830004150038,176492,1764.92
697,523.914506703421,163308,1633.08
698,523.999009180562,155356,1553.56
699,524.083511581707,150766,1507.66
700,524.1680139071,148040,1480.4
701,524.252516156987,146257,1462.57
702,524.337018331612,145490,1454.9
703,524.421520431221,147268,1472.68
704,524.506022456059,147937,1479.37
705,524.590524406371,146836,1468.36
706,524.675026282403,158329,1583.29
707,524.759528084398,161428,1614.28
708,524.844029812603,154508,1545.08
709,524.928531467263,150257,1502.57
710,525.013033048623,157971,1579.71
711,525.097534556927,160059,1600.59
712,525.182035992421,154024,1540.24
713,525.266537355351,150072,1500.72
714,525.351038645961,147928,1479.28
715,525.435539864496,148999,1489.99
716,525.520041011202,148899,1488.99
717,525.604542086324,147287,1472.87
718,525.689043090106,150606,1506.06
719,525.773544022794,151288,1512.88
720,525.858044884634,150756,1507.56
721,525.942545675869,149729,1497.29
722,526.027046396746,147506,1475.06
723,526.11154704751,146056,1460.56
724,526.196047628405,145419,1454.19
725,526.280548139677,147551,1475.51
726,526.36504858157,148077,1480.77
727,526.449548954331,146532,1465.32
728,526.534049258204,145991,1459.91
729,526.618549493434,147765,1477.65
730,526.703049660267,147922,1479.22
731,526.787549758947,146675,1466.75
732,526.87204978972,147694,1476.94
733,526.956549752831,148188,1481.88
734,527.041049648525,147225,1472.25
735,527.125549477046,146489,1464.89
736,527.210049238641,156603,1566.03
737,527.294548933555,160273,1602.73
738,527.379048562032,154816,1548.16
739,527.463548124317,150756,1507.56
740,527.548047620657,149022,1490.22
741,527.632547051295,147928,1479.28
742,527.717046416477,147161,1471.61
743,527.801545716449,149372,1493.72
744,527.886044951455,150207,1502.07
745,527.97054412174,154500,1545
746,528.05504322755,154762,1547.62
747,528.139542269129,150952,1509.52
748,528.224041246724,150051,1500.51
749,528.308540160578,151087,1510.87
750,528.393039010938,150218,1502.18
751,528.477537798047,148219,1482.19
752,528.562036522152,148756,1487.56
753,528.646535183498,150654,1506.54
754,528.731033782329,152034,1520.34
755,528.815532318891,151200,1512
756,528.900030793429,149702,1497.02
757,528.984529206188,148710,1487.1
758,529.069027557414,148046,1480.46
759,529.15352584735,147905,1479.05
760,529.238024076243,147743,1477.43
761,529.322522244338,147822,1478.22
762,529.407020351879,148483,1484.83
763,529.491518399112,149487,1494.87
764,529.576016386283,150076,1500.76
765,529.660514313635,151335,1513.35
766,529.745012181415,153926,1539.26
767,529.829509989866,158212,1582.12
768,529.914007739236,165571,1655.71
769,529.998505429768,178817,1788.17
770,530.083003061708,193570,1935.7
771,530.167500635301,208334,2083.34
772,530.251998150792,224864,2248.64
773,530.336495608426,241008,2410.08
774,530.420993008449,256035,2560.35
775,530.505490351105,267677,2676.77
776,530.589987636639,274458,2744.58
777,530.674484865298,277084,2770.84
778,530.758982037325,274073,2740.73
779,530.843479152966,268168,2681.68
780,530.927976212466,262688,2626.88
781,531.012473216071,257579,2575.79
782,531.096970164025,280499,2804.99
783,531.181467056574,285156,2851.56
784,531.265963893962,265322,2653.22
785,531.350460676435,249913,2499.13
786,531.434957404238,238587,2385.87
787,531.519454077616,229402,2294.02
788,531.603950696814,222638,2226.38
789,531.688447262078,216001,2160.01
790,531.772943773652,208305,2083.05
791,531.857440231782,200877,2008.77
792,531.941936636713,193796,1937.96
793,532.026432988689,188790,1887.9
794,532.110929287956,183387,1833.87
795,532.19542553476,178654,1786.54
796,532.279921729345,173281,1732.81
797,532.364417871956,167419,1674.19
798,532.448913962839,162621,1626.21
799,532.533410002239,158897,1588.97
800,532.6179059904,156067,1560.67
801,532.702401927568,153543,1535.43
802,532.786897813989,151613,1516.13
803,532.871393649906,154112,1541.12
804,532.955889435567,155586,1555.86
805,533.040385171214,152972,1529.72
806,533.124880857094,167295,1672.95
807,533.209376493452,169935,1699.35
808,533.293872080533,159204,1592.04
809,533.378367618582,152760,1527.6
810,533.462863107844,161453,1614.53
811,533.547358548564,162577,1625.77
812,533.631853940988,156417,1564.17
813,533.71634928536,152208,1522.08
814,533.800844581926,154497,1544.97
815,533.885339830931,153908,1539.08
816,533.96983503262,149692,1496.92
817,534.054330187238,147018,1470.18
818,534.13882529503,147050,1470.5
819,534.223320356242,146444,1464.44
820,534.307815371118,144845,1448.45
821,534.392310339903,144124,1441.24
822,534.476805262844,143724,1437.24
823,534.561300140184,143546,1435.46
824,534.64579497217,147038,1470.38
825,534.730289759045,147616,1476.16
826,534.814784501056,147527,1475.27
827,534.899279198448,147324,1473.24
828,534.983773851465,145705,1457.05
829,535.068268460352,146513,1465.13
830,535.152763025356,151995,1519.95
831,535.23725754672,162957,1629.57
832,535.321752024691,162775,1627.75
833,535.406246459513,155168,1551.68
834,535.490740851431,150162,1501.62
835,535.575235200691,146908,1469.08
836,535.659729507538,145117,1451.17
837,535.744223772216,361679,3616.79
838,535.828717994971,423080,4230.8
839,535.913212176048,305924,3059.24
840,535.997706315693,236106,2361.06
841,536.08220041415,202010,2020.1
842,536.166694471664,180736,1807.36
843,536.251188488481,164719,1647.19
844,536.335682464845,155620,1556.2
845,536.420176401003,150747,1507.47
846,536.504670297198,147803,1478.03
847,536.589164153677,145991,1459.91
848,536.673657970684,145281,1452.81
849,536.758151748464,145146,1451.46
850,536.842645487263,144781,1447.81
851,536.927139187325,144377,1443.77
852,537.011632848896,146154,1461.54
853,537.096126472221,146943,1469.43
854,537.180620057546,148451,1484.51
855,537.265113605114,149982,1499.82
856,537.349607115172,148852,1488.52
857,537.434100587964,147583,1475.83
858,537.518594023736,146599,1465.99
859,537.603087422733,145932,1459.32
860,537.687580785199,145785,1457.85
861,537.772074111381,147606,1476.06
862,537.856567401522,154750,1547.5
863,537.941060655869,162090,1620.9
864,538.025553874667,159844,1598.44
865,538.11004705816,155416,1554.16
866,538.194540206593,156789,1567.89
867,538.279033320213,165192,1651.92
868,538.363526399263,183388,1833.88
869,538.44801944399,213311,2133.11
870,538.532512454637,253694,2536.94
871,538.617005431451,305728,3057.28
872,538.701498374677,367155,3671.55
873,538.785991284559,432999,4329.99
874,538.870484161343,494622,4946.22
875,538.954977005273,542463,5424.63
876,539.039469816596,573079,5730.79
877,539.123962595556,588207,5882.07
878,539.208455342398,588652,5886.52
879,539.292948057368,568664,5686.64
880,539.37744074071,533999,5339.99
881,539.46193339267,497833,4978.33
882,539.546426013493,462238,4622.38
883,539.630918603424,429079,4290.79
884,539.715411162708,395950,3959.5
885,539.79990369159,367610,3676.1
886,539.884396190315,345750,3457.5
887,539.968888659129,341931,3419.31
888,540.053381098277,332481,3324.81
889,540.137873508003,310344,3103.44
890,540.222365888553,289362,2893.62
891,540.306858240173,270921,2709.21
892,540.391350563106,253948,2539.48
893,540.475842857599,241605,2416.05
894,540.560335123896,227364,2273.64
895,540.644827362243,212715,2127.15
896,540.729319572884,200530,2005.3
897,540.813811756066,187618,1876.18
898,540.898303912032,175867,1758.67
899,540.982796041028,166961,1669.61
900,541.0672881433,160248,1602.48
901,541.151780219092,155483,1554.83
902,541.23627226865,152562,1525.62
903,541.320764292218,151877,1518.77
904,541.405256290042,154577,1545.77
905,541.489748262367,163802,1638.02
906,541.574240209438,182406,1824.06
907,541.6587321315,208711,2087.11
908,541.743224028798,247254,2472.54
909,541.827715901578,300380,3003.8
910,541.912207750085,378618,3786.18
911,541.996699574563,483259,4832.59
912,542.081191375258,584307,5843.07
913,542.165683152415,665523,6655.23
914,542.250174906279,712702,7127.02
915,542.334666637096,724428,7244.28
916,542.41915834511,695934,6959.34
917,542.503650030566,649450,6494.5
918,542.58814169371,589762,5897.62
919,542.672633334787,529649,5296.49
920,542.757124954042,482313,4823.13
921,542.841616551719,452763,4527.63
922,542.926108128065,447474,4474.74
923,543.010599683325,462511,4625.11
924,543.095091217743,490772,4907.72
925,543.179582731564,542089,5420.89
926,543.264074225034,586825,5868.25
927,543.348565698398,621906,6219.06
928,543.433057151901,654694,6546.94
929,543.517548585789,675997,6759.97
930,543.602040000305,686653,6866.53
931,543.686531395696,681630,6816.3
932,543.771022772206,656969,6569.69
933,543.855514130081,620124,6201.24
934,543.940005469566,577856,5778.56
935,544.024496790906,531899,5318.99
936,544.108988094346,492590,4925.9
937,544.193479380131,457953,4579.53
938,544.277970648506,424617,4246.17
939,544.362461899717,395962,3959.62
940,544.446953134009,373650,3736.5
941,544.531444351626,353197,3531.97
942,544.615935552814,335251,3352.51
943,544.700426737818,322017,3220.17
944,544.784917906884,313609,3136.09
945,544.869409060255,315947,3159.47
946,544.953900198178,328371,3283.71
947,545.038391320898,344636,3446.36
948,545.122882428659,359302,3593.02
949,545.207373521708,367655,3676.55
950,545.291864600288,369989,3699.89
951,545.376355664645,363011,3630.11
952,545.460846715024,364904,3649.04
953,545.545337751671,348523,3485.23
954,545.62982877483,317376,3173.76
955,545.714319784747,295470,2954.7
956,545.798810781666,279920,2799.2
957,545.883301765834,266151,2661.51
958,545.967792737495,256729,2567.29
959,546.052283696893,249957,2499.57
960,546.136774644275,246214,2462.14
961,546.221265579886,242997,2429.97
962,546.30575650397,239782,2397.82
963,546.390247416772,237942,2379.42
964,546.474738318539,236861,2368.61
965,546.559229209514,237036,2370.36
966,546.643720089944,238094,2380.94
967,546.728210960073,240420,2404.2
968,546.812701820146,246053,2460.53
969,546.897192670409,256465,2564.65
970,546.981683511106,267731,2677.31
971,547.066174342483,281547,2815.47
972,547.150665164785,300868,3008.68
973,547.235155978257,324361,3243.61
974,547.319646783145,347293,3472.93
975,547.404137579692,370524,3705.24
976,547.488628368145,395730,3957.3
977,547.573119148749,424209,4242.09
978,547.657609921748,462804,4628.04
979,547.742100687388,520437,5204.37
980,547.826591445914,593727,5937.27
981,547.911082197572,678120,6781.2
982,547.995572942605,773672,7736.72
983,548.08006368126,882972,8829.72
984,548.164554413782,1001704,10017.04
985,548.249045140415,1108986,11089.86
986,548.333535861404,1187828,11878.28
987,548.418026576996,1249257,12492.57
988,548.502517287435,1277471,12774.71
989,548.587007992966,1265148,12651.48
990,548.671498693834,1217689,12176.89
991,548.755989390285,1149217,11492.17
992,548.840480082563,1072606,10726.06
993,548.924970770915,989586,9895.86
994,549.009461455584,904119,9041.19
995,549.093952136815,822147,8221.47
996,549.178442814856,745968,7459.68
997,549.262933489949,677096,6770.96
998,549.347424162341,622186,6221.86
999,549.431914832276,571574,5715.74
1000,549.5164055,522491,5224.91
1001,549.600896165758,480451,4804.51
1002,549.685386829794,442800,4428
1003,549.769877492355,407238,4072.38
1004,549.854368153685,374114,3741.14
1005,549.938858814029,354417,3544.17
1006,550.023349473633,331921,3319.21
1007,550.107840132742,303894,3038.94
1008,550.1923307916,277539,2775.39
1009,550.276821450453,254674,2546.74
1010,550.361312109546,237251,2372.51
1011,550.445802769124,225591,2255.91
1012,550.530293429432,215423,2154.23
1013,550.614784090716,205897,2058.97
1014,550.69927475322,199116,1991.16
1015,550.78376541719,194431,1944.31
1016,550.868256082871,191008,1910.08
1017,550.952746750508,188631,1886.31
1018,551.037237420346,188770,1887.7
1019,551.12172809263,188001,1880.01
1020,551.206218767606,186233,1862.33
1021,551.290709445518,185274,1852.74
1022,551.375200126611,184745,1847.45
1023,551.459690811131,186617,1866.17
1024,551.544181499323,187096,1870.96
1025,551.628672191433,186052,1860.52
1026,551.713162887704,185388,1853.88
1027,551.797653588383,185267,1852.67
1028,551.882144293714,185086,1850.86
1029,551.966635003943,184626,1846.26
1030,552.051125719314,186723,1867.23
1031,552.135616440073,190727,1907.27
1032,552.220107166465,190241,1902.41
1033,552.304597898735,189034,1890.34
1034,552.389088637129,188028,1880.28
1035,552.473579381891,198404,1984.04
1036,552.558070133266,200675,2006.75
1037,552.6425608915,193521,1935.21
1038,552.727051656838,189608,1896.08
1039,552.811542429524,201928,2019.28
1040,552.896033209805,204102,2041.02
1041,552.980523997925,196721,1967.21
1042,553.065014794129,191664,1916.64
1043,553.149505598662,187528,1875.28
1044,553.23399641177,185231,1852.31
1045,553.318487233698,185871,1858.71
1046,553.402978064691,192966,1929.66
1047,553.487468904993,199195,1991.95
1048,553.571959754851,195203,1952.03
1049,553.656450614509,188442,1884.42
1050,553.740941484213,184309,1843.09
1051,553.825432364206,185724,1857.24
1052,553.909923254736,185741,1857.41
1053,553.994414156046,186517,1865.17
1054,554.078905068382,185722,1857.22
1055,554.16339599199,182228,1822.28
1056,554.247886927113,180076,1800.76
1057,554.332377873998,190992,1909.92
1058,554.416868832889,193958,1939.58
1059,554.501359804032,187164,1871.64
1060,554.585850787671,183051,1830.51
1061,554.670341784053,180735,1807.35
1062,554.754832793421,179438,1794.38
1063,554.839323816021,178967,1789.67
1064,554.923814852099,178718,1787.18
1065,555.008305901899,178956,1789.56
1066,555.092796965667,183353,1833.53
1067,555.177288043647,184796,1847.96
1068,555.261779136085,198331,1983.31
1069,555.346270243226,202544,2025.44
1070,555.430761365315,196917,1969.17
1071,555.515252502597,195295,1952.95
1072,555.599743655318,193766,1937.66
1073,555.684234823722,192579,1925.79
1074,555.768726008055,194896,1948.96
1075,555.853217208561,197741,1977.41
1076,555.937708425486,197574,1975.74
1077,556.022199659075,211024,2110.24
1078,556.106690909574,215690,2156.9
1079,556.191182177226,211369,2113.69
1080,556.275673462278,208776,2087.76
1081,556.360164764975,208563,2085.63
1082,556.444656085561,211318,2113.18
1083,556.529147424282,211850,2118.5
1084,556.613638781383,211815,2118.15
1085,556.698130157109,212424,2124.24
1086,556.782621551706,215480,2154.8
1087,556.867112965417,217421,2174.21
1088,556.951604398489,220713,2207.13
1089,557.036095851167,225838,2258.38
1090,557.120587323695,225638,2256.38
1091,557.20507881632,222452,2224.52
1092,557.289570329285,219767,2197.67
1093,557.374061862836,219531,2195.31
1094,557.458553417219,218784,2187.84
1095,557.543044992678,217331,2173.31
1096,557.627536589459,215277,2152.77
1097,557.712028207806,213911,2139.11
1098,557.796519847966,211260,2112.6
1099,557.881011510182,211049,2110.49
1100,557.9655031947,211304,2113.04
1101,558.049994901765,207817,2078.17
1102,558.134486631623,203988,2039.88
1103,558.218978384519,200989,2009.89
1104,558.303470160697,200471,2004.71
1105,558.387961960402,199204,1992.04
1106,558.472453783881,198176,1981.76
1107,558.556945631378,197422,1974.22
1108,558.641437503137,212714,2127.14
1109,558.725929399405,221012,2210.12
1110,558.810421320427,211835,2118.35
1111,558.894913266447,202027,2020.27
1112,558.97940523771,195835,1958.35
1113,559.063897234463,193530,1935.3
1114,559.14838925695,193535,1935.35
1115,559.232881305415,191479,1914.79
1116,559.317373380105,188079,1880.79
1117,559.401865481264,188001,1880.01
1118,559.486357609138,187461,1874.61
1119,559.570849763971,185453,1854.53
1120,559.65534194601,184505,1845.05
1121,559.739834155498,185870,1858.7
1122,559.824326392681,185614,1856.14
1123,559.908818657804,185542,1855.42
1124,559.993310951113,184766,1847.66
1125,560.077803272852,182872,1828.72
1126,560.162295623266,181967,1819.67
1127,560.246788002602,181382,1813.82
1128,560.331280411103,182734,1827.34
1129,560.415772849015,184630,1846.3
1130,560.500265316583,185894,1858.94
1131,560.584757814052,188146,1881.46
1132,560.669250341668,186603,1866.03
1133,560.753742899676,183172,1831.72
1134,560.83823548832,183081,1830.81
1135,560.922728107845,182523,1825.23
1136,561.007220758498,180835,1808.35
1137,561.091713440523,179936,1799.36
1138,561.176206154165,179110,1791.1
1139,561.260698899669,178975,1789.75
1140,561.345191677281,178904,1789.04
1141,561.429684487245,178990,1789.9
1142,561.514177329807,179291,1792.91
1143,561.598670205212,179280,1792.8
1144,561.683163113705,179539,1795.39
1145,561.767656055531,179868,1798.68
1146,561.852149030935,181703,1817.03
1147,561.936642040163,184238,1842.38
1148,562.021135083459,183514,1835.14
1149,562.105628161069,181581,1815.81
1150,562.190121273237,182353,1823.53
1151,562.27461442021,182052,1820.52
1152,562.359107602232,186863,1868.63
1153,562.443600819547,187861,1878.61
1154,562.528094072403,185772,1857.72
1155,562.612587361042,188793,1887.93
1156,562.697080685712,189826,1898.26
1157,562.781574046656,188376,1883.76
1158,562.866067444119,196414,1964.14
1159,562.950560878348,196670,1966.7
1160,563.035054349587,188941,1889.41
1161,563.119547858082,186347,1863.47
1162,563.204041404076,184892,1848.92
1163,563.288534987816,183316,1833.16
1164,563.373028609547,181864,1818.64
1165,563.457522269514,180735,1807.35
1166,563.542015967961,179992,1799.92
1167,563.626509705135,181485,1814.85
1168,563.71100348128,183619,1836.19
1169,563.795497296641,182683,1826.83
1170,563.879991151464,180820,1808.2
1171,563.964485045993,180040,1800.4
1172,564.048978980475,179733,1797.33
1173,564.133472955153,179981,1799.81
1174,564.217966970273,179991,1799.91
1175,564.30246102608,181496,1814.96
1176,564.386955122819,183682,1836.82
1177,564.471449260736,185021,1850.21
1178,564.555943440075,183846,1838.46
1179,564.640437661083,181724,1817.24
1180,564.724931924002,218770,2187.7
1181,564.80942622908,230828,2308.28
1182,564.893920576561,210381,2103.81
1183,564.97841496669,198889,1988.89
1184,565.062909399713,191930,1919.3
1185,565.147403875874,192484,1924.84
1186,565.231898395419,190779,1907.79
1187,565.316392958592,185644,1856.44
1188,565.400887565639,182471,1824.71
1189,565.485382216806,180845,1808.45
1190,565.569876912336,179741,1797.41
1191,565.654371652476,179000,1790
1192,565.73886643747,180539,1805.39
1193,565.823361267564,181311,1813.11
1194,565.907856143003,192184,1921.84
1195,565.992351064031,195115,1951.15
1196,566.076846030894,188663,1886.63
1197,566.161341043838,184508,1845.08
1198,566.245836103106,181895,1818.95
1199,566.330331208945,180548,1805.48
1200,566.4148263616,179894,1798.94
1201,566.499321561315,181009,1810.09
1202,566.583816808336,181191,1811.91
1203,566.668312102908,182278,1822.78
1204,566.752807445276,182087,1820.87
1205,566.837302835685,181448,1814.48
1206,566.92179827438,182159,1821.59
1207,567.006293761607,181921,1819.21
1208,567.090789297611,180948,1809.48
1209,567.175284882636,183353,1833.53
1210,567.259780516928,183885,1838.85
1211,567.344276200732,181848,1818.48
1212,567.428771934293,180457,1804.57
1213,567.513267717856,181510,1815.1
1214,567.597763551667,181538,1815.38
1215,567.68225943597,180425,1804.25
1216,567.766755371011,191732,1917.32
1217,567.851251357034,195091,1950.91
1218,567.935747394286,188462,1884.62
1219,568.020243483011,188168,1881.68
1220,568.104739623454,186822,1868.22
1221,568.18923581586,196774,1967.74
1222,568.273732060474,198671,1986.71
1223,568.358228357543,190263,1902.63
1224,568.442724707309,185541,1855.41
1225,568.52722111002,182619,1826.19
1226,568.61171756592,180606,1806.06
1227,568.696214075254,179878,1798.78
1228,568.780710638267,179689,1796.89
1229,568.865207255205,179469,1794.69
1230,568.949703926312,179608,1796.08
1231,569.034200651834,181279,1812.79
1232,569.118697432015,181313,1813.13
1233,569.203194267102,180070,1800.7
1234,569.287691157338,181481,1814.81
1235,569.37218810297,185103,1851.03
1236,569.456685104242,190535,1905.35
1237,569.5411821614,190248,1902.48
1238,569.625679274688,186297,1862.97
1239,569.710176444352,186038,1860.38
1240,569.794673670637,184748,1847.48
1241,569.879170953788,182343,1823.43
1242,569.96366829405,183067,1830.67
1243,570.048165691668,186721,1867.21
1244,570.132663146887,186145,1861.45
1245,570.217160659954,187139,1871.39
1246,570.301658231112,186575,1865.75
1247,570.386155860606,183453,1834.53
1248,570.470653548683,181828,1818.28
1249,570.555151295587,180697,1806.97
1250,570.639649101562,179934,1799.34
1251,570.724146966856,179306,1793.06
1252,570.808644891712,180891,1808.91
1253,570.893142876375,183922,1839.22
1254,570.977640921091,183943,1839.43
1255,571.062139026105,183391,1833.91
1256,571.146637191662,193061,1930.61
1257,571.231135418007,194665,1946.65
1258,571.315633705386,187862,1878.62
1259,571.400132054043,185857,1858.57
1260,571.484630464223,186125,1861.25
1261,571.569128936172,184399,1843.99
1262,571.653627470135,181926,1819.26
1263,571.738126066357,184442,1844.42
1264,571.822624725083,186850,1868.5
1265,571.907123446559,184637,1846.37
1266,571.991622231028,185435,1854.35
1267,572.076121078737,188249,1882.49
1268,572.160619989931,186762,1867.62
1269,572.245118964855,185364,1853.64
1270,572.329618003753,183952,1839.52
1271,572.414117106872,184398,1843.98
1272,572.498616274455,187356,1873.56
1273,572.583115506749,185665,1856.65
1274,572.667614803999,182088,1820.88
1275,572.752114166448,180123,1801.23
1276,572.836613594344,179469,1794.69
1277,572.921113087931,179160,1791.6
1278,573.005612647453,178642,1786.42
1279,573.090112273157,178452,1784.52
1280,573.174611965286,180573,1805.73
1281,573.259111724088,184645,1846.45
1282,573.343611549805,188591,1885.91
1283,573.428111442685,202367,2023.67
1284,573.512611402971,204731,2047.31
1285,573.597111430909,221511,2215.11
1286,573.681611526744,223611,2236.11
1287,573.766111690721,211415,2114.15
1288,573.850611923086,201001,2010.01
1289,573.935112224083,190931,1909.31
1290,574.019612593957,185255,1852.55
1291,574.104113032955,182527,1825.27
1292,574.18861354132,182895,1828.95
1293,574.273114119298,182619,1826.19
1294,574.357614767134,182900,1829
1295,574.442115485074,182170,1821.7
1296,574.526616273362,207602,2076.02
1297,574.611117132243,214178,2141.78
1298,574.695618061963,208571,2085.71
1299,574.780119062767,204339,2043.39
1300,574.8646201349,195005,1950.05
1301,574.949121278607,189923,1899.23
1302,575.033622494133,187705,1877.05
1303,575.118123781723,186786,1867.86
1304,575.202625141623,184609,1846.09
1305,575.287126574078,181962,1819.62
1306,575.371628079332,180427,1804.27
1307,575.456129657631,179709,1797.09
1308,575.54063130922,179594,1795.94
1309,575.625133034344,181323,1813.23
1310,575.709634833249,184763,1847.63
1311,575.794136706179,184195,1841.95
1312,575.878638653379,181559,1815.59
1313,575.963140675095,179960,1799.6
1314,576.047642771572,178920,1789.2
1315,576.132144943055,178627,1786.27
1316,576.216647189789,180873,1808.73
1317,576.301149512019,181165,1811.65
1318,576.38565190999,179737,1797.37
1319,576.470154383948,178712,1787.12
1320,576.554656934138,178261,1782.61
1321,576.639159560804,180879,1808.79
1322,576.723662264192,181706,1817.06
1323,576.808165044547,198760,1987.6
1324,576.892667902114,204731,2047.31
1325,576.977170837139,194822,1948.22
1326,577.061673849866,187313,1873.13
1327,577.146176940541,182980,1829.8
1328,577.230680109408,180524,1805.24
1329,577.315183356713,179356,1793.56
1330,577.399686682701,180523,1805.23
1331,577.484190087617,194405,1944.05
1332,577.568693571706,196896,1968.96
1333,577.653197135214,188452,1884.52
1334,577.737700778385,185847,1858.47
1335,577.822204501465,183695,1836.95
1336,577.906708304698,180937,1809.37
1337,577.991212188331,196912,1969.12
1338,578.075716152607,200512,2005.12
1339,578.160220197773,192614,1926.14
1340,578.244724324073,187697,1876.97
1341,578.329228531752,187292,1872.92
1342,578.413732821056,187982,1879.82
1343,578.49823719223,184801,1848.01
1344,578.582741645518,181365,1813.65
1345,578.667246181166,181067,1810.67
1346,578.75175079942,180474,1804.74
1347,578.836255500524,180980,1809.8
1348,578.920760284723,185200,1852
1349,579.005265152262,185051,1850.51
1350,579.089770103388,181753,1817.53
1351,579.174275138344,179610,1796.1
1352,579.258780257375,178477,1784.77
1353,579.343285460728,178048,1780.48
1354,579.427790748647,177775,1777.75
1355,579.512296121378,177485,1774.85
1356,579.596801579165,177004,1770.04
1357,579.681307122253,177116,1771.16
1358,579.765812750888,177204,1772.04
1359,579.850318465315,176640,1766.4
1360,579.934824265779,176438,1764.38
1361,580.019330152525,176639,1766.39
1362,580.103836125799,187079,1870.79
1363,580.188342185844,189851,1898.51
1364,580.272848332908,186092,1860.92
1365,580.357354567233,183353,1833.53
1366,580.441860889067,180269,1802.69
1367,580.526367298654,178461,1784.61
1368,580.610873796238,181326,1813.26
1369,580.695380382066,181724,1817.24
1370,580.779887056382,179319,1793.19
1371,580.864393819432,180819,1808.19
1372,580.94890067146,181118,1811.18
1373,581.033407612712,179149,1791.49
1374,581.117914643433,178115,1781.15
1375,581.202421763867,177402,1774.02
1376,581.286928974261,176934,1769.34
1377,581.371436274859,178339,1783.39
1378,581.455943665907,178554,1785.54
1379,581.540451147649,179048,1790.48
1380,581.62495872033,178465,1784.65
1381,581.709466384197,177041,1770.41
1382,581.793974139493,176684,1766.84
1383,581.878481986465,180012,1800.12
1384,581.962989925357,181351,1813.51
1385,582.047497956414,183195,1831.95
1386,582.132006079881,184523,1845.23
1387,582.216514296004,181831,1818.31
1388,582.301022605028,179000,1790
1389,582.385531007198,183066,1830.66
1390,582.470039502758,183989,1839.89
1391,582.554548091955,180671,1806.71
1392,582.639056775033,178666,1786.66
1393,582.723565552238,177320,1773.2
1394,582.808074423814,176497,1764.97
1395,582.892583390007,175868,1758.68
1396,582.977092451061,179529,1795.29
1397,583.061601607223,180689,1806.89
1398,583.146110858736,179312,1793.12
1399,583.230620205847,179098,1790.98
1400,583.3151296488,177839,1778.39
1401,583.399639187841,178620,1786.2
1402,583.484148823214,178372,1783.72
1403,583.568658555165,176726,1767.26
1404,583.653168383939,175972,1759.72
1405,583.73767830978,179210,1792.1
1406,583.822188332935,180121,1801.21
1407,583.906698453649,179628,1796.28
1408,583.991208672165,178535,1785.35
1409,584.075718988731,176699,1766.99
1410,584.16022940359,177635,1776.35
1411,584.244739916987,177658,1776.58
1412,584.329250529169,176125,1761.25
1413,584.41376124038,175177,1751.77
1414,584.498272050865,174814,1748.14
1415,584.58278296087,174961,1749.61
1416,584.667293970638,179991,1799.91
1417,584.751805080417,185044,1850.44
1418,584.83631629045,183421,1834.21
1419,584.920827600983,179803,1798.03
1420,585.005339012262,177841,1778.41
1421,585.08985052453,178451,1784.51
1422,585.174362138034,179959,1799.59
1423,585.258873853018,180642,1806.42
1424,585.343385669727,179165,1791.65
1425,585.427897588408,176780,1767.8
1426,585.512409609304,175288,1752.88
1427,585.596921732661,174570,1745.7
1428,585.681433958724,175532,1755.32
1429,585.765946287739,175772,1757.72
1430,585.85045871995,176942,1769.42
1431,585.934971255602,178860,1788.6
1432,586.019483894941,182171,1821.71
1433,586.103996638212,183437,1834.37
1434,586.18850948566,180555,1805.55
1435,586.27302243753,177992,1779.92
1436,586.357535494067,176233,1762.33
1437,586.442048655516,188448,1884.48
1438,586.526561922122,203245,2032.45
1439,586.611075294132,198898,1988.98
1440,586.695588771789,188170,1881.7
1441,586.780102355339,181985,1819.85
1442,586.864616045027,180554,1805.54
1443,586.949129841097,179061,1790.61
1444,587.033643743797,176653,1766.53
1445,587.118157753369,175127,1751.27
1446,587.20267187006,174232,1742.32
1447,587.287186094115,173995,1739.95
1448,587.371700425779,173742,1737.42
1449,587.456214865296,173411,1734.11
1450,587.540729412912,173169,1731.69
1451,587.625244068873,172946,1729.46
1452,587.709758833423,174639,1746.39
1453,587.794273706808,175338,1753.38
1454,587.878788689272,174825,1748.25
1455,587.963303781061,174120,1741.2
1456,588.047818982419,173780,1737.8
1457,588.132334293593,175366,1753.66
1458,588.216849714827,177493,1774.93
1459,588.301365246366,176793,1767.93
1460,588.385880888455,175008,1750.08
1461,588.47039664134,173859,1738.59
1462,588.554912505266,173029,1730.29
1463,588.639428480477,174634,1746.34
1464,588.72394456722,177568,1775.68
1465,588.808460765738,181525,1815.25
1466,588.892977076278,180440,1804.4
1467,588.977493499084,176764,1767.64
1468,589.062010034401,174441,1744.41
1469,589.146526682475,173094,1730.94
1470,589.231043443551,172676,1726.76
1471,589.315560317874,172284,1722.84
1472,589.400077305689,171898,1718.98
1473,589.48459440724,171576,1715.76
1474,589.569111622774,173229,1732.29
1475,589.653628952536,176605,1766.05
1476,589.73814639677,176416,1764.16
1477,589.822663955722,174167,1741.67
1478,589.907181629636,218936,2189.36
1479,589.991699418759,235329,2353.29
1480,590.076217323334,215563,2155.63
1481,590.160735343608,199645,1996.45
1482,590.245253479825,187194,1871.94
1483,590.329771732231,180046,1800.46
1484,590.41429010107,194775,1947.75
1485,590.498808586588,197957,1979.57
1486,590.58332718903,186986,1869.86
1487,590.667845908641,182092,1820.92
1488,590.752364745666,178633,1786.33
1489,590.83688370035,175595,1755.95
1490,590.921402772939,175575,1755.75
1491,591.005921963678,178588,1785.88
1492,591.090441272811,177560,1775.6
1493,591.174960700584,176382,1763.82
1494,591.259480247241,177020,1770.2
1495,591.343999913029,177512,1775.12
1496,591.428519698192,176078,1760.78
1497,591.513039602976,173914,1739.14
1498,591.597559627625,172908,1729.08
1499,591.682079772385,172236,1722.36
1500,591.7666000375,171458,1714.58
1501,591.851120423216,171014,1710.14
1502,591.935640929779,171052,1710.52
1503,592.020161557432,172326,1723.26
1504,592.104682306422,172424,1724.24
1505,592.189203176993,171471,1714.71
1506,592.273724169391,170921,1709.21
1507,592.35824528386,170634,1706.34
1508,592.442766520647,170739,1707.39
1509,592.527287879995,173150,1731.5
1510,592.611809362151,173813,1738.13
1511,592.696330967358,188440,1884.4
1512,592.780852695863,191960,1919.6
1513,592.865374547911,182821,1828.21
1514,592.949896523746,177377,1773.77
1515,593.034418623614,174286,1742.86
1516,593.11894084776,194103,1941.03
1517,593.203463196429,198918,1989.18
1518,593.287985669866,186696,1866.96
1519,593.372508268317,179676,1796.76
1520,593.457030992026,175634,1756.34
1521,593.541553841238,173151,1731.51
1522,593.626076816199,172140,1721.4
1523,593.710599917154,171445,1714.45
1524,593.795123144348,170907,1709.07
1525,593.879646498027,170458,1704.58
1526,593.964169978434,173970,1739.7
1527,594.048693585816,174948,1749.48
1528,594.133217320417,172722,1727.22
1529,594.217741182483,173460,1734.6
1530,594.302265172259,173206,1732.06
1531,594.38678928999,173471,1734.71
1532,594.47131353592,173098,1730.98
1533,594.555837910296,173347,1733.47
1534,594.640362413363,172797,1727.97
1535,594.724887045364,183654,1836.54
1536,594.809411806547,186188,1861.88
1537,594.893936697155,178797,1787.97
1538,594.978461717434,178452,1784.52
1539,595.062986867629,177284,1772.84
1540,595.147512147985,174228,1742.28
1541,595.232037558747,176204,1762.04
1542,595.316563100161,179765,1797.65
1543,595.401088772471,178550,1785.5
1544,595.485614575923,175035,1750.35
1545,595.570140510762,172668,1726.68
1546,595.654666577233,171518,1715.18
1547,595.73919277558,172482,1724.82
1548,595.82371910605,173255,1732.55
1549,595.908245568888,172363,1723.63
1550,595.992772164338,174871,1748.71
1551,596.077298892645,179011,1790.11
1552,596.161825754055,177342,1773.42
1553,596.246352748813,173448,1734.48
1554,596.330879877164,171639,1716.39
1555,596.415407139353,178936,1789.36
1556,596.499934535626,180655,1806.55
1557,596.584462066227,176721,1767.21
1558,596.668989731401,175966,1759.66
1559,596.753517531394,176445,1764.45
1560,596.838045466451,176726,1767.26
1561,596.922573536817,174508,1745.08
1562,597.007101742737,172107,1721.07
1563,597.091630084456,186990,1869.9
1564,597.17615856222,199348,1993.48
1565,597.260687176273,193479,1934.79
1566,597.345215926861,185465,1854.65
1567,597.429744814228,183677,1836.77
1568,597.51427383862,180039,1800.39
1569,597.598803000283,175373,1753.73
1570,597.68333229946,176451,1764.51
1571,597.767861736398,175335,1753.35
1572,597.852391311341,175964,1759.64
1573,597.936921024535,175303,1753.03
1574,598.021450876224,174070,1740.7
1575,598.105980866655,174790,1747.9
1576,598.190510996071,173138,1731.38
1577,598.275041264718,173012,1730.12
1578,598.359571672842,173985,1739.85
1579,598.444102220687,174977,1749.77
1580,598.528632908498,173706,1737.06
1581,598.613163736522,173221,1732.21
1582,598.697694705001,176782,1767.82
1583,598.782225814183,177617,1776.17
1584,598.866757064312,176612,1766.12
1585,598.951288455633,174201,1742.01
1586,599.035819988391,173345,1733.45
1587,599.120351662832,174619,1746.19
1588,599.2048834792,173236,1732.36
1589,599.289415437741,170669,1706.69
1590,599.3739475387,169618,1696.18
1591,599.458479782322,171405,1714.05
1592,599.543012168852,173632,1736.32
1593,599.627544698535,174640,1746.4
1594,599.712077371617,173146,1731.46
1595,599.796610188342,170738,1707.38
1596,599.881143148956,171685,1716.85
1597,599.965676253703,173594,1735.94
1598,600.05020950283,172393,1723.93
1599,600.13474289658,170284,1702.84
1600,600.2192764352,168999,1689.99
1601,600.303810118934,170080,1700.8
1602,600.388343948028,170113,1701.13
1603,600.472877922726,168903,1689.03
1604,600.557412043273,170130,1701.3
1605,600.641946309916,169974,1699.74
1606,600.726480722899,168759,1687.59
1607,600.811015282466,168013,1680.13
1608,600.895549988864,167487,1674.87
1609,600.980084842338,167146,1671.46
1610,601.064619843132,168513,1685.13
1611,601.149154991491,168965,1689.65
1612,601.233690287662,170319,1703.19
1613,601.318225731888,170486,1704.86
1614,601.402761324415,169111,1691.11
1615,601.487297065489,169859,1698.59
1616,601.571832955354,169749,1697.49
1617,601.656368994255,170371,1703.71
1618,601.740905182438,169985,1699.85
1619,601.825441520148,168385,1683.85
1620,601.90997800763,170139,1701.39
1621,601.994514645128,172084,1720.84
1622,602.079051432889,172594,1725.94
1623,602.163588371157,171312,1713.12
1624,602.248125460177,171259,1712.59
1625,602.332662700195,170681,1706.81
1626,602.417200091456,170809,1708.09
1627,602.501737634204,170172,1701.72
1628,602.586275328686,168492,1684.92
1629,602.670813175145,167829,1678.29
1630,602.755351173828,172787,1727.87
1631,602.839889324979,174045,1740.45
1632,602.924427628843,172827,1728.27
1633,603.008966085667,173081,1730.81
1634,603.093504695693,171332,1713.32
1635,603.178043459169,168968,1689.68
1636,603.262582376339,169909,1699.09
1637,603.347121447448,171420,1714.2
1638,603.431660672741,170954,1709.54
1639,603.516200052464,169179,1691.79
1640,603.600739586861,167624,1676.24
1641,603.685279276178,166805,1668.05
1642,603.769819120659,166925,1669.25
1643,603.854359120551,166627,1666.27
1644,603.938899276098,168414,1684.14
1645,604.023439587545,170790,1707.9
1646,604.107980055137,170289,1702.89
1647,604.19252067912,170147,1701.47
1648,604.277061459738,169366,1693.66
1649,604.361602397237,167615,1676.15
1650,604.446143491862,166666,1666.66
1651,604.530684743859,175181,1751.81
1652,604.615226153471,183939,1839.39
1653,604.699767720944,182697,1826.97
1654,604.784309446525,177049,1770.49
1655,604.868851330456,174074,1740.74
1656,604.953393372984,175874,1758.74
1657,605.037935574354,178110,1781.1
1658,605.122477934812,175317,1753.17
1659,605.207020454601,184396,1843.96
1660,605.291563133967,185611,1856.11
1661,605.376105973156,177660,1776.6
1662,605.460648972412,172724,1727.24
1663,605.545192131981,169373,1693.73
1664,605.629735452108,167502,1675.02
1665,605.714278933038,166402,1664.02
1666,605.798822575015,170054,1700.54
1667,605.883366378286,171136,1711.36
1668,605.967910343095,168460,1684.6
1669,606.052454469688,166675,1666.75
1670,606.136998758309,166327,1663.27
1671,606.221543209204,168380,1683.8
1672,606.306087822618,168593,1685.93
1673,606.390632598795,167048,1670.48
1674,606.475177537982,168146,1681.46
1675,606.559722640423,170272,1702.72
1676,606.644267906364,171216,1712.16
1677,606.728813336049,171673,1716.73
1678,606.813358929724,170100,1701
1679,606.897904687633,167929,1679.29
1680,606.982450610022,166695,1666.95
1681,607.066996697137,165702,1657.02
1682,607.151542949221,167179,1671.79
1683,607.236089366521,169373,1693.73
1684,607.320635949282,168546,1685.46
1685,607.405182697748,166727,1667.27
1686,607.489729612165,168135,1681.35
1687,607.574276692777,168519,1685.19
1688,607.658823939831,166908,1669.08
1689,607.74337135357,167842,1678.42
1690,607.827918934241,169699,1696.99
1691,607.912466682089,168760,1687.6
1692,607.997014597358,166801,1668.01
1693,608.081562680293,171897,1718.97
1694,608.16611093114,172927,1729.27
1695,608.250659350145,171501,1715.01
1696,608.335207937551,171512,1715.12
1697,608.419756693605,170763,1707.63
1698,608.504305618551,168920,1689.2
1699,608.588854712634,168632,1686.32
1700,608.6734039761,167846,1678.46
1701,608.757953409194,172529,1725.29
1702,608.84250301216,175899,1758.99
1703,608.927052785245,172643,1726.43
1704,609.011602728693,169236,1692.36
1705,609.096152842749,166953,1669.53
1706,609.180703127658,165502,1655.02
1707,609.265253583666,164720,1647.2
1708,609.349804211018,164402,1644.02
1709,609.434355009958,166120,1661.2
1710,609.518905980733,166508,1665.08
1711,609.603457123586,169407,1694.07
1712,609.688008438764,189843,1898.43
1713,609.772559926511,192842,1928.42
1714,609.857111587073,180435,1804.35
1715,609.941663420694,173235,1732.35
1716,610.02621542762,168776,1687.76
1717,610.110767608096,168606,1686.06
1718,610.195319962366,168152,1681.52
1719,610.279872490677,166294,1662.94
1720,610.364425193274,164930,1649.3
1721,610.4489780704,164404,1644.04
1722,610.533531122303,163876,1638.76
1723,610.618084349226,164099,1640.99
1724,610.702637751414,166142,1661.42
1725,610.787191329114,168490,1684.9
1726,610.87174508257,167692,1676.92
1727,610.956299012027,169668,1696.68
1728,611.04085311773,169611,1696.11
1729,611.125407399925,167028,1670.28
1730,611.209961858857,165511,1655.11
1731,611.29451649477,178767,1787.67
1732,611.37907130791,186706,1867.06
1733,611.463626298523,180001,1800.01
1734,611.548181466852,174347,1743.47
1735,611.632736813144,174808,1748.08
1736,611.717292337643,172891,1728.91
1737,611.801848040595,168875,1688.75
1738,611.886403922244,166746,1667.46
1739,611.970959982837,167575,1675.75
1740,612.055516222617,168569,1685.69
1741,612.14007264183,169412,1694.12
1742,612.224629240722,169984,1699.84
1743,612.309186019537,168794,1687.94
1744,612.39374297852,175322,1753.22
1745,612.478300117917,176408,1764.08
1746,612.562857437973,180893,1808.93
1747,612.647414938933,182248,1822.48
1748,612.731972621042,175215,1752.15
1749,612.816530484545,169363,1693.63
1750,612.901088529688,176618,1766.18
1751,612.985646756714,177620,1776.2
1752,613.070205165871,173058,1730.58
1753,613.154763757402,169823,1698.23
1754,613.239322531553,166341,1663.41
1755,613.323881488569,166396,1663.96
1756,613.408440628695,166066,1660.66
1757,613.492999952176,164639,1646.39
1758,613.577559459258,165897,1658.97
1759,613.662119150185,167492,1674.92
1760,613.746679025203,166395,1663.95
1761,613.831239084557,164565,1645.65
1762,613.915799328492,165463,1654.63
1763,614.000359757252,165258,1652.58
1764,614.084920371084,163700,1637
1765,614.169481170232,162854,1628.54
1766,614.254042154942,162807,1628.07
1767,614.338603325458,162758,1627.58
1768,614.423164682026,164504,1645.04
1769,614.507726224891,166646,1666.46
1770,614.592287954298,165888,1658.88
1771,614.676849870492,174985,1749.85
1772,614.761411973718,176856,1768.56
1773,614.845974264222,170241,1702.41
1774,614.930536742248,166528,1665.28
1775,615.015099408042,166482,1664.82
1776,615.099662261849,165689,1656.89
1777,615.184225303914,163971,1639.71
1778,615.268788534481,164902,1649.02
1779,615.353351953797,164765,1647.65
1780,615.437915562106,167317,1673.17
1781,615.522479359654,167368,1673.68
1782,615.607043346685,164473,1644.73
1783,615.691607523446,172319,1723.19
1784,615.776171890179,173963,1739.63
1785,615.860736447132,168271,1682.71
1786,615.94530119455,164905,1649.05
1787,616.029866132676,164965,1649.65
1788,616.114431261757,164881,1648.81
1789,616.198996582037,165357,1653.57
1790,616.283562093762,166555,1665.55
1791,616.368127797177,167244,1672.44
1792,616.452693692527,165747,1657.47
1793,616.537259780057,163332,1633.32
1794,616.621826060012,164226,1642.26
1795,616.706392532638,166375,1663.75
1796,616.790959198179,165382,1653.82
1797,616.87552605688,163157,1631.57
1798,616.960093108988,175374,1753.74
1799,617.044660354746,178409,1784.09
1800,617.1292277944,176158,1761.58
1801,617.213795428195,178327,1783.27
1802,617.298363256377,174534,1745.34
1803,617.38293127919,168938,1689.38
1804,617.46749949688,165320,1653.2
1805,617.552067909691,163014,1630.14
1806,617.63663651787,161698,1616.98
1807,617.72120532166,410110,4101.1
1808,617.805774321307,483419,4834.19
1809,617.890343517057,350351,3503.51
1810,617.974912909154,269072,2690.72
1811,618.059482497843,222302,2223.02
1812,618.14405228337,195642,1956.42
1813,618.22862226598,180367,1803.67
1814,618.313192445918,171471,1714.71
1815,618.397762823429,175141,1751.41
1816,618.482333398757,176900,1769
1817,618.56690417215,171322,1713.22
1818,618.65147514385,168546,1685.46
1819,618.736046314105,166171,1661.71
1820,618.820617683158,163349,1633.49
1821,618.905189251254,161855,1618.55
1822,618.98976101864,161565,1615.65
1823,619.07433298556,160968,1609.68
1824,619.158905152259,163207,1632.07
1825,619.243477518983,177281,1772.81
1826,619.328050085976,179353,1793.53
1827,619.412622853484,172858,1728.58
1828,619.497195821751,170299,1702.99
1829,619.581768991023,171399,1713.99
1830,619.666342361546,169171,1691.71
1831,619.750915933564,164801,1648.01
1832,619.835489707321,162338,1623.38
1833,619.920063683065,165031,1650.31
1834,620.004637861039,167190,1671.9
1835,620.089212241489,165075,1650.75
1836,620.173786824659,162647,1626.47
1837,620.258361610796,161719,1617.19
1838,620.342936600144,160932,1609.32
1839,620.427511792947,160208,1602.08
1840,620.512087189453,163595,1635.95
1841,620.596662789905,181311,1813.11
1842,620.681238594548,189607,1896.07
1843,620.765814603629,181059,1810.59
1844,620.850390817391,171877,1718.77
1845,620.93496723608,168103,1681.03
1846,621.019543859942,169446,1694.46
1847,621.104120689221,168013,1680.13
1848,621.188697724162,165643,1656.43
1849,621.273274965011,163236,1632.36
1850,621.357852412012,160818,1608.18
1851,621.442430065412,160529,1605.29
1852,621.527007925454,159985,1599.85
1853,621.611585992385,160993,1609.93
1854,621.696164266449,161581,1615.81
1855,621.780742747892,160342,1603.42
1856,621.865321436958,159276,1592.76
1857,621.949900333892,159160,1591.6
1858,622.03447943894,160679,1606.79
1859,622.119058752348,160770,1607.7
1860,622.203638274359,159636,1596.36
1861,622.28821800522,161121,1611.21
1862,622.372797945175,161488,1614.88
1863,622.457378094469,160486,1604.86
1864,622.541958453348,159841,1598.41
1865,622.626539022057,160247,1602.47
1866,622.711119800841,160115,1601.15
1867,622.795700789945,159372,1593.72
1868,622.880281989613,166567,1665.67
1869,622.964863400093,168259,1682.59
1870,623.049445021627,163649,1636.49
1871,623.134026854462,161103,1611.03
1872,623.218608898843,159559,1595.59
1873,623.303191155015,161143,1611.43
1874,623.387773623222,161599,1615.99
1875,623.472356303711,162348,1623.48
1876,623.556939196726,164084,1640.84
1877,623.641522302512,163031,1630.31
1878,623.726105621315,160625,1606.25
1879,623.810689153379,161302,1613.02
1880,623.89527289895,160975,1609.75
1881,623.979856858273,161142,1611.42
1882,624.064441031593,164333,1643.33
1883,624.149025419156,165793,1657.93
1884,624.233610021205,167374,1673.74
1885,624.318194837987,167786,1677.86
1886,624.402779869747,166659,1666.59
1887,624.487365116729,167323,1673.23
1888,624.571950579179,167142,1671.42
1889,624.656536257342,164098,1640.98
1890,624.741122151463,161107,1611.07
1891,624.825708261788,160973,1609.73
1892,624.91029458856,164392,1643.92
1893,624.994881132027,163843,1638.43
1894,625.079467892432,162442,1624.42
1895,625.16405487002,161256,1612.56
1896,625.248642065038,159364,1593.64
1897,625.33322947773,179408,1794.08
1898,625.41781710834,186728,1867.28
1899,625.502404957115,271949,2719.49
1900,625.5869930243,293453,2934.53
1901,625.671581310139,237654,2376.54
1902,625.756169814878,436367,4363.67
1903,625.840758538762,482263,4822.63
1904,625.925347482035,345491,3454.91
1905,626.009936644944,270427,2704.27
1906,626.094526027733,225707,2257.07
1907,626.179115630648,195977,1959.77
1908,626.263705453933,179423,1794.23
1909,626.348295497833,171752,1717.52
1910,626.432885762595,166186,1661.86
1911,626.517476248462,161869,1618.69
1912,626.60206695568,167817,1678.17
1913,626.686657884495,168627,1686.27
1914,626.771249035151,163255,1632.55
1915,626.855840407893,164132,1641.32
1916,626.940432002967,163326,1633.26
1917,627.025023820618,163101,1631.01
1918,627.10961586109,171530,1715.3
1919,627.19420812463,171627,1716.27
1920,627.278800611482,171069,1710.69
1921,627.363393321891,170125,1701.25
1922,627.447986256102,186487,1864.87
1923,627.532579414361,188759,1887.59
1924,627.617172796912,175212,1752.12
1925,627.701766404002,166788,1667.88
1926,627.786360235874,161860,1618.6
1927,627.870954292774,161195,1611.95
1928,627.955548574948,160387,1603.87
1929,628.04014308264,166843,1668.43
1930,628.124737816095,167897,1678.97
1931,628.209332775559,164307,1643.07
1932,628.293927961276,161609,1616.09
1933,628.378523373493,158815,1588.15
1934,628.463119012454,156838,1568.38
1935,628.547714878403,155851,1558.51
1936,628.632310971587,157649,1576.49
1937,628.716907292251,159879,1598.79
1938,628.801503840639,160920,1609.2
1939,628.886100616996,159522,1595.22
1940,628.970697621569,157193,1571.93
1941,629.055294854601,155834,1558.34
1942,629.139892316339,157058,1570.58
1943,629.224490007026,159092,1590.92
1944,629.309087926909,158435,1584.35
1945,629.393686076233,158918,1589.18
1946,629.478284455242,158278,1582.78
1947,629.562883064182,156080,1560.8
1948,629.647481903298,155060,1550.6
1949,629.732080972835,154791,1547.91
1950,629.816680273037,155958,1559.58
1951,629.901279804152,155698,1556.98
1952,629.985879566422,156580,1565.8
1953,630.070479560095,158673,1586.73
1954,630.155079785414,159578,1595.78
1955,630.239680242624,158470,1584.7
1956,630.324280931972,156639,1566.39
1957,630.408881853702,159844,1598.44
1958,630.493483008059,161542,1615.42
1959,630.578084395288,158854,1588.54
1960,630.662686015635,156355,1563.55
1961,630.747287869345,158301,1583.01
1962,630.831889956662,158716,1587.16
1963,630.916492277832,156502,1565.02
1964,631.001094833101,154800,1548
1965,631.085697622712,154097,1540.97
1966,631.170300646912,155815,1558.15
1967,631.254903905945,156100,1561
1968,631.339507400056,158703,1587.03
1969,631.424111129492,160361,1603.61
1970,631.508715094496,162353,1623.53
1971,631.593319295314,167894,1678.94
1972,631.677923732192,167575,1675.75
1973,631.762528405373,164281,1642.81
1974,631.847133315104,161945,1619.45
1975,631.93173846163,158692,1586.92
1976,632.016343845195,157700,1577
1977,632.100949466045,156600,1566
1978,632.185555324425,154953,1549.53
1979,632.270161420579,153834,1538.34
1980,632.354767754754,153492,1534.92
1981,632.439374327195,154930,1549.3
1982,632.523981138146,154827,1548.27
1983,632.608588187852,153588,1535.88
1984,632.693195476559,153652,1536.52
1985,632.777803004512,153355,1533.55
1986,632.862410771956,153184,1531.84
1987,632.947018779136,153514,1535.14
1988,633.031627026297,153517,1535.17
1989,633.116235513685,155072,1550.72
1990,633.200844241544,159202,1592.02
1991,633.28545321012,159240,1592.4
1992,633.370062419658,156171,1561.71
1993,633.454671870403,154315,1543.15
1994,633.539281562599,153236,1532.36
1995,633.623891496493,152417,1524.17
1996,633.708501672329,152061,1520.61
1997,633.793112090353,153636,1536.36
1998,633.877722750809,153860,1538.6
1999,633.962333653943,152818,1528.18
2000,634.0469448,152193,1521.93
2001,634.131556189225,151820,1518.2
2002,634.216167821863,153364,1533.64
2003,634.300779698159,153621,1536.21
2004,634.385391818359,152586,1525.86
2005,634.470004182707,152142,1521.42
2006,634.554616791449,151610,1516.1
2007,634.639229644829,152973,1529.73
2008,634.723842743094,163283,1632.83
2009,634.808456086488,166910,1669.1
2010,634.893069675256,161454,1614.54
2011,634.977683509643,158842,1588.42
2012,635.062297589895,158763,1587.63
2013,635.146911916256,158651,1586.51
2014,635.231526488972,156721,1567.21
2015,635.316141308288,294125,2941.25
2016,635.400756374449,331826,3318.26
2017,635.4853716877,259516,2595.16
2018,635.569987248286,217587,2175.87
2019,635.654603056453,190242,1902.42
2020,635.739219112446,173682,1736.82
2021,635.823835416509,164339,1643.39
2022,635.908451968888,162488,1624.88
2023,635.993068769827,172211,1722.11
2024,636.077685819573,171441,1714.41
2025,636.16230311837,175647,1756.47
2026,636.246920666464,173729,1737.29
2027,636.331538464099,231823,2318.23
2028,636.41615651152,245407,2454.07
2029,636.500774808974,205297,2052.97
2030,636.585393356704,181440,1814.4
2031,636.670012154956,182504,1825.04
2032,636.754631203976,181072,1810.72
2033,636.839250504007,169357,1693.57
2034,636.923870055296,160983,1609.83
2035,637.008489858088,157640,1576.4
2036,637.093109912628,155567,1555.67
2037,637.17773021916,153354,1533.54
2038,637.26235077793,151719,1517.19
2039,637.346971589183,156159,1561.59
2040,637.431592653165,159519,1595.19
2041,637.51621397012,157033,1570.33
2042,637.600835540293,155077,1550.77
2043,637.68545736393,155322,1553.22
2044,637.770079441276,156076,1560.76
2045,637.854701772576,154750,1547.5
2046,637.939324358074,152565,1525.65
2047,638.023947198017,150996,1509.96
