464.9839,262069
465.068515076491,259328
465.153129906126,260257
465.237744489151,260902
465.322358825812,260984
465.406972916352,260549
465.491586761018,260421
465.576200360054,259804
465.660813713705,259474
465.745426822218,260336
465.830039685836,261080
465.914652304805,261149
465.99926467937,261559
466.083876809776,261778
466.168488696269,261669
466.253100339093,984879
466.337711738494,1190362
466.422322894716,808308
466.506933808006,581313
466.591544478607,450713
466.676154906766,375877
466.760765092726,333388
466.845375036735,326127
466.929984739036,319607
467.014594199874,305953
467.099203419495,296011
467.183812398145,287556
467.268421136067,282898
467.353029633508,430031
467.437637890711,481388
467.522245907924,421858
467.60685368539,373145
467.691461223355,331459
467.776068522063,310531
467.860675581761,297752
467.945282402693,312887
468.029888985104,346447
468.11449532924,340432
468.199101435345,330098
468.283707303665,318092
468.368312934445,299419
468.45291832793,306199
468.537523484364,321917
468.622128403994,440429
468.706733087065,494499
468.791337533821,427999
468.875941744507,364054
468.96054571937,329720
469.045149458653,310658
469.129752962602,298442
469.214356231462,288774
469.298959265479,284241
469.383562064897,283438
469.468164629962,282059
469.552766960919,281485
469.637369058012,299625
469.721970921487,303069
469.80657255159,295761
469.891173948565,306832
469.975775112657,304200
470.060376044111,290353
470.144976743173,283866
470.229577210088,298611
470.314177445101,302796
470.398777448457,311206
470.483377220402,431711
470.567976761179,469081
470.652576071035,410351
470.737175150215,359480
470.821773998963,324975
470.906372617525,322321
470.990971006146,314655
471.075569165072,472288
471.160167094546,513248
471.244764794815,435397
471.329362266123,381970
471.413959508717,355892
471.498556522839,369289
471.583153308737,372594
471.667749866655,355881
471.752346196838,350769
471.836942299532,350771
471.921538174981,370341
472.00613382343,358239
472.090729245126,323926
472.175324440312,302669
472.259919409234,307599
472.344514152137,304780
472.429108669267,291201
472.513702960868,290169
472.598297027185,299933
472.682890868465,298666
472.767484484951,288322
472.852077876889,280586
472.936671044524,294496
473.021263988101,298996
473.105856707865,292797
473.190449204062,318308
473.275041476937,398922
473.359633526735,434545
473.4442253537,390127
473.528816958078,356979
473.613408340115,349879
473.697999500055,330870
473.782590438143,308624
473.867181154625,297407
473.951771649745,311549
474.03636192375,311364
474.120951976883,298611
474.20554180939,291675
474.290131421517,286382
474.374720813508,302573
474.459309985608,304814
474.543898938063,292715
474.628487671118,286476
474.713076185018,283179
474.797664480008,301203
474.882252556332,462465
474.966840414238,509665
475.051428053968,601846
475.13601547577,589799
475.220602679887,458463
475.305189666564,378919
475.389776436048,333569
475.474362988583,308594
475.558949324414,293282
475.643535443787,286206
475.728121346946,283682
475.812707034136,280308
475.897292505604,402656
475.981877761593,459995
476.066462802349,414926
476.151047628118,382264
476.235632239144,347217
476.320216635672,315612
476.404800817948,316085
476.489384786216,313325
476.573968540723,322140
476.658552081712,424912
476.74313540943,438832
476.827718524121,374788
476.91230142603,333650
476.996884115403,325562
477.081466592484,316750
477.166048857519,298714
477.250630910753,307442
477.335212752432,307946
477.419794382799,296428
477.504375802101,305731
477.588957010582,308182
477.673538008487,296864
477.758118796063,518027
477.842699373553,576964
477.927279741204,451220
478.011859899259,375649
478.096439847965,331094
478.181019587566,310276
478.265599118308,300790
478.350178440435,291953
478.434757554193,286922
478.519336459827,348775
478.603915157582,363106
478.688493647704,325062
478.773071930436,626833
478.857650006026,704444
478.942227874716,529389
479.026805536754,485592
479.111382992383,451479
479.19596024185,402002
479.280537285398,360521
479.365114123274,324210
479.449690755722,301327
479.534267182988,288083
479.618843405317,280981
479.703419422953,294849
479.787995236142,320273
479.87257084513,316627
479.95714625016,300077
480.041721451479,290277
480.126296449331,286173
480.210871243962,298538
480.295445835617,301099
480.380020224541,307349
480.464594410979,305013
480.549168395175,310384
480.633742177377,308953
480.718315757827,294759
480.802889136772,286238
480.887462314457,281674
480.972035291127,278473
481.056608067026,297485
481.141180642401,366972
481.225753017496,372091
481.310325192556,329954
481.394897167827,321841
481.479468943554,313484
481.564040519981,298845
481.648611897354,290088
481.733183075918,283462
481.817754055918,297513
481.9023248376,299295
481.986895421208,303678
482.071465806988,483522
482.156035995184,523115
482.240605986042,435675
482.325175779807,378254
482.409745376725,335286
482.494314777039,309317
482.578883980996,294911
482.663452988841,287585
482.748021800818,282332
482.832590417173,280519
482.91715883815,298933
483.001727063996,318469
483.086295094955,311771
483.170862931273,297120
483.255430573193,292354
483.339998020963,306292
483.424565274826,309395
483.509132335028,297327
483.593699201814,288707
483.678265875429,300202
483.762832356118,300061
483.847398644127,287477
483.9319647397,298705
484.016530643083,359575
484.101096354521,366992
484.185661874258,332753
484.270227202541,309281
484.354792339614,295035
484.439357285722,289802
484.523922041111,303409
484.608486606025,320528
484.69305098071,313966
484.777615165411,308436
484.862179160373,319188
484.946742965841,312408
485.03130658206,311334
485.115870009276,325387
485.200433247733,318492
485.284996297677,302490
485.369559159353,424148
485.454121833005,470999
485.53868431888,401312
485.623246617222,355051
485.707808728276,325876
485.792370652288,303179
485.876932389502,306533
485.961493940164,304624
486.046055304519,292684
486.130616482813,289661
486.215177475289,288770
486.299738282193,319929
486.384298903771,327556
486.468859340268,306085
486.553419591928,291024
486.637979658997,285814
486.722539541719,282579
486.807099240341,293927
486.891658755108,295628
486.976218086263,285425
487.060777234053,280411
487.145336198723,277540
487.229894980517,274768
487.314453579682,276500
487.399011996461,277621
487.483570231101,275755
487.568128283845,274732
487.652686154941,273279
487.737243844632,273962
487.821801353163,297735
487.906358680781,303505
487.990915827729,290476
488.075472794253,284090
488.160029580599,305697
488.244586187011,310360
488.329142613735,297530
488.413698861015,323990
488.498254929097,328018
488.582810818225,325775
488.667366528646,324099
488.751922060605,306735
488.836477414345,295588
488.921032590113,291539
489.005587588153,296615
489.090142408711,444364
489.174697052032,494786
489.259251518361,431124
489.343805807943,375990
489.428359921024,331725
489.512913857847,306294
489.597467618659,294336
489.682021203705,350255
489.76657461323,362874
489.851127847479,324797
489.935680906696,312194
490.020233791128,302328
490.104786501019,289265
490.189339036615,301257
490.27389139816,303063
490.3584435859,291177
490.44299560008,283780
490.527547440945,278661
490.612099108739,275238
490.69665060371,273686
490.7812019261,274646
490.865753076156,291926
490.950304054123,297662
491.034854860246,289231
491.119405494769,284200
491.203955957939,281619
491.288506249999,280981
491.373056371197,278110
491.457606321775,295428
491.54215610198,305814
491.626705712057,295485
491.711255152251,285356
491.795804422807,278830
491.88035352397,275533
491.964902455985,276673
492.049451219098,295373
492.133999813553,298328
492.218548239596,287954
492.303096497471,297788
492.387644587425,311043
492.472192509702,320592
492.556740264546,357542
492.641287852205,353406
492.725835272921,319064
492.810382526942,303878
492.894929614511,349885
492.979476535874,357448
493.064023291276,323921
493.148569880962,315794
493.233116305178,307179
493.317662564167,292123
493.402208658177,287698
493.486754587451,283616
493.571300352235,278005
493.655845952774,274966
493.740391389313,292057
493.824936662097,295730
493.909481771372,299994
493.994026717382,298135
494.078571500372,286690
494.163116120589,282268
494.247660578276,280930
494.33220487368,429843
494.416749007044,471585
494.501292978615,391500
494.585836788637,341851
494.670380437356,313942
494.754923925017,300383
494.839467251864,310306
494.924010418144,307819
495.0085534241,293695
495.093096269979,365849
495.177638956025,382692
495.262181482484,353937
495.3467238496,346279
495.431266057619,324541
495.515808106786,321393
495.600349997346,314710
495.684891729544,297792
495.769433303626,295707
495.853974719836,290871
495.938515978419,281833
496.023057079622,277446
496.107598023688,276813
496.192138810863,294058
496.276679441392,296721
496.361219915521,295186
496.445760233493,454093
496.530300395556,493088
496.614840401953,403322
496.69938025293,377042
496.783919948731,354664
496.868459489603,339219
496.95299887579,323634
497.037538107538,340514
497.12207718509,338638
497.206616108694,329241
497.291154878593,318804
497.375693495033,301703
497.460231958259,290114
497.544770268516,284367
497.629308426049,283675
497.713846431104,280749
497.798384283926,292933
497.882921984759,295030
497.967459533848,286169
498.05199693144,300312
498.136534177779,322838
498.22107127311,316947
498.305608217678,298225
498.390145011729,288038
498.474681655507,282162
498.559218149259,279654
498.643754493228,280033
498.72829068766,277515
498.8128267328,273733
498.897362628894,272430
498.981898376185,273352
499.066433974921,276391
499.150969425345,295494
499.235504727703,375136
499.32003988224,385267
499.404574889201,354377
499.489109748831,334900
499.573644461376,311879
499.65817902708,295882
499.742713446188,287520
499.827247718947,283817
499.9117818456,281065
499.996315826393,277561
500.080849661572,275742
500.165383351381,276467
500.249916896065,275357
500.33445029587,276931
500.41898355104,372616
500.503516661822,399386
500.588049628459,347775
500.672582451197,319668
500.757115130282,302772
500.841647665958,292113
500.92618005847,284522
501.010712308064,411644
501.095244414985,462064
501.179776379478,411695
501.264308201788,364985
501.34883988216,346105
501.433371420839,328162
501.517902818071,303040
501.6024340741,310156
501.686965189172,321997
501.771496163532,310042
501.856026997425,292834
501.940557691096,282882
502.02508824479,277604
502.109618658753,295656
502.194148933229,298944
502.278679068464,286711
502.363209064702,282577
502.44773892219,278766
502.532268641171,292675
502.616798221892,297378
502.701327664597,289488
502.785856969531,284049
502.87038613694,296950
502.954915167069,315184
503.039444060163,308041
503.123972816466,293576
503.208501436225,305368
503.293029919684,309633
503.377558267088,315248
503.462086478683,329548
503.546614554714,341553
503.631142495425,328524
503.715670301062,304772
503.800197971871,290318
503.884725508095,282619
503.969252909981,294268
504.053780177773,313770
504.138307311717,310014
504.222834312058,312956
504.307361179041,311513
504.39188791291,315267
504.476414513912,319927
504.560940982291,391267
504.645467318292,400046
504.729993522161,345789
504.814519594143,330309
504.899045534482,329123
504.983571343424,338878
505.068097021215,344765
505.152622568098,342545
505.23714798432,397498
505.321673270126,394945
505.40619842576,344561
505.490723451468,314188
505.575248347494,312069
505.659773114085,305908
505.744297751485,434828
505.828822259939,484770
505.913346639693,408699
505.997870890991,352538
506.082395014079,319259
506.166919009201,300028
506.251442876604,287855
506.335966616531,297811
506.420490229229,298856
506.505013714942,290146
506.589537073916,286467
506.674060306396,298114
506.758583412626,302795
506.843106392852,293072
506.927629247319,286314
507.012151976272,281155
507.096674579957,295971
507.181197058618,305274
507.2657194125,296089
507.350241641849,433998
507.43476374691,489135
507.519285727928,412386
507.603807585148,353081
507.688329318816,321067
507.772850929175,320615
507.857372416473,331654
507.941893780953,319564
508.02641502286,301670
508.110936142441,290277
508.195457139939,298502
508.279978015601,297918
508.364498769671,289808
508.449019402395,284523
508.533539914017,279163
508.618060304783,291784
508.702580574937,294139
508.787100724726,285068
508.871620754394,287688
508.956140664186,362236
509.040660454347,401053
509.125180125123,440996
509.209699676758,425441
509.294219109499,459636
509.378738423589,447855
509.463257619274,392855
509.5477766968,354446
509.632295656411,318306
509.716814498352,297646
509.801333222869,285844
509.885851830207,279436
509.97037032061,277956
510.054888694324,276004
510.139406951595,294844
510.223925092667,299532
510.308443117785,287580
510.392961027195,284122
510.477478821141,299587
510.56199649987,318112
510.646514063625,330062
510.731031512652,338629
510.815548847197,324618
510.900066067503,306801
510.984583173818,294537
511.069100166384,301120
511.153617045449,299634
511.238133811256,305768
511.322650464052,304444
511.407167004081,290337
511.491683431587,318501
511.576199746818,323427
511.660715950017,318535
511.745232041429,311994
511.829748021301,295890
511.914263889876,286921
511.9987796474,287922
512.083295294119,285540
512.167810830277,282912
512.252326256119,294059
512.336841571891,308980
512.421356777838,379990
512.505871874205,389405
512.590386861236,360748
512.674901739178,335986
512.759416508275,309526
512.843931168773,294039
512.928445720916,302411
513.01296016495,318944
513.097474501119,310145
513.18198872967,294788
513.266502850847,287241
513.351016864895,298974
513.435530772059,301024
513.520044572585,289385
513.604558266717,282272
513.689071854701,314004
513.773585336782,332832
513.858098713206,335474
513.942611984216,340863
514.027125150058,356570
514.111638210978,362565
514.196151167221,338928
514.280664019031,310785
514.365176766654,295808
514.449689410336,301463
514.53420195032,316891
514.618714386852,310516
514.703226720178,294040
514.787738950542,284227
514.87225107819,278151
514.956763103367,274163
515.041275026318,272191
515.125786847287,311926
515.210298566521,322290
515.294810184265,300418
515.379321700762,289169
515.463833116259,285200
515.548344431001,280796
515.632855645233,294732
515.7173667592,298129
515.801877773147,295388
515.886388687319,307346
515.970899501962,303304
516.05541021732,289173
516.139920833639,281619
516.224431351163,277405
516.308941770138,276369
516.39345209081,275151
516.477962313423,272985
516.562472438222,287567
516.646982465452,309122
516.731492395359,332153
516.816002228188,327865
516.900511964184,306055
516.985021603591,325341
517.069531146656,359758
517.154040593623,398802
517.238549944738,382194
517.323059200245,351837
517.40756836039,329945
517.492077425417,306345
517.576586395573,291711
517.661095271101,426057
517.745604052248,460506
517.830112739258,380864
517.914621332376,371410
517.999129831848,357147
518.083638237919,323984
518.168146550834,303342
518.252654770838,290161
518.337162898176,283840
518.421670933093,279115
518.506178875835,275574
518.590686726646,274012
518.675194485772,276519
518.759702153457,293039
518.844209729948,296121
518.928717215489,286154
519.013224610325,296705
519.097731914701,301366
519.182239128863,291994
519.266746253055,286217
519.351253287523,281826
519.435760232512,277703
519.520267088267,276906
519.604773855033,275726
519.689280533056,273727
519.77378712258,273578
519.85829362385,272607
519.942800037113,291211
520.027306362612,295689
520.111812600593,284229
520.196318751301,278210
520.280824814981,274724
520.365330791879,272218
520.449836682239,274383
520.534342486307,276738
520.618848204327,275604
520.703353836546,290569
520.787859383207,294072
520.872364844557,317854
520.95687022084,416281
521.041375512301,422660
521.125880719186,359756
521.21038584174,322459
521.294890880208,366410
521.379395834834,372029
521.463900705865,346375
521.548405493545,327696
521.632910198119,305041
521.717414819833,291857
521.801919358931,283004
521.88642381566,277593
521.970928190263,293444
522.055432482986,1227050
522.139936694074,1475861
522.224440823773,987370
522.308944872327,694838
522.393448839982,518082
522.477952726982,432589
522.562456533574,462514
522.646960260001,441618
522.731463906509,392242
522.815967473344,373644
522.90047096075,341223
522.984974368973,310841
523.069477698257,293812
523.153980948848,284517
523.238484120991,278801
523.322987214931,276520
523.407490230914,293145
523.491993169183,315829
523.576496029985,486786
523.660998813565,519677
523.745501520167,561510
523.830004150038,540834
523.914506703421,429337
523.999009180562,363482
524.083511581707,323851
524.1680139071,301056
524.252516156987,287548
524.337018331612,280078
524.421520431221,293284
524.506022456059,297685
524.590524406371,287251
524.675026282403,384765
524.759528084398,413665
524.844029812603,355691
524.928531467263,319893
525.013033048623,386159
525.097534556927,402266
525.182035992421,350607
525.266537355351,317717
525.351038645961,299296
525.435539864496,308145
525.520041011202,306868
525.604542086324,295228
525.689043090106,329629
525.773544022794,334223
525.858044884634,329434
525.942545675869,322017
526.027046396746,301790
526.11154704751,290573
526.196047628405,284797
526.280548139677,300737
526.36504858157,303458
526.449548954331,290800
526.534049258204,286228
526.618549493434,300605
526.703049660267,301797
526.787549758947,291383
526.87204978972,299400
526.956549752831,302285
527.041049648525,293619
527.125549477046,285934
527.210049238641,372247
527.294548933555,405921
527.379048562032,358859
527.463548124317,323362
527.548047620657,309324
527.632547051295,299761
527.717046416477,291787
527.801545716449,311602
527.886044951455,316676
527.97054412174,348374
528.05504322755,348673
528.139542269129,317755
528.224041246724,310276
528.308540160578,317554
528.393039010938,312006
528.477537798047,295933
528.562036522152,300680
528.646535183498,317000
528.731033782329,326886
528.815532318891,315985
528.900030793429,299428
528.984529206188,289165
529.069027557414,282932
529.15352584735,278483
529.238024076243,274971
529.322522244338,272707
529.407020351879,273068
529.491518399112,275383
529.576016386283,276642
529.660514313635,275249
529.745012181415,273556
529.829509989866,272251
529.914007739236,271484
529.998505429768,288084
530.083003061708,294253
530.167500635301,285881
530.251998150792,280536
530.336495608426,280901
530.420993008449,296074
530.505490351105,314876
530.589987636639,325586
530.674484865298,331207
530.758982037325,317698
530.843479152966,298053
530.927976212466,287199
531.012473216071,283508
531.096970164025,532494
531.181467056574,615775
531.265963893962,482830
531.350460676435,392447
531.434957404238,342357
531.519454077616,314386
531.603950696814,308331
531.688447262078,305496
531.772943773652,295838
531.857440231782,286947
531.941936636713,280687
532.026432988689,293455
532.110929287956,297875
532.19542553476,305164
532.279921729345,303612
532.364417871956,290874
532.448913962839,282688
532.533410002239,279810
532.6179059904,278639
532.702401927568,275891
532.786897813989,275102
532.871393649906,309507
532.955889435567,336373
533.040385171214,323808
533.124880857094,448970
533.209376493452,476352
533.293872080533,392223
533.378367618582,341985
533.462863107844,427799
533.547358548564,442904
533.631853940988,387867
533.71634928536,352677
533.800844581926,374852
533.885339830931,369501
533.96983503262,330961
534.054330187238,306565
534.13882529503,306557
534.223320356242,302986
534.307815371118,289939
534.392310339903,281103
534.476805262844,276414
534.561300140184,274021
534.64579497217,306960
534.730289759045,315258
534.814784501056,313015
534.899279198448,309248
534.983773851465,294450
535.068268460352,301778
535.152763025356,350561
535.23725754672,445352
535.321752024691,444391
535.406246459513,377491
535.490740851431,332314
535.575235200691,305826
535.659729507538,291670
535.744223772216,1825727
535.828717994971,2258813
535.913212176048,1429655
535.997706315693,934229
536.08220041415,700396
536.166694471664,552989
536.251188488481,435501
536.335682464845,366687
536.420176401003,328506
536.504670297198,305232
536.589164153677,289999
536.673657970684,282177
536.758151748464,283642
536.842645487263,282168
536.927139187325,277813
537.011632848896,292533
537.096126472221,298538
537.180620057546,310454
537.265113605114,325074
537.349607115172,313979
537.434100587964,301615
537.518594023736,292688
537.603087422733,284909
537.687580785199,282287
537.772074111381,296360
537.856567401522,353378
537.941060655869,417668
538.025553874667,404425
538.11004705816,366328
538.194540206593,354595
538.279033320213,358570
538.363526399263,374838
538.44801944399,400265
538.532512454637,427908
538.617005431451,466070
538.701498374677,483213
538.785991284559,479036
538.870484161343,468115
538.954977005273,468165
539.039469816596,451416
539.123962595556,421088
539.208455342398,429525
539.292948057368,436245
539.37744074071,408815
539.46193339267,398176
539.546426013493,400235
539.630918603424,415338
539.715411162708,404491
539.79990369159,389180
539.884396190315,374031
539.968888659129,481263
540.053381098277,530478
540.137873508003,456965
540.222365888553,391269
540.306858240173,352197
540.391350563106,326002
540.475842857599,342651
540.560335123896,340772
540.644827362243,332349
540.729319572884,338977
540.813811756066,324801
540.898303912032,303054
540.982796041028,289907
541.0672881433,281989
541.151780219092,279222
541.23627226865,276355
541.320764292218,273361
541.405256290042,274285
541.489748262367,287089
541.574240209438,313224
541.6587321315,312729
541.743224028798,313474
541.827715901578,307592
541.912207750085,290827
541.996699574563,284711
542.081191375258,282489
542.165683152415,297292
542.250174906279,299469
542.334666637096,287202
542.41915834511,280294
542.503650030566,384015
542.58814169371,428057
542.672633334787,409092
542.757124954042,377067
542.841616551719,334774
542.926108128065,325774
543.010599683325,316412
543.095091217743,301351
543.179582731564,426040
543.264074225034,456198
543.348565698398,378914
543.433057151901,334026
543.517548585789,307882
543.602040000305,325876
543.686531395696,344543
543.771022772206,327682
543.855514130081,323846
543.940005469566,332098
544.024496790906,318572
544.108988094346,333043
544.193479380131,344792
544.277970648506,323913
544.362461899717,302988
544.446953134009,308930
544.531444351626,306672
544.615935552814,306920
544.700426737818,309831
544.784917906884,299289
544.869409060255,306245
544.953900198178,306715
545.038391320898,294088
545.122882428659,286217
545.207373521708,281026
545.291864600288,277623
545.376355664645,275538
545.460846715024,434133
545.545337751671,480609
545.62982877483,397705
545.714319784747,363519
545.798810781666,357052
545.883301765834,335610
545.967792737495,326619
546.052283696893,319234
546.136774644275,319622
546.221265579886,312586
546.30575650397,297961
546.390247416772,289026
546.474738318539,282117
546.559229209514,281200
546.643720089944,279657
546.728210960073,276358
546.812701820146,287613
546.897192670409,313816
546.981683511106,314703
547.066174342483,299161
547.150665164785,298418
547.235155978257,311931
547.319646783145,307940
547.404137579692,297210
547.488628368145,290169
547.573119148749,283740
547.657609921748,281535
547.742100687388,295885
547.826591445914,297876
547.911082197572,290657
547.995572942605,287782
548.08006368126,283081
548.164554413782,280221
548.249045140415,278917
548.333535861404,279467
548.418026576996,363105
548.502517287435,384188
548.587007992966,340250
548.671498693834,313366
548.755989390285,328124
548.840480082563,345007
548.924970770915,327312
549.009461455584,306765
549.093952136815,310464
549.178442814856,306060
549.262933489949,292171
549.347424162341,322098
549.431914832276,328565
549.5164055,306926
549.600896165758,303309
549.685386829794,298679
549.769877492355,289327
549.854368153685,285627
549.938858814029,372573
550.023349473633,411722
550.107840132742,386506
550.1923307916,352411
550.276821450453,318562
550.361312109546,300755
550.445802769124,309281
550.530293429432,308723
550.614784090716,295192
550.69927475322,287374
550.78376541719,282162
550.868256082871,278120
550.952746750508,278784
551.037237420346,294094
551.12172809263,298959
551.206218767606,290670
551.290709445518,285489
551.375200126611,281107
551.459690811131,297659
551.544181499323,302545
551.628672191433,293338
551.713162887704,286245
551.797653588383,280338
551.882144293714,277278
551.966635003943,276776
552.051125719314,295369
552.135616440073,329488
552.220107166465,326276
552.304597898735,317308
552.389088637129,309768
552.473579381891,399844
552.558070133266,420934
552.6425608915,362480
552.727051656838,328007
552.811542429524,431388
552.896033209805,451805
552.980523997925,395986
553.065014794129,356974
553.149505598662,323133
553.23399641177,304786
553.318487233698,310283
553.402978064691,374423
553.487468904993,435421
553.571959754851,408228
553.656450614509,352136
553.740941484213,317983
553.825432364206,331711
553.909923254736,331704
553.994414156046,340618
554.078905068382,334843
554.16339599199,308924
554.247886927113,295670
554.332377873998,400204
554.416868832889,426493
554.501359804032,363441
554.585850787671,327208
554.670341784053,305697
554.754832793421,292609
554.839323816021,285171
554.923814852099,279735
555.008305901899,277806
555.092796965667,312861
555.177288043647,321508
555.261779136085,430025
555.346270243226,455862
555.430761365315,399798
555.515252502597,375840
555.599743655318,349939
555.684234823722,322979
555.768726008055,324110
555.853217208561,334898
555.937708425486,321025
556.022199659075,419823
556.106690909574,442838
556.191182177226,391508
556.275673462278,353937
556.360164764975,336423
556.444656085561,345155
556.529147424282,331710
556.613638781383,311958
556.698130157109,301325
556.782621551706,309379
556.867112965417,308483
556.951604398489,322859
557.036095851167,356490
557.120587323695,345578
557.20507881632,314881
557.289570329285,297185
557.374061862836,304507
557.458553417219,308909
557.543044992678,312593
557.627536589459,309612
557.712028207806,315878
557.796519847966,311915
557.881011510182,329288
557.9655031947,347925
558.049994901765,331149
558.134486631623,308652
558.218978384519,294327
558.303470160697,301818
558.387961960402,300957
558.472453783881,300808
558.556945631378,305380
558.641437503137,441722
558.725929399405,519835
558.810421320427,452093
558.894913266447,377761
558.97940523771,336586
559.063897234463,328077
559.14838925695,334899
559.232881305415,322639
559.317373380105,302529
559.401865481264,309794
559.486357609138,308918
559.570849763971,294084
559.65534194601,288913
559.739834155498,305525
559.824326392681,307701
559.908818657804,311994
559.993310951113,307880
560.077803272852,293851
560.162295623266,286990
560.246788002602,281562
560.331280411103,296288
560.415772849015,316365
560.500265316583,329668
560.584757814052,353187
560.669250341668,343500
560.753742899676,313443
560.83823548832,313262
560.922728107845,308818
561.007220758498,293820
561.091713440523,286559
561.176206154165,281684
561.260698899669,281279
561.345191677281,279720
561.429684487245,277072
561.514177329807,276886
561.598670205212,277777
561.683163113705,283370
561.767656055531,284159
561.852149030935,297244
561.936642040163,317555
562.021135083459,311559
562.105628161069,296737
562.190121273237,306115
562.27461442021,305881
562.359107602232,349357
562.443600819547,356273
562.528094072403,337753
562.612587361042,366021
562.697080685712,374627
562.781574046656,360730
562.866067444119,428141
562.950560878348,429618
563.035054349587,365994
563.119547858082,345862
563.204041404076,331030
563.288534987816,315191
563.373028609547,302213
563.457522269514,292058
563.542015967961,286817
563.626509705135,298553
563.71100348128,317469
563.795497296641,311650
563.879991151464,295456
563.964485045993,286356
564.048978980475,281547
564.133472955153,284151
564.217966970273,283503
564.30246102608,298174
564.386955122819,317594
564.471449260736,327432
564.555943440075,316862
564.640437661083,298753
564.724931924002,651185
564.80942622908,765307
564.893920576561,571912
564.97841496669,462924
565.062909399713,397452
565.147403875874,399821
565.231898395419,384441
565.316392958592,339187
565.400887565639,311358
565.485382216806,296441
565.569876912336,287726
565.654371652476,281526
565.73886643747,291840
565.823361267564,296616
565.907856143003,388415
565.992351064031,412504
566.076846030894,358653
566.161341043838,324174
566.245836103106,302638
566.330331208945,291625
566.4148263616,286085
566.499321561315,298395
566.583816808336,299359
566.668312102908,306261
566.752807445276,304135
566.837302835685,298491
566.92179827438,302915
567.006293761607,298708
567.090789297611,288724
567.175284882636,307768
567.259780516928,312951
567.344276200732,296990
567.428771934293,287672
567.513267717856,298407
567.597763551667,299344
567.68225943597,288606
567.766755371011,384166
567.851251357034,410500
567.935747394286,354070
568.020243483011,353593
568.104739623454,343261
568.18923581586,426549
568.273732060474,441762
568.358228357543,370488
568.442724707309,329040
568.52722111002,305489
568.61171756592,291251
568.696214075254,286042
568.780710638267,282301
568.865207255205,278553
568.949703926312,280286
569.034200651834,297365
569.118697432015,299039
569.203194267102,288650
569.287691157338,299171
569.37218810297,327190
569.456685104242,374158
569.5411821614,372126
569.625679274688,337081
569.710176444352,331625
569.794673670637,321138
569.879170953788,301001
569.96366829405,305854
570.048165691668,339274
570.132663146887,336261
570.217160659954,345458
570.301658231112,341661
570.386155860606,316575
570.470653548683,301722
570.555151295587,291657
570.639649101562,284701
570.724146966856,280146
570.808644891712,295089
570.893142876375,319056
570.977640921091,319632
571.062139026105,316645
571.146637191662,400752
571.231135418007,412861
571.315633705386,354326
571.400132054043,336711
571.484630464223,340357
571.569128936172,325626
571.653627470135,303925
571.738126066357,327968
571.822624725083,349743
571.907123446559,330986
571.991622231028,343039
572.076121078737,369433
572.160619989931,355550
572.245118964855,341597
572.329618003753,327984
572.414117106872,330894
572.498616274455,355429
572.583115506749,343678
572.667614803999,313366
572.752114166448,296664
572.836613594344,290857
572.921113087931,288654
573.005612647453,283355
573.090112273157,279497
573.174611965286,296115
573.259111724088,331305
573.343611549805,366605
573.428111442685,482093
573.512611402971,501014
573.597111430909,634567
573.681611526744,650881
573.766111690721,552313
573.850611923086,467056
573.935112224083,385308
574.019612593957,338203
574.104113032955,314176
574.18861354132,316909
574.273114119298,312593
574.357614767134,313897
574.442115485074,307593
574.526616273362,530518
574.611117132243,589990
574.695618061963,540354
574.780119062767,500836
574.8646201349,419619
574.949121278607,377206
575.033622494133,360279
575.118123781723,351481
575.202625141623,331197
575.287126574078,307310
575.371628079332,295951
575.456129657631,291238
575.54063130922,289291
575.625133034344,304254
575.709634833249,334357
575.794136706179,330335
575.878638653379,308237
575.963140675095,293948
576.047642771572,284545
576.132144943055,282290
576.216647189789,302999
576.301149512019,307136
576.38565190999,293957
576.470154383948,284386
576.554656934138,280984
576.639159560804,300825
576.723662264192,306860
576.808165044547,448450
576.892667902114,498457
576.977170837139,414552
577.061673849866,353743
577.146176940541,319733
577.230680109408,301549
577.315183356713,293454
577.399686682701,303184
577.484190087617,418481
577.568693571706,439004
577.653197135214,370035
577.737700778385,348142
577.822204501465,330994
577.906708304698,307127
577.991212188331,459349
578.075716152607,498155
578.160220197773,423892
578.244724324073,375051
578.329228531752,369034
578.413732821056,373309
578.49823719223,344107
578.582741645518,314024
578.667246181166,312763
578.75175079942,309342
578.836255500524,313231
578.920760284723,348051
579.005265152262,345838
579.089770103388,318940
579.174275138344,301563
579.258780257375,289014
579.343285460728,283274
579.427790748647,281330
579.512296121378,278422
579.596801579165,275125
579.681307122253,278377
579.765812750888,279395
579.850318465315,275860
579.934824265779,274759
580.019330152525,274489
580.103836125799,365681
580.188342185844,392243
580.272848332908,359890
580.357354567233,335521
580.441860889067,309780
580.526367298654,295150
580.610873796238,320824
580.695380382066,324844
580.779887056382,304278
580.864393819432,318867
580.94890067146,321557
581.033407612712,303396
581.117914643433,292179
581.202421763867,288025
581.286928974261,286869
581.371436274859,299761
581.455943665907,302085
581.540451147649,307720
581.62495872033,305171
581.709466384197,292083
581.793974139493,284722
581.878481986465,313837
581.962989925357,321262
582.047497956414,336272
582.132006079881,352903
582.216514296004,333278
582.301022605028,309665
582.385531007198,343378
582.470039502758,349406
582.554548091955,321663
582.639056775033,304614
582.723565552238,291803
582.808074423814,285788
582.892583390007,282634
582.977092451061,314578
583.061601607223,323195
583.146110858736,312188
583.230620205847,311956
583.3151296488,302334
583.399639187841,306558
583.484148823214,304013
583.568658555165,292470
583.653168383939,285622
583.73767830978,313081
583.822188332935,321375
583.906698453649,318459
583.991208672165,310187
584.075718988731,295087
584.16022940359,302869
584.244739916987,302183
584.329250529169,290261
584.41376124038,282932
584.498272050865,280760
584.58278296087,281116
584.667293970638,325148
584.751805080417,368613
584.83631629045,354957
584.920827600983,322876
585.005339012262,303899
585.08985052453,309021
585.174362138034,321668
585.258873853018,328407
585.343385669727,317221
585.427897588408,298251
585.512409609304,286048
585.596921732661,279526
585.681433958724,287782
585.765946287739,290044
585.85045871995,301633
585.934971255602,321758
586.019483894941,351202
586.103996638212,359457
586.18850948566,333383
586.27302243753,311339
586.357535494067,297638
586.442048655516,405188
586.526561922122,532048
586.611075294132,494290
586.695588771789,403037
586.780102355339,352543
586.864616045027,338966
586.949129841097,322456
587.033643743797,300511
587.118157753369,288829
587.20267187006,282127
587.287186094115,278929
587.371700425779,277388
587.456214865296,275050
587.540729412912,273683
587.625244068873,273268
587.709758833423,289590
587.794273706808,295000
587.878788689272,288700
587.963303781061,283684
588.047818982419,280759
588.132334293593,293549
588.216849714827,315718
588.301365246366,312768
588.385880888455,297959
588.47039664134,288028
588.554912505266,281762
588.639428480477,296425
588.72394456722,325291
588.808460765738,357816
588.892977076278,348404
588.977493499084,318359
589.062010034401,299318
589.146526682475,288644
589.231043443551,282853
589.315560317874,279237
589.400077305689,277523
589.48459440724,276591
589.569111622774,291337
589.653628952536,320973
589.73814639677,320566
589.822663955722,302241
589.907181629636,746915
589.991699418759,902827
590.076217323334,700637
590.160735343608,544909
590.245253479825,429128
590.329771732231,361894
590.41429010107,482593
590.498808586588,505255
590.58332718903,410228
590.667845908641,369152
590.752364745666,339437
590.83688370035,312054
590.921402772939,312471
591.005921963678,342172
591.090441272811,337155
591.174960700584,327107
591.259480247241,331731
591.343999913029,334287
591.428519698192,320880
591.513039602976,302131
591.597559627625,292433
591.682079772385,286216
591.7666000375,280377
591.851120423216,278658
591.935640929779,277632
592.020161557432,285914
592.104682306422,287477
592.189203176993,280633
592.273724169391,276343
592.35824528386,274157
592.442766520647,274104
592.527287879995,293657
592.611809362151,299854
592.696330967358,425490
592.780852695863,456567
592.865374547911,380124
592.949896523746,335081
593.034418623614,310110
593.11894084776,475476
593.203463196429,515840
593.287985669866,415829
593.372508268317,357300
593.457030992026,324311
593.541553841238,304900
593.626076816199,297064
593.710599917154,290400
593.795123144348,283918
593.879646498027,279852
593.964169978434,311595
594.048693585816,321988
594.133217320417,302197
594.217741182483,306448
594.302265172259,304039
594.38678928999,308252
594.47131353592,305927
594.555837910296,309575
594.640362413363,305771
594.724887045364,395591
594.809411806547,417076
594.893936697155,356809
594.978461717434,355069
595.062986867629,343665
595.147512147985,316267
595.232037558747,334649
595.316563100161,367438
595.401088772471,362471
595.485614575923,334236
595.570140510762,310569
595.654666577233,296448
595.73919277558,304540
595.82371910605,311209
595.908245568888,303212
595.992772164338,325541
596.077298892645,365531
596.161825754055,353302
596.246352748813,320183
596.330879877164,303963
596.415407139353,366602
596.499934535626,381019
596.584462066227,344851
596.668989731401,338310
596.753517531394,343541
596.838045466451,345527
596.922573536817,328966
597.007101742737,308479
597.091630084456,449604
597.17615856222,561230
597.260687176273,503507
597.345215926861,430400
597.429744814228,411347
597.51427383862,377193
597.598803000283,334309
597.68333229946,344027
597.767861736398,338347
597.852391311341,344297
597.936921024535,338874
598.021450876224,328566
598.105980866655,334508
598.190510996071,320885
598.275041264718,318439
598.359571672842,328044
598.444102220687,338828
598.528632908498,327141
598.613163736522,321660
598.697694705001,352126
598.782225814183,360038
598.866757064312,350383
598.951288455633,330179
599.035819988391,323430
599.120351662832,333279
599.2048834792,321596
599.289415437741,300558
599.3739475387,291314
599.458479782322,306710
599.543012168852,324486
599.627544698535,331580
599.712077371617,318234
599.796610188342,300289
599.881143148956,309319
599.965676253703,325569
600.05020950283,318702
600.13474289658,301322
600.2192764352,290762
600.303810118934,302087
600.388343948028,302906
600.472877922726,291066
600.557412043273,301615
600.641946309916,301194
600.726480722899,291069
600.811015282466,285948
600.895549988864,281473
600.980084842338,278012
601.064619843132,289904
601.149154991491,294502
601.233690287662,306615
601.318225731888,307382
601.402761324415,294280
601.487297065489,302777
601.571832955354,305261
601.656368994255,312159
601.740905182438,308713
601.825441520148,294358
601.90997800763,306975
601.994514645128,324540
602.079051432889,329391
602.163588371157,318865
602.248125460177,316821
602.332662700195,311795
602.417200091456,316419
602.501737634204,311489
602.586275328686,296442
602.670813175145,287432
602.755351173828,331767
602.839889324979,343197
602.924427628843,330919
603.008966085667,333277
603.093504695693,319496
603.178043459169,300460
603.262582376339,309924
603.347121447448,322078
603.431660672741,317742
603.516200052464,303805
603.600739586861,291038
603.685279276178,285161
603.769819120659,286606
603.854359120551,284403
603.938899276098,302639
604.023439587545,324678
604.107980055137,317329
604.19252067912,315725
604.277061459738,308999
604.361602397237,293734
604.446143491862,284445
604.530684743859,363815
604.615226153471,442172
604.699767720944,428141
604.784309446525,377145
604.868851330456,350762
604.953393372984,365637
605.037935574354,383577
605.122477934812,359205
605.207020454601,437531
605.291563133967,448407
605.376105973156,381723
605.460648972412,341171
605.545192131981,312462
605.629735452108,295787
605.714278933038,286684
605.798822575015,318316
605.883366378286,326989
605.967910343095,305374
606.052454469688,291272
606.136998758309,286002
606.221543209204,301767
606.306087822618,304574
606.390632598795,292442
606.475177537982,301493
606.559722640423,319165
606.644267906364,327676
606.728813336049,332594
606.813358929724,319523
606.897904687633,300345
606.982450610022,288898
607.066996697137,281878
607.151542949221,294662
607.236089366521,314357
607.320635949282,307817
607.405182697748,292386
607.489729612165,305821
607.574276692777,307570
607.658823939831,292798
607.74337135357,301455
607.827918934241,317578
607.912466682089,309174
607.997014597358,292958
608.081562680293,338714
608.16611093114,348436
608.250659350145,334237
608.335207937551,334789
608.419756693605,330499
608.504305618551,313486
608.588854712634,313376
608.6734039761,308615
608.757953409194,347289
608.84250301216,374552
608.927052785245,347507
609.011602728693,320836
609.096152842749,304354
609.180703127658,291545
609.265253583666,283065
609.349804211018,280841
609.434355009958,295788
609.518905980733,297122
609.603457123586,322185
609.688008438764,492697
609.772559926511,515936
609.857111587073,413201
609.941663420694,352370
610.02621542762,317513
610.110767608096,318789
610.195319962366,313245
610.279872490677,294992
610.364425193274,284773
610.4489780704,280167
610.533531122303,278589
610.618084349226,282269
610.702637751414,299975
610.787191329114,317540
610.87174508257,309807
610.956299012027,327290
611.04085311773,327234
611.125407399925,304911
611.209961858857,291044
611.29451649477,406473
611.37907130791,476854
611.463626298523,419407
611.548181466852,373775
611.632736813144,377064
611.717292337643,361040
611.801848040595,327599
611.886403922244,306966
611.970959982837,311439
612.055516222617,320812
612.14007264183,330307
612.224629240722,338058
612.309186019537,329313
612.39374297852,384300
612.478300117917,396386
612.562857437973,437517
612.647414938933,447120
612.731972621042,385397
612.816530484545,336901
612.901088529688,398398
612.985646756714,406997
613.070205165871,367107
613.154763757402,338625
613.239322531553,312485
613.323881488569,314362
613.408440628695,308594
613.492999952176,293676
613.577559459258,303089
613.662119150185,319354
613.746679025203,310480
613.831239084557,295106
613.915799328492,304108
614.000359757252,304370
614.084920371084,293176
614.169481170232,287799
614.254042154942,288271
614.338603325458,285934
614.423164682026,300767
614.507726224891,319999
614.592287954298,311740
614.676849870492,389382
614.761411973718,405877
614.845974264222,349579
614.930536742248,319329
615.015099408042,320892
615.099662261849,315439
615.184225303914,299524
615.268788534481,307456
615.353351953797,305797
615.437915562106,327330
615.522479359654,332566
615.607043346685,310050
615.691607523446,380795
615.776171890179,395719
615.860736447132,345455
615.94530119455,316415
616.029866132676,315303
616.114431261757,311633
616.198996582037,315961
616.283562093762,326138
616.368127797177,333226
616.452693692527,321573
616.537259780057,301025
616.621826060012,308059
616.706392532638,325976
616.790959198179,317796
616.87552605688,299796
616.960093108988,403261
617.044660354746,430402
617.1292277944,412436
617.213795428195,431506
617.298363256377,398662
617.38293127919,347519
617.46749949688,316843
617.552067909691,297669
617.63663651787,286217
617.72120532166,2427345
617.805774321307,3062074
617.890343517057,1913666
617.974912909154,1213942
618.059482497843,811276
618.14405228337,582987
618.22862226598,451676
618.313192445918,374378
618.397762823429,405711
618.482333398757,421419
618.56690417215,374118
618.65147514385,350847
618.736046314105,332469
618.820617683158,310377
618.905189251254,299410
618.98976101864,294714
619.07433298556,288437
619.158905152259,308328
619.243477518983,425705
619.328050085976,440902
619.412622853484,389045
619.497195821751,370834
619.581768991023,382806
619.666342361546,364540
619.750915933564,326733
619.835489707321,305087
619.920063683065,328315
620.004637861039,345511
620.089212241489,325085
620.173786824659,302108
620.258361610796,296334
620.342936600144,291694
620.427511792947,286292
620.512087189453,315857
620.596662789905,463002
620.681238594548,533279
620.765814603629,463048
620.850390817391,385623
620.93496723608,355781
621.019543859942,369165
621.104120689221,356259
621.188697724162,334086
621.273274965011,316488
621.357852412012,297117
621.442430065412,293609
621.527007925454,288898
621.611585992385,297514
621.696164266449,304063
621.780742747892,294888
621.865321436958,284759
621.949900333892,281696
622.03447943894,295974
622.119058752348,299117
622.203638274359,288844
622.28821800522,302084
622.372797945175,305688
622.457378094469,296293
622.541958453348,288429
622.626539022057,290370
622.711119800841,291272
622.795700789945,286354
622.880281989613,349249
622.964863400093,364194
623.049445021627,326177
623.134026854462,305707
623.218608898843,296301
623.303191155015,308708
623.387773623222,312537
623.472356303711,319071
623.556939196726,330376
623.641522302512,318704
623.726105621315,299775
623.810689153379,305517
623.89527289895,303345
623.979856858273,308435
624.064441031593,335833
624.149025419156,348809
624.233610021205,362674
624.318194837987,363998
624.402779869747,354208
624.487365116729,363582
624.571950579179,363927
624.656536257342,336489
624.741122151463,308789
624.825708261788,307418
624.91029458856,338827
624.994881132027,335297
625.079467892432,324024
625.16405487002,313585
625.248642065038,298502
625.33322947773,466622
625.41781710834,527246
625.502404957115,1113908
625.5869930243,1258558
625.671581310139,860316
625.756169814878,2613104
625.840758538762,3034989
625.925347482035,1876001
626.009936644944,1243937
626.094526027733,865381
626.179115630648,611923
626.263705453933,470726
626.348295497833,405453
626.432885762595,360399
626.517476248462,323711
626.60206695568,375817
626.686657884495,384668
626.771249035151,338531
626.855840407893,345346
626.940432002967,338237
627.025023820618,338365
627.10961586109,411788
627.19420812463,410416
627.278800611482,407978
627.363393321891,403029
627.447986256102,538500
627.532579414361,553751
627.617172796912,439009
627.701766404002,369860
627.786360235874,329401
627.870954292774,324560
627.955548574948,315430
628.04014308264,372034
628.124737816095,383484
628.209332775559,354723
628.293927961276,332380
628.378523373493,307313
628.463119012454,291348
628.547714878403,285538
628.632310971587,303246
628.716907292251,321825
628.801503840639,329908
628.886100616996,317713
628.970697621569,299504
629.055294854601,290578
629.139892316339,303174
629.224490007026,319666
629.309087926909,313604
629.393686076233,314234
629.478284455242,307851
629.562883064182,293026
629.647481903298,285436
629.732080972835,281810
629.816680273037,293078
629.901279804152,293992
629.985879566422,301830
630.070479560095,320386
630.155079785414,327733
630.239680242624,313968
630.324280931972,296535
630.408881853702,329004
630.493483008059,345766
630.578084395288,322766
630.662686015635,301965
630.747287869345,319443
630.831889956662,323064
630.916492277832,303896
631.001094833101,291263
631.085697622712,285403
631.170300646912,300965
631.254903905945,304273
631.339507400056,327088
631.424111129492,341922
631.508715094496,360326
631.593319295314,408159
631.677923732192,406601
631.762528405373,376570
631.847133315104,356732
631.93173846163,330278
632.016343845195,321751
632.100949466045,312018
632.185555324425,294682
632.270161420579,285102
632.354767754754,283092
632.439374327195,294674
632.523981138146,295189
632.608588187852,284803
632.693195476559,288121
632.777803004512,288448
632.862410771956,288044
632.947018779136,289757
633.031627026297,291141
633.116235513685,305874
633.200844241544,339620
633.28545321012,336448
633.370062419658,309515
633.454671870403,294802
633.539281562599,286443
633.623891496493,281453
633.708501672329,279745
633.793112090353,294342
633.877722750809,296224
633.962333653943,286888
634.0469448,281416
634.131556189225,278140
634.216167821863,292235
634.300779698159,295290
634.385391818359,285400
634.470004182707,281641
634.554616791449,278516
634.639229644829,292339
634.723842743094,381093
634.808456086488,412419
634.893069675256,365349
634.977683509643,342568
635.062297589895,343746
635.146911916256,342967
635.231526488972,324396
635.316141308288,1578608
635.400756374449,1923628
635.4853716877,1264631
635.569987248286,880245
635.654603056453,632060
635.739219112446,482882
635.823835416509,400434
635.908451968888,382741
635.993068769827,465070
636.077685819573,458508
636.16230311837,494529
636.246920666464,479149
636.331538464099,1014216
636.41615651152,1137638
636.500774808974,774825
636.585393356704,559486
636.670012154956,561379
636.754631203976,545492
636.839250504007,444626
636.923870055296,372338
637.008489858088,343122
637.093109912628,325396
637.17773021916,305506
637.26235077793,292087
637.346971589183,333522
637.431592653165,362858
637.51621397012,341546
637.600835540293,325814
637.68545736393,325946
637.770079441276,329272
637.854701772576,316143
637.939324358074,298024
638.023947198017,288793
