0,464.9839,86342,863.42
1,465.068515076491,86225,862.25
2,465.153129906126,86176,861.76
3,465.237744489151,86104,861.04
4,465.322358825812,85940,859.4
5,465.406972916352,85718,857.18
6,465.491586761018,85664,856.64
7,465.576200360054,85531,855.31
8,465.660813713705,85405,854.05
9,465.745426822218,85627,856.27
10,465.830039685836,86025,860.25
11,465.914652304805,86102,861.02
12,465.99926467937,86052,860.52
13,466.083876809776,86186,861.86
14,466.168488696269,86077,860.77
15,466.253100339093,199923,1999.23
16,466.337711738494,232375,2323.75
17,466.422322894716,171955,1719.55
18,466.506933808006,136277,1362.77
19,466.591544478607,115782,1157.82
20,466.676154906766,103726,1037.26
21,466.760765092726,96660,966.6
22,466.845375036735,95732,957.32
23,466.929984739036,94873,948.73
24,467.014594199874,92418,924.18
25,467.099203419495,91241,912.41
26,467.183812398145,90080,900.8
27,467.268421136067,89093,890.93
28,467.353029633508,113159,1131.59
29,467.437637890711,121614,1216.14
30,467.522245907924,112086,1120.86
31,467.60685368539,104389,1043.89
32,467.691461223355,97496,974.96
33,467.776068522063,93825,938.25
34,467.860675581761,91646,916.46
35,467.945282402693,93791,937.91
36,468.029888985104,98875,988.75
37,468.11449532924,98088,980.88
38,468.199101435345,96823,968.23
39,468.283707303665,94821,948.21
40,468.368312934445,91618,916.18
41,468.45291832793,92628,926.28
42,468.537523484364,95348,953.48
43,468.622128403994,115050,1150.5
44,468.706733087065,124024,1240.24
45,468.791337533821,112892,1128.92
46,468.875941744507,102129,1021.29
47,468.96054571937,96586,965.86
48,469.045149458653,93481,934.81
49,469.129752962602,91382,913.82
50,469.214356231462,90073,900.73
51,469.298959265479,89408,894.08
52,469.383562064897,89049,890.49
53,469.468164629962,88952,889.52
54,469.552766960919,88883,888.83
55,469.637369058012,91722,917.22
56,469.721970921487,92340,923.4
57,469.80657255159,91356,913.56
58,469.891173948565,93068,930.68
59,469.975775112657,92784,927.84
60,470.060376044111,90759,907.59
61,470.144976743173,89561,895.61
62,470.229577210088,91909,919.09
63,470.314177445101,92615,926.15
64,470.398777448457,94159,941.59
65,470.483377220402,113876,1138.76
66,470.567976761179,119828,1198.28
67,470.652576071035,110092,1100.92
68,470.737175150215,101763,1017.63
69,470.821773998963,95910,959.1
70,470.906372617525,95370,953.7
71,470.990971006146,94202,942.02
72,471.075569165072,120114,1201.14
73,471.160167094546,127104,1271.04
74,471.244764794815,114339,1143.39
75,471.329362266123,105564,1055.64
76,471.413959508717,101491,1014.91
77,471.498556522839,103678,1036.78
78,471.583153308737,103759,1037.59
79,471.667749866655,100822,1008.22
80,471.752346196838,99916,999.16
81,471.836942299532,99811,998.11
82,471.921538174981,102620,1026.2
83,472.00613382343,100612,1006.12
84,472.090729245126,95280,952.8
85,472.175324440312,92330,923.3
86,472.259919409234,93458,934.58
87,472.344514152137,92870,928.7
88,472.429108669267,90541,905.41
89,472.513702960868,90254,902.54
90,472.598297027185,91874,918.74
91,472.682890868465,91824,918.24
92,472.767484484951,90126,901.26
93,472.852077876889,88723,887.23
94,472.936671044524,91287,912.87
95,473.021263988101,92188,921.88
96,473.105856707865,90868,908.68
97,473.190449204062,94945,949.45
98,473.275041476937,107945,1079.45
99,473.359633526735,113386,1133.86
100,473.4442253537,106043,1060.43
101,473.528816958078,100888,1008.88
102,473.613408340115,99981,999.81
103,473.697999500055,97025,970.25
104,473.782590438143,93426,934.26
105,473.867181154625,91568,915.68
106,473.951771649745,93807,938.07
107,474.03636192375,93957,939.57
108,474.120951976883,91778,917.78
109,474.20554180939,90593,905.93
110,474.290131421517,89658,896.58
111,474.374720813508,92392,923.92
112,474.459309985608,92818,928.18
113,474.543898938063,90632,906.32
114,474.628487671118,89552,895.52
115,474.713076185018,89196,891.96
116,474.797664480008,92078,920.78
117,474.882252556332,118754,1187.54
118,474.966840414238,126632,1266.32
119,475.051428053968,141788,1417.88
120,475.13601547577,139849,1398.49
121,475.220602679887,118076,1180.76
122,475.305189666564,105066,1050.66
123,475.389776436048,97875,978.75
124,475.474362988583,93761,937.61
125,475.558949324414,91079,910.79
126,475.643535443787,89847,898.47
127,475.728121346946,89481,894.81
128,475.812707034136,89111,891.11
129,475.897292505604,109122,1091.22
130,475.981877761593,118390,1183.9
131,476.066462802349,111166,1111.66
132,476.151047628118,105537,1055.37
133,476.235632239144,99506,995.06
134,476.320216635672,94370,943.7
135,476.404800817948,94600,946
136,476.489384786216,94190,941.9
137,476.573968540723,95598,955.98
138,476.658552081712,112226,1122.26
139,476.74313540943,114328,1143.28
140,476.827718524121,103906,1039.06
141,476.91230142603,97360,973.6
142,476.996884115403,95957,959.57
143,477.081466592484,94518,945.18
144,477.166048857519,91616,916.16
145,477.250630910753,93114,931.14
146,477.335212752432,93067,930.67
147,477.419794382799,91306,913.06
148,477.504375802101,92968,929.68
149,477.588957010582,93411,934.11
150,477.673538008487,91592,915.92
151,477.758118796063,127486,1274.86
152,477.842699373553,137131,1371.31
153,477.927279741204,116828,1168.28
154,478.011859899259,104448,1044.48
155,478.096439847965,97191,971.91
156,478.181019587566,93739,937.39
157,478.265599118308,92079,920.79
158,478.350178440435,90478,904.78
159,478.434757554193,89756,897.56
160,478.519336459827,99957,999.57
161,478.603915157582,102551,1025.51
162,478.688493647704,96333,963.33
163,478.773071930436,145032,1450.32
164,478.857650006026,157814,1578.14
165,478.942227874716,129588,1295.88
166,479.026805536754,122320,1223.2
167,479.111382992383,116613,1166.13
168,479.19596024185,108643,1086.43
169,479.280537285398,101996,1019.96
170,479.365114123274,96133,961.33
171,479.449690755722,92412,924.12
172,479.534267182988,90073,900.73
173,479.618843405317,89105,891.05
174,479.703419422953,91372,913.72
175,479.787995236142,95341,953.41
176,479.87257084513,94819,948.19
177,479.95714625016,92314,923.14
178,480.041721451479,90929,909.29
179,480.126296449331,90354,903.54
180,480.210871243962,92376,923.76
181,480.295445835617,92779,927.79
182,480.380020224541,93637,936.37
183,480.464594410979,93093,930.93
184,480.549168395175,93800,938
185,480.633742177377,93407,934.07
186,480.718315757827,90992,909.92
187,480.802889136772,89840,898.4
188,480.887462314457,89266,892.66
189,480.972035291127,88528,885.28
190,481.056608067026,91503,915.03
191,481.141180642401,102816,1028.16
192,481.225753017496,103902,1039.02
193,481.310325192556,97084,970.84
194,481.394897167827,95601,956.01
195,481.479468943554,94177,941.77
196,481.564040519981,91807,918.07
197,481.648611897354,90369,903.69
198,481.733183075918,89397,893.97
199,481.817754055918,91401,914.01
200,481.9023248376,91763,917.63
201,481.986895421208,92683,926.83
202,482.071465806988,122619,1226.19
203,482.156035995184,129512,1295.12
204,482.240605986042,115227,1152.27
205,482.325175779807,105486,1054.86
206,482.409745376725,97990,979.9
207,482.494314777039,93635,936.35
208,482.578883980996,91452,914.52
209,482.663452988841,90193,901.93
210,482.748021800818,88845,888.45
211,482.832590417173,88420,884.2
212,482.91715883815,91654,916.54
213,483.001727063996,95226,952.26
214,483.086295094955,94243,942.43
215,483.170862931273,91552,915.52
216,483.255430573193,90583,905.83
217,483.339998020963,93062,930.62
218,483.424565274826,93874,938.74
219,483.509132335028,91657,916.57
220,483.593699201814,89936,899.36
221,483.678265875429,91775,917.75
222,483.762832356118,91881,918.81
223,483.847398644127,89850,898.5
224,483.9319647397,91714,917.14
225,484.016530643083,101652,1016.52
226,484.101096354521,103189,1031.89
227,484.185661874258,97797,977.97
228,484.270227202541,93892,938.92
229,484.354792339614,91422,914.22
230,484.439357285722,90358,903.58
231,484.523922041111,92198,921.98
232,484.608486606025,94992,949.92
233,484.69305098071,94130,941.3
234,484.777615165411,93519,935.19
235,484.862179160373,95287,952.87
236,484.946742965841,94090,940.9
237,485.03130658206,93757,937.57
238,485.115870009276,96022,960.22
239,485.200433247733,94922,949.22
240,485.284996297677,92347,923.47
241,485.369559159353,111798,1117.98
242,485.454121833005,119291,1192.91
243,485.53868431888,107915,1079.15
244,485.623246617222,100747,1007.47
245,485.707808728276,96357,963.57
246,485.792370652288,92651,926.51
247,485.876932389502,93224,932.24
248,485.961493940164,92768,927.68
249,486.046055304519,90694,906.94
250,486.130616482813,90034,900.34
251,486.215177475289,89864,898.64
252,486.299738282193,95195,951.95
253,486.384298903771,96680,966.8
254,486.468859340268,93297,932.97
255,486.553419591928,90883,908.83
256,486.637979658997,90186,901.86
257,486.722539541719,89650,896.5
258,486.807099240341,91528,915.28
259,486.891658755108,91963,919.63
260,486.976218086263,90324,903.24
261,487.060777234053,89473,894.73
262,487.145336198723,88739,887.39
263,487.229894980517,88320,883.2
264,487.314453579682,88796,887.96
265,487.399011996461,88759,887.59
266,487.483570231101,88270,882.7
267,487.568128283845,88080,880.8
268,487.652686154941,87762,877.62
269,487.737243844632,87805,878.05
270,487.821801353163,91967,919.67
271,487.906358680781,93080,930.8
272,487.990915827729,91007,910.07
273,488.075472794253,90109,901.09
274,488.160029580599,93636,936.36
275,488.244586187011,94340,943.4
276,488.329142613735,91916,919.16
277,488.413698861015,96040,960.4
278,488.498254929097,96840,968.4
279,488.582810818225,96444,964.44
280,488.667366528646,96103,961.03
281,488.751922060605,93148,931.48
282,488.836477414345,91305,913.05
283,488.921032590113,90526,905.26
284,489.005587588153,91032,910.32
285,489.090142408711,115467,1154.67
286,489.174697052032,124373,1243.73
287,489.259251518361,113977,1139.77
288,489.343805807943,104891,1048.91
289,489.428359921024,97651,976.51
290,489.512913857847,93314,933.14
291,489.597467618659,91261,912.61
292,489.682021203705,100197,1001.97
293,489.76657461323,102168,1021.68
294,489.851127847479,95868,958.68
295,489.935680906696,93573,935.73
296,490.020233791128,92012,920.12
297,490.104786501019,90300,903
298,490.189339036615,92300,923
299,490.27389139816,92658,926.58
300,490.3584435859,90758,907.58
301,490.44299560008,89366,893.66
302,490.527547440945,88255,882.55
303,490.612099108739,87642,876.42
304,490.69665060371,87515,875.15
305,490.7812019261,87773,877.73
306,490.865753076156,90919,909.19
307,490.950304054123,92089,920.89
308,491.034854860246,90757,907.57
309,491.119405494769,90071,900.71
310,491.203955957939,89613,896.13
311,491.288506249999,89212,892.12
312,491.373056371197,88777,887.77
313,491.457606321775,91671,916.71
314,491.54215610198,93212,932.12
315,491.626705712057,91330,913.3
316,491.711255152251,89582,895.82
317,491.795804422807,88517,885.17
318,491.88035352397,87951,879.51
319,491.964902455985,88121,881.21
320,492.049451219098,91155,911.55
321,492.133999813553,91746,917.46
322,492.218548239596,90089,900.89
323,492.303096497471,91813,918.13
324,492.387644587425,94301,943.01
325,492.472192509702,96008,960.08
326,492.556740264546,101744,1017.44
327,492.641287852205,100960,1009.6
328,492.725835272921,95199,951.99
329,492.810382526942,92633,926.33
330,492.894929614511,99390,993.9
331,492.979476535874,100515,1005.15
332,493.064023291276,95080,950.8
333,493.148569880962,93852,938.52
334,493.233116305178,92715,927.15
335,493.317662564167,90402,904.02
336,493.402208658177,89786,897.86
337,493.486754587451,89297,892.97
338,493.571300352235,88726,887.26
339,493.655845952774,88251,882.51
340,493.740391389313,90921,909.21
341,493.824936662097,91460,914.6
342,493.909481771372,92108,921.08
343,493.994026717382,91743,917.43
344,494.078571500372,89847,898.47
345,494.163116120589,89014,890.14
346,494.247660578276,88702,887.02
347,494.33220487368,112495,1124.95
348,494.416749007044,119634,1196.34
349,494.501292978615,107145,1071.45
350,494.585836788637,99122,991.22
351,494.670380437356,94628,946.28
352,494.754923925017,92394,923.94
353,494.839467251864,93936,939.36
354,494.924010418144,93765,937.65
355,495.0085534241,91386,913.86
356,495.093096269979,102811,1028.11
357,495.177638956025,105708,1057.08
358,495.262181482484,101228,1012.28
359,495.3467238496,99857,998.57
360,495.431266057619,96050,960.5
361,495.515808106786,95489,954.89
362,495.600349997346,94480,944.8
363,495.684891729544,91539,915.39
364,495.769433303626,91046,910.46
365,495.853974719836,90549,905.49
366,495.938515978419,89230,892.3
367,496.023057079622,88434,884.34
368,496.107598023688,88330,883.3
369,496.192138810863,91249,912.49
370,496.276679441392,91956,919.56
371,496.361219915521,91608,916.08
372,496.445760233493,117573,1175.73
373,496.530300395556,123920,1239.2
374,496.614840401953,109044,1090.44
375,496.69938025293,104737,1047.37
376,496.783919948731,100876,1008.76
377,496.868459489603,98074,980.74
378,496.95299887579,95614,956.14
379,497.037538107538,98747,987.47
380,497.12207718509,98251,982.51
381,497.206616108694,96461,964.61
382,497.291154878593,95112,951.12
383,497.375693495033,92645,926.45
384,497.460231958259,90684,906.84
385,497.544770268516,89491,894.91
386,497.629308426049,88907,889.07
387,497.713846431104,88379,883.79
388,497.798384283926,90918,909.18
389,497.882921984759,91693,916.93
390,497.967459533848,90124,901.24
391,498.05199693144,92182,921.82
392,498.136534177779,95947,959.47
393,498.22107127311,95048,950.48
394,498.305608217678,91910,919.1
395,498.390145011729,90069,900.69
396,498.474681655507,89305,893.05
397,498.559218149259,88876,888.76
398,498.643754493228,88941,889.41
399,498.72829068766,88482,884.82
400,498.8128267328,87880,878.8
401,498.897362628894,87802,878.02
402,498.981898376185,87893,878.93
403,499.066433974921,88221,882.21
404,499.150969425345,91273,912.73
405,499.235504727703,104489,1044.89
406,499.32003988224,106113,1061.13
407,499.404574889201,100866,1008.66
408,499.489109748831,97768,977.68
409,499.573644461376,93869,938.69
410,499.65817902708,91279,912.79
411,499.742713446188,90242,902.42
412,499.827247718947,89545,895.45
413,499.9117818456,88878,888.78
414,499.996315826393,88294,882.94
415,500.080849661572,87951,879.51
416,500.165383351381,87966,879.66
417,500.249916896065,88018,880.18
418,500.33445029587,88502,885.02
419,500.41898355104,104127,1041.27
420,500.503516661822,108385,1083.85
421,500.588049628459,99870,998.7
422,500.672582451197,95245,952.45
423,500.757115130282,92326,923.26
424,500.841647665958,90415,904.15
425,500.92618005847,89189,891.89
426,501.010712308064,110170,1101.7
427,501.095244414985,118435,1184.35
428,501.179776379478,110125,1101.25
429,501.264308201788,102677,1026.77
430,501.34883988216,99774,997.74
431,501.433371420839,96913,969.13
432,501.517902818071,92693,926.93
433,501.6024340741,93872,938.72
434,501.686965189172,95662,956.62
435,501.771496163532,93577,935.77
436,501.856026997425,90695,906.95
437,501.940557691096,89008,890.08
438,502.02508824479,88365,883.65
439,502.109618658753,91304,913.04
440,502.194148933229,91900,919
441,502.278679068464,90094,900.94
442,502.363209064702,89483,894.83
443,502.44773892219,88753,887.53
444,502.532268641171,91046,910.46
445,502.616798221892,91915,919.15
446,502.701327664597,90617,906.17
447,502.785856969531,89515,895.15
448,502.87038613694,91363,913.63
449,502.954915167069,94472,944.72
450,503.039444060163,93562,935.62
451,503.123972816466,91237,912.37
452,503.208501436225,93165,931.65
453,503.293029919684,93780,937.8
454,503.377558267088,94755,947.55
455,503.462086478683,97083,970.83
456,503.546614554714,98986,989.86
457,503.631142495425,96964,969.64
458,503.715670301062,93008,930.08
459,503.800197971871,90654,906.54
460,503.884725508095,89323,893.23
461,503.969252909981,91066,910.66
462,504.053780177773,94475,944.75
463,504.138307311717,94069,940.69
464,504.222834312058,94656,946.56
465,504.307361179041,94578,945.78
466,504.39188791291,95334,953.34
467,504.476414513912,95910,959.1
468,504.560940982291,106983,1069.83
469,504.645467318292,108352,1083.52
470,504.729993522161,99605,996.05
471,504.814519594143,97161,971.61
472,504.899045534482,96973,969.73
473,504.983571343424,98393,983.93
474,505.068097021215,99427,994.27
475,505.152622568098,99083,990.83
476,505.23714798432,108049,1080.49
477,505.321673270126,107421,1074.21
478,505.40619842576,99124,991.24
479,505.490723451468,94385,943.85
480,505.575248347494,94073,940.73
481,505.659773114085,93121,931.21
482,505.744297751485,114424,1144.24
483,505.828822259939,122722,1227.22
484,505.913346639693,109949,1099.49
485,505.997870890991,100538,1005.38
486,506.082395014079,94969,949.69
487,506.166919009201,92121,921.21
488,506.251442876604,90531,905.31
489,506.335966616531,92079,920.79
490,506.420490229229,92308,923.08
491,506.505013714942,90979,909.79
492,506.589537073916,90354,903.54
493,506.674060306396,91976,919.76
494,506.758583412626,92707,927.07
495,506.843106392852,91163,911.63
496,506.927629247319,90051,900.51
497,507.012151976272,89151,891.51
498,507.096674579957,91430,914.3
499,507.181197058618,92699,926.99
500,507.2657194125,90920,909.2
501,507.350241641849,113552,1135.52
502,507.43476374691,122696,1226.96
503,507.519285727928,110197,1101.97
504,507.603807585148,100577,1005.77
505,507.688329318816,95438,954.38
506,507.772850929175,95079,950.79
507,507.857372416473,96639,966.39
508,507.941893780953,94768,947.68
509,508.02641502286,92026,920.26
510,508.110936142441,90432,904.32
511,508.195457139939,92129,921.29
512,508.279978015601,92207,922.07
513,508.364498769671,90554,905.54
514,508.449019402395,89425,894.25
515,508.533539914017,88432,884.32
516,508.618060304783,90361,903.61
517,508.702580574937,90828,908.28
518,508.787100724726,89606,896.06
519,508.871620754394,90274,902.74
520,508.956140664186,102757,1027.57
521,509.040660454347,109231,1092.31
522,509.125180125123,115091,1150.91
523,509.209699676758,112088,1120.88
524,509.294219109499,117411,1174.11
525,509.378738423589,115592,1155.92
526,509.463257619274,106824,1068.24
527,509.5477766968,100653,1006.53
528,509.632295656411,94822,948.22
529,509.716814498352,91668,916.68
530,509.801333222869,89900,899
531,509.885851830207,88735,887.35
532,509.97037032061,88519,885.19
533,510.054888694324,88443,884.43
534,510.139406951595,91298,912.98
535,510.223925092667,92090,920.9
536,510.308443117785,90378,903.78
537,510.392961027195,89792,897.92
538,510.477478821141,92388,923.88
539,510.56199649987,95273,952.73
540,510.646514063625,97067,970.67
541,510.731031512652,98328,983.28
542,510.815548847197,96061,960.61
543,510.900066067503,93146,931.46
544,510.984583173818,91113,911.13
545,511.069100166384,92390,923.9
546,511.153617045449,92266,922.66
547,511.238133811256,93326,933.26
548,511.322650464052,92944,929.44
549,511.407167004081,90585,905.85
550,511.491683431587,95287,952.87
551,511.576199746818,96136,961.36
552,511.660715950017,95390,953.9
553,511.745232041429,94445,944.45
554,511.829748021301,92157,921.57
555,511.914263889876,90767,907.67
556,511.9987796474,90464,904.64
557,512.083295294119,90069,900.69
558,512.167810830277,89762,897.62
559,512.252326256119,91223,912.23
560,512.336841571891,93698,936.98
561,512.421356777838,105245,1052.45
562,512.505871874205,106795,1067.95
563,512.590386861236,101995,1019.95
564,512.674901739178,98250,982.5
565,512.759416508275,94307,943.07
566,512.843931168773,91878,918.78
567,512.928445720916,93000,930
568,513.01296016495,95671,956.71
569,513.097474501119,94451,944.51
570,513.18198872967,91798,917.98
571,513.266502850847,90502,905.02
572,513.351016864895,92491,924.91
573,513.435530772059,93019,930.19
574,513.520044572585,91143,911.43
575,513.604558266717,89768,897.68
576,513.689071854701,94760,947.6
577,513.773585336782,97778,977.78
578,513.858098713206,98237,982.37
579,513.942611984216,99175,991.75
580,514.027125150058,101693,1016.93
581,514.111638210978,102766,1027.66
582,514.196151167221,99096,990.96
583,514.280664019031,94608,946.08
584,514.365176766654,92143,921.43
585,514.449689410336,93027,930.27
586,514.53420195032,95787,957.87
587,514.618714386852,94714,947.14
588,514.703226720178,91922,919.22
589,514.787738950542,90403,904.03
590,514.87225107819,89518,895.18
591,514.956763103367,88864,888.64
592,515.041275026318,88637,886.37
593,515.125786847287,95104,951.04
594,515.210298566521,96925,969.25
595,515.294810184265,93486,934.86
596,515.379321700762,91638,916.38
597,515.463833116259,90885,908.85
598,515.548344431001,90159,901.59
599,515.632855645233,92436,924.36
600,515.7173667592,92977,929.77
601,515.801877773147,92618,926.18
602,515.886388687319,94761,947.61
603,515.970899501962,94130,941.3
604,516.05541021732,91856,918.56
605,516.139920833639,90303,903.03
606,516.224431351163,89686,896.86
607,516.308941770138,89648,896.48
608,516.39345209081,89216,892.16
609,516.477962313423,89244,892.44
610,516.562472438222,91718,917.18
611,516.646982465452,95088,950.88
612,516.731492395359,98749,987.49
613,516.816002228188,97849,978.49
614,516.900511964184,94502,945.02
615,516.985021603591,98005,980.05
616,517.069531146656,103641,1036.41
617,517.154040593623,109622,1096.22
618,517.238549944738,106966,1069.66
619,517.323059200245,102048,1020.48
620,517.40756836039,98606,986.06
621,517.492077425417,94908,949.08
622,517.576586395573,92545,925.45
623,517.661095271101,114891,1148.91
624,517.745604052248,120757,1207.57
625,517.830112739258,107512,1075.12
626,517.914621332376,105672,1056.72
627,517.999129831848,103089,1030.89
628,518.083638237919,97798,977.98
629,518.168146550834,94611,946.11
630,518.252654770838,92410,924.1
631,518.337162898176,91136,911.36
632,518.421670933093,90502,905.02
633,518.506178875835,89970,899.7
634,518.590686726646,89758,897.58
635,518.675194485772,90405,904.05
636,518.759702153457,93127,931.27
637,518.844209729948,93827,938.27
638,518.928717215489,92381,923.81
639,519.013224610325,94152,941.52
640,519.097731914701,94864,948.64
641,519.182239128863,93142,931.42
642,519.266746253055,91992,919.92
643,519.351253287523,91368,913.68
644,519.435760232512,90687,906.87
645,519.520267088267,90428,904.28
646,519.604773855033,90352,903.52
647,519.689280533056,90515,905.15
648,519.77378712258,90614,906.14
649,519.85829362385,90167,901.67
650,519.942800037113,93091,930.91
651,520.027306362612,93854,938.54
652,520.111812600593,92247,922.47
653,520.196318751301,91312,913.12
654,520.280824814981,90524,905.24
655,520.365330791879,90205,902.05
656,520.449836682239,90812,908.12
657,520.534342486307,91323,913.23
658,520.618848204327,91325,913.25
659,520.703353836546,93645,936.45
660,520.787859383207,93960,939.6
661,520.872364844557,97848,978.48
662,520.95687022084,114245,1142.45
663,521.041375512301,115538,1155.38
664,521.125880719186,105236,1052.36
665,521.21038584174,99343,993.43
666,521.294890880208,106694,1066.94
667,521.379395834834,107779,1077.79
668,521.463900705865,103541,1035.41
669,521.548405493545,100557,1005.57
670,521.632910198119,96882,968.82
671,521.717414819833,94344,943.44
672,521.801919358931,92836,928.36
673,521.88642381566,92281,922.81
674,521.970928190263,95245,952.45
675,522.055432482986,263547,2635.47
676,522.139936694074,308721,3087.21
677,522.224440823773,220476,2204.76
678,522.308944872327,167749,1677.49
679,522.393448839982,135875,1358.75
680,522.477952726982,120199,1201.99
681,522.562456533574,124297,1242.97
682,522.646960260001,120712,1207.12
683,522.731463906509,112642,1126.42
684,522.815967473344,109474,1094.74
685,522.90047096075,104151,1041.51
686,522.984974368973,98910,989.1
687,523.069477698257,96080,960.8
688,523.153980948848,94827,948.27
689,523.238484120991,93959,939.59
690,523.322987214931,93308,933.08
691,523.407490230914,96165,961.65
692,523.491993169183,100678,1006.78
693,523.576496029985,129459,1294.59
694,523.660998813565,134885,1348.85
695,523.745501520167,141961,1419.61
696,523.830004150038,138813,1388.13
697,523.914506703421,120615,1206.15
698,523.999009180562,109663,1096.63
699,524.083511581707,103095,1030.95
700,524.1680139071,99226,992.26
701,524.252516156987,97112,971.12
702,524.337018331612,96023,960.23
703,524.421520431221,98586,985.86
704,524.506022456059,99421,994.21
705,524.590524406371,97307,973.07
706,524.675026282403,113433,1134.33
707,524.759528084398,118241,1182.41
708,524.844029812603,108975,1089.75
709,524.928531467263,103407,1034.07
710,525.013033048623,114473,1144.73
711,525.097534556927,117322,1173.22
712,525.182035992421,109076,1090.76
713,525.266537355351,103889,1038.89
714,525.351038645961,100750,1007.5
715,525.435539864496,102170,1021.7
716,525.520041011202,102131,1021.31
717,525.604542086324,100359,1003.59
718,525.689043090106,106163,1061.63
719,525.773544022794,106980,1069.8
720,525.858044884634,106305,1063.05
721,525.942545675869,105467,1054.67
722,526.027046396746,102389,1023.89
723,526.11154704751,100450,1004.5
724,526.196047628405,99813,998.13
725,526.280548139677,102527,1025.27
726,526.36504858157,102966,1029.66
727,526.449548954331,100986,1009.86
728,526.534049258204,100380,1003.8
729,526.618549493434,102771,1027.71
730,526.703049660267,103373,1033.73
731,526.787549758947,101944,1019.44
732,526.87204978972,103562,1035.62
733,526.956549752831,104186,1041.86
734,527.041049648525,103004,1030.04
735,527.125549477046,102170,1021.7
736,527.210049238641,116570,1165.7
737,527.294548933555,122405,1224.05
738,527.379048562032,114905,1149.05
739,527.463548124317,109055,1090.55
740,527.548047620657,106936,1069.36
741,527.632547051295,105658,1056.58
742,527.717046416477,104700,1047
743,527.801545716449,109333,1093.33
744,527.886044951455,110566,1105.66
745,527.97054412174,114865,1148.65
746,528.05504322755,114577,1145.77
747,528.139542269129,109929,1099.29
748,528.224041246724,108935,1089.35
749,528.308540160578,110404,1104.04
750,528.393039010938,109458,1094.58
751,528.477537798047,107216,1072.16
752,528.562036522152,108506,1085.06
753,528.646535183498,111207,1112.07
754,528.731033782329,112793,1127.93
755,528.815532318891,111052,1110.52
756,528.900030793429,108804,1088.04
757,528.984529206188,107450,1074.5
758,529.069027557414,106533,1065.33
759,529.15352584735,106225,1062.25
760,529.238024076243,106279,1062.79
761,529.322522244338,106243,1062.43
762,529.407020351879,106510,1065.1
763,529.491518399112,106998,1069.98
764,529.576016386283,107287,1072.87
765,529.660514313635,107426,1074.26
766,529.745012181415,107366,1073.66
767,529.829509989866,107383,1073.83
768,529.914007739236,107558,1075.58
769,529.998505429768,110668,1106.68
770,530.083003061708,111807,1118.07
771,530.167500635301,110517,1105.17
772,530.251998150792,109826,1098.26
773,530.336495608426,110071,1100.71
774,530.420993008449,112946,1129.46
775,530.505490351105,116234,1162.34
776,530.589987636639,118147,1181.47
777,530.674484865298,119519,1195.19
778,530.758982037325,117937,1179.37
779,530.843479152966,114937,1149.37
780,530.927976212466,113236,1132.36
781,531.012473216071,112717,1127.17
782,531.096970164025,152405,1524.05
783,531.181467056574,166031,1660.31
784,531.265963893962,144722,1447.22
785,531.350460676435,130459,1304.59
786,531.434957404238,122715,1227.15
787,531.519454077616,117724,1177.24
788,531.603950696814,116096,1160.96
789,531.688447262078,115332,1153.32
790,531.772943773652,113222,1132.22
791,531.857440231782,111032,1110.32
792,531.941936636713,109154,1091.54
793,532.026432988689,109997,1099.97
794,532.110929287956,108843,1088.43
795,532.19542553476,107971,1079.71
796,532.279921729345,106097,1060.97
797,532.364417871956,102432,1024.32
798,532.448913962839,99552,995.52
799,532.533410002239,97517,975.17
800,532.6179059904,95886,958.86
801,532.702401927568,94489,944.89
802,532.786897813989,93589,935.89
803,532.871393649906,98593,985.93
804,532.955889435567,102238,1022.38
805,533.040385171214,99265,992.65
806,533.124880857094,119499,1194.99
807,533.209376493452,123511,1235.11
808,533.293872080533,109346,1093.46
809,533.378367618582,100879,1008.79
810,533.462863107844,113986,1139.86
811,533.547358548564,115986,1159.86
812,533.631853940988,107165,1071.65
813,533.71634928536,101500,1015
814,533.800844581926,105094,1050.94
815,533.885339830931,104258,1042.58
816,533.96983503262,97939,979.39
817,534.054330187238,93934,939.34
818,534.13882529503,93821,938.21
819,534.223320356242,93322,933.22
820,534.307815371118,91454,914.54
821,534.392310339903,90081,900.81
822,534.476805262844,89491,894.91
823,534.561300140184,89110,891.1
824,534.64579497217,94118,941.18
825,534.730289759045,95419,954.19
826,534.814784501056,95236,952.36
827,534.899279198448,94484,944.84
828,534.983773851465,91928,919.28
829,535.068268460352,93007,930.07
830,535.152763025356,100804,1008.04
831,535.23725754672,116466,1164.66
832,535.321752024691,116422,1164.22
833,535.406246459513,105477,1054.77
834,535.490740851431,98058,980.58
835,535.575235200691,93782,937.82
836,535.659729507538,91549,915.49
837,535.744223772216,408735,4087.35
838,535.828717994971,498562,4985.62
839,535.913212176048,327260,3272.6
840,535.997706315693,225137,2251.37
841,536.08220041415,174709,1747.09
842,536.166694471664,143924,1439.24
843,536.251188488481,120822,1208.22
844,536.335682464845,106915,1069.15
845,536.420176401003,99486,994.86
846,536.504670297198,95181,951.81
847,536.589164153677,92362,923.62
848,536.673657970684,90788,907.88
849,536.758151748464,90616,906.16
850,536.842645487263,90325,903.25
851,536.927139187325,89924,899.24
852,537.011632848896,92275,922.75
853,537.096126472221,93372,933.72
854,537.180620057546,95770,957.7
855,537.265113605114,98328,983.28
856,537.349607115172,96596,965.96
857,537.434100587964,94672,946.72
858,537.518594023736,93322,933.22
859,537.603087422733,92509,925.09
860,537.687580785199,92570,925.7
861,537.772074111381,95325,953.25
862,537.856567401522,105495,1054.95
863,537.941060655869,118405,1184.05
864,538.025553874667,122794,1227.94
865,538.11004705816,132791,1327.91
866,538.194540206593,160210,1602.1
867,538.279033320213,205161,2051.61
868,538.363526399263,261348,2613.48
869,538.44801944399,315579,3155.79
870,538.532512454637,356036,3560.36
871,538.617005431451,381587,3815.87
872,538.701498374677,382656,3826.56
873,538.785991284559,361415,3614.15
874,538.870484161343,327229,3272.29
875,538.954977005273,292985,2929.85
876,539.039469816596,260287,2602.87
877,539.123962595556,232569,2325.69
878,539.208455342398,218529,2185.29
879,539.292948057368,208462,2084.62
880,539.37744074071,196382,1963.82
881,539.46193339267,188310,1883.1
882,539.546426013493,182916,1829.16
883,539.630918603424,180291,1802.91
884,539.715411162708,173436,1734.36
885,539.79990369159,166129,1661.29
886,539.884396190315,158296,1582.96
887,539.968888659129,169583,1695.83
888,540.053381098277,170782,1707.82
889,540.137873508003,151849,1518.49
890,540.222365888553,134055,1340.55
891,540.306858240173,120684,1206.84
892,540.391350563106,110265,1102.65
893,540.475842857599,108338,1083.38
894,540.560335123896,105113,1051.13
895,540.644827362243,101621,1016.21
896,540.729319572884,101390,1013.9
897,540.813811756066,98447,984.47
898,540.898303912032,94344,943.44
899,540.982796041028,92034,920.34
900,541.0672881433,90895,908.95
901,541.151780219092,90343,903.43
902,541.23627226865,89667,896.67
903,541.320764292218,89275,892.75
904,541.405256290042,89580,895.8
905,541.489748262367,91542,915.42
906,541.574240209438,95863,958.63
907,541.6587321315,95487,954.87
908,541.743224028798,95295,952.95
909,541.827715901578,94667,946.67
910,541.912207750085,92416,924.16
911,541.996699574563,91920,919.2
912,542.081191375258,91763,917.63
913,542.165683152415,94350,943.5
914,542.250174906279,94919,949.19
915,542.334666637096,93472,934.72
916,542.41915834511,93161,931.61
917,542.503650030566,111426,1114.26
918,542.58814169371,120082,1200.82
919,542.672633334787,118594,1185.94
920,542.757124954042,115291,1152.91
921,542.841616551719,110860,1108.6
922,542.926108128065,112673,1126.73
923,543.010599683325,115279,1152.79
924,543.095091217743,117753,1177.53
925,543.179582731564,144061,1440.61
926,543.264074225034,155299,1552.99
927,543.348565698398,149662,1496.62
928,543.433057151901,149713,1497.13
929,543.517548585789,152986,1529.86
930,543.602040000305,162952,1629.52
931,543.686531395696,172722,1727.22
932,543.771022772206,176884,1768.84
933,543.855514130081,182534,1825.34
934,543.940005469566,189475,1894.75
935,544.024496790906,191911,1919.11
936,544.108988094346,198687,1986.87
937,544.193479380131,204690,2046.9
938,544.277970648506,204364,2043.64
939,544.362461899717,203733,2037.33
940,544.446953134009,207286,2072.86
941,544.531444351626,208853,2088.53
942,544.615935552814,209806,2098.06
943,544.700426737818,211732,2117.32
944,544.784917906884,212474,2124.74
945,544.869409060255,215516,2155.16
946,544.953900198178,216849,2168.49
947,545.038391320898,216025,2160.25
948,545.122882428659,215717,2157.17
949,545.207373521708,215825,2158.25
950,545.291864600288,216142,2161.42
951,545.376355664645,216574,2165.74
952,545.460846715024,243215,2432.15
953,545.545337751671,251121,2511.21
954,545.62982877483,237832,2378.32
955,545.714319784747,232529,2325.29
956,545.798810781666,231713,2317.13
957,545.883301765834,228492,2284.92
958,545.967792737495,227659,2276.59
959,546.052283696893,226924,2269.24
960,546.136774644275,227289,2272.89
961,546.221265579886,226726,2267.26
962,546.30575650397,225106,2251.06
963,546.390247416772,224538,2245.38
964,546.474738318539,224618,2246.18
965,546.559229209514,225673,2256.73
966,546.643720089944,226456,2264.56
967,546.728210960073,227109,2271.09
968,546.812701820146,230312,2303.12
969,546.897192670409,235756,2357.56
970,546.981683511106,236973,2369.73
971,547.066174342483,235596,2355.96
972,547.150665164785,236635,2366.35
973,547.235155978257,240197,2401.97
974,547.319646783145,240436,2404.36
975,547.404137579692,238796,2387.96
976,547.488628368145,237940,2379.4
977,547.573119148749,236955,2369.55
978,547.657609921748,237082,2370.82
979,547.742100687388,240204,2402.04
980,547.826591445914,240966,2409.66
981,547.911082197572,240291,2402.91
982,547.995572942605,240783,2407.83
983,548.08006368126,240759,2407.59
984,548.164554413782,240772,2407.72
985,548.249045140415,241445,2414.45
986,548.333535861404,242624,2426.24
987,548.418026576996,256902,2569.02
988,548.502517287435,261099,2610.99
989,548.587007992966,255442,2554.42
990,548.671498693834,252100,2521
991,548.755989390285,255152,2551.52
992,548.840480082563,258504,2585.04
993,548.924970770915,256284,2562.84
994,549.009461455584,253609,2536.09
995,549.093952136815,254785,2547.85
996,549.178442814856,254414,2544.14
997,549.262933489949,252497,2524.97
998,549.347424162341,257727,2577.27
999,549.431914832276,259208,2592.08
1000,549.5164055,256148,2561.48
1001,549.600896165758,256251,2562.51
1002,549.685386829794,256601,2566.01
1003,549.769877492355,255476,2554.76
1004,549.854368153685,255426,2554.26
1005,549.938858814029,270414,2704.14
1006,550.023349473633,277331,2773.31
1007,550.107840132742,273722,2737.22
1008,550.1923307916,269472,2694.72
1009,550.276821450453,265502,2655.02
1010,550.361312109546,263682,2636.82
1011,550.445802769124,265814,2658.14
1012,550.530293429432,266383,2663.83
1013,550.614784090716,264736,2647.36
1014,550.69927475322,263854,2638.54
1015,550.78376541719,263811,2638.11
1016,550.868256082871,263737,2637.37
1017,550.952746750508,264332,2643.32
1018,551.037237420346,267122,2671.22
1019,551.12172809263,268304,2683.04
1020,551.206218767606,267719,2677.19
1021,551.290709445518,267446,2674.46
1022,551.375200126611,267142,2671.42
1023,551.459690811131,270602,2706.02
1024,551.544181499323,271959,2719.59
1025,551.628672191433,270808,2708.08
1026,551.713162887704,270422,2704.22
1027,551.797653588383,270311,2703.11
1028,551.882144293714,270572,2705.72
1029,551.966635003943,271269,2712.69
1030,552.051125719314,275084,2750.84
1031,552.135616440073,281026,2810.26
1032,552.220107166465,280905,2809.05
1033,552.304597898735,280643,2806.43
1034,552.389088637129,280793,2807.93
1035,552.473579381891,296358,2963.58
1036,552.558070133266,300228,3002.28
1037,552.6425608915,290920,2909.2
1038,552.727051656838,286044,2860.44
1039,552.811542429524,303679,3036.79
1040,552.896033209805,307271,3072.71
1041,552.980523997925,298608,2986.08
1042,553.065014794129,292654,2926.54
1043,553.149505598662,287255,2872.55
1044,553.23399641177,284271,2842.71
1045,553.318487233698,285549,2855.49
1046,553.402978064691,296554,2965.54
1047,553.487468904993,306832,3068.32
1048,553.571959754851,302820,3028.2
1049,553.656450614509,294295,2942.95
1050,553.740941484213,289184,2891.84
1051,553.825432364206,291997,2919.97
1052,553.909923254736,293041,2930.41
1053,553.994414156046,295458,2954.58
1054,554.078905068382,295436,2954.36
1055,554.16339599199,292410,2924.1
1056,554.247886927113,291230,2912.3
1057,554.332377873998,308662,3086.62
1058,554.416868832889,313151,3131.51
1059,554.501359804032,303835,3038.35
1060,554.585850787671,298982,2989.82
1061,554.670341784053,296520,2965.2
1062,554.754832793421,294951,2949.51
1063,554.839323816021,293992,2939.92
1064,554.923814852099,293254,2932.54
1065,555.008305901899,292996,2929.96
1066,555.092796965667,298922,2989.22
1067,555.177288043647,300362,3003.62
1068,555.261779136085,318787,3187.87
1069,555.346270243226,323529,3235.29
1070,555.430761365315,313842,3138.42
1071,555.515252502597,310102,3101.02
1072,555.599743655318,306283,3062.83
1073,555.684234823722,302371,3023.71
1074,555.768726008055,303188,3031.88
1075,555.853217208561,305488,3054.88
1076,555.937708425486,303785,3037.85
1077,556.022199659075,320700,3207
1078,556.106690909574,325018,3250.18
1079,556.191182177226,316950,3169.5
1080,556.275673462278,311599,3115.99
1081,556.360164764975,309185,3091.85
1082,556.444656085561,311497,3114.97
1083,556.529147424282,309804,3098.04
1084,556.613638781383,307220,3072.2
1085,556.698130157109,306140,3061.4
1086,556.782621551706,308009,3080.09
1087,556.867112965417,308501,3085.01
1088,556.951604398489,311056,3110.56
1089,557.036095851167,316350,3163.5
1090,557.120587323695,314852,3148.52
1091,557.20507881632,310390,3103.9
1092,557.289570329285,307633,3076.33
1093,557.374061862836,308889,3088.89
1094,557.458553417219,310042,3100.42
1095,557.543044992678,311041,3110.41
1096,557.627536589459,310829,3108.29
1097,557.712028207806,311767,3117.67
1098,557.796519847966,311278,3112.78
1099,557.881011510182,313954,3139.54
1100,557.9655031947,316873,3168.73
1101,558.049994901765,314679,3146.79
1102,558.134486631623,311362,3113.62
1103,558.218978384519,309519,3095.19
1104,558.303470160697,311851,3118.51
1105,558.387961960402,312661,3126.61
1106,558.472453783881,313192,3131.92
1107,558.556945631378,313878,3138.78
1108,558.641437503137,337229,3372.29
1109,558.725929399405,350961,3509.61
1110,558.810421320427,340104,3401.04
1111,558.894913266447,328346,3283.46
1112,558.97940523771,322003,3220.03
1113,559.063897234463,321159,3211.59
1114,559.14838925695,322975,3229.75
1115,559.232881305415,321209,3212.09
1116,559.317373380105,317598,3175.98
1117,559.401865481264,318807,3188.07
1118,559.486357609138,319238,3192.38
1119,559.570849763971,317283,3172.83
1120,559.65534194601,316391,3163.91
1121,559.739834155498,318784,3187.84
1122,559.824326392681,318858,3188.58
1123,559.908818657804,319714,3197.14
1124,559.993310951113,319577,3195.77
1125,560.077803272852,317287,3172.87
1126,560.162295623266,316124,3161.24
1127,560.246788002602,315861,3158.61
1128,560.331280411103,318663,3186.63
1129,560.415772849015,322152,3221.52
1130,560.500265316583,324581,3245.81
1131,560.584757814052,328659,3286.59
1132,560.669250341668,327511,3275.11
1133,560.753742899676,323444,3234.44
1134,560.83823548832,323944,3239.44
1135,560.922728107845,323529,3235.29
1136,561.007220758498,321514,3215.14
1137,561.091713440523,320750,3207.5
1138,561.176206154165,320089,3200.89
1139,561.260698899669,320294,3202.94
1140,561.345191677281,320404,3204.04
1141,561.429684487245,319955,3199.55
1142,561.514177329807,319917,3199.17
1143,561.598670205212,320062,3200.62
1144,561.683163113705,320622,3206.22
1145,561.767656055531,320149,3201.49
1146,561.852149030935,322422,3224.22
1147,561.936642040163,326395,3263.95
1148,562.021135083459,325537,3255.37
1149,562.105628161069,323076,3230.76
1150,562.190121273237,323965,3239.65
1151,562.27461442021,322931,3229.31
1152,562.359107602232,330226,3302.26
1153,562.443600819547,331574,3315.74
1154,562.528094072403,329019,3290.19
1155,562.612587361042,334419,3344.19
1156,562.697080685712,336113,3361.13
1157,562.781574046656,334253,3342.53
1158,562.866067444119,345682,3456.82
1159,562.950560878348,345743,3457.43
1160,563.035054349587,335147,3351.47
1161,563.119547858082,331941,3319.41
1162,563.204041404076,330138,3301.38
1163,563.288534987816,328217,3282.17
1164,563.373028609547,326262,3262.62
1165,563.457522269514,325037,3250.37
1166,563.542015967961,324232,3242.32
1167,563.626509705135,326741,3267.41
1168,563.71100348128,330497,3304.97
1169,563.795497296641,329355,3293.55
1170,563.879991151464,326066,3260.66
1171,563.964485045993,324536,3245.36
1172,564.048978980475,324174,3241.74
1173,564.133472955153,324918,3249.18
1174,564.217966970273,325228,3252.28
1175,564.30246102608,327141,3271.41
1176,564.386955122819,330087,3300.87
1177,564.471449260736,332001,3320.01
1178,564.555943440075,330179,3301.79
1179,564.640437661083,326923,3269.23
1180,564.724931924002,382091,3820.91
1181,564.80942622908,400237,4002.37
1182,564.893920576561,370009,3700.09
1183,564.97841496669,352811,3528.11
1184,565.062909399713,342328,3423.28
1185,565.147403875874,343253,3432.53
1186,565.231898395419,341089,3410.89
1187,565.316392958592,333499,3334.99
1188,565.400887565639,329072,3290.72
1189,565.485382216806,327067,3270.67
1190,565.569876912336,326015,3260.15
1191,565.654371652476,325704,3257.04
1192,565.73886643747,327858,3278.58
1193,565.823361267564,328852,3288.52
1194,565.907856143003,344411,3444.11
1195,565.992351064031,348833,3488.33
1196,566.076846030894,339625,3396.25
1197,566.161341043838,333459,3334.59
1198,566.245836103106,329841,3298.41
1199,566.330331208945,328777,3287.77
1200,566.4148263616,328460,3284.6
1201,566.499321561315,330365,3303.65
1202,566.583816808336,330564,3305.64
1203,566.668312102908,331614,3316.14
1204,566.752807445276,330539,3305.39
1205,566.837302835685,329215,3292.15
1206,566.92179827438,329859,3298.59
1207,567.006293761607,329379,3293.79
1208,567.090789297611,328233,3282.33
1209,567.175284882636,331805,3318.05
1210,567.259780516928,332516,3325.16
1211,567.344276200732,329309,3293.09
1212,567.428771934293,327553,3275.53
1213,567.513267717856,329263,3292.63
1214,567.597763551667,329268,3292.68
1215,567.68225943597,327383,3273.83
1216,567.766755371011,343429,3434.29
1217,567.851251357034,348036,3480.36
1218,567.935747394286,338673,3386.73
1219,568.020243483011,338864,3388.64
1220,568.104739623454,337698,3376.98
1221,568.18923581586,351378,3513.78
1222,568.273732060474,354076,3540.76
1223,568.358228357543,342772,3427.72
1224,568.442724707309,335958,3359.58
1225,568.52722111002,332066,3320.66
1226,568.61171756592,329788,3297.88
1227,568.696214075254,328656,3286.56
1228,568.780710638267,328182,3281.82
1229,568.865207255205,327983,3279.83
1230,568.949703926312,328390,3283.9
1231,569.034200651834,331029,3310.29
1232,569.118697432015,331111,3311.11
1233,569.203194267102,329088,3290.88
1234,569.287691157338,330790,3307.9
1235,569.37218810297,335632,3356.32
1236,569.456685104242,343708,3437.08
1237,569.5411821614,343158,3431.58
1238,569.625679274688,336968,3369.68
1239,569.710176444352,335256,3352.56
1240,569.794673670637,332852,3328.52
1241,569.879170953788,329843,3298.43
1242,569.96366829405,331375,3313.75
1243,570.048165691668,336748,3367.48
1244,570.132663146887,335758,3357.58
1245,570.217160659954,337643,3376.43
1246,570.301658231112,337199,3371.99
1247,570.386155860606,333224,3332.24
1248,570.470653548683,331007,3310.07
1249,570.555151295587,329242,3292.42
1250,570.639649101562,327985,3279.85
1251,570.724146966856,327393,3273.93
1252,570.808644891712,329760,3297.6
1253,570.893142876375,334339,3343.39
1254,570.977640921091,335064,3350.64
1255,571.062139026105,334921,3349.21
1256,571.146637191662,348747,3487.47
1257,571.231135418007,350477,3504.77
1258,571.315633705386,341187,3411.87
1259,571.400132054043,338660,3386.6
1260,571.484630464223,338846,3388.46
1261,571.569128936172,335808,3358.08
1262,571.653627470135,331568,3315.68
1263,571.738126066357,334782,3347.82
1264,571.822624725083,337674,3376.74
1265,571.907123446559,333904,3339.04
1266,571.991622231028,334371,3343.71
1267,572.076121078737,337750,3377.5
1268,572.160619989931,334859,3348.59
1269,572.245118964855,331977,3319.77
1270,572.329618003753,329108,3291.08
1271,572.414117106872,329051,3290.51
1272,572.498616274455,333307,3333.07
1273,572.583115506749,331483,3314.83
1274,572.667614803999,326307,3263.07
1275,572.752114166448,323466,3234.66
1276,572.836613594344,322878,3228.78
1277,572.921113087931,322983,3229.83
1278,573.005612647453,322384,3223.84
1279,573.090112273157,321783,3217.83
1280,573.174611965286,324640,3246.4
1281,573.259111724088,330092,3300.92
1282,573.343611549805,335986,3359.86
1283,573.428111442685,355812,3558.12
1284,573.512611402971,359391,3593.91
1285,573.597111430909,382980,3829.8
1286,573.681611526744,386115,3861.15
1287,573.766111690721,369778,3697.78
1288,573.850611923086,356323,3563.23
1289,573.935112224083,342829,3428.29
1290,574.019612593957,335579,3355.79
1291,574.104113032955,332402,3324.02
1292,574.18861354132,332949,3329.49
1293,574.273114119298,332367,3323.67
1294,574.357614767134,332819,3328.19
1295,574.442115485074,331726,3317.26
1296,574.526616273362,368123,3681.23
1297,574.611117132243,377340,3773.4
1298,574.695618061963,368919,3689.19
1299,574.780119062767,361838,3618.38
1300,574.8646201349,348205,3482.05
1301,574.949121278607,340814,3408.14
1302,575.033622494133,337968,3379.68
1303,575.118123781723,336574,3365.74
1304,575.202625141623,332763,3327.63
1305,575.287126574078,328382,3283.82
1306,575.371628079332,326122,3261.22
1307,575.456129657631,325500,3255
1308,575.54063130922,325571,3255.71
1309,575.625133034344,328064,3280.64
1310,575.709634833249,333144,3331.44
1311,575.794136706179,332640,3326.4
1312,575.878638653379,328686,3286.86
1313,575.963140675095,326125,3261.25
1314,576.047642771572,324519,3245.19
1315,576.132144943055,323860,3238.6
1316,576.216647189789,326834,3268.34
1317,576.301149512019,327190,3271.9
1318,576.38565190999,324879,3248.79
1319,576.470154383948,323804,3238.04
1320,576.554656934138,323686,3236.86
1321,576.639159560804,326988,3269.88
1322,576.723662264192,327887,3278.87
1323,576.808165044547,351741,3517.41
1324,576.892667902114,359912,3599.12
1325,576.977170837139,345778,3457.78
1326,577.061673849866,334949,3349.49
1327,577.146176940541,328755,3287.55
1328,577.230680109408,325471,3254.71
1329,577.315183356713,324192,3241.92
1330,577.399686682701,325643,3256.43
1331,577.484190087617,344893,3448.93
1332,577.568693571706,347640,3476.4
1333,577.653197135214,335492,3354.92
1334,577.737700778385,331282,3312.82
1335,577.822204501465,328316,3283.16
1336,577.906708304698,324494,3244.94
1337,577.991212188331,348263,3482.63
1338,578.075716152607,353875,3538.75
1339,578.160220197773,342164,3421.64
1340,578.244724324073,334589,3345.89
1341,578.329228531752,333649,3336.49
1342,578.413732821056,334193,3341.93
1343,578.49823719223,329302,3293.02
1344,578.582741645518,324455,3244.55
1345,578.667246181166,324319,3243.19
1346,578.75175079942,323895,3238.95
1347,578.836255500524,324777,3247.77
1348,578.920760284723,330310,3303.1
1349,579.005265152262,329638,3296.38
1350,579.089770103388,325253,3252.53
1351,579.174275138344,322300,3223
1352,579.258780257375,320412,3204.12
1353,579.343285460728,319661,3196.61
1354,579.427790748647,319250,3192.5
1355,579.512296121378,318600,3186
1356,579.596801579165,318118,3181.18
1357,579.681307122253,318536,3185.36
1358,579.765812750888,318793,3187.93
1359,579.850318465315,318067,3180.67
1360,579.934824265779,317182,3171.82
1361,580.019330152525,316394,3163.94
1362,580.103836125799,331268,3312.68
1363,580.188342185844,335141,3351.41
1364,580.272848332908,328882,3288.82
1365,580.357354567233,324445,3244.45
1366,580.441860889067,320234,3202.34
1367,580.526367298654,317365,3173.65
1368,580.610873796238,320952,3209.52
1369,580.695380382066,321401,3214.01
1370,580.779887056382,318082,3180.82
1371,580.864393819432,319317,3193.17
1372,580.94890067146,318755,3187.55
1373,581.033407612712,316047,3160.47
1374,581.117914643433,314747,3147.47
1375,581.202421763867,314384,3143.84
1376,581.286928974261,314188,3141.88
1377,581.371436274859,316155,3161.55
1378,581.455943665907,316576,3165.76
1379,581.540451147649,317647,3176.47
1380,581.62495872033,316936,3169.36
1381,581.709466384197,314608,3146.08
1382,581.793974139493,313600,3136
1383,581.878481986465,318746,3187.46
1384,581.962989925357,319754,3197.54
1385,582.047497956414,322001,3220.01
1386,582.132006079881,323984,3239.84
1387,582.216514296004,320560,3205.6
1388,582.301022605028,317194,3171.94
1389,582.385531007198,323281,3232.81
1390,582.470039502758,324181,3241.81
1391,582.554548091955,319209,3192.09
1392,582.639056775033,316543,3165.43
1393,582.723565552238,314689,3146.89
1394,582.808074423814,313521,3135.21
1395,582.892583390007,312459,3124.59
1396,582.977092451061,317429,3174.29
1397,583.061601607223,318751,3187.51
1398,583.146110858736,316618,3166.18
1399,583.230620205847,316231,3162.31
1400,583.3151296488,314368,3143.68
1401,583.399639187841,314976,3149.76
1402,583.484148823214,314669,3146.69
1403,583.568658555165,312718,3127.18
1404,583.653168383939,311580,3115.8
1405,583.73767830978,315957,3159.57
1406,583.822188332935,316919,3169.19
1407,583.906698453649,315909,3159.09
1408,583.991208672165,313829,3138.29
1409,584.075718988731,310633,3106.33
1410,584.16022940359,311536,3115.36
1411,584.244739916987,311001,3110.01
1412,584.329250529169,308601,3086.01
1413,584.41376124038,307622,3076.22
1414,584.498272050865,307722,3077.22
1415,584.58278296087,307725,3077.25
1416,584.667293970638,314591,3145.91
1417,584.751805080417,321942,3219.42
1418,584.83631629045,319355,3193.55
1419,584.920827600983,314066,3140.66
1420,585.005339012262,310692,3106.92
1421,585.08985052453,311330,3113.3
1422,585.174362138034,313763,3137.63
1423,585.258873853018,314787,3147.87
1424,585.343385669727,312323,3123.23
1425,585.427897588408,309206,3092.06
1426,585.512409609304,307594,3075.94
1427,585.596921732661,306673,3066.73
1428,585.681433958724,308448,3084.48
1429,585.765946287739,308537,3085.37
1430,585.85045871995,310077,3100.77
1431,585.934971255602,313332,3133.32
1432,586.019483894941,317764,3177.64
1433,586.103996638212,319110,3191.1
1434,586.18850948566,314522,3145.22
1435,586.27302243753,310772,3107.72
1436,586.357535494067,308154,3081.54
1437,586.442048655516,325368,3253.68
1438,586.526561922122,346190,3461.9
1439,586.611075294132,339459,3394.59
1440,586.695588771789,324194,3241.94
1441,586.780102355339,315534,3155.34
1442,586.864616045027,313540,3135.4
1443,586.949129841097,310894,3108.94
1444,587.033643743797,306751,3067.51
1445,587.118157753369,304326,3043.26
1446,587.20267187006,302608,3026.08
1447,587.287186094115,301598,3015.98
1448,587.371700425779,301311,3013.11
1449,587.456214865296,300663,3006.63
1450,587.540729412912,300498,3004.98
1451,587.625244068873,301154,3011.54
1452,587.709758833423,303823,3038.23
1453,587.794273706808,304511,3045.11
1454,587.878788689272,303301,3033.01
1455,587.963303781061,301967,3019.67
1456,588.047818982419,301349,3013.49
1457,588.132334293593,303440,3034.4
1458,588.216849714827,306807,3068.07
1459,588.301365246366,306107,3061.07
1460,588.385880888455,303614,3036.14
1461,588.47039664134,301436,3014.36
1462,588.554912505266,299846,2998.46
1463,588.639428480477,302258,3022.58
1464,588.72394456722,306289,3062.89
1465,588.808460765738,311347,3113.47
1466,588.892977076278,309486,3094.86
1467,588.977493499084,303524,3035.24
1468,589.062010034401,299586,2995.86
1469,589.146526682475,297043,2970.43
1470,589.231043443551,295646,2956.46
1471,589.315560317874,294688,2946.88
1472,589.400077305689,294135,2941.35
1473,589.48459440724,294254,2942.54
1474,589.569111622774,296730,2967.3
1475,589.653628952536,301307,3013.07
1476,589.73814639677,301308,3013.08
1477,589.822663955722,298368,2983.68
1478,589.907181629636,366530,3665.3
1479,589.991699418759,390706,3907.06
1480,590.076217323334,360275,3602.75
1481,590.160735343608,336950,3369.5
1482,590.245253479825,318822,3188.22
1483,590.329771732231,308067,3080.67
1484,590.41429010107,327394,3273.94
1485,590.498808586588,330715,3307.15
1486,590.58332718903,315127,3151.27
1487,590.667845908641,307872,3078.72
1488,590.752364745666,302545,3025.45
1489,590.83688370035,297881,2978.81
1490,590.921402772939,298028,2980.28
1491,591.005921963678,302590,3025.9
1492,591.090441272811,301640,3016.4
1493,591.174960700584,300219,3002.19
1494,591.259480247241,300734,3007.34
1495,591.343999913029,300868,3008.68
1496,591.428519698192,298674,2986.74
1497,591.513039602976,295605,2956.05
1498,591.597559627625,293954,2939.54
1499,591.682079772385,292933,2929.33
1500,591.7666000375,291894,2918.94
1501,591.851120423216,291701,2917.01
1502,591.935640929779,291644,2916.44
1503,592.020161557432,293044,2930.44
1504,592.104682306422,293742,2937.42
1505,592.189203176993,292360,2923.6
1506,592.273724169391,291253,2912.53
1507,592.35824528386,290259,2902.59
1508,592.442766520647,289169,2891.69
1509,592.527287879995,292004,2920.04
1510,592.611809362151,293517,2935.17
1511,592.696330967358,314569,3145.69
1512,592.780852695863,319376,3193.76
1513,592.865374547911,306280,3062.8
1514,592.949896523746,298506,2985.06
1515,593.034418623614,293943,2939.43
1516,593.11894084776,321537,3215.37
1517,593.203463196429,328095,3280.95
1518,593.287985669866,310670,3106.7
1519,593.372508268317,300390,3003.9
1520,593.457030992026,294835,2948.35
1521,593.541553841238,291675,2916.75
1522,593.626076816199,290396,2903.96
1523,593.710599917154,289512,2895.12
1524,593.795123144348,288230,2882.3
1525,593.879646498027,286991,2869.91
1526,593.964169978434,291746,2917.46
1527,594.048693585816,293414,2934.14
1528,594.133217320417,290192,2901.92
1529,594.217741182483,290329,2903.29
1530,594.302265172259,289183,2891.83
1531,594.38678928999,289594,2895.94
1532,594.47131353592,289312,2893.12
1533,594.555837910296,289516,2895.16
1534,594.640362413363,288493,2884.93
1535,594.724887045364,303620,3036.2
1536,594.809411806547,307051,3070.51
1537,594.893936697155,297301,2973.01
1538,594.978461717434,297098,2970.98
1539,595.062986867629,294885,2948.85
1540,595.147512147985,290031,2900.31
1541,595.232037558747,292761,2927.61
1542,595.316563100161,298066,2980.66
1543,595.401088772471,295967,2959.67
1544,595.485614575923,291019,2910.19
1545,595.570140510762,287663,2876.63
1546,595.654666577233,285213,2852.13
1547,595.73919277558,286459,2864.59
1548,595.82371910605,287602,2876.02
1549,595.908245568888,286280,2862.8
1550,595.992772164338,290015,2900.15
1551,596.077298892645,296483,2964.83
1552,596.161825754055,293760,2937.6
1553,596.246352748813,287842,2878.42
1554,596.330879877164,284660,2846.6
1555,596.415407139353,294840,2948.4
1556,596.499934535626,297151,2971.51
1557,596.584462066227,290964,2909.64
1558,596.668989731401,289057,2890.57
1559,596.753517531394,288996,2889.96
1560,596.838045466451,288643,2886.43
1561,596.922573536817,285421,2854.21
1562,597.007101742737,282361,2823.61
1563,597.091630084456,304678,3046.78
1564,597.17615856222,322360,3223.6
1565,597.260687176273,312644,3126.44
1566,597.345215926861,300824,3008.24
1567,597.429744814228,298321,2983.21
1568,597.51427383862,292831,2928.31
1569,597.598803000283,285719,2857.19
1570,597.68333229946,287068,2870.68
1571,597.767861736398,285792,2857.92
1572,597.852391311341,287055,2870.55
1573,597.936921024535,286773,2867.73
1574,598.021450876224,285470,2854.7
1575,598.105980866655,286333,2863.33
1576,598.190510996071,283652,2836.52
1577,598.275041264718,283062,2830.62
1578,598.359571672842,284506,2845.06
1579,598.444102220687,286334,2863.34
1580,598.528632908498,284106,2841.06
1581,598.613163736522,282516,2825.16
1582,598.697694705001,287248,2872.48
1583,598.782225814183,288560,2885.6
1584,598.866757064312,286725,2867.25
1585,598.951288455633,282954,2829.54
1586,599.035819988391,281528,2815.28
1587,599.120351662832,283224,2832.24
1588,599.2048834792,281651,2816.51
1589,599.289415437741,278022,2780.22
1590,599.3739475387,275960,2759.6
1591,599.458479782322,278271,2782.71
1592,599.543012168852,281325,2813.25
1593,599.627544698535,282342,2823.42
1594,599.712077371617,279972,2799.72
1595,599.796610188342,276672,2766.72
1596,599.881143148956,277725,2777.25
1597,599.965676253703,279972,2799.72
1598,600.05020950283,278542,2785.42
1599,600.13474289658,275850,2758.5
1600,600.2192764352,274026,2740.26
1601,600.303810118934,275171,2751.71
1602,600.388343948028,274458,2744.58
1603,600.472877922726,272069,2720.69
1604,600.557412043273,273819,2738.19
1605,600.641946309916,273670,2736.7
1606,600.726480722899,271861,2718.61
1607,600.811015282466,271010,2710.1
1608,600.895549988864,270458,2704.58
1609,600.980084842338,269269,2692.69
1610,601.064619843132,271088,2710.88
1611,601.149154991491,272291,2722.91
1612,601.233690287662,274199,2741.99
1613,601.318225731888,273976,2739.76
1614,601.402761324415,271888,2718.88
1615,601.487297065489,272930,2729.3
1616,601.571832955354,272870,2728.7
1617,601.656368994255,273767,2737.67
1618,601.740905182438,273078,2730.78
1619,601.825441520148,270353,2703.53
1620,601.90997800763,272422,2724.22
1621,601.994514645128,275392,2753.92
1622,602.079051432889,276160,2761.6
1623,602.163588371157,274330,2743.3
1624,602.248125460177,274147,2741.47
1625,602.332662700195,273569,2735.69
1626,602.417200091456,273518,2735.18
1627,602.501737634204,271880,2718.8
1628,602.586275328686,269095,2690.95
1629,602.670813175145,267534,2675.34
1630,602.755351173828,274459,2744.59
1631,602.839889324979,276124,2761.24
1632,602.924427628843,274263,2742.63
1633,603.008966085667,274183,2741.83
1634,603.093504695693,271633,2716.33
1635,603.178043459169,268159,2681.59
1636,603.262582376339,269470,2694.7
1637,603.347121447448,271827,2718.27
1638,603.431660672741,271184,2711.84
1639,603.516200052464,268421,2684.21
1640,603.600739586861,266047,2660.47
1641,603.685279276178,264954,2649.54
1642,603.769819120659,264647,2646.47
1643,603.854359120551,263669,2636.69
1644,603.938899276098,265675,2656.75
1645,604.023439587545,269053,2690.53
1646,604.107980055137,268052,2680.52
1647,604.19252067912,267835,2678.35
1648,604.277061459738,267118,2671.18
1649,604.361602397237,264578,2645.78
1650,604.446143491862,262602,2626.02
1651,604.530684743859,271445,2714.45
1652,604.615226153471,282416,2824.16
1653,604.699767720944,281703,2817.03
1654,604.784309446525,274773,2747.73
1655,604.868851330456,271234,2712.34
1656,604.953393372984,274064,2740.64
1657,605.037935574354,277253,2772.53
1658,605.122477934812,273402,2734.02
1659,605.207020454601,286189,2861.89
1660,605.291563133967,287940,2879.4
1661,605.376105973156,276819,2768.19
1662,605.460648972412,269955,2699.55
1663,605.545192131981,264886,2648.86
1664,605.629735452108,261464,2614.64
1665,605.714278933038,259165,2591.65
1666,605.798822575015,264281,2642.81
1667,605.883366378286,265592,2655.92
1668,605.967910343095,262001,2620.01
1669,606.052454469688,260228,2602.28
1670,606.136998758309,259424,2594.24
1671,606.221543209204,261692,2616.92
1672,606.306087822618,261683,2616.83
1673,606.390632598795,259368,2593.68
1674,606.475177537982,260887,2608.87
1675,606.559722640423,263575,2635.75
1676,606.644267906364,264638,2646.38
1677,606.728813336049,265313,2653.13
1678,606.813358929724,262817,2628.17
1679,606.897904687633,259155,2591.55
1680,606.982450610022,257179,2571.79
1681,607.066996697137,255857,2558.57
1682,607.151542949221,257843,2578.43
1683,607.236089366521,260682,2606.82
1684,607.320635949282,259308,2593.08
1685,607.405182697748,257141,2571.41
1686,607.489729612165,259211,2592.11
1687,607.574276692777,258975,2589.75
1688,607.658823939831,256250,2562.5
1689,607.74337135357,257540,2575.4
1690,607.827918934241,260248,2602.48
1691,607.912466682089,258698,2586.98
1692,607.997014597358,255943,2559.43
1693,608.081562680293,263000,2630
1694,608.16611093114,264333,2643.33
1695,608.250659350145,261675,2616.75
1696,608.335207937551,261557,2615.57
1697,608.419756693605,260986,2609.86
1698,608.504305618551,258090,2580.9
1699,608.588854712634,258103,2581.03
1700,608.6734039761,256862,2568.62
1701,608.757953409194,262917,2629.17
1702,608.84250301216,267159,2671.59
1703,608.927052785245,262155,2621.55
1704,609.011602728693,257286,2572.86
1705,609.096152842749,254160,2541.6
1706,609.180703127658,252023,2520.23
1707,609.265253583666,250535,2505.35
1708,609.349804211018,249875,2498.75
1709,609.434355009958,252147,2521.47
1710,609.518905980733,252169,2521.69
1711,609.603457123586,255861,2558.61
1712,609.688008438764,284090,2840.9
1713,609.772559926511,288116,2881.16
1714,609.857111587073,271204,2712.04
1715,609.941663420694,261543,2615.43
1716,610.02621542762,255510,2555.1
1717,610.110767608096,255055,2550.55
1718,610.195319962366,253753,2537.53
1719,610.279872490677,250611,2506.11
1720,610.364425193274,248781,2487.81
1721,610.4489780704,247602,2476.02
1722,610.533531122303,246876,2468.76
1723,610.618084349226,247617,2476.17
1724,610.702637751414,250631,2506.31
1725,610.787191329114,253197,2531.97
1726,610.87174508257,251664,2516.64
1727,610.956299012027,254143,2541.43
1728,611.04085311773,254215,2542.15
1729,611.125407399925,250981,2509.81
1730,611.209961858857,248825,2488.25
1731,611.29451649477,267175,2671.75
1732,611.37907130791,278284,2782.84
1733,611.463626298523,268721,2687.21
1734,611.548181466852,260798,2607.98
1735,611.632736813144,261272,2612.72
1736,611.717292337643,258491,2584.91
1737,611.801848040595,252549,2525.49
1738,611.886403922244,248903,2489.03
1739,611.970959982837,249500,2495
1740,612.055516222617,250848,2508.48
1741,612.14007264183,251819,2518.19
1742,612.224629240722,252800,2528
1743,612.309186019537,251074,2510.74
1744,612.39374297852,259050,2590.5
1745,612.478300117917,260602,2606.02
1746,612.562857437973,267582,2675.82
1747,612.647414938933,269417,2694.17
1748,612.731972621042,258800,2588
1749,612.816530484545,250373,2503.73
1750,612.901088529688,260504,2605.04
1751,612.985646756714,261847,2618.47
1752,613.070205165871,255209,2552.09
1753,613.154763757402,250445,2504.45
1754,613.239322531553,245713,2457.13
1755,613.323881488569,245638,2456.38
1756,613.408440628695,244243,2442.43
1757,613.492999952176,241091,2410.91
1758,613.577559459258,242071,2420.71
1759,613.662119150185,244731,2447.31
1760,613.746679025203,243287,2432.87
1761,613.831239084557,240186,2401.86
1762,613.915799328492,240862,2408.62
1763,614.000359757252,240225,2402.25
1764,614.084920371084,238275,2382.75
1765,614.169481170232,237096,2370.96
1766,614.254042154942,236459,2364.59
1767,614.338603325458,235594,2355.94
1768,614.423164682026,237674,2376.74
1769,614.507726224891,240226,2402.26
1770,614.592287954298,238508,2385.08
1771,614.676849870492,250953,2509.53
1772,614.761411973718,253451,2534.51
1773,614.845974264222,243956,2439.56
1774,614.930536742248,238543,2385.43
1775,615.015099408042,238511,2385.11
1776,615.099662261849,237353,2373.53
1777,615.184225303914,234151,2341.51
1778,615.268788534481,235321,2353.21
1779,615.353351953797,235288,2352.88
1780,615.437915562106,238672,2386.72
1781,615.522479359654,238935,2389.35
1782,615.607043346685,235152,2351.52
1783,615.691607523446,246248,2462.48
1784,615.776171890179,248088,2480.88
1785,615.860736447132,239478,2394.78
1786,615.94530119455,234749,2347.49
1787,616.029866132676,234317,2343.17
1788,616.114431261757,232983,2329.83
1789,616.198996582037,233537,2335.37
1790,616.283562093762,235537,2355.37
1791,616.368127797177,236217,2362.17
1792,616.452693692527,233528,2335.28
1793,616.537259780057,229741,2297.41
1794,616.621826060012,230614,2306.14
1795,616.706392532638,233326,2333.26
1796,616.790959198179,231918,2319.18
1797,616.87552605688,228216,2282.16
1798,616.960093108988,244773,2447.73
1799,617.044660354746,249314,2493.14
1800,617.1292277944,245985,2459.85
1801,617.213795428195,248452,2484.52
1802,617.298363256377,242733,2427.33
1803,617.38293127919,233993,2339.93
1804,617.46749949688,228364,2283.64
1805,617.552067909691,224967,2249.67
1806,617.63663651787,223255,2232.55
1807,617.72120532166,545307,5453.07
1808,617.805774321307,639652,6396.52
1809,617.890343517057,466481,4664.81
1810,617.974912909154,361351,3613.51
1811,618.059482497843,300972,3009.72
1812,618.14405228337,266698,2666.98
1813,618.22862226598,246633,2466.33
1814,618.313192445918,234585,2345.85
1815,618.397762823429,240440,2404.4
1816,618.482333398757,243124,2431.24
1817,618.56690417215,234996,2349.96
1818,618.65147514385,231160,2311.6
1819,618.736046314105,227954,2279.54
1820,618.820617683158,224326,2243.26
1821,618.905189251254,222158,2221.58
1822,618.98976101864,220931,2209.31
1823,619.07433298556,219702,2197.02
1824,619.158905152259,222897,2228.97
1825,619.243477518983,242553,2425.53
1826,619.328050085976,245254,2452.54
1827,619.412622853484,236249,2362.49
1828,619.497195821751,232560,2325.6
1829,619.581768991023,233900,2339
1830,619.666342361546,230363,2303.63
1831,619.750915933564,223692,2236.92
1832,619.835489707321,220084,2200.84
1833,619.920063683065,223893,2238.93
1834,620.004637861039,226604,2266.04
1835,620.089212241489,222951,2229.51
1836,620.173786824659,219015,2190.15
1837,620.258361610796,218201,2182.01
1838,620.342936600144,217301,2173.01
1839,620.427511792947,216292,2162.92
1840,620.512087189453,220854,2208.54
1841,620.596662789905,244823,2448.23
1842,620.681238594548,256243,2562.43
1843,620.765814603629,244233,2442.33
1844,620.850390817391,231064,2310.64
1845,620.93496723608,225530,2255.3
1846,621.019543859942,227026,2270.26
1847,621.104120689221,224627,2246.27
1848,621.188697724162,220522,2205.22
1849,621.273274965011,217614,2176.14
1850,621.357852412012,214513,2145.13
1851,621.442430065412,213662,2136.62
1852,621.527007925454,212812,2128.12
1853,621.611585992385,213885,2138.85
1854,621.696164266449,214874,2148.74
1855,621.780742747892,213523,2135.23
1856,621.865321436958,211733,2117.33
1857,621.949900333892,210673,2106.73
1858,622.03447943894,212555,2125.55
1859,622.119058752348,212954,2129.54
1860,622.203638274359,211303,2113.03
1861,622.28821800522,213263,2132.63
1862,622.372797945175,213412,2134.12
1863,622.457378094469,211632,2116.32
1864,622.541958453348,209916,2099.16
1865,622.626539022057,209675,2096.75
1866,622.711119800841,209830,2098.3
1867,622.795700789945,208895,2088.95
1868,622.880281989613,218600,2186
1869,622.964863400093,220701,2207.01
1870,623.049445021627,214226,2142.26
1871,623.134026854462,210394,2103.94
1872,623.218608898843,208113,2081.13
1873,623.303191155015,210231,2102.31
1874,623.387773623222,210977,2109.77
1875,623.472356303711,211620,2116.2
1876,623.556939196726,213225,2132.25
1877,623.641522302512,211113,2111.13
1878,623.726105621315,207803,2078.03
1879,623.810689153379,208988,2089.88
1880,623.89527289895,208616,2086.16
1881,623.979856858273,209022,2090.22
1882,624.064441031593,213326,2133.26
1883,624.149025419156,214982,2149.82
1884,624.233610021205,216677,2166.77
1885,624.318194837987,216320,2163.2
1886,624.402779869747,214236,2142.36
1887,624.487365116729,215344,2153.44
1888,624.571950579179,214973,2149.73
1889,624.656536257342,210501,2105.01
1890,624.741122151463,205760,2057.6
1891,624.825708261788,205519,2055.19
1892,624.91029458856,210583,2105.83
1893,624.994881132027,209847,2098.47
1894,625.079467892432,207802,2078.02
1895,625.16405487002,205796,2057.96
1896,625.248642065038,202950,2029.5
1897,625.33322947773,230020,2300.2
1898,625.41781710834,239032,2390.32
1899,625.502404957115,338910,3389.1
1900,625.5869930243,363860,3638.6
1901,625.671581310139,296123,2961.23
1902,625.756169814878,656883,6568.83
1903,625.840758538762,745728,7457.28
1904,625.925347482035,514087,5140.87
1905,626.009936644944,386285,3862.85
1906,626.094526027733,310148,3101.48
1907,626.179115630648,260351,2603.51
1908,626.263705453933,232510,2325.1
1909,626.348295497833,219207,2192.07
1910,626.432885762595,210218,2102.18
1911,626.517476248462,203283,2032.83
1912,626.60206695568,211317,2113.17
1913,626.686657884495,212185,2121.85
1914,626.771249035151,203686,2036.86
1915,626.855840407893,204235,2042.35
1916,626.940432002967,203300,2033
1917,627.025023820618,201911,2019.11
1918,627.10961586109,212905,2129.05
1919,627.19420812463,212669,2126.69
1920,627.278800611482,211941,2119.41
1921,627.363393321891,211054,2110.54
1922,627.447986256102,233255,2332.55
1923,627.532579414361,235254,2352.54
1924,627.617172796912,216204,2162.04
1925,627.701766404002,204657,2046.57
1926,627.786360235874,197858,1978.58
1927,627.870954292774,197313,1973.13
1928,627.955548574948,196058,1960.58
1929,628.04014308264,205080,2050.8
1930,628.124737816095,206476,2064.76
1931,628.209332775559,201514,2015.14
1932,628.293927961276,197541,1975.41
1933,628.378523373493,193080,1930.8
1934,628.463119012454,190063,1900.63
1935,628.547714878403,188558,1885.58
1936,628.632310971587,190998,1909.98
1937,628.716907292251,193700,1937
1938,628.801503840639,195435,1954.35
1939,628.886100616996,193605,1936.05
1940,628.970697621569,190485,1904.85
1941,629.055294854601,188834,1888.34
1942,629.139892316339,190630,1906.3
1943,629.224490007026,193066,1930.66
1944,629.309087926909,191489,1914.89
1945,629.393686076233,191088,1910.88
1946,629.478284455242,189932,1899.32
1947,629.562883064182,187271,1872.71
1948,629.647481903298,185763,1857.63
1949,629.732080972835,185019,1850.19
1950,629.816680273037,186675,1866.75
1951,629.901279804152,186643,1866.43
1952,629.985879566422,187702,1877.02
1953,630.070479560095,190403,1904.03
1954,630.155079785414,191464,1914.64
1955,630.239680242624,188819,1888.19
1956,630.324280931972,185437,1854.37
1957,630.408881853702,189699,1896.99
1958,630.493483008059,191316,1913.16
1959,630.578084395288,187136,1871.36
1960,630.662686015635,183281,1832.81
1961,630.747287869345,185527,1855.27
1962,630.831889956662,185795,1857.95
1963,630.916492277832,182727,1827.27
1964,631.001094833101,180525,1805.25
1965,631.085697622712,179493,1794.93
1966,631.170300646912,182292,1822.92
1967,631.254903905945,183107,1831.07
1968,631.339507400056,186735,1867.35
1969,631.424111129492,189071,1890.71
1970,631.508715094496,192303,1923.03
1971,631.593319295314,199927,1999.27
1972,631.677923732192,199102,1991.02
1973,631.762528405373,193910,1939.1
1974,631.847133315104,190246,1902.46
1975,631.93173846163,185344,1853.44
1976,632.016343845195,184063,1840.63
1977,632.100949466045,182253,1822.53
1978,632.185555324425,179129,1791.29
1979,632.270161420579,177354,1773.54
1980,632.354767754754,176518,1765.18
1981,632.439374327195,178031,1780.31
1982,632.523981138146,177885,1778.85
1983,632.608588187852,175998,1759.98
1984,632.693195476559,176227,1762.27
1985,632.777803004512,175979,1759.79
1986,632.862410771956,175970,1759.7
1987,632.947018779136,176092,1760.92
1988,633.031627026297,175863,1758.63
1989,633.116235513685,177373,1773.73
1990,633.200844241544,182422,1824.22
1991,633.28545321012,181984,1819.84
1992,633.370062419658,177693,1776.93
1993,633.454671870403,174946,1749.46
1994,633.539281562599,173139,1731.39
1995,633.623891496493,172254,1722.54
1996,633.708501672329,172024,1720.24
1997,633.793112090353,174239,1742.39
1998,633.877722750809,174204,1742.04
1999,633.962333653943,172198,1721.98
2000,634.0469448,170927,1709.27
2001,634.131556189225,169999,1699.99
2002,634.216167821863,172084,1720.84
2003,634.300779698159,172497,1724.97
2004,634.385391818359,170987,1709.87
2005,634.470004182707,170206,1702.06
2006,634.554616791449,169334,1693.34
2007,634.639229644829,171389,1713.89
2008,634.723842743094,185867,1858.67
2009,634.808456086488,190391,1903.91
2010,634.893069675256,182226,1822.26
2011,634.977683509643,177870,1778.7
2012,635.062297589895,177502,1775.02
2013,635.146911916256,177140,1771.4
2014,635.231526488972,173865,1738.65
2015,635.316141308288,378992,3789.92
2016,635.400756374449,435101,4351.01
2017,635.4853716877,327143,3271.43
2018,635.569987248286,264111,2641.11
2019,635.654603056453,223251,2232.51
2020,635.739219112446,198999,1989.99
2021,635.823835416509,185187,1851.87
2022,635.908451968888,181856,1818.56
2023,635.993068769827,195148,1951.48
2024,636.077685819573,193592,1935.92
2025,636.16230311837,199014,1990.14
2026,636.246920666464,196168,1961.68
2027,636.331538464099,282193,2821.93
2028,636.41615651152,301573,3015.73
2029,636.500774808974,242259,2422.59
2030,636.585393356704,207115,2071.15
2031,636.670012154956,207921,2079.21
2032,636.754631203976,205282,2052.82
2033,636.839250504007,188630,1886.3
2034,636.923870055296,176570,1765.7
2035,637.008489858088,171664,1716.64
2036,637.093109912628,168477,1684.77
2037,637.17773021916,164726,1647.26
2038,637.26235077793,162415,1624.15
2039,637.346971589183,169192,1691.92
2040,637.431592653165,173610,1736.1
2041,637.51621397012,169273,1692.73
2042,637.600835540293,166483,1664.83
2043,637.68545736393,165946,1659.46
2044,637.770079441276,166346,1663.46
2045,637.854701772576,164706,1647.06
2046,637.939324358074,161774,1617.74
2047,638.023947198017,159748,1597.48
