464.9839,326628
465.068515076491,319304
465.153129906126,321236
465.237744489151,322388
465.322358825812,323662
465.406972916352,324691
465.491586761018,325434
465.576200360054,326534
465.660813713705,326700
465.745426822218,326594
465.830039685836,326503
465.914652304805,326283
465.99926467937,326703
466.083876809776,326693
466.168488696269,327104
466.253100339093,1148670
466.337711738494,1380320
466.422322894716,947258
466.506933808006,690369
466.591544478607,543279
466.676154906766,458231
466.760765092726,408674
466.845375036735,400494
466.929984739036,393612
467.014594199874,379126
467.099203419495,368032
467.183812398145,358459
467.268421136067,352843
467.353029633508,433188
467.437637890711,458028
467.522245907924,434903
467.60685368539,411935
467.691461223355,382712
467.776068522063,369354
467.860675581761,361047
467.945282402693,384363
468.029888985104,426177
468.11449532924,419908
468.199101435345,407625
468.283707303665,393492
468.368312934445,372703
468.45291832793,379862
468.537523484364,397162
468.622128403994,532405
468.706733087065,593934
468.791337533821,517651
468.875941744507,443608
468.96054571937,404467
469.045149458653,382760
469.129752962602,369327
469.214356231462,359096
469.298959265479,353916
469.383562064897,353229
469.468164629962,351039
469.552766960919,350267
469.637369058012,371368
469.721970921487,374654
469.80657255159,366477
469.891173948565,378933
469.975775112657,376765
470.060376044111,362245
470.144976743173,355497
470.229577210088,372405
470.314177445101,376394
470.398777448457,384980
470.483377220402,520484
470.567976761179,561949
470.652576071035,496156
470.737175150215,438770
470.821773998963,399404
470.906372617525,396711
470.990971006146,388025
471.075569165072,567385
471.160167094546,614420
471.244764794815,526906
471.329362266123,466234
471.413959508717,435147
471.498556522839,449973
471.583153308737,454686
471.667749866655,435744
471.752346196838,429938
471.836942299532,430019
471.921538174981,452852
472.00613382343,439336
472.090729245126,400788
472.175324440312,377104
472.259919409234,382588
472.344514152137,379090
472.429108669267,362330
472.513702960868,360958
472.598297027185,371812
472.682890868465,369033
472.767484484951,357037
472.852077876889,349557
472.936671044524,366816
473.021263988101,371661
473.105856707865,364543
473.190449204062,394281
473.275041476937,486603
473.359633526735,526470
473.4442253537,475568
473.528816958078,437799
473.613408340115,429355
473.697999500055,407723
473.782590438143,382421
473.867181154625,369744
473.951771649745,386515
474.03636192375,385975
474.120951976883,370770
474.20554180939,363198
474.290131421517,358055
474.374720813508,376511
474.459309985608,378755
474.543898938063,364307
474.628487671118,357905
474.713076185018,353965
474.797664480008,373485
474.882252556332,554396
474.966840414238,607423
475.051428053968,711501
475.13601547577,697152
475.220602679887,549099
475.305189666564,460999
475.389776436048,410300
475.474362988583,381983
475.558949324414,364145
475.643535443787,355794
475.728121346946,352245
475.812707034136,348542
475.897292505604,487234
475.981877761593,551523
476.066462802349,502437
476.151047628118,466637
476.235632239144,425923
476.320216635672,389560
476.404800817948,390321
476.489384786216,386479
476.573968540723,397540
476.658552081712,515778
476.74313540943,530881
476.827718524121,457576
476.91230142603,410880
476.996884115403,402226
477.081466592484,392227
477.166048857519,371885
477.250630910753,381204
477.335212752432,381750
477.419794382799,368025
477.504375802101,377334
477.588957010582,379930
477.673538008487,367597
477.758118796063,621467
477.842699373553,689110
477.927279741204,545175
478.011859899259,458149
478.096439847965,406635
478.181019587566,382507
478.265599118308,371984
478.350178440435,362319
478.434757554193,357458
478.519336459827,429291
478.603915157582,445948
478.688493647704,402078
478.773071930436,744813
478.857650006026,831871
478.942227874716,633123
479.026805536754,583250
479.111382992383,544427
479.19596024185,487707
479.280537285398,439335
479.365114123274,397824
479.449690755722,372347
479.534267182988,357950
479.618843405317,350337
479.703419422953,366450
479.787995236142,395243
479.87257084513,391459
479.95714625016,374198
480.041721451479,363002
480.126296449331,356785
480.210871243962,370352
480.295445835617,373804
480.380020224541,381533
480.464594410979,379169
480.549168395175,384623
480.633742177377,383513
480.718315757827,368254
480.802889136772,358445
480.887462314457,352741
480.972035291127,348103
481.056608067026,369610
481.141180642401,448921
481.225753017496,454060
481.310325192556,405629
481.394897167827,397196
481.479468943554,388513
481.564040519981,371870
481.648611897354,361800
481.733183075918,353834
481.817754055918,369623
481.9023248376,371727
481.986895421208,376378
482.071465806988,578994
482.156035995184,623414
482.240605986042,525329
482.325175779807,460231
482.409745376725,411537
482.494314777039,381669
482.578883980996,365592
482.663452988841,357626
482.748021800818,350435
482.832590417173,348281
482.91715883815,369945
483.001727063996,393037
483.086295094955,386651
483.170862931273,370188
483.255430573193,363667
483.339998020963,379255
483.424565274826,383433
483.509132335028,369049
483.593699201814,359147
483.678265875429,372166
483.762832356118,372103
483.847398644127,357961
483.9319647397,370083
484.016530643083,440069
484.101096354521,448251
484.185661874258,408814
484.270227202541,382984
484.354792339614,367110
484.439357285722,360398
484.523922041111,375510
484.608486606025,396104
484.69305098071,389019
484.777615165411,382002
484.862179160373,393786
484.946742965841,386419
485.03130658206,385192
485.115870009276,401123
485.200433247733,393418
485.284996297677,375547
485.369559159353,514515
485.454121833005,567815
485.53868431888,488421
485.623246617222,437133
485.707808728276,404910
485.792370652288,378231
485.876932389502,380970
485.961493940164,377893
486.046055304519,364202
486.130616482813,361177
486.215177475289,360762
486.299738282193,396815
486.384298903771,405648
486.468859340268,380722
486.553419591928,363118
486.637979658997,358013
486.722539541719,354865
486.807099240341,366558
486.891658755108,367330
486.976218086263,355498
487.060777234053,349121
487.145336198723,345313
487.229894980517,343084
487.314453579682,345449
487.399011996461,346740
487.483570231101,344819
487.568128283845,343861
487.652686154941,342785
487.737243844632,343387
487.821801353163,371414
487.906358680781,378225
487.990915827729,363751
488.075472794253,356406
488.160029580599,380516
488.244586187011,385713
488.329142613735,371273
488.413698861015,401587
488.498254929097,405890
488.582810818225,402455
488.667366528646,400478
488.751922060605,379937
488.836477414345,366877
488.921032590113,362906
489.005587588153,371994
489.090142408711,540145
489.174697052032,596368
489.259251518361,523773
489.343805807943,460020
489.428359921024,409273
489.512913857847,380094
489.597467618659,365923
489.682021203705,429804
489.76657461323,444434
489.851127847479,401324
489.935680906696,386797
490.020233791128,374994
490.104786501019,359662
490.189339036615,372654
490.27389139816,374523
490.3584435859,360640
490.44299560008,352551
490.527547440945,347539
490.612099108739,343490
490.69665060371,342046
490.7812019261,343382
490.865753076156,363510
490.950304054123,369780
491.034854860246,360241
491.119405494769,353511
491.203955957939,350867
491.288506249999,351224
491.373056371197,348396
491.457606321775,368322
491.54215610198,380356
491.626705712057,368202
491.711255152251,356396
491.795804422807,348225
491.88035352397,344572
491.964902455985,346016
492.049451219098,368278
492.133999813553,371472
492.218548239596,358958
492.303096497471,370288
492.387644587425,384939
492.472192509702,395889
492.556740264546,440364
492.641287852205,436769
492.725835272921,395628
492.810382526942,377446
492.894929614511,431422
492.979476535874,440540
493.064023291276,401298
493.148569880962,391171
493.233116305178,379983
493.317662564167,362169
493.402208658177,357488
493.486754587451,353042
493.571300352235,348041
493.655845952774,344341
493.740391389313,363214
493.824936662097,368492
493.909481771372,373383
493.994026717382,370248
494.078571500372,357162
494.163116120589,352663
494.247660578276,351033
494.33220487368,523192
494.416749007044,571053
494.501292978615,478426
494.585836788637,420877
494.670380437356,387855
494.754923925017,372748
494.839467251864,384785
494.924010418144,381368
495.0085534241,364343
495.093096269979,446843
495.177638956025,466210
495.262181482484,433562
495.3467238496,426643
495.431266057619,402400
495.515808106786,398594
495.600349997346,390023
495.684891729544,370127
495.769433303626,368265
495.853974719836,362765
495.938515978419,352416
496.023057079622,347559
496.107598023688,346216
496.192138810863,365910
496.276679441392,368906
496.361219915521,367003
496.445760233493,546799
496.530300395556,589819
496.614840401953,487854
496.69938025293,459721
496.783919948731,434378
496.868459489603,415056
496.95299887579,397478
497.037538107538,418613
497.12207718509,416851
497.206616108694,405700
497.291154878593,393642
497.375693495033,374439
497.460231958259,361177
497.544770268516,354014
497.629308426049,352064
497.713846431104,348295
497.798384283926,363869
497.882921984759,367631
497.967459533848,358949
498.05199693144,373941
498.136534177779,398653
498.22107127311,392212
498.305608217678,370444
498.390145011729,358901
498.474681655507,352194
498.559218149259,348613
498.643754493228,349206
498.72829068766,346556
498.8128267328,341937
498.897362628894,341252
498.981898376185,343074
499.066433974921,345975
499.150969425345,367141
499.235504727703,459043
499.32003988224,469730
499.404574889201,433471
499.489109748831,412002
499.573644461376,385293
499.65817902708,366669
499.742713446188,357921
499.827247718947,352441
499.9117818456,349542
499.996315826393,345850
500.080849661572,343713
500.165383351381,344223
500.249916896065,342487
500.33445029587,344649
500.41898355104,456817
500.503516661822,488035
500.588049628459,427356
500.672582451197,394563
500.757115130282,374668
500.841647665958,362151
500.92618005847,354246
501.010712308064,498433
501.095244414985,555313
501.179776379478,497762
501.264308201788,444325
501.34883988216,423657
501.433371420839,403415
501.517902818071,374541
501.6024340741,382701
501.686965189172,396358
501.771496163532,382866
501.856026997425,363250
501.940557691096,352191
502.02508824479,346792
502.109618658753,367912
502.194148933229,372167
502.278679068464,357621
502.363209064702,352646
502.44773892219,348467
502.532268641171,363127
502.616798221892,368825
502.701327664597,361602
502.785856969531,355377
502.87038613694,369034
502.954915167069,390272
503.039444060163,382715
503.123972816466,365533
503.208501436225,378201
503.293029919684,382672
503.377558267088,389462
503.462086478683,405617
503.546614554714,421142
503.631142495425,406585
503.715670301062,377814
503.800197971871,360450
503.884725508095,351071
503.969252909981,365725
504.053780177773,389299
504.138307311717,384515
504.222834312058,387667
504.307361179041,386939
504.39188791291,391158
504.476414513912,395794
504.560940982291,477111
504.645467318292,487175
504.729993522161,425195
504.814519594143,407285
504.899045534482,406961
504.983571343424,419685
505.068097021215,426502
505.152622568098,422638
505.23714798432,484839
505.321673270126,481460
505.40619842576,423730
505.490723451468,389928
505.575248347494,387050
505.659773114085,378827
505.744297751485,525454
505.828822259939,582569
505.913346639693,494901
505.997870890991,429610
506.082395014079,392026
506.166919009201,371911
506.251442876604,359201
506.335966616531,370578
506.420490229229,370826
506.505013714942,360509
506.589537073916,356429
506.674060306396,369984
506.758583412626,375257
506.843106392852,364089
506.927629247319,355923
507.012151976272,349683
507.096674579957,366129
507.181197058618,377445
507.2657194125,367947
507.350241641849,522855
507.43476374691,583792
507.519285727928,497598
507.603807585148,430815
507.688329318816,395462
507.772850929175,395395
507.857372416473,407566
507.941893780953,394595
508.02641502286,375035
508.110936142441,362231
508.195457139939,371199
508.279978015601,370515
508.364498769671,360763
508.449019402395,354253
508.533539914017,348330
508.618060304783,362799
508.702580574937,370677
508.787100724726,362163
508.871620754394,363512
508.956140664186,447566
509.040660454347,491493
509.125180125123,535509
509.209699676758,516819
509.294219109499,556489
509.378738423589,543188
509.463257619274,480671
509.5477766968,436156
509.632295656411,394624
509.716814498352,370712
509.801333222869,357214
509.885851830207,349707
509.97037032061,347526
510.054888694324,345190
510.139406951595,367361
510.223925092667,371910
510.308443117785,357727
510.392961027195,354868
510.477478821141,372525
510.56199649987,392975
510.646514063625,407159
510.731031512652,417156
510.815548847197,400118
510.900066067503,379027
510.984583173818,364874
511.069100166384,374344
511.153617045449,373812
511.238133811256,380742
511.322650464052,378519
511.407167004081,362491
511.491683431587,394731
511.576199746818,400008
511.660715950017,394954
511.745232041429,387801
511.829748021301,368430
511.914263889876,358197
511.9987796474,358636
512.083295294119,355491
512.167810830277,352715
512.252326256119,365151
512.336841571891,383361
512.421356777838,467232
512.505871874205,477782
512.590386861236,442717
512.674901739178,414263
512.759416508275,383895
512.843931168773,366031
512.928445720916,375616
513.01296016495,394855
513.097474501119,385066
513.18198872967,366957
513.266502850847,357725
513.351016864895,371949
513.435530772059,375174
513.520044572585,361514
513.604558266717,351538
513.689071854701,386913
513.773585336782,410425
513.858098713206,415130
513.942611984216,421577
514.027125150058,438485
514.111638210978,445388
514.196151167221,417606
514.280664019031,384919
514.365176766654,368313
514.449689410336,374625
514.53420195032,391959
514.618714386852,384241
514.703226720178,365434
514.787738950542,354478
514.87225107819,347532
514.956763103367,343295
515.041275026318,341165
515.125786847287,386004
515.210298566521,398034
515.294810184265,373191
515.379321700762,360313
515.463833116259,355756
515.548344431001,350272
515.632855645233,366386
515.7173667592,370161
515.801877773147,366599
515.886388687319,381632
515.970899501962,376958
516.05541021732,360460
516.139920833639,351617
516.224431351163,347039
516.308941770138,345801
516.39345209081,343734
516.477962313423,340795
516.562472438222,359233
516.646982465452,384637
516.731492395359,413122
516.816002228188,409156
516.900511964184,382644
516.985021603591,403097
517.069531146656,442166
517.154040593623,486673
517.238549944738,466418
517.323059200245,431818
517.40756836039,407283
517.492077425417,380556
517.576586395573,364023
517.661095271101,515324
517.745604052248,552972
517.830112739258,463552
517.914621332376,453824
517.999129831848,437614
518.083638237919,399757
518.168146550834,375662
518.252654770838,359986
518.337162898176,352353
518.421670933093,347312
518.506178875835,344392
518.590686726646,342596
518.675194485772,345672
518.759702153457,364543
518.844209729948,368845
518.928717215489,357246
519.013224610325,369104
519.097731914701,375560
519.182239128863,364900
519.266746253055,357440
519.351253287523,353372
519.435760232512,349043
519.520267088267,347299
519.604773855033,345647
519.689280533056,342769
519.77378712258,342792
519.85829362385,342032
519.942800037113,362962
520.027306362612,368514
520.111812600593,356586
520.196318751301,348738
520.280824814981,343582
520.365330791879,341086
520.449836682239,343663
520.534342486307,346749
520.618848204327,344905
520.703353836546,361479
520.787859383207,364860
520.872364844557,391826
520.95687022084,504442
521.041375512301,511979
521.125880719186,439257
521.21038584174,397099
521.294890880208,447565
521.379395834834,453393
521.463900705865,424495
521.548405493545,403350
521.632910198119,377653
521.717414819833,362955
521.801919358931,353046
521.88642381566,346069
521.970928190263,363805
522.055432482986,1461045
522.139936694074,1752334
522.224440823773,1180181
522.308944872327,837225
522.393448839982,629688
522.477952726982,528162
522.562456533574,560973
522.646960260001,536353
522.731463906509,478877
522.815967473344,455832
522.90047096075,418161
522.984974368973,383317
523.069477698257,363762
523.153980948848,353623
523.238484120991,347177
523.322987214931,344553
523.407490230914,363921
523.491993169183,390839
523.576496029985,584614
523.660998813565,620955
523.745501520167,668340
523.830004150038,644396
523.914506703421,518814
523.999009180562,444988
524.083511581707,399602
524.1680139071,373402
524.252516156987,358747
524.337018331612,349863
524.421520431221,364961
524.506022456059,369297
524.590524406371,356531
524.675026282403,467563
524.759528084398,500554
524.844029812603,435868
524.928531467263,394941
525.013033048623,469628
525.097534556927,487625
525.182035992421,428275
525.266537355351,391257
525.351038645961,371850
525.435539864496,382589
525.520041011202,381366
525.604542086324,367468
525.689043090106,406792
525.773544022794,413011
525.858044884634,407660
525.942545675869,399712
526.027046396746,376459
526.11154704751,363237
526.196047628405,356815
526.280548139677,375297
526.36504858157,377969
526.449548954331,362798
526.534049258204,357289
526.618549493434,373642
526.703049660267,375880
526.787549758947,364817
526.87204978972,374412
526.956549752831,376421
527.041049648525,365627
527.125549477046,357353
527.210049238641,456094
527.294548933555,494539
527.379048562032,441299
527.463548124317,400348
527.548047620657,383164
527.632547051295,372202
527.717046416477,364258
527.801545716449,388383
527.886044951455,394377
527.97054412174,438790
528.05504322755,442306
528.139542269129,403129
528.224041246724,391620
528.308540160578,397339
528.393039010938,389394
528.477537798047,370802
528.562036522152,376231
528.646535183498,393959
528.731033782329,405287
528.815532318891,392894
528.900030793429,373953
528.984529206188,362361
529.069027557414,356227
529.15352584735,351551
529.238024076243,347111
529.322522244338,344117
529.407020351879,344242
529.491518399112,346446
529.576016386283,347070
529.660514313635,346515
529.745012181415,344185
529.829509989866,342318
529.914007739236,345491
529.998505429768,366279
530.083003061708,371767
530.167500635301,361512
530.251998150792,354726
530.336495608426,354661
530.420993008449,371852
530.505490351105,392326
530.589987636639,403789
530.674484865298,410645
530.758982037325,396498
530.843479152966,373733
530.927976212466,360872
531.012473216071,357165
531.096970164025,645125
531.181467056574,740347
531.265963893962,586733
531.350460676435,483797
531.434957404238,426354
531.519454077616,394222
531.603950696814,387010
531.688447262078,383110
531.772943773652,371584
531.857440231782,361090
531.941936636713,353975
532.026432988689,368233
532.110929287956,372289
532.19542553476,380648
532.279921729345,379194
532.364417871956,364431
532.448913962839,355034
532.533410002239,350621
532.6179059904,349258
532.702401927568,346094
532.786897813989,344453
532.871393649906,383207
532.955889435567,413599
533.040385171214,399573
533.124880857094,541156
533.209376493452,571864
533.293872080533,477865
533.378367618582,420750
533.462863107844,519876
533.547358548564,536482
533.631853940988,473121
533.71634928536,432667
533.800844581926,459252
533.885339830931,452753
533.96983503262,407781
534.054330187238,379985
534.13882529503,380709
534.223320356242,376695
534.307815371118,361126
534.392310339903,351377
534.476805262844,345473
534.561300140184,343214
534.64579497217,381628
534.730289759045,390902
534.814784501056,387660
534.899279198448,384347
534.983773851465,368362
535.068268460352,375460
535.152763025356,430571
535.23725754672,538193
535.321752024691,537355
535.406246459513,461018
535.490740851431,408662
535.575235200691,378107
535.659729507538,362306
535.744223772216,2114294
535.828717994971,2603948
535.913212176048,1661378
535.997706315693,1096755
536.08220041415,828801
536.166694471664,660526
536.251188488481,526254
536.335682464845,448159
536.420176401003,405724
536.504670297198,379291
536.589164153677,361619
536.673657970684,352427
536.758151748464,353737
536.842645487263,352494
536.927139187325,348006
537.011632848896,364288
537.096126472221,370752
537.180620057546,385132
537.265113605114,402026
537.349607115172,389003
537.434100587964,375050
537.518594023736,363928
537.603087422733,355447
537.687580785199,353346
537.772074111381,369406
537.856567401522,434800
537.941060655869,509639
538.025553874667,498441
538.11004705816,461208
538.194540206593,454216
538.279033320213,461127
538.363526399263,475923
538.44801944399,496478
538.532512454637,517919
538.617005431451,550892
538.701498374677,562854
538.785991284559,559213
538.870484161343,558813
538.954977005273,573783
539.039469816596,569806
539.123962595556,549321
539.208455342398,570549
539.292948057368,583800
539.37744074071,551477
539.46193339267,534079
539.546426013493,530187
539.630918603424,542012
539.715411162708,524109
539.79990369159,500586
539.884396190315,478484
539.968888659129,599266
540.053381098277,652360
540.137873508003,564343
540.222365888553,486852
540.306858240173,440284
540.391350563106,409428
540.475842857599,428209
540.560335123896,425467
540.644827362243,415285
540.729319572884,422447
540.813811756066,405945
540.898303912032,380583
540.982796041028,364197
541.0672881433,354390
541.151780219092,351888
541.23627226865,350555
541.320764292218,350710
541.405256290042,357010
541.489748262367,378936
541.574240209438,415925
541.6587321315,421773
541.743224028798,429520
541.827715901578,429999
541.912207750085,415341
541.996699574563,410451
542.081191375258,407256
542.165683152415,421995
542.250174906279,420159
542.334666637096,400545
542.41915834511,388108
542.503650030566,502656
542.58814169371,550525
542.672633334787,526737
542.757124954042,485659
542.841616551719,433840
542.926108128065,421564
543.010599683325,409451
543.095091217743,391892
543.179582731564,532429
543.264074225034,563884
543.348565698398,474999
543.433057151901,423392
543.517548585789,395197
543.602040000305,418595
543.686531395696,442773
543.771022772206,426391
543.855514130081,424572
543.940005469566,437085
544.024496790906,424265
544.108988094346,442658
544.193479380131,457903
544.277970648506,435011
544.362461899717,410618
544.446953134009,418003
544.531444351626,418432
544.615935552814,423395
544.700426737818,432631
544.784917906884,428728
544.869409060255,444838
544.953900198178,451072
545.038391320898,438234
545.122882428659,427441
545.207373521708,419236
545.291864600288,411731
545.376355664645,405190
545.460846715024,579809
545.545337751671,627626
545.62982877483,531002
545.714319784747,489566
545.798810781666,480354
545.883301765834,454487
545.967792737495,442645
546.052283696893,433209
546.136774644275,431575
546.221265579886,421410
546.30575650397,403252
546.390247416772,391367
546.474738318539,382169
546.559229209514,379545
546.643720089944,376808
546.728210960073,372525
546.812701820146,384939
546.897192670409,415482
546.981683511106,416830
547.066174342483,399128
547.150665164785,397872
547.235155978257,413178
547.319646783145,409184
547.404137579692,396542
547.488628368145,388502
547.573119148749,380046
547.657609921748,376906
547.742100687388,394473
547.826591445914,396929
547.911082197572,388801
547.995572942605,385940
548.08006368126,380749
548.164554413782,377752
548.249045140415,375673
548.333535861404,376317
548.418026576996,472935
548.502517287435,498246
548.587007992966,448007
548.671498693834,417067
548.755989390285,433848
548.840480082563,453205
548.924970770915,434041
549.009461455584,411639
549.093952136815,416100
549.178442814856,410633
549.262933489949,394787
549.347424162341,429062
549.431914832276,436508
549.5164055,411686
549.600896165758,408528
549.685386829794,404065
549.769877492355,393405
549.854368153685,389313
549.938858814029,488382
550.023349473633,532219
550.107840132742,503146
550.1923307916,465593
550.276821450453,427329
550.361312109546,406961
550.445802769124,417497
550.530293429432,417479
550.614784090716,401777
550.69927475322,393568
550.78376541719,387866
550.868256082871,383709
550.952746750508,384986
551.037237420346,403115
551.12172809263,408725
551.206218767606,398572
551.290709445518,392029
551.375200126611,386803
551.459690811131,407644
551.544181499323,414475
551.628672191433,403858
551.713162887704,396522
551.797653588383,389065
551.882144293714,385213
551.966635003943,385404
552.051125719314,407080
552.135616440073,447036
552.220107166465,443704
552.304597898735,433166
552.389088637129,424223
552.473579381891,525810
552.558070133266,548980
552.6425608915,483277
552.727051656838,445502
552.811542429524,564291
552.896033209805,588727
552.980523997925,527147
553.065014794129,483280
553.149505598662,445988
553.23399641177,425982
553.318487233698,433033
553.402978064691,506869
553.487468904993,575158
553.571959754851,542832
553.656450614509,479201
553.740941484213,439892
553.825432364206,454999
553.909923254736,455537
553.994414156046,465696
554.078905068382,459496
554.16339599199,431277
554.247886927113,417550
554.332377873998,540800
554.416868832889,571767
554.501359804032,497617
554.585850787671,454537
554.670341784053,430082
554.754832793421,414994
554.839323816021,405614
554.923814852099,399214
555.008305901899,398246
555.092796965667,438676
555.177288043647,447750
555.261779136085,570999
555.346270243226,600466
555.430761365315,536821
555.515252502597,509649
555.599743655318,480642
555.684234823722,450255
555.768726008055,451547
555.853217208561,464254
555.937708425486,448822
556.022199659075,560219
556.106690909574,586338
556.191182177226,529673
556.275673462278,488310
556.360164764975,468748
556.444656085561,480754
556.529147424282,466298
556.613638781383,443234
556.698130157109,430277
556.782621551706,439320
556.867112965417,439009
556.951604398489,456608
557.036095851167,495533
557.120587323695,482907
557.20507881632,447984
557.289570329285,428414
557.374061862836,436752
557.458553417219,441922
557.543044992678,446944
557.627536589459,443713
557.712028207806,451819
557.796519847966,447973
557.881011510182,469272
557.9655031947,491951
558.049994901765,471784
558.134486631623,444027
558.218978384519,427153
558.303470160697,437092
558.387961960402,436881
558.472453783881,437769
558.556945631378,443984
558.641437503137,597782
558.725929399405,687308
558.810421320427,611433
558.894913266447,526387
558.97940523771,478559
559.063897234463,469076
559.14838925695,478285
559.232881305415,465235
559.317373380105,442485
559.401865481264,451117
559.486357609138,451552
559.570849763971,435358
559.65534194601,429880
559.739834155498,449393
559.824326392681,451245
559.908818657804,456689
559.993310951113,452818
560.077803272852,437563
560.162295623266,430487
560.246788002602,424360
560.331280411103,440073
560.415772849015,462946
560.500265316583,478725
560.584757814052,506686
560.669250341668,495746
560.753742899676,462425
560.83823548832,463578
560.922728107845,458964
561.007220758498,444347
561.091713440523,438606
561.176206154165,435753
561.260698899669,438569
561.345191677281,441783
561.429684487245,443342
561.514177329807,447869
561.598670205212,452957
561.683163113705,462181
561.767656055531,465746
561.852149030935,482927
561.936642040163,507339
562.021135083459,500370
562.105628161069,483497
562.190121273237,494864
562.27461442021,493780
562.359107602232,541836
562.443600819547,546791
562.528094072403,523956
562.612587361042,554962
562.697080685712,562952
562.781574046656,545791
562.866067444119,620262
562.950560878348,619010
563.035054349587,544422
563.119547858082,519925
563.204041404076,503176
563.288534987816,485104
563.373028609547,469135
563.457522269514,456812
563.542015967961,449913
563.626509705135,463579
563.71100348128,484585
563.795497296641,476701
563.879991151464,457388
563.964485045993,446572
564.048978980475,442069
564.133472955153,446106
564.217966970273,445881
564.30246102608,463551
564.386955122819,485794
564.471449260736,496833
564.555943440075,485299
564.640437661083,465600
564.724931924002,889711
564.80942622908,1025771
564.893920576561,794050
564.97841496669,663145
565.062909399713,583906
565.147403875874,584069
565.231898395419,566009
565.316392958592,514450
565.400887565639,481670
565.485382216806,464136
565.569876912336,454936
565.654371652476,449776
565.73886643747,462267
565.823361267564,466895
565.907856143003,572098
565.992351064031,599791
566.076846030894,537977
566.161341043838,499048
566.245836103106,474995
566.330331208945,463247
566.4148263616,458013
566.499321561315,472539
566.583816808336,474618
566.668312102908,482821
566.752807445276,480264
566.837302835685,474754
566.92179827438,479428
567.006293761607,477085
567.090789297611,467121
567.175284882636,492964
567.259780516928,499908
567.344276200732,479723
567.428771934293,467412
567.513267717856,479005
567.597763551667,479265
567.68225943597,466991
567.766755371011,576106
567.851251357034,605873
567.935747394286,541505
568.020243483011,540442
568.104739623454,529442
568.18923581586,625467
568.273732060474,642179
568.358228357543,561821
568.442724707309,516381
568.52722111002,490243
568.61171756592,474123
568.696214075254,468295
568.780710638267,464338
568.865207255205,460569
568.949703926312,463394
569.034200651834,484106
569.118697432015,486703
569.203194267102,474465
569.287691157338,486228
569.37218810297,519112
569.456685104242,573691
569.5411821614,571411
569.625679274688,531410
569.710176444352,525495
569.794673670637,513958
569.879170953788,490977
569.96366829405,496792
570.048165691668,535246
570.132663146887,531673
570.217160659954,543147
570.301658231112,540022
570.386155860606,511899
570.470653548683,495074
570.555151295587,484441
570.639649101562,477667
570.724146966856,473223
570.808644891712,489702
570.893142876375,517938
570.977640921091,518809
571.062139026105,517277
571.146637191662,613375
571.231135418007,625926
571.315633705386,558658
571.400132054043,538514
571.484630464223,543884
571.569128936172,528973
571.653627470135,504708
571.738126066357,531241
571.822624725083,556417
571.907123446559,535818
571.991622231028,550116
572.076121078737,580911
572.160619989931,565322
572.245118964855,548033
572.329618003753,532325
572.414117106872,535889
572.498616274455,564186
572.583115506749,550709
572.667614803999,515771
572.752114166448,495705
572.836613594344,489077
572.921113087931,487913
573.005612647453,483351
573.090112273157,479259
573.174611965286,499903
573.259111724088,541298
573.343611549805,582159
573.428111442685,713301
573.512611402971,735816
573.597111430909,886238
573.681611526744,903628
573.766111690721,793945
573.850611923086,698809
573.935112224083,606048
574.019612593957,552844
574.104113032955,526294
574.18861354132,529444
574.273114119298,525052
574.357614767134,527625
574.442115485074,522143
574.526616273362,777439
574.611117132243,845241
574.695618061963,789342
574.780119062767,744728
574.8646201349,652727
574.949121278607,604663
575.033622494133,585101
575.118123781723,576217
575.202625141623,553071
575.287126574078,525195
575.371628079332,512865
575.456129657631,507303
575.54063130922,504061
575.625133034344,522245
575.709634833249,558010
575.794136706179,554387
575.878638653379,530178
575.963140675095,513534
576.047642771572,502757
576.132144943055,499812
576.216647189789,523426
576.301149512019,528282
576.38565190999,512471
576.470154383948,502360
576.554656934138,499915
576.639159560804,522996
576.723662264192,530280
576.808165044547,691580
576.892667902114,748725
576.977170837139,654398
577.061673849866,584782
577.146176940541,545997
577.230680109408,526498
577.315183356713,517551
577.399686682701,528381
577.484190087617,660211
577.568693571706,683686
577.653197135214,605312
577.737700778385,581248
577.822204501465,562328
577.906708304698,536244
577.991212188331,714269
578.075716152607,758293
578.160220197773,670992
578.244724324073,614865
578.329228531752,608935
578.413732821056,614234
578.49823719223,581920
578.582741645518,546918
578.667246181166,545827
578.75175079942,543304
578.836255500524,547673
578.920760284723,587103
579.005265152262,583971
579.089770103388,553934
579.174275138344,534580
579.258780257375,520541
579.343285460728,514386
579.427790748647,512521
579.512296121378,509567
579.596801579165,506621
579.681307122253,511338
579.765812750888,513354
579.850318465315,509528
579.934824265779,507466
580.019330152525,506739
580.103836125799,610147
580.188342185844,640084
580.272848332908,603790
580.357354567233,576525
580.441860889067,547674
580.526367298654,531318
580.610873796238,560477
580.695380382066,564560
580.779887056382,541649
580.864393819432,559075
580.94890067146,562633
581.033407612712,541841
581.117914643433,529888
581.202421763867,524944
581.286928974261,523178
581.371436274859,539457
581.455943665907,543484
581.540451147649,550520
581.62495872033,546256
581.709466384197,530741
581.793974139493,523529
581.878481986465,557029
581.962989925357,564201
582.047497956414,582465
582.132006079881,602755
582.216514296004,579774
582.301022605028,552732
582.385531007198,591941
582.470039502758,599754
582.554548091955,568060
582.639056775033,548989
582.723565552238,534630
582.808074423814,528021
582.892583390007,524421
582.977092451061,561727
583.061601607223,572357
583.146110858736,559445
583.230620205847,559283
583.3151296488,548210
583.399639187841,552587
583.484148823214,550023
583.568658555165,538028
583.653168383939,531167
583.73767830978,563278
583.822188332935,572241
583.906698453649,568336
583.991208672165,558754
584.075718988731,541766
584.16022940359,550752
584.244739916987,549340
584.329250529169,535000
584.41376124038,526107
584.498272050865,523465
584.58278296087,524253
584.667293970638,575761
584.751805080417,626983
584.83631629045,610816
584.920827600983,574660
585.005339012262,554286
585.08985052453,559935
585.174362138034,574596
585.258873853018,582212
585.343385669727,569506
585.427897588408,548807
585.512409609304,534988
585.596921732661,527543
585.681433958724,538047
585.765946287739,539273
585.85045871995,551803
585.934971255602,575320
586.019483894941,609462
586.103996638212,620294
586.18850948566,590937
586.27302243753,564738
586.357535494067,549098
586.442048655516,673307
586.526561922122,817864
586.611075294132,774119
586.695588771789,670010
586.780102355339,611701
586.864616045027,596601
586.949129841097,577751
587.033643743797,553142
587.118157753369,540733
587.20267187006,534428
587.287186094115,530525
587.371700425779,528704
587.456214865296,526191
587.540729412912,525439
587.625244068873,524902
587.709758833423,542748
587.794273706808,549247
587.878788689272,543015
587.963303781061,536495
588.047818982419,532307
588.132334293593,547364
588.216849714827,572763
588.301365246366,569526
588.385880888455,553295
588.47039664134,542452
588.554912505266,535268
588.639428480477,551597
588.72394456722,585031
588.808460765738,621964
588.892977076278,610831
588.977493499084,575468
589.062010034401,552800
589.146526682475,540708
589.231043443551,534276
589.315560317874,530166
589.400077305689,527803
589.48459440724,527579
589.569111622774,545145
589.653628952536,579603
589.73814639677,580020
589.822663955722,559663
589.907181629636,1076458
589.991699418759,1256748
590.076217323334,1021400
590.160735343608,841656
590.245253479825,708291
590.329771732231,629584
590.41429010107,768439
590.498808586588,794754
590.58332718903,684537
590.667845908641,636235
590.752364745666,602902
590.83688370035,570975
590.921402772939,570942
591.005921963678,604745
591.090441272811,599993
591.174960700584,589257
591.259480247241,593828
591.343999913029,596359
591.428519698192,581523
591.513039602976,559393
591.597559627625,548266
591.682079772385,541692
591.7666000375,535318
591.851120423216,533889
591.935640929779,534375
592.020161557432,544403
592.104682306422,546327
592.189203176993,538911
592.273724169391,534706
592.35824528386,532443
592.442766520647,531892
592.527287879995,553974
592.611809362151,561441
592.696330967358,704705
592.780852695863,738696
592.865374547911,651296
592.949896523746,600452
593.034418623614,572303
593.11894084776,759293
593.203463196429,804544
593.287985669866,692534
593.372508268317,626314
593.457030992026,587979
593.541553841238,565577
593.626076816199,557712
593.710599917154,550402
593.795123144348,543059
593.879646498027,539277
593.964169978434,574940
594.048693585816,586273
594.133217320417,564832
594.217741182483,569649
594.302265172259,566364
594.38678928999,569991
594.47131353592,566033
594.555837910296,570152
594.640362413363,566205
594.724887045364,669106
594.809411806547,692735
594.893936697155,624324
594.978461717434,622675
595.062986867629,609871
595.147512147985,579617
595.232037558747,601150
595.316563100161,638536
595.401088772471,630196
595.485614575923,597504
595.570140510762,572929
595.654666577233,557857
595.73919277558,567301
595.82371910605,574625
595.908245568888,566195
595.992772164338,592778
596.077298892645,637726
596.161825754055,623729
596.246352748813,584846
596.330879877164,564350
596.415407139353,637019
596.499934535626,654697
596.584462066227,613113
596.668989731401,605057
596.753517531394,609605
596.838045466451,610039
596.922573536817,590349
597.007101742737,567854
597.091630084456,733520
597.17615856222,862813
597.260687176273,794751
597.345215926861,709262
597.429744814228,686820
597.51427383862,646872
597.598803000283,597618
597.68333229946,609663
597.767861736398,603426
597.852391311341,609923
597.936921024535,604739
598.021450876224,593711
598.105980866655,600722
598.190510996071,584885
598.275041264718,581588
598.359571672842,592437
598.444102220687,605625
598.528632908498,591488
598.613163736522,584579
598.697694705001,619574
598.782225814183,628349
598.866757064312,616702
598.951288455633,593134
599.035819988391,584913
599.120351662832,595609
599.2048834792,582334
599.289415437741,559301
599.3739475387,549340
599.458479782322,565843
599.543012168852,586213
599.627544698535,595531
599.712077371617,580200
599.796610188342,559616
599.881143148956,569490
599.965676253703,587488
600.05020950283,578360
600.13474289658,559471
600.2192764352,548938
600.303810118934,562537
600.388343948028,562940
600.472877922726,548433
600.557412043273,559669
600.641946309916,559422
600.726480722899,548917
600.811015282466,542720
600.895549988864,537143
600.980084842338,533195
601.064619843132,546540
601.149154991491,552292
601.233690287662,566478
601.318225731888,567939
601.402761324415,552738
601.487297065489,561451
601.571832955354,563891
601.656368994255,572665
601.740905182438,568777
601.825441520148,552402
601.90997800763,567352
601.994514645128,587376
602.079051432889,591780
602.163588371157,579427
602.248125460177,576755
602.332662700195,570201
602.417200091456,575502
602.501737634204,568581
602.586275328686,550463
602.670813175145,541243
602.755351173828,592407
602.839889324979,605773
602.924427628843,591593
603.008966085667,594934
603.093504695693,579895
603.178043459169,557260
603.262582376339,568190
603.347121447448,581004
603.431660672741,576128
603.516200052464,560054
603.600739586861,544294
603.685279276178,537548
603.769819120659,540226
603.854359120551,538092
603.938899276098,557759
604.023439587545,581871
604.107980055137,573327
604.19252067912,570902
604.277061459738,564550
604.361602397237,548531
604.446143491862,537437
604.530684743859,635168
604.615226153471,726610
604.699767720944,706416
604.784309446525,645371
604.868851330456,614180
604.953393372984,630794
605.037935574354,651488
605.122477934812,623118
605.207020454601,711309
605.291563133967,722515
605.376105973156,645538
605.460648972412,597886
605.545192131981,564746
605.629735452108,546292
605.714278933038,535197
605.798822575015,571536
605.883366378286,582108
605.967910343095,557240
606.052454469688,540642
606.136998758309,534702
606.221543209204,553228
606.306087822618,556333
606.390632598795,541941
606.475177537982,552011
606.559722640423,572124
606.644267906364,582320
606.728813336049,588642
606.813358929724,572936
606.897904687633,549880
606.982450610022,537230
607.066996697137,528174
607.151542949221,542457
607.236089366521,564481
607.320635949282,557347
607.405182697748,540617
607.489729612165,555947
607.574276692777,558581
607.658823939831,542566
607.74337135357,551957
607.827918934241,570034
607.912466682089,561284
607.997014597358,542355
608.081562680293,593309
608.16611093114,604617
608.250659350145,589190
608.335207937551,589835
608.419756693605,584450
608.504305618551,564491
608.588854712634,563937
608.6734039761,557212
608.757953409194,599865
608.84250301216,630330
608.927052785245,598927
609.011602728693,567739
609.096152842749,549010
609.180703127658,534523
609.265253583666,525267
609.349804211018,523852
609.434355009958,540041
609.518905980733,541010
609.603457123586,570496
609.688008438764,763202
609.772559926511,788064
609.857111587073,671942
609.941663420694,603428
610.02621542762,563770
610.110767608096,563609
610.195319962366,556876
610.279872490677,537561
610.364425193274,526568
610.4489780704,520820
610.533531122303,518222
610.618084349226,522342
610.702637751414,541900
610.787191329114,560396
610.87174508257,550900
610.956299012027,571615
611.04085311773,572345
611.125407399925,547516
611.209961858857,532249
611.29451649477,662553
611.37907130791,741598
611.463626298523,676764
611.548181466852,625488
611.632736813144,629621
611.717292337643,610349
611.801848040595,569900
611.886403922244,546447
611.970959982837,552275
612.055516222617,562645
612.14007264183,572976
612.224629240722,582071
612.309186019537,572631
612.39374297852,636634
612.478300117917,649547
612.562857437973,694433
612.647414938933,704336
612.731972621042,634301
612.816530484545,578951
612.901088529688,648938
612.985646756714,658556
613.070205165871,612689
613.154763757402,579944
613.239322531553,549535
613.323881488569,551644
613.408440628695,545438
613.492999952176,527991
613.577559459258,537392
613.662119150185,554580
613.746679025203,544665
613.831239084557,526686
613.915799328492,536215
614.000359757252,535596
614.084920371084,522860
614.169481170232,516877
614.254042154942,517977
614.338603325458,514857
614.423164682026,532662
614.507726224891,554128
614.592287954298,543685
614.676849870492,633486
614.761411973718,651930
614.845974264222,586301
614.930536742248,550171
615.015099408042,550640
615.099662261849,543992
615.184225303914,525274
615.268788534481,533552
615.353351953797,531900
615.437915562106,555611
615.522479359654,560921
615.607043346685,534776
615.691607523446,616662
615.776171890179,633651
615.860736447132,575572
615.94530119455,543758
616.029866132676,543214
616.114431261757,538123
616.198996582037,542843
616.283562093762,555544
616.368127797177,563152
616.452693692527,548727
616.537259780057,524098
616.621826060012,530327
616.706392532638,550022
616.790959198179,541436
616.87552605688,520434
616.960093108988,636747
617.044660354746,667808
617.1292277944,648098
617.213795428195,668936
617.298363256377,631380
617.38293127919,573250
617.46749949688,537874
617.552067909691,516225
617.63663651787,502881
617.72120532166,2959977
617.805774321307,3677187
617.890343517057,2365473
617.974912909154,1563132
618.059482497843,1101725
618.14405228337,839850
618.22862226598,689439
618.313192445918,600227
618.397762823429,635617
618.482333398757,653419
618.56690417215,599535
618.65147514385,572638
618.736046314105,550382
618.820617683158,524884
618.905189251254,511880
618.98976101864,506939
619.07433298556,500186
619.158905152259,522572
619.243477518983,655717
619.328050085976,672608
619.412622853484,612602
619.497195821751,591297
619.581768991023,605410
619.666342361546,583723
619.750915933564,540610
619.835489707321,516083
619.920063683065,541920
620.004637861039,562520
620.089212241489,539468
620.173786824659,513729
620.258361610796,506959
620.342936600144,501306
620.427511792947,495213
620.512087189453,528241
620.596662789905,694506
620.681238594548,774207
620.765814603629,694288
620.850390817391,605839
620.93496723608,571329
621.019543859942,586579
621.104120689221,571576
621.188697724162,544960
621.273274965011,524073
621.357852412012,502297
621.442430065412,498365
621.527007925454,492855
621.611585992385,502193
621.696164266449,509375
621.780742747892,498470
621.865321436958,486508
621.949900333892,483194
622.03447943894,499303
622.119058752348,502770
622.203638274359,490535
622.28821800522,505135
622.372797945175,508278
622.457378094469,498151
622.541958453348,487840
622.626539022057,488549
622.711119800841,488734
622.795700789945,482341
622.880281989613,553365
622.964863400093,570137
623.049445021627,526906
623.134026854462,503146
623.218608898843,488646
623.303191155015,502034
623.387773623222,508239
623.472356303711,516832
623.556939196726,529839
623.641522302512,516779
623.726105621315,494371
623.810689153379,501277
623.89527289895,499016
623.979856858273,504195
624.064441031593,536014
624.149025419156,549370
624.233610021205,564063
624.318194837987,565402
624.402779869747,553978
624.487365116729,563192
624.571950579179,562513
624.656536257342,531955
624.741122151463,500757
624.825708261788,499465
624.91029458856,535129
624.994881132027,530681
625.079467892432,518060
625.16405487002,505530
625.248642065038,488236
625.33322947773,679456
625.41781710834,746798
625.502404957115,1415473
625.5869930243,1578395
625.671581310139,1123863
625.756169814878,3065143
625.840758538762,3520214
625.925347482035,2236974
626.009936644944,1534800
626.094526027733,1113631
626.179115630648,831144
626.263705453933,674415
626.348295497833,601823
626.432885762595,551928
626.517476248462,511172
626.60206695568,569980
626.686657884495,578288
626.771249035151,524573
626.855840407893,532490
626.940432002967,524693
627.025023820618,524780
627.10961586109,608638
627.19420812463,606537
627.278800611482,603908
627.363393321891,597648
627.447986256102,749115
627.532579414361,765272
627.617172796912,635642
627.701766404002,555677
627.786360235874,509830
627.870954292774,504537
627.955548574948,493579
628.04014308264,557963
628.124737816095,570451
628.209332775559,536424
628.293927961276,510640
628.378523373493,482549
628.463119012454,465273
628.547714878403,458006
628.632310971587,477150
628.716907292251,497402
628.801503840639,505707
628.886100616996,491308
628.970697621569,470076
629.055294854601,459704
629.139892316339,473719
629.224490007026,491936
629.309087926909,485400
629.393686076233,486180
629.478284455242,478574
629.562883064182,459944
629.647481903298,450326
629.732080972835,446214
629.816680273037,459622
629.901279804152,460801
629.985879566422,469132
630.070479560095,490986
630.155079785414,499117
630.239680242624,482583
630.324280931972,461601
630.408881853702,496849
630.493483008059,515197
630.578084395288,488438
630.662686015635,463667
630.747287869345,483037
630.831889956662,486014
630.916492277832,464330
631.001094833101,449848
631.085697622712,443619
631.170300646912,461714
631.254903905945,465225
631.339507400056,490705
631.424111129492,507410
631.508715094496,528579
631.593319295314,582852
631.677923732192,580404
631.762528405373,544703
631.847133315104,521941
631.93173846163,492137
632.016343845195,483023
632.100949466045,471229
632.185555324425,451199
632.270161420579,440215
632.354767754754,436193
632.439374327195,448245
632.523981138146,448375
632.608588187852,435814
632.693195476559,439402
632.777803004512,440453
632.862410771956,439810
632.947018779136,442044
633.031627026297,443402
633.116235513685,459363
633.200844241544,497879
633.28545321012,494156
633.370062419658,463698
633.454671870403,446570
633.539281562599,436982
633.623891496493,431399
633.708501672329,428197
633.793112090353,443621
633.877722750809,445180
633.962333653943,434352
634.0469448,426588
634.131556189225,422082
634.216167821863,438289
634.300779698159,441682
634.385391818359,430418
634.470004182707,426410
634.554616791449,422983
634.639229644829,442279
634.723842743094,543549
634.808456086488,575451
634.893069675256,519471
634.977683509643,492526
635.062297589895,493540
635.146911916256,493516
635.231526488972,473216
635.316141308288,1909138
635.400756374449,2299878
635.4853716877,1546404
635.569987248286,1106445
635.654603056453,821466
635.739219112446,650325
635.823835416509,555443
635.908451968888,534836
635.993068769827,629825
636.077685819573,621930
636.16230311837,660834
636.246920666464,642770
636.331538464099,1266120
636.41615651152,1407943
636.500774808974,986747
636.585393356704,736744
636.670012154956,736838
636.754631203976,717553
636.839250504007,601816
636.923870055296,518892
637.008489858088,486554
637.093109912628,465578
637.17773021916,441571
637.26235077793,425214
637.346971589183,472886
637.431592653165,507265
637.51621397012,481980
637.600835540293,462943
637.68545736393,463575
637.770079441276,467705
637.854701772576,452724
637.939324358074,431972
638.023947198017,419488
