0,464.9839,69298,692.98
1,465.068515076491,69175,691.75
2,465.153129906126,69363,693.63
3,465.237744489151,68984,689.84
4,465.322358825812,68861,688.61
5,465.406972916352,69037,690.37
6,465.491586761018,69119,691.19
7,465.576200360054,69275,692.75
8,465.660813713705,69272,692.72
9,465.745426822218,69314,693.14
10,465.830039685836,69390,693.9
11,465.914652304805,69526,695.26
12,465.99926467937,69627,696.27
13,466.083876809776,69584,695.84
14,466.168488696269,69677,696.77
15,466.253100339093,195224,1952.24
16,466.337711738494,230795,2307.95
17,466.422322894716,164441,1644.41
18,466.506933808006,125061,1250.61
19,466.591544478607,102418,1024.18
20,466.676154906766,89183,891.83
21,466.760765092726,81802,818.02
22,466.845375036735,80816,808.16
23,466.929984739036,79851,798.51
24,467.014594199874,77529,775.29
25,467.099203419495,75763,757.63
26,467.183812398145,74204,742.04
27,467.268421136067,73371,733.71
28,467.353029633508,100149,1001.49
29,467.437637890711,109251,1092.51
30,467.522245907924,98375,983.75
31,467.60685368539,89492,894.92
32,467.691461223355,81971,819.71
33,467.776068522063,78215,782.15
34,467.860675581761,75864,758.64
35,467.945282402693,78583,785.83
36,468.029888985104,84759,847.59
37,468.11449532924,83854,838.54
38,468.199101435345,82048,820.48
39,468.283707303665,79624,796.24
40,468.368312934445,76193,761.93
41,468.45291832793,77393,773.93
42,468.537523484364,79991,799.91
43,468.622128403994,101652,1016.52
44,468.706733087065,111714,1117.14
45,468.791337533821,99627,996.27
46,468.875941744507,87681,876.81
47,468.96054571937,81317,813.17
48,469.045149458653,77894,778.94
49,469.129752962602,75663,756.63
50,469.214356231462,73840,738.4
51,469.298959265479,73290,732.9
52,469.383562064897,73351,733.51
53,469.468164629962,73242,732.42
54,469.552766960919,75754,757.54
55,469.637369058012,79281,792.81
56,469.721970921487,78397,783.97
57,469.80657255159,76321,763.21
58,469.891173948565,77792,777.92
59,469.975775112657,77256,772.56
60,470.060376044111,74976,749.76
61,470.144976743173,73767,737.67
62,470.229577210088,76224,762.24
63,470.314177445101,76902,769.02
64,470.398777448457,78345,783.45
65,470.483377220402,100020,1000.2
66,470.567976761179,106671,1066.71
67,470.652576071035,96040,960.4
68,470.737175150215,86755,867.55
69,470.821773998963,80544,805.44
70,470.906372617525,80128,801.28
71,470.990971006146,78675,786.75
72,471.075569165072,107069,1070.69
73,471.160167094546,114705,1147.05
74,471.244764794815,100702,1007.02
75,471.329362266123,90852,908.52
76,471.413959508717,86039,860.39
77,471.498556522839,88747,887.47
78,471.583153308737,89495,894.95
79,471.667749866655,86487,864.87
80,471.752346196838,85419,854.19
81,471.836942299532,85571,855.71
82,471.921538174981,89095,890.95
83,472.00613382343,86765,867.65
84,472.090729245126,80706,807.06
85,472.175324440312,77086,770.86
86,472.259919409234,77832,778.32
87,472.344514152137,77071,770.71
88,472.429108669267,74352,743.52
89,472.513702960868,74225,742.25
90,472.598297027185,76128,761.28
91,472.682890868465,75967,759.67
92,472.767484484951,74297,742.97
93,472.852077876889,73129,731.29
94,472.936671044524,75982,759.82
95,473.021263988101,76859,768.59
96,473.105856707865,75471,754.71
97,473.190449204062,79626,796.26
98,473.275041476937,93898,938.98
99,473.359633526735,100185,1001.85
100,473.4442253537,92242,922.42
101,473.528816958078,86459,864.59
102,473.613408340115,85218,852.18
103,473.697999500055,81711,817.11
104,473.782590438143,77935,779.35
105,473.867181154625,76155,761.55
106,473.951771649745,78888,788.88
107,474.03636192375,78879,788.79
108,474.120951976883,76555,765.55
109,474.20554180939,75201,752.01
110,474.290131421517,74033,740.33
111,474.374720813508,76867,768.67
112,474.459309985608,77321,773.21
113,474.543898938063,74847,748.47
114,474.628487671118,73362,733.62
115,474.713076185018,72882,728.82
116,474.797664480008,76210,762.1
117,474.882252556332,105049,1050.49
118,474.966840414238,113492,1134.92
119,475.051428053968,130170,1301.7
120,475.13601547577,128009,1280.09
121,475.220602679887,104606,1046.06
122,475.305189666564,90471,904.71
123,475.389776436048,82317,823.17
124,475.474362988583,77662,776.62
125,475.558949324414,74730,747.3
126,475.643535443787,73354,733.54
127,475.728121346946,72879,728.79
128,475.812707034136,72482,724.82
129,475.897292505604,94555,945.55
130,475.981877761593,104845,1048.45
131,476.066462802349,97047,970.47
132,476.151047628118,91304,913.04
133,476.235632239144,84899,848.99
134,476.320216635672,79174,791.74
135,476.404800817948,79220,792.2
136,476.489384786216,78732,787.32
137,476.573968540723,80590,805.9
138,476.658552081712,99092,990.92
139,476.74313540943,101595,1015.95
140,476.827718524121,90055,900.55
141,476.91230142603,82722,827.22
142,476.996884115403,81550,815.5
143,477.081466592484,79934,799.34
144,477.166048857519,76453,764.53
145,477.250630910753,77759,777.59
146,477.335212752432,77518,775.18
147,477.419794382799,75135,751.35
148,477.504375802101,77134,771.34
149,477.588957010582,77707,777.07
150,477.673538008487,75657,756.57
151,477.758118796063,115293,1152.93
152,477.842699373553,126274,1262.74
153,477.927279741204,103794,1037.94
154,478.011859899259,90112,901.12
155,478.096439847965,82136,821.36
156,478.181019587566,78278,782.78
157,478.265599118308,76478,764.78
158,478.350178440435,74589,745.89
159,478.434757554193,73532,735.32
160,478.519336459827,85007,850.07
161,478.603915157582,87776,877.76
162,478.688493647704,80764,807.64
163,478.773071930436,134710,1347.1
164,478.857650006026,148636,1486.36
165,478.942227874716,117260,1172.6
166,479.026805536754,109636,1096.36
167,479.111382992383,103604,1036.04
168,479.19596024185,94544,945.44
169,479.280537285398,87178,871.78
170,479.365114123274,80873,808.73
171,479.449690755722,76740,767.4
172,479.534267182988,74178,741.78
173,479.618843405317,72869,728.69
174,479.703419422953,75473,754.73
175,479.787995236142,80115,801.15
176,479.87257084513,79450,794.5
177,479.95714625016,76556,765.56
178,480.041721451479,74798,747.98
179,480.126296449331,73724,737.24
180,480.210871243962,75748,757.48
181,480.295445835617,76496,764.96
182,480.380020224541,77791,777.91
183,480.464594410979,77447,774.47
184,480.549168395175,78081,780.81
185,480.633742177377,77467,774.67
186,480.718315757827,74885,748.85
187,480.802889136772,73532,735.32
188,480.887462314457,72718,727.18
189,480.972035291127,72055,720.55
190,481.056608067026,75625,756.25
191,481.141180642401,88038,880.38
192,481.225753017496,88856,888.56
193,481.310325192556,81133,811.33
194,481.394897167827,79711,797.11
195,481.479468943554,78452,784.52
196,481.564040519981,75748,757.48
197,481.648611897354,74206,742.06
198,481.733183075918,72873,728.73
199,481.817754055918,75253,752.53
200,481.9023248376,75640,756.4
201,481.986895421208,76596,765.96
202,482.071465806988,109264,1092.64
203,482.156035995184,116280,1162.8
204,482.240605986042,100687,1006.87
205,482.325175779807,90531,905.31
206,482.409745376725,82680,826.8
207,482.494314777039,78053,780.53
208,482.578883980996,75189,751.89
209,482.663452988841,74060,740.6
210,482.748021800818,73299,732.99
211,482.832590417173,72849,728.49
212,482.91715883815,76069,760.69
213,483.001727063996,79836,798.36
214,483.086295094955,78847,788.47
215,483.170862931273,76153,761.53
216,483.255430573193,75163,751.63
217,483.339998020963,77566,775.66
218,483.424565274826,78081,780.81
219,483.509132335028,75938,759.38
220,483.593699201814,74430,744.3
221,483.678265875429,76435,764.35
222,483.762832356118,76582,765.82
223,483.847398644127,74469,744.69
224,483.9319647397,76069,760.69
225,484.016530643083,86993,869.93
226,484.101096354521,88561,885.61
227,484.185661874258,82342,823.42
228,484.270227202541,78134,781.34
229,484.354792339614,75701,757.01
230,484.439357285722,74529,745.29
231,484.523922041111,76684,766.84
232,484.608486606025,79824,798.24
233,484.69305098071,78835,788.35
234,484.777615165411,77695,776.95
235,484.862179160373,79711,797.11
236,484.946742965841,78607,786.07
237,485.03130658206,78118,781.18
238,485.115870009276,80644,806.44
239,485.200433247733,79545,795.45
240,485.284996297677,76599,765.99
241,485.369559159353,97878,978.78
242,485.454121833005,106090,1060.9
243,485.53868431888,93655,936.55
244,485.623246617222,85734,857.34
245,485.707808728276,80876,808.76
246,485.792370652288,76959,769.59
247,485.876932389502,77727,777.27
248,485.961493940164,77440,774.4
249,486.046055304519,75120,751.2
250,486.130616482813,74666,746.66
251,486.215177475289,74348,743.48
252,486.299738282193,79956,799.56
253,486.384298903771,81393,813.93
254,486.468859340268,77349,773.49
255,486.553419591928,74434,744.34
256,486.637979658997,73518,735.18
257,486.722539541719,73094,730.94
258,486.807099240341,75116,751.16
259,486.891658755108,75544,755.44
260,486.976218086263,73720,737.2
261,487.060777234053,72651,726.51
262,487.145336198723,72295,722.95
263,487.229894980517,72141,721.41
264,487.314453579682,72529,725.29
265,487.399011996461,72971,729.71
266,487.483570231101,72599,725.99
267,487.568128283845,72058,720.58
268,487.652686154941,71813,718.13
269,487.737243844632,72034,720.34
270,487.821801353163,76349,763.49
271,487.906358680781,77225,772.25
272,487.990915827729,74827,748.27
273,488.075472794253,73753,737.53
274,488.160029580599,77466,774.66
275,488.244586187011,78232,782.32
276,488.329142613735,75850,758.5
277,488.413698861015,80528,805.28
278,488.498254929097,81351,813.51
279,488.582810818225,81062,810.62
280,488.667366528646,80835,808.35
281,488.751922060605,77793,777.93
282,488.836477414345,75710,757.1
283,488.921032590113,74897,748.97
284,489.005587588153,75667,756.67
285,489.090142408711,102300,1023
286,489.174697052032,111492,1114.92
287,489.259251518361,100109,1001.09
288,489.343805807943,90167,901.67
289,489.428359921024,82145,821.45
290,489.512913857847,77294,772.94
291,489.597467618659,75078,750.78
292,489.682021203705,85114,851.14
293,489.76657461323,87387,873.87
294,489.851127847479,80483,804.83
295,489.935680906696,78230,782.3
296,490.020233791128,76652,766.52
297,490.104786501019,74417,744.17
298,490.189339036615,76573,765.73
299,490.27389139816,76763,767.63
300,490.3584435859,74396,743.96
301,490.44299560008,73285,732.85
302,490.527547440945,72609,726.09
303,490.612099108739,72052,720.52
304,490.69665060371,71521,715.21
305,490.7812019261,71370,713.7
306,490.865753076156,74500,745
307,490.950304054123,75594,755.94
308,491.034854860246,74312,743.12
309,491.119405494769,73538,735.38
310,491.203955957939,73096,730.96
311,491.288506249999,73133,731.33
312,491.373056371197,72599,725.99
313,491.457606321775,75757,757.57
314,491.54215610198,77455,774.55
315,491.626705712057,75398,753.98
316,491.711255152251,73422,734.22
317,491.795804422807,72250,722.5
318,491.88035352397,71730,717.3
319,491.964902455985,71896,718.96
320,492.049451219098,75445,754.45
321,492.133999813553,76157,761.57
322,492.218548239596,74239,742.39
323,492.303096497471,75877,758.77
324,492.387644587425,78142,781.42
325,492.472192509702,79659,796.59
326,492.556740264546,86124,861.24
327,492.641287852205,85514,855.14
328,492.725835272921,79791,797.91
329,492.810382526942,77016,770.16
330,492.894929614511,85078,850.78
331,492.979476535874,86405,864.05
332,493.064023291276,80339,803.39
333,493.148569880962,78825,788.25
334,493.233116305178,77319,773.19
335,493.317662564167,74951,749.51
336,493.402208658177,74225,742.25
337,493.486754587451,73210,732.1
338,493.571300352235,72329,723.29
339,493.655845952774,71943,719.43
340,493.740391389313,74965,749.65
341,493.824936662097,75658,756.58
342,493.909481771372,76515,765.15
343,493.994026717382,76011,760.11
344,494.078571500372,73927,739.27
345,494.163116120589,73161,731.61
346,494.247660578276,72845,728.45
347,494.33220487368,100651,1006.51
348,494.416749007044,108707,1087.07
349,494.501292978615,93794,937.94
350,494.585836788637,84553,845.53
351,494.670380437356,79484,794.84
352,494.754923925017,76915,769.15
353,494.839467251864,78359,783.59
354,494.924010418144,77811,778.11
355,495.0085534241,75409,754.09
356,495.093096269979,87922,879.22
357,495.177638956025,90757,907.57
358,495.262181482484,85630,856.3
359,495.3467238496,84357,843.57
360,495.431266057619,80514,805.14
361,495.515808106786,79834,798.34
362,495.600349997346,78744,787.44
363,495.684891729544,75669,756.69
364,495.769433303626,75214,752.14
365,495.853974719836,74521,745.21
366,495.938515978419,73012,730.12
367,496.023057079622,72313,723.13
368,496.107598023688,72082,720.82
369,496.192138810863,75039,750.39
370,496.276679441392,75642,756.42
371,496.361219915521,75689,756.89
372,496.445760233493,104356,1043.56
373,496.530300395556,111387,1113.87
374,496.614840401953,95099,950.99
375,496.69938025293,90096,900.96
376,496.783919948731,85992,859.92
377,496.868459489603,83433,834.33
378,496.95299887579,80603,806.03
379,497.037538107538,83435,834.35
380,497.12207718509,83094,830.94
381,497.206616108694,81379,813.79
382,497.291154878593,79496,794.96
383,497.375693495033,76602,766.02
384,497.460231958259,74347,743.47
385,497.544770268516,72970,729.7
386,497.629308426049,72872,728.72
387,497.713846431104,72676,726.76
388,497.798384283926,75000,750
389,497.882921984759,75402,754.02
390,497.967459533848,73885,738.85
391,498.05199693144,76151,761.51
392,498.136534177779,80224,802.24
393,498.22107127311,79553,795.53
394,498.305608217678,76345,763.45
395,498.390145011729,74282,742.82
396,498.474681655507,72963,729.63
397,498.559218149259,72355,723.55
398,498.643754493228,72567,725.67
399,498.72829068766,72326,723.26
400,498.8128267328,71889,718.89
401,498.897362628894,71828,718.28
402,498.981898376185,71703,717.03
403,499.066433974921,72106,721.06
404,499.150969425345,75787,757.87
405,499.235504727703,90071,900.71
406,499.32003988224,91684,916.84
407,499.404574889201,85879,858.79
408,499.489109748831,82486,824.86
409,499.573644461376,78530,785.3
410,499.65817902708,75918,759.18
411,499.742713446188,74663,746.63
412,499.827247718947,73764,737.64
413,499.9117818456,72955,729.55
414,499.996315826393,72380,723.8
415,500.080849661572,71898,718.98
416,500.165383351381,72087,720.87
417,500.249916896065,72106,721.06
418,500.33445029587,72243,722.43
419,500.41898355104,89536,895.36
420,500.503516661822,94285,942.85
421,500.588049628459,84763,847.63
422,500.672582451197,79581,795.81
423,500.757115130282,76590,765.9
424,500.841647665958,74544,745.44
425,500.92618005847,73328,733.28
426,501.010712308064,96514,965.14
427,501.095244414985,105800,1058
428,501.179776379478,96810,968.1
429,501.264308201788,88083,880.83
430,501.34883988216,84430,844.3
431,501.433371420839,80955,809.55
432,501.517902818071,76602,766.02
433,501.6024340741,78220,782.2
434,501.686965189172,80350,803.5
435,501.771496163532,78140,781.4
436,501.856026997425,75129,751.29
437,501.940557691096,73400,734
438,502.02508824479,72486,724.86
439,502.109618658753,75910,759.1
440,502.194148933229,76679,766.79
441,502.278679068464,74443,744.43
442,502.363209064702,73538,735.38
443,502.44773892219,72831,728.31
444,502.532268641171,75127,751.27
445,502.616798221892,75804,758.04
446,502.701327664597,74453,744.53
447,502.785856969531,73299,732.99
448,502.87038613694,75780,757.8
449,502.954915167069,79241,792.41
450,503.039444060163,78053,780.53
451,503.123972816466,75458,754.58
452,503.208501436225,77281,772.81
453,503.293029919684,77743,777.43
454,503.377558267088,78621,786.21
455,503.462086478683,81295,812.95
456,503.546614554714,83826,838.26
457,503.631142495425,81637,816.37
458,503.715670301062,77068,770.68
459,503.800197971871,74526,745.26
460,503.884725508095,73199,731.99
461,503.969252909981,75389,753.89
462,504.053780177773,78933,789.33
463,504.138307311717,78322,783.22
464,504.222834312058,79034,790.34
465,504.307361179041,78690,786.9
466,504.39188791291,79308,793.08
467,504.476414513912,79896,798.96
468,504.560940982291,92476,924.76
469,504.645467318292,93967,939.67
470,504.729993522161,84047,840.47
471,504.814519594143,81444,814.44
472,504.899045534482,81626,816.26
473,504.983571343424,83291,832.91
474,505.068097021215,84401,844.01
475,505.152622568098,84059,840.59
476,505.23714798432,94026,940.26
477,505.321673270126,93767,937.67
478,505.40619842576,84774,847.74
479,505.490723451468,79447,794.47
480,505.575248347494,79071,790.71
481,505.659773114085,77713,777.13
482,505.744297751485,100713,1007.13
483,505.828822259939,109669,1096.69
484,505.913346639693,95885,958.85
485,505.997870890991,85352,853.52
486,506.082395014079,79293,792.93
487,506.166919009201,75907,759.07
488,506.251442876604,73835,738.35
489,506.335966616531,75685,756.85
490,506.420490229229,75959,759.59
491,506.505013714942,74550,745.5
492,506.589537073916,73912,739.12
493,506.674060306396,76023,760.23
494,506.758583412626,76995,769.95
495,506.843106392852,75149,751.49
496,506.927629247319,73855,738.55
497,507.012151976272,72891,728.91
498,507.096674579957,75135,751.35
499,507.181197058618,76298,762.98
500,507.2657194125,74770,747.7
501,507.350241641849,100080,1000.8
502,507.43476374691,110236,1102.36
503,507.519285727928,96462,964.62
504,507.603807585148,85925,859.25
505,507.688329318816,80241,802.41
506,507.772850929175,79936,799.36
507,507.857372416473,81640,816.4
508,507.941893780953,79715,797.15
509,508.02641502286,76668,766.68
510,508.110936142441,74759,747.59
511,508.195457139939,76227,762.27
512,508.279978015601,76218,762.18
513,508.364498769671,74829,748.29
514,508.449019402395,73834,738.34
515,508.533539914017,72956,729.56
516,508.618060304783,75139,751.39
517,508.702580574937,75447,754.47
518,508.787100724726,73971,739.71
519,508.871620754394,74616,746.16
520,508.956140664186,87931,879.31
521,509.040660454347,94618,946.18
522,509.125180125123,101561,1015.61
523,509.209699676758,98871,988.71
524,509.294219109499,104465,1044.65
525,509.378738423589,102390,1023.9
526,509.463257619274,93093,930.93
527,509.5477766968,86419,864.19
528,509.632295656411,79930,799.3
529,509.716814498352,76243,762.43
530,509.801333222869,74043,740.43
531,509.885851830207,72864,728.64
532,509.97037032061,72626,726.26
533,510.054888694324,72330,723.3
534,510.139406951595,75501,755.01
535,510.223925092667,75863,758.63
536,510.308443117785,73767,737.67
537,510.392961027195,73391,733.91
538,510.477478821141,76410,764.1
539,510.56199649987,79794,797.94
540,510.646514063625,81879,818.79
541,510.731031512652,83125,831.25
542,510.815548847197,80394,803.94
543,510.900066067503,77425,774.25
544,510.984583173818,75403,754.03
545,511.069100166384,76419,764.19
546,511.153617045449,75997,759.97
547,511.238133811256,77241,772.41
548,511.322650464052,77126,771.26
549,511.407167004081,74685,746.85
550,511.491683431587,79695,796.95
551,511.576199746818,80822,808.22
552,511.660715950017,80047,800.47
553,511.745232041429,78611,786.11
554,511.829748021301,75745,757.45
555,511.914263889876,74260,742.6
556,511.9987796474,74287,742.87
557,512.083295294119,73824,738.24
558,512.167810830277,73431,734.31
559,512.252326256119,75370,753.7
560,512.336841571891,77966,779.66
561,512.421356777838,90630,906.3
562,512.505871874205,92372,923.72
563,512.590386861236,87421,874.21
564,512.674901739178,82745,827.45
565,512.759416508275,77927,779.27
566,512.843931168773,75104,751.04
567,512.928445720916,76480,764.8
568,513.01296016495,79692,796.92
569,513.097474501119,78296,782.96
570,513.18198872967,75622,756.22
571,513.266502850847,74270,742.7
572,513.351016864895,76745,767.45
573,513.435530772059,77473,774.73
574,513.520044572585,75318,753.18
575,513.604558266717,73595,735.95
576,513.689071854701,78888,788.88
577,513.773585336782,82095,820.95
578,513.858098713206,82779,827.79
579,513.942611984216,83868,838.68
580,514.027125150058,86788,867.88
581,514.111638210978,88129,881.29
582,514.196151167221,83798,837.98
583,514.280664019031,78590,785.9
584,514.365176766654,75820,758.2
585,514.449689410336,76660,766.6
586,514.53420195032,79106,791.06
587,514.618714386852,78031,780.31
588,514.703226720178,75226,752.26
589,514.787738950542,73803,738.03
590,514.87225107819,72955,729.55
591,514.956763103367,72297,722.97
592,515.041275026318,71828,718.28
593,515.125786847287,78839,788.39
594,515.210298566521,80810,808.1
595,515.294810184265,76862,768.62
596,515.379321700762,74757,747.57
597,515.463833116259,74058,740.58
598,515.548344431001,73018,730.18
599,515.632855645233,75490,754.9
600,515.7173667592,76072,760.72
601,515.801877773147,75560,755.6
602,515.886388687319,77950,779.5
603,515.970899501962,77186,771.86
604,516.05541021732,74421,744.21
605,516.139920833639,72991,729.91
606,516.224431351163,72342,723.42
607,516.308941770138,72394,723.94
608,516.39345209081,72176,721.76
609,516.477962313423,71667,716.67
610,516.562472438222,74399,743.99
611,516.646982465452,78458,784.58
612,516.731492395359,82615,826.15
613,516.816002228188,81798,817.98
614,516.900511964184,78131,781.31
615,516.985021603591,81540,815.4
616,517.069531146656,87559,875.59
617,517.154040593623,94526,945.26
618,517.238549944738,91538,915.38
619,517.323059200245,86052,860.52
620,517.40756836039,82179,821.79
621,517.492077425417,77943,779.43
622,517.576586395573,75393,753.93
623,517.661095271101,100045,1000.45
624,517.745604052248,106229,1062.29
625,517.830112739258,91635,916.35
626,517.914621332376,89705,897.05
627,517.999129831848,87217,872.17
628,518.083638237919,81082,810.82
629,518.168146550834,77309,773.09
630,518.252654770838,74746,747.46
631,518.337162898176,73123,731.23
632,518.421670933093,72419,724.19
633,518.506178875835,72258,722.58
634,518.590686726646,71738,717.38
635,518.675194485772,72083,720.83
636,518.759702153457,74943,749.43
637,518.844209729948,75465,754.65
638,518.928717215489,73681,736.81
639,519.013224610325,75768,757.68
640,519.097731914701,76747,767.47
641,519.182239128863,75058,750.58
642,519.266746253055,73739,737.39
643,519.351253287523,72947,729.47
644,519.435760232512,72458,724.58
645,519.520267088267,72505,725.05
646,519.604773855033,72300,723
647,519.689280533056,72061,720.61
648,519.77378712258,71967,719.67
649,519.85829362385,71701,717.01
650,519.942800037113,74920,749.2
651,520.027306362612,75810,758.1
652,520.111812600593,73691,736.91
653,520.196318751301,72449,724.49
654,520.280824814981,71674,716.74
655,520.365330791879,71268,712.68
656,520.449836682239,71674,716.74
657,520.534342486307,72096,720.96
658,520.618848204327,71818,718.18
659,520.703353836546,74192,741.92
660,520.787859383207,74821,748.21
661,520.872364844557,79198,791.98
662,520.95687022084,97255,972.55
663,521.041375512301,98681,986.81
664,521.125880719186,87264,872.64
665,521.21038584174,80588,805.88
666,521.294890880208,88729,887.29
667,521.379395834834,89792,897.92
668,521.463900705865,85007,850.07
669,521.548405493545,81540,815.4
670,521.632910198119,77308,773.08
671,521.717414819833,74788,747.88
672,521.801919358931,73291,732.91
673,521.88642381566,72460,724.6
674,521.970928190263,75239,752.39
675,522.055432482986,248624,2486.24
676,522.139936694074,295044,2950.44
677,522.224440823773,204297,2042.97
678,522.308944872327,149972,1499.72
679,522.393448839982,117395,1173.95
680,522.477952726982,101341,1013.41
681,522.562456533574,106237,1062.37
682,522.646960260001,102389,1023.89
683,522.731463906509,93171,931.71
684,522.815967473344,89532,895.32
685,522.90047096075,83950,839.5
686,522.984974368973,78427,784.27
687,523.069477698257,75173,751.73
688,523.153980948848,73509,735.09
689,523.238484120991,72864,728.64
690,523.322987214931,72696,726.96
691,523.407490230914,75799,757.99
692,523.491993169183,79955,799.55
693,523.576496029985,110747,1107.47
694,523.660998813565,116391,1163.91
695,523.745501520167,123835,1238.35
696,523.830004150038,119995,1199.95
697,523.914506703421,99965,999.65
698,523.999009180562,88093,880.93
699,524.083511581707,80971,809.71
700,524.1680139071,76787,767.87
701,524.252516156987,74318,743.18
702,524.337018331612,73043,730.43
703,524.421520431221,75537,755.37
704,524.506022456059,76257,762.57
705,524.590524406371,74416,744.16
706,524.675026282403,92181,921.81
707,524.759528084398,97131,971.31
708,524.844029812603,86448,864.48
709,524.928531467263,79959,799.59
710,525.013033048623,91864,918.64
711,525.097534556927,94850,948.5
712,525.182035992421,85657,856.57
713,525.266537355351,79811,798.11
714,525.351038645961,76542,765.42
715,525.435539864496,78004,780.04
716,525.520041011202,77633,776.33
717,525.604542086324,75418,754.18
718,525.689043090106,81408,814.08
719,525.773544022794,82489,824.89
720,525.858044884634,81577,815.77
721,525.942545675869,79900,799
722,526.027046396746,76369,763.69
723,526.11154704751,74155,741.55
724,526.196047628405,73083,730.83
725,526.280548139677,76228,762.28
726,526.36504858157,77199,771.99
727,526.449548954331,75119,751.19
728,526.534049258204,74321,743.21
729,526.618549493434,76991,769.91
730,526.703049660267,77191,771.91
731,526.787549758947,75447,754.47
732,526.87204978972,76955,769.55
733,526.956549752831,77198,771.98
734,527.041049648525,75537,755.37
735,527.125549477046,73942,739.42
736,527.210049238641,89213,892.13
737,527.294548933555,95366,953.66
738,527.379048562032,87105,871.05
739,527.463548124317,80810,808.1
740,527.548047620657,78340,783.4
741,527.632547051295,76540,765.4
742,527.717046416477,75356,753.56
743,527.801545716449,79081,790.81
744,527.886044951455,79769,797.69
745,527.97054412174,85432,854.32
746,528.05504322755,85623,856.23
747,528.139542269129,79891,798.91
748,528.224041246724,78360,783.6
749,528.308540160578,79605,796.05
750,528.393039010938,78806,788.06
751,528.477537798047,75955,759.55
752,528.562036522152,76637,766.37
753,528.646535183498,79537,795.37
754,528.731033782329,81311,813.11
755,528.815532318891,79317,793.17
756,528.900030793429,76429,764.29
757,528.984529206188,74716,747.16
758,529.069027557414,73504,735.04
759,529.15352584735,72823,728.23
760,529.238024076243,72199,721.99
761,529.322522244338,71807,718.07
762,529.407020351879,71952,719.52
763,529.491518399112,72518,725.18
764,529.576016386283,72736,727.36
765,529.660514313635,72453,724.53
766,529.745012181415,71868,718.68
767,529.829509989866,71537,715.37
768,529.914007739236,71560,715.6
769,529.998505429768,74538,745.38
770,530.083003061708,75580,755.8
771,530.167500635301,74058,740.58
772,530.251998150792,73214,732.14
773,530.336495608426,73457,734.57
774,530.420993008449,76240,762.4
775,530.505490351105,79419,794.19
776,530.589987636639,81357,813.57
777,530.674484865298,82470,824.7
778,530.758982037325,80381,803.81
779,530.843479152966,76848,768.48
780,530.927976212466,74489,744.89
781,531.012473216071,73706,737.06
782,531.096970164025,117934,1179.34
783,531.181467056574,132961,1329.61
784,531.265963893962,109560,1095.6
785,531.350460676435,93808,938.08
786,531.434957404238,84701,847.01
787,531.519454077616,79517,795.17
788,531.603950696814,78241,782.41
789,531.688447262078,77639,776.39
790,531.772943773652,76048,760.48
791,531.857440231782,74617,746.17
792,531.941936636713,73565,735.65
793,532.026432988689,75987,759.87
794,532.110929287956,76553,765.53
795,532.19542553476,77757,777.57
796,532.279921729345,77339,773.39
797,532.364417871956,74885,748.85
798,532.448913962839,73337,733.37
799,532.533410002239,72897,728.97
800,532.6179059904,72971,729.71
801,532.702401927568,72598,725.98
802,532.786897813989,72202,722.02
803,532.871393649906,78222,782.22
804,532.955889435567,83014,830.14
805,533.040385171214,80870,808.7
806,533.124880857094,103551,1035.51
807,533.209376493452,108510,1085.1
808,533.293872080533,93498,934.98
809,533.378367618582,84268,842.68
810,533.462863107844,99307,993.07
811,533.547358548564,102095,1020.95
812,533.631853940988,92539,925.39
813,533.71634928536,86168,861.68
814,533.800844581926,90077,900.77
815,533.885339830931,88990,889.9
816,533.96983503262,82172,821.72
817,534.054330187238,78015,780.15
818,534.13882529503,78061,780.61
819,534.223320356242,77394,773.94
820,534.307815371118,74861,748.61
821,534.392310339903,73537,735.37
822,534.476805262844,73107,731.07
823,534.561300140184,72850,728.5
824,534.64579497217,78453,784.53
825,534.730289759045,79826,798.26
826,534.814784501056,79319,793.19
827,534.899279198448,78591,785.91
828,534.983773851465,75944,759.44
829,535.068268460352,76955,769.55
830,535.152763025356,85672,856.72
831,535.23725754672,102733,1027.33
832,535.321752024691,102505,1025.05
833,535.406246459513,90589,905.89
834,535.490740851431,82470,824.7
835,535.575235200691,77749,777.49
836,535.659729507538,75251,752.51
837,535.744223772216,454156,4541.56
838,535.828717994971,561822,5618.22
839,535.913212176048,357049,3570.49
840,535.997706315693,235056,2350.56
841,536.08220041415,174052,1740.52
842,536.166694471664,136888,1368.88
843,536.251188488481,109607,1096.07
844,536.335682464845,93793,937.93
845,536.420176401003,85118,851.18
846,536.504670297198,79903,799.03
847,536.589164153677,76198,761.98
848,536.673657970684,74271,742.71
849,536.758151748464,74425,744.25
850,536.842645487263,74243,742.43
851,536.927139187325,73563,735.63
852,537.011632848896,76406,764.06
853,537.096126472221,77590,775.9
854,537.180620057546,79834,798.34
855,537.265113605114,82544,825.44
856,537.349607115172,80350,803.5
857,537.434100587964,78369,783.69
858,537.518594023736,76910,769.1
859,537.603087422733,75615,756.15
860,537.687580785199,75648,756.48
861,537.772074111381,78752,787.52
862,537.856567401522,89517,895.17
863,537.941060655869,101147,1011.47
864,538.025553874667,99210,992.1
865,538.11004705816,95973,959.73
866,538.194540206593,106846,1068.46
867,538.279033320213,137851,1378.51
868,538.363526399263,194261,1942.61
869,538.44801944399,279091,2790.91
870,538.532512454637,387420,3874.2
871,538.617005431451,507777,5077.77
872,538.701498374677,617488,6174.88
873,538.785991284559,704380,7043.8
874,538.870484161343,751793,7517.93
875,538.954977005273,758124,7581.24
876,539.039469816596,730849,7308.49
877,539.123962595556,681439,6814.39
878,539.208455342398,626105,6261.05
879,539.292948057368,562666,5626.66
880,539.37744074071,497701,4977.01
881,539.46193339267,448330,4483.3
882,539.546426013493,412407,4124.07
883,539.630918603424,387471,3874.71
884,539.715411162708,365843,3658.43
885,539.79990369159,348561,3485.61
886,539.884396190315,332778,3327.78
887,539.968888659129,341456,3414.56
888,540.053381098277,340091,3400.91
889,540.137873508003,313786,3137.86
890,540.222365888553,285538,2855.38
891,540.306858240173,259374,2593.74
892,540.391350563106,233443,2334.43
893,540.475842857599,212854,2128.54
894,540.560335123896,187711,1877.11
895,540.644827362243,163081,1630.81
896,540.729319572884,144449,1444.49
897,540.813811756066,124985,1249.85
898,540.898303912032,107628,1076.28
899,540.982796041028,95551,955.51
900,541.0672881433,87578,875.78
901,541.151780219092,82347,823.47
902,541.23627226865,78537,785.37
903,541.320764292218,76259,762.59
904,541.405256290042,75299,752.99
905,541.489748262367,76676,766.76
906,541.574240209438,80598,805.98
907,541.6587321315,80027,800.27
908,541.743224028798,80074,800.74
909,541.827715901578,79298,792.98
910,541.912207750085,76496,764.96
911,541.996699574563,75140,751.4
912,542.081191375258,74335,743.35
913,542.165683152415,76773,767.73
914,542.250174906279,76877,768.77
915,542.334666637096,74510,745.1
916,542.41915834511,73335,733.35
917,542.503650030566,92096,920.96
918,542.58814169371,100249,1002.49
919,542.672633334787,97122,971.22
920,542.757124954042,91399,913.99
921,542.841616551719,83464,834.64
922,542.926108128065,81865,818.65
923,543.010599683325,80279,802.79
924,543.095091217743,77874,778.74
925,543.179582731564,100685,1006.85
926,543.264074225034,106382,1063.82
927,543.348565698398,92721,927.21
928,543.433057151901,84649,846.49
929,543.517548585789,80283,802.83
930,543.602040000305,83874,838.74
931,543.686531395696,87785,877.85
932,543.771022772206,85288,852.88
933,543.855514130081,85321,853.21
934,543.940005469566,88016,880.16
935,544.024496790906,86882,868.82
936,544.108988094346,90668,906.68
937,544.193479380131,93741,937.41
938,544.277970648506,90688,906.88
939,544.362461899717,87244,872.44
940,544.446953134009,88472,884.72
941,544.531444351626,88320,883.2
942,544.615935552814,87890,878.9
943,544.700426737818,88029,880.29
944,544.784917906884,86471,864.71
945,544.869409060255,87323,873.23
946,544.953900198178,86781,867.81
947,545.038391320898,83966,839.66
948,545.122882428659,82071,820.71
949,545.207373521708,80967,809.67
950,545.291864600288,80318,803.18
951,545.376355664645,79697,796.97
952,545.460846715024,108193,1081.93
953,545.545337751671,116208,1162.08
954,545.62982877483,101084,1010.84
955,545.714319784747,94983,949.83
956,545.798810781666,93544,935.44
957,545.883301765834,89649,896.49
958,545.967792737495,87715,877.15
959,546.052283696893,85971,859.71
960,546.136774644275,85802,858.02
961,546.221265579886,84528,845.28
962,546.30575650397,81770,817.7
963,546.390247416772,79994,799.94
964,546.474738318539,78642,786.42
965,546.559229209514,78487,784.87
966,546.643720089944,78334,783.34
967,546.728210960073,77869,778.69
968,546.812701820146,80253,802.53
969,546.897192670409,85277,852.77
970,546.981683511106,85408,854.08
971,547.066174342483,82440,824.4
972,547.150665164785,81844,818.44
973,547.235155978257,84113,841.13
974,547.319646783145,83536,835.36
975,547.404137579692,81893,818.93
976,547.488628368145,80562,805.62
977,547.573119148749,79294,792.94
978,547.657609921748,78905,789.05
979,547.742100687388,81867,818.67
980,547.826591445914,82510,825.1
981,547.911082197572,81164,811.64
982,547.995572942605,80729,807.29
983,548.08006368126,80082,800.82
984,548.164554413782,79472,794.72
985,548.249045140415,79067,790.67
986,548.333535861404,79230,792.3
987,548.418026576996,94273,942.73
988,548.502517287435,98376,983.76
989,548.587007992966,90570,905.7
990,548.671498693834,85595,855.95
991,548.755989390285,88136,881.36
992,548.840480082563,90982,909.82
993,548.924970770915,88200,882
994,549.009461455584,85032,850.32
995,549.093952136815,85931,859.31
996,549.178442814856,85240,852.4
997,549.262933489949,82663,826.63
998,549.347424162341,88080,880.8
999,549.431914832276,89242,892.42
1000,549.5164055,85193,851.93
1001,549.600896165758,84450,844.5
1002,549.685386829794,83818,838.18
1003,549.769877492355,82513,825.13
1004,549.854368153685,82021,820.21
1005,549.938858814029,97780,977.8
1006,550.023349473633,104796,1047.96
1007,550.107840132742,100044,1000.44
1008,550.1923307916,94267,942.67
1009,550.276821450453,88674,886.74
1010,550.361312109546,85709,857.09
1011,550.445802769124,87473,874.73
1012,550.530293429432,87573,875.73
1013,550.614784090716,85015,850.15
1014,550.69927475322,83704,837.04
1015,550.78376541719,82672,826.72
1016,550.868256082871,81794,817.94
1017,550.952746750508,81788,817.88
1018,551.037237420346,84538,845.38
1019,551.12172809263,85665,856.65
1020,551.206218767606,84326,843.26
1021,551.290709445518,83107,831.07
1022,551.375200126611,82522,825.22
1023,551.459690811131,85829,858.29
1024,551.544181499323,86546,865.46
1025,551.628672191433,84976,849.76
1026,551.713162887704,84117,841.17
1027,551.797653588383,83395,833.95
1028,551.882144293714,82989,829.89
1029,551.966635003943,83081,830.81
1030,552.051125719314,86540,865.4
1031,552.135616440073,92730,927.3
1032,552.220107166465,92245,922.45
1033,552.304597898735,90732,907.32
1034,552.389088637129,89355,893.55
1035,552.473579381891,105511,1055.11
1036,552.558070133266,109629,1096.29
1037,552.6425608915,99307,993.07
1038,552.727051656838,93193,931.93
1039,552.811542429524,111846,1118.46
1040,552.896033209805,115885,1158.85
1041,552.980523997925,105993,1059.93
1042,553.065014794129,99061,990.61
1043,553.149505598662,93326,933.26
1044,553.23399641177,90281,902.81
1045,553.318487233698,91799,917.99
1046,553.402978064691,103579,1035.79
1047,553.487468904993,114342,1143.42
1048,553.571959754851,109343,1093.43
1049,553.656450614509,99268,992.68
1050,553.740941484213,92875,928.75
1051,553.825432364206,95370,953.7
1052,553.909923254736,95673,956.73
1053,553.994414156046,97543,975.43
1054,554.078905068382,96632,966.32
1055,554.16339599199,92085,920.85
1056,554.247886927113,89895,898.95
1057,554.332377873998,108522,1085.22
1058,554.416868832889,113297,1132.97
1059,554.501359804032,102137,1021.37
1060,554.585850787671,95653,956.53
1061,554.670341784053,92009,920.09
1062,554.754832793421,89859,898.59
1063,554.839323816021,88536,885.36
1064,554.923814852099,87789,877.89
1065,555.008305901899,87676,876.76
1066,555.092796965667,94026,940.26
1067,555.177288043647,95734,957.34
1068,555.261779136085,115436,1154.36
1069,555.346270243226,119848,1198.48
1070,555.430761365315,109638,1096.38
1071,555.515252502597,105573,1055.73
1072,555.599743655318,101427,1014.27
1073,555.684234823722,96681,966.81
1074,555.768726008055,96805,968.05
1075,555.853217208561,98736,987.36
1076,555.937708425486,96328,963.28
1077,556.022199659075,114512,1145.12
1078,556.106690909574,119051,1190.51
1079,556.191182177226,110130,1101.3
1080,556.275673462278,103759,1037.59
1081,556.360164764975,100457,1004.57
1082,556.444656085561,102087,1020.87
1083,556.529147424282,99867,998.67
1084,556.613638781383,96577,965.77
1085,556.698130157109,94781,947.81
1086,556.782621551706,96362,963.62
1087,556.867112965417,96224,962.24
1088,556.951604398489,98795,987.95
1089,557.036095851167,104856,1048.56
1090,557.120587323695,102797,1027.97
1091,557.20507881632,97886,978.86
1092,557.289570329285,95123,951.23
1093,557.374061862836,96447,964.47
1094,557.458553417219,97422,974.22
1095,557.543044992678,98537,985.37
1096,557.627536589459,98179,981.79
1097,557.712028207806,99242,992.42
1098,557.796519847966,98428,984.28
1099,557.881011510182,101385,1013.85
1100,557.9655031947,104902,1049.02
1101,558.049994901765,102225,1022.25
1102,558.134486631623,98167,981.67
1103,558.218978384519,95500,955
1104,558.303470160697,97325,973.25
1105,558.387961960402,97631,976.31
1106,558.472453783881,97600,976
1107,558.556945631378,98381,983.81
1108,558.641437503137,123564,1235.64
1109,558.725929399405,138323,1383.23
1110,558.810421320427,126123,1261.23
1111,558.894913266447,112726,1127.26
1112,558.97940523771,105359,1053.59
1113,559.063897234463,104150,1041.5
1114,559.14838925695,105892,1058.92
1115,559.232881305415,103915,1039.15
1116,559.317373380105,100358,1003.58
1117,559.401865481264,101459,1014.59
1118,559.486357609138,101498,1014.98
1119,559.570849763971,99281,992.81
1120,559.65534194601,98726,987.26
1121,559.739834155498,101782,1017.82
1122,559.824326392681,101983,1019.83
1123,559.908818657804,102649,1026.49
1124,559.993310951113,102136,1021.36
1125,560.077803272852,99838,998.38
1126,560.162295623266,98658,986.58
1127,560.246788002602,97616,976.16
1128,560.331280411103,100450,1004.5
1129,560.415772849015,104125,1041.25
1130,560.500265316583,106816,1068.16
1131,560.584757814052,111366,1113.66
1132,560.669250341668,109670,1096.7
1133,560.753742899676,104503,1045.03
1134,560.83823548832,104685,1046.85
1135,560.922728107845,104144,1041.44
1136,561.007220758498,101659,1016.59
1137,561.091713440523,100569,1005.69
1138,561.176206154165,100010,1000.1
1139,561.260698899669,100295,1002.95
1140,561.345191677281,100557,1005.57
1141,561.429684487245,100898,1008.98
1142,561.514177329807,101846,1018.46
1143,561.598670205212,103321,1033.21
1144,561.683163113705,105357,1053.57
1145,561.767656055531,106653,1066.53
1146,561.852149030935,110299,1102.99
1147,561.936642040163,115154,1151.54
1148,562.021135083459,114480,1144.8
1149,562.105628161069,111989,1119.89
1150,562.190121273237,113856,1138.56
1151,562.27461442021,113787,1137.87
1152,562.359107602232,121553,1215.53
1153,562.443600819547,122639,1226.39
1154,562.528094072403,119146,1191.46
1155,562.612587361042,123724,1237.24
1156,562.697080685712,124879,1248.79
1157,562.781574046656,121932,1219.32
1158,562.866067444119,133787,1337.87
1159,562.950560878348,133810,1338.1
1160,563.035054349587,122174,1221.74
1161,563.119547858082,118292,1182.92
1162,563.204041404076,115536,1155.36
1163,563.288534987816,112791,1127.91
1164,563.373028609547,110650,1106.5
1165,563.457522269514,109088,1090.88
1166,563.542015967961,107796,1077.96
1167,563.626509705135,109496,1094.96
1168,563.71100348128,112692,1126.92
1169,563.795497296641,111835,1118.35
1170,563.879991151464,109217,1092.17
1171,563.964485045993,107624,1076.24
1172,564.048978980475,106504,1065.04
1173,564.133472955153,107082,1070.82
1174,564.217966970273,107344,1073.44
1175,564.30246102608,110230,1102.3
1176,564.386955122819,113796,1137.96
1177,564.471449260736,115638,1156.38
1178,564.555943440075,113745,1137.45
1179,564.640437661083,110524,1105.24
1180,564.724931924002,173230,1732.3
1181,564.80942622908,193528,1935.28
1182,564.893920576561,159363,1593.63
1183,564.97841496669,140421,1404.21
1184,565.062909399713,128815,1288.15
1185,565.147403875874,129295,1292.95
1186,565.231898395419,126801,1268.01
1187,565.316392958592,118906,1189.06
1188,565.400887565639,114007,1140.07
1189,565.485382216806,111455,1114.55
1190,565.569876912336,110012,1100.12
1191,565.654371652476,109169,1091.69
1192,565.73886643747,111764,1117.64
1193,565.823361267564,112851,1128.51
1194,565.907856143003,129264,1292.64
1195,565.992351064031,133817,1338.17
1196,566.076846030894,124355,1243.55
1197,566.161341043838,118492,1184.92
1198,566.245836103106,114780,1147.8
1199,566.330331208945,113156,1131.56
1200,566.4148263616,112469,1124.69
1201,566.499321561315,114682,1146.82
1202,566.583816808336,115141,1151.41
1203,566.668312102908,116774,1167.74
1204,566.752807445276,116731,1167.31
1205,566.837302835685,115810,1158.1
1206,566.92179827438,116568,1165.68
1207,567.006293761607,115735,1157.35
1208,567.090789297611,114121,1141.21
1209,567.175284882636,117110,1171.1
1210,567.259780516928,117791,1177.91
1211,567.344276200732,115285,1152.85
1212,567.428771934293,114072,1140.72
1213,567.513267717856,116470,1164.7
1214,567.597763551667,117110,1171.1
1215,567.68225943597,115634,1156.34
1216,567.766755371011,133092,1330.92
1217,567.851251357034,138043,1380.43
1218,567.935747394286,127947,1279.47
1219,568.020243483011,127981,1279.81
1220,568.104739623454,126121,1261.21
1221,568.18923581586,141430,1414.3
1222,568.273732060474,144389,1443.89
1223,568.358228357543,131685,1316.85
1224,568.442724707309,124374,1243.74
1225,568.52722111002,120384,1203.84
1226,568.61171756592,118104,1181.04
1227,568.696214075254,117050,1170.5
1228,568.780710638267,116488,1164.88
1229,568.865207255205,116198,1161.98
1230,568.949703926312,116423,1164.23
1231,569.034200651834,119560,1195.6
1232,569.118697432015,120203,1202.03
1233,569.203194267102,118650,1186.5
1234,569.287691157338,120739,1207.39
1235,569.37218810297,125988,1259.88
1236,569.456685104242,134654,1346.54
1237,569.5411821614,134509,1345.09
1238,569.625679274688,128046,1280.46
1239,569.710176444352,126991,1269.91
1240,569.794673670637,125237,1252.37
1241,569.879170953788,121773,1217.73
1242,569.96366829405,122935,1229.35
1243,570.048165691668,129166,1291.66
1244,570.132663146887,128925,1289.25
1245,570.217160659954,130767,1307.67
1246,570.301658231112,130348,1303.48
1247,570.386155860606,126193,1261.93
1248,570.470653548683,123681,1236.81
1249,570.555151295587,121659,1216.59
1250,570.639649101562,120555,1205.55
1251,570.724146966856,120097,1200.97
1252,570.808644891712,122847,1228.47
1253,570.893142876375,127494,1274.94
1254,570.977640921091,127967,1279.67
1255,571.062139026105,127474,1274.74
1256,571.146637191662,142855,1428.55
1257,571.231135418007,145365,1453.65
1258,571.315633705386,134924,1349.24
1259,571.400132054043,131740,1317.4
1260,571.484630464223,132371,1323.71
1261,571.569128936172,129848,1298.48
1262,571.653627470135,126100,1261
1263,571.738126066357,130543,1305.43
1264,571.822624725083,134933,1349.33
1265,571.907123446559,131759,1317.59
1266,571.991622231028,133582,1335.82
1267,572.076121078737,138061,1380.61
1268,572.160619989931,135551,1355.51
1269,572.245118964855,133180,1331.8
1270,572.329618003753,130535,1305.35
1271,572.414117106872,131177,1311.77
1272,572.498616274455,136043,1360.43
1273,572.583115506749,133991,1339.91
1274,572.667614803999,128672,1286.72
1275,572.752114166448,125615,1256.15
1276,572.836613594344,124697,1246.97
1277,572.921113087931,124722,1247.22
1278,573.005612647453,124183,1241.83
1279,573.090112273157,123673,1236.73
1280,573.174611965286,126861,1268.61
1281,573.259111724088,133417,1334.17
1282,573.343611549805,140287,1402.87
1283,573.428111442685,161457,1614.57
1284,573.512611402971,164833,1648.33
1285,573.597111430909,189701,1897.01
1286,573.681611526744,192881,1928.81
1287,573.766111690721,174898,1748.98
1288,573.850611923086,159722,1597.22
1289,573.935112224083,145118,1451.18
1290,574.019612593957,136977,1369.77
1291,574.104113032955,133219,1332.19
1292,574.18861354132,133986,1339.86
1293,574.273114119298,133363,1333.63
1294,574.357614767134,133746,1337.46
1295,574.442115485074,133039,1330.39
1296,574.526616273362,173032,1730.32
1297,574.611117132243,183459,1834.59
1298,574.695618061963,174691,1746.91
1299,574.780119062767,167611,1676.11
1300,574.8646201349,152935,1529.35
1301,574.949121278607,145664,1456.64
1302,575.033622494133,142741,1427.41
1303,575.118123781723,141179,1411.79
1304,575.202625141623,137519,1375.19
1305,575.287126574078,133205,1332.05
1306,575.371628079332,131314,1313.14
1307,575.456129657631,130850,1308.5
1308,575.54063130922,130794,1307.94
1309,575.625133034344,133600,1336
1310,575.709634833249,138955,1389.55
1311,575.794136706179,138380,1383.8
1312,575.878638653379,134483,1344.83
1313,575.963140675095,132054,1320.54
1314,576.047642771572,130680,1306.8
1315,576.132144943055,130428,1304.28
1316,576.216647189789,134349,1343.49
1317,576.301149512019,135417,1354.17
1318,576.38565190999,133338,1333.38
1319,576.470154383948,131917,1319.17
1320,576.554656934138,131592,1315.92
1321,576.639159560804,135248,1352.48
1322,576.723662264192,136373,1363.73
1323,576.808165044547,162252,1622.52
1324,576.892667902114,171510,1715.1
1325,576.977170837139,156262,1562.62
1326,577.061673849866,145304,1453.04
1327,577.146176940541,139344,1393.44
1328,577.230680109408,136156,1361.56
1329,577.315183356713,134861,1348.61
1330,577.399686682701,136906,1369.06
1331,577.484190087617,157956,1579.56
1332,577.568693571706,161148,1611.48
1333,577.653197135214,148490,1484.9
1334,577.737700778385,144795,1447.95
1335,577.822204501465,141816,1418.16
1336,577.906708304698,137734,1377.34
1337,577.991212188331,164472,1644.72
1338,578.075716152607,170918,1709.18
1339,578.160220197773,158073,1580.73
1340,578.244724324073,149881,1498.81
1341,578.329228531752,149399,1493.99
1342,578.413732821056,150605,1506.05
1343,578.49823719223,145642,1456.42
1344,578.582741645518,140274,1402.74
1345,578.667246181166,139855,1398.55
1346,578.75175079942,139258,1392.58
1347,578.836255500524,140258,1402.58
1348,578.920760284723,146871,1468.71
1349,579.005265152262,146615,1466.15
1350,579.089770103388,141924,1419.24
1351,579.174275138344,139129,1391.29
1352,579.258780257375,137505,1375.05
1353,579.343285460728,136694,1366.94
1354,579.427790748647,136284,1362.84
1355,579.512296121378,135897,1358.97
1356,579.596801579165,135483,1354.83
1357,579.681307122253,136184,1361.84
1358,579.765812750888,136463,1364.63
1359,579.850318465315,135990,1359.9
1360,579.934824265779,135919,1359.19
1361,580.019330152525,135815,1358.15
1362,580.103836125799,152248,1522.48
1363,580.188342185844,156835,1568.35
1364,580.272848332908,150813,1508.13
1365,580.357354567233,146830,1468.3
1366,580.441860889067,142460,1424.6
1367,580.526367298654,139695,1396.95
1368,580.610873796238,144614,1446.14
1369,580.695380382066,145638,1456.38
1370,580.779887056382,142016,1420.16
1371,580.864393819432,143917,1439.17
1372,580.94890067146,144015,1440.15
1373,581.033407612712,140917,1409.17
1374,581.117914643433,139058,1390.58
1375,581.202421763867,138551,1385.51
1376,581.286928974261,138634,1386.34
1377,581.371436274859,141214,1412.14
1378,581.455943665907,141859,1418.59
1379,581.540451147649,142963,1429.63
1380,581.62495872033,142620,1426.2
1381,581.709466384197,140463,1404.63
1382,581.793974139493,139279,1392.79
1383,581.878481986465,144795,1447.95
1384,581.962989925357,146052,1460.52
1385,582.047497956414,148908,1489.08
1386,582.132006079881,151647,1516.47
1387,582.216514296004,147907,1479.07
1388,582.301022605028,144001,1440.01
1389,582.385531007198,150650,1506.5
1390,582.470039502758,151990,1519.9
1391,582.554548091955,147116,1471.16
1392,582.639056775033,144272,1442.72
1393,582.723565552238,141952,1419.52
1394,582.808074423814,141207,1412.07
1395,582.892583390007,140987,1409.87
1396,582.977092451061,146720,1467.2
1397,583.061601607223,148145,1481.45
1398,583.146110858736,146200,1462
1399,583.230620205847,146219,1462.19
1400,583.3151296488,144808,1448.08
1401,583.399639187841,145509,1455.09
1402,583.484148823214,144978,1449.78
1403,583.568658555165,142954,1429.54
1404,583.653168383939,141803,1418.03
1405,583.73767830978,146915,1469.15
1406,583.822188332935,148435,1484.35
1407,583.906698453649,147732,1477.32
1408,583.991208672165,146530,1465.3
1409,584.075718988731,144090,1440.9
1410,584.16022940359,145389,1453.89
1411,584.244739916987,144931,1449.31
1412,584.329250529169,142645,1426.45
1413,584.41376124038,141351,1413.51
1414,584.498272050865,140509,1405.09
1415,584.58278296087,140790,1407.9
1416,584.667293970638,149288,1492.88
1417,584.751805080417,157529,1575.29
1418,584.83631629045,155197,1551.97
1419,584.920827600983,149613,1496.13
1420,585.005339012262,146205,1462.05
1421,585.08985052453,147330,1473.3
1422,585.174362138034,149731,1497.31
1423,585.258873853018,150955,1509.55
1424,585.343385669727,149113,1491.13
1425,585.427897588408,145886,1458.86
1426,585.512409609304,143516,1435.16
1427,585.596921732661,142368,1423.68
1428,585.681433958724,144071,1440.71
1429,585.765946287739,144190,1441.9
1430,585.85045871995,146169,1461.69
1431,585.934971255602,149829,1498.29
1432,586.019483894941,155408,1554.08
1433,586.103996638212,157182,1571.82
1434,586.18850948566,152437,1524.37
1435,586.27302243753,148540,1485.4
1436,586.357535494067,146078,1460.78
1437,586.442048655516,165623,1656.23
1438,586.526561922122,188818,1888.18
1439,586.611075294132,182333,1823.33
1440,586.695588771789,166213,1662.13
1441,586.780102355339,156626,1566.26
1442,586.864616045027,153975,1539.75
1443,586.949129841097,151438,1514.38
1444,587.033643743797,147745,1477.45
1445,587.118157753369,145933,1459.33
1446,587.20267187006,144531,1445.31
1447,587.287186094115,143606,1436.06
1448,587.371700425779,143641,1436.41
1449,587.456214865296,143120,1431.2
1450,587.540729412912,142869,1428.69
1451,587.625244068873,143314,1433.14
1452,587.709758833423,146358,1463.58
1453,587.794273706808,147291,1472.91
1454,587.878788689272,146305,1463.05
1455,587.963303781061,145518,1455.18
1456,588.047818982419,144989,1449.89
1457,588.132334293593,147403,1474.03
1458,588.216849714827,151274,1512.74
1459,588.301365246366,150471,1504.71
1460,588.385880888455,147781,1477.81
1461,588.47039664134,146061,1460.61
1462,588.554912505266,144924,1449.24
1463,588.639428480477,147554,1475.54
1464,588.72394456722,152522,1525.22
1465,588.808460765738,158285,1582.85
1466,588.892977076278,156657,1566.57
1467,588.977493499084,151097,1510.97
1468,589.062010034401,147613,1476.13
1469,589.146526682475,145912,1459.12
1470,589.231043443551,144800,1448
1471,589.315560317874,144009,1440.09
1472,589.400077305689,143763,1437.63
1473,589.48459440724,143766,1437.66
1474,589.569111622774,146599,1465.99
1475,589.653628952536,151876,1518.76
1476,589.73814639677,151730,1517.3
1477,589.822663955722,148530,1485.3
1478,589.907181629636,225340,2253.4
1479,589.991699418759,252669,2526.69
1480,590.076217323334,218305,2183.05
1481,590.160735343608,191760,1917.6
1482,590.245253479825,171423,1714.23
1483,590.329771732231,159097,1590.97
1484,590.41429010107,180705,1807.05
1485,590.498808586588,185125,1851.25
1486,590.58332718903,168318,1683.18
1487,590.667845908641,160647,1606.47
1488,590.752364745666,155312,1553.12
1489,590.83688370035,150702,1507.02
1490,590.921402772939,151057,1510.57
1491,591.005921963678,156306,1563.06
1492,591.090441272811,155438,1554.38
1493,591.174960700584,153891,1538.91
1494,591.259480247241,154572,1545.72
1495,591.343999913029,155102,1551.02
1496,591.428519698192,153019,1530.19
1497,591.513039602976,149598,1495.98
1498,591.597559627625,147856,1478.56
1499,591.682079772385,147188,1471.88
1500,591.7666000375,146344,1463.44
1501,591.851120423216,146040,1460.4
1502,591.935640929779,145708,1457.08
1503,592.020161557432,147129,1471.29
1504,592.104682306422,147460,1474.6
1505,592.189203176993,146445,1464.45
1506,592.273724169391,145764,1457.64
1507,592.35824528386,145531,1455.31
1508,592.442766520647,145656,1456.56
1509,592.527287879995,149043,1490.43
1510,592.611809362151,149986,1499.86
1511,592.696330967358,172713,1727.13
1512,592.780852695863,178240,1782.4
1513,592.865374547911,164583,1645.83
1514,592.949896523746,156608,1566.08
1515,593.034418623614,152341,1523.41
1516,593.11894084776,182391,1823.91
1517,593.203463196429,189704,1897.04
1518,593.287985669866,171256,1712.56
1519,593.372508268317,160602,1606.02
1520,593.457030992026,154772,1547.72
1521,593.541553841238,151030,1510.3
1522,593.626076816199,149354,1493.54
1523,593.710599917154,147981,1479.81
1524,593.795123144348,146828,1468.28
1525,593.879646498027,146121,1461.21
1526,593.964169978434,151790,1517.9
1527,594.048693585816,153658,1536.58
1528,594.133217320417,150213,1502.13
1529,594.217741182483,151182,1511.82
1530,594.302265172259,150903,1509.03
1531,594.38678928999,151703,1517.03
1532,594.47131353592,151038,1510.38
1533,594.555837910296,151474,1514.74
1534,594.640362413363,151149,1511.49
1535,594.724887045364,167409,1674.09
1536,594.809411806547,171208,1712.08
1537,594.893936697155,160595,1605.95
1538,594.978461717434,160034,1600.34
1539,595.062986867629,157498,1574.98
1540,595.147512147985,152769,1527.69
1541,595.232037558747,156101,1561.01
1542,595.316563100161,162174,1621.74
1543,595.401088772471,160397,1603.97
1544,595.485614575923,155344,1553.44
1545,595.570140510762,151766,1517.66
1546,595.654666577233,149380,1493.8
1547,595.73919277558,150813,1508.13
1548,595.82371910605,152090,1520.9
1549,595.908245568888,150769,1507.69
1550,595.992772164338,154853,1548.53
1551,596.077298892645,162284,1622.84
1552,596.161825754055,160253,1602.53
1553,596.246352748813,153856,1538.56
1554,596.330879877164,150532,1505.32
1555,596.415407139353,161849,1618.49
1556,596.499934535626,164521,1645.21
1557,596.584462066227,158252,1582.52
1558,596.668989731401,156899,1568.99
1559,596.753517531394,156997,1569.97
1560,596.838045466451,157161,1571.61
1561,596.922573536817,154486,1544.86
1562,597.007101742737,151287,1512.87
1563,597.091630084456,176712,1767.12
1564,597.17615856222,196786,1967.86
1565,597.260687176273,186221,1862.21
1566,597.345215926861,173123,1731.23
1567,597.429744814228,170006,1700.06
1568,597.51427383862,163871,1638.71
1569,597.598803000283,156051,1560.51
1570,597.68333229946,157741,1577.41
1571,597.767861736398,156689,1566.89
1572,597.852391311341,157728,1577.28
1573,597.936921024535,156959,1569.59
1574,598.021450876224,155456,1554.56
1575,598.105980866655,156413,1564.13
1576,598.190510996071,153749,1537.49
1577,598.275041264718,153219,1532.19
1578,598.359571672842,154807,1548.07
1579,598.444102220687,156990,1569.9
1580,598.528632908498,154983,1549.83
1581,598.613163736522,153763,1537.63
1582,598.697694705001,159236,1592.36
1583,598.782225814183,160798,1607.98
1584,598.866757064312,158927,1589.27
1585,598.951288455633,155019,1550.19
1586,599.035819988391,153856,1538.56
1587,599.120351662832,155860,1558.6
1588,599.2048834792,153884,1538.84
1589,599.289415437741,150270,1502.7
1590,599.3739475387,148510,1485.1
1591,599.458479782322,150823,1508.23
1592,599.543012168852,154100,1541
1593,599.627544698535,155731,1557.31
1594,599.712077371617,153357,1533.57
1595,599.796610188342,150140,1501.4
1596,599.881143148956,151812,1518.12
1597,599.965676253703,154663,1546.63
1598,600.05020950283,153236,1532.36
1599,600.13474289658,149929,1499.29
1600,600.2192764352,147870,1478.7
1601,600.303810118934,149925,1499.25
1602,600.388343948028,150008,1500.08
1603,600.472877922726,147767,1477.67
1604,600.557412043273,149801,1498.01
1605,600.641946309916,149724,1497.24
1606,600.726480722899,147976,1479.76
1607,600.811015282466,147133,1471.33
1608,600.895549988864,146071,1460.71
1609,600.980084842338,145270,1452.7
1610,601.064619843132,147428,1474.28
1611,601.149154991491,148375,1483.75
1612,601.233690287662,150741,1507.41
1613,601.318225731888,150773,1507.73
1614,601.402761324415,148244,1482.44
1615,601.487297065489,149235,1492.35
1616,601.571832955354,149372,1493.72
1617,601.656368994255,150673,1506.73
1618,601.740905182438,149922,1499.22
1619,601.825441520148,147442,1474.42
1620,601.90997800763,150019,1500.19
1621,601.994514645128,153494,1534.94
1622,602.079051432889,154530,1545.3
1623,602.163588371157,152419,1524.19
1624,602.248125460177,151947,1519.47
1625,602.332662700195,151317,1513.17
1626,602.417200091456,152006,1520.06
1627,602.501737634204,150781,1507.81
1628,602.586275328686,148104,1481.04
1629,602.670813175145,146463,1464.63
1630,602.755351173828,154032,1540.32
1631,602.839889324979,155730,1557.3
1632,602.924427628843,153872,1538.72
1633,603.008966085667,154756,1547.56
1634,603.093504695693,152499,1524.99
1635,603.178043459169,148793,1487.93
1636,603.262582376339,150320,1503.2
1637,603.347121447448,152582,1525.82
1638,603.431660672741,151805,1518.05
1639,603.516200052464,148976,1489.76
1640,603.600739586861,146361,1463.61
1641,603.685279276178,145267,1452.67
1642,603.769819120659,145295,1452.95
1643,603.854359120551,145118,1451.18
1644,603.938899276098,147957,1479.57
1645,604.023439587545,151600,1516
1646,604.107980055137,150469,1504.69
1647,604.19252067912,150387,1503.87
1648,604.277061459738,149552,1495.52
1649,604.361602397237,146929,1469.29
1650,604.446143491862,145227,1452.27
1651,604.530684743859,157096,1570.96
1652,604.615226153471,170104,1701.04
1653,604.699767720944,168344,1683.44
1654,604.784309446525,159829,1598.29
1655,604.868851330456,155925,1559.25
1656,604.953393372984,159113,1591.13
1657,605.037935574354,162489,1624.89
1658,605.122477934812,158215,1582.15
1659,605.207020454601,172320,1723.2
1660,605.291563133967,174333,1743.33
1661,605.376105973156,162085,1620.85
1662,605.460648972412,154431,1544.31
1663,605.545192131981,149204,1492.04
1664,605.629735452108,146153,1461.53
1665,605.714278933038,144241,1442.41
1666,605.798822575015,149766,1497.66
1667,605.883366378286,151267,1512.67
1668,605.967910343095,147420,1474.2
1669,606.052454469688,145270,1452.7
1670,606.136998758309,144375,1443.75
1671,606.221543209204,147008,1470.08
1672,606.306087822618,147528,1475.28
1673,606.390632598795,145454,1454.54
1674,606.475177537982,146821,1468.21
1675,606.559722640423,149587,1495.87
1676,606.644267906364,151083,1510.83
1677,606.728813336049,152146,1521.46
1678,606.813358929724,149622,1496.22
1679,606.897904687633,146154,1461.54
1680,606.982450610022,143889,1438.89
1681,607.066996697137,142432,1424.32
1682,607.151542949221,144594,1445.94
1683,607.236089366521,148164,1481.64
1684,607.320635949282,147251,1472.51
1685,607.405182697748,144745,1447.45
1686,607.489729612165,146920,1469.2
1687,607.574276692777,146964,1469.64
1688,607.658823939831,144367,1443.67
1689,607.74337135357,145908,1459.08
1690,607.827918934241,148736,1487.36
1691,607.912466682089,147168,1471.68
1692,607.997014597358,143804,1438.04
1693,608.081562680293,151937,1519.37
1694,608.16611093114,153794,1537.94
1695,608.250659350145,151151,1511.51
1696,608.335207937551,150998,1509.98
1697,608.419756693605,150192,1501.92
1698,608.504305618551,147230,1472.3
1699,608.588854712634,147407,1474.07
1700,608.6734039761,146363,1463.63
1701,608.757953409194,152890,1528.9
1702,608.84250301216,157551,1575.51
1703,608.927052785245,152349,1523.49
1704,609.011602728693,147398,1473.98
1705,609.096152842749,144478,1444.78
1706,609.180703127658,142100,1421
1707,609.265253583666,140441,1404.41
1708,609.349804211018,139923,1399.23
1709,609.434355009958,142523,1425.23
1710,609.518905980733,142734,1427.34
1711,609.603457123586,147004,1470.04
1712,609.688008438764,177802,1778.02
1713,609.772559926511,182152,1821.52
1714,609.857111587073,163905,1639.05
1715,609.941663420694,153304,1533.04
1716,610.02621542762,146835,1468.35
1717,610.110767608096,146462,1464.62
1718,610.195319962366,145372,1453.72
1719,610.279872490677,142212,1422.12
1720,610.364425193274,140460,1404.6
1721,610.4489780704,139462,1394.62
1722,610.533531122303,138761,1387.61
1723,610.618084349226,139560,1395.6
1724,610.702637751414,142889,1428.89
1725,610.787191329114,145732,1457.32
1726,610.87174508257,143955,1439.55
1727,610.956299012027,146887,1468.87
1728,611.04085311773,146725,1467.25
1729,611.125407399925,142527,1425.27
1730,611.209961858857,140059,1400.59
1731,611.29451649477,160985,1609.85
1732,611.37907130791,173669,1736.69
1733,611.463626298523,163219,1632.19
1734,611.548181466852,154970,1549.7
1735,611.632736813144,155473,1554.73
1736,611.717292337643,152458,1524.58
1737,611.801848040595,146355,1463.55
1738,611.886403922244,142614,1426.14
1739,611.970959982837,143076,1430.76
1740,612.055516222617,144628,1446.28
1741,612.14007264183,146421,1464.21
1742,612.224629240722,147582,1475.82
1743,612.309186019537,145773,1457.73
1744,612.39374297852,155480,1554.8
1745,612.478300117917,157653,1576.53
1746,612.562857437973,165120,1651.2
1747,612.647414938933,166736,1667.36
1748,612.731972621042,155562,1555.62
1749,612.816530484545,146687,1466.87
1750,612.901088529688,157796,1577.96
1751,612.985646756714,159207,1592.07
1752,613.070205165871,151768,1517.68
1753,613.154763757402,146465,1464.65
1754,613.239322531553,141444,1414.44
1755,613.323881488569,141368,1413.68
1756,613.408440628695,140359,1403.59
1757,613.492999952176,137536,1375.36
1758,613.577559459258,138925,1389.25
1759,613.662119150185,141637,1416.37
1760,613.746679025203,139845,1398.45
1761,613.831239084557,136920,1369.2
1762,613.915799328492,138428,1384.28
1763,614.000359757252,138134,1381.34
1764,614.084920371084,136180,1361.8
1765,614.169481170232,135329,1353.29
1766,614.254042154942,135091,1350.91
1767,614.338603325458,134458,1344.58
1768,614.423164682026,137052,1370.52
1769,614.507726224891,140379,1403.79
1770,614.592287954298,138771,1387.71
1771,614.676849870492,152367,1523.67
1772,614.761411973718,155025,1550.25
1773,614.845974264222,144780,1447.8
1774,614.930536742248,139472,1394.72
1775,615.015099408042,139916,1399.16
1776,615.099662261849,139049,1390.49
1777,615.184225303914,136050,1360.5
1778,615.268788534481,137177,1371.77
1779,615.353351953797,136531,1365.31
1780,615.437915562106,140311,1403.11
1781,615.522479359654,141029,1410.29
1782,615.607043346685,136703,1367.03
1783,615.691607523446,149243,1492.43
1784,615.776171890179,151935,1519.35
1785,615.860736447132,142928,1429.28
1786,615.94530119455,137872,1378.72
1787,616.029866132676,137616,1376.16
1788,616.114431261757,136975,1369.75
1789,616.198996582037,137615,1376.15
1790,616.283562093762,139295,1392.95
1791,616.368127797177,140448,1404.48
1792,616.452693692527,138017,1380.17
1793,616.537259780057,134023,1340.23
1794,616.621826060012,135076,1350.76
1795,616.706392532638,138193,1381.93
1796,616.790959198179,136838,1368.38
1797,616.87552605688,133372,1333.72
1798,616.960093108988,151959,1519.59
1799,617.044660354746,156765,1567.65
1800,617.1292277944,153048,1530.48
1801,617.213795428195,156253,1562.53
1802,617.298363256377,150392,1503.92
1803,617.38293127919,141127,1411.27
1804,617.46749949688,135338,1353.38
1805,617.552067909691,131879,1318.79
1806,617.63663651787,130085,1300.85
1807,617.72120532166,466447,4664.47
1808,617.805774321307,565813,5658.13
1809,617.890343517057,385738,3857.38
1810,617.974912909154,275576,2755.76
1811,618.059482497843,211801,2118.01
1812,618.14405228337,175485,1754.85
1813,618.22862226598,154448,1544.48
1814,618.313192445918,142148,1421.48
1815,618.397762823429,148601,1486.01
1816,618.482333398757,151874,1518.74
1817,618.56690417215,143577,1435.77
1818,618.65147514385,139644,1396.44
1819,618.736046314105,136059,1360.59
1820,618.820617683158,132163,1321.63
1821,618.905189251254,130514,1305.14
1822,618.98976101864,129639,1296.39
1823,619.07433298556,128496,1284.96
1824,619.158905152259,131692,1316.92
1825,619.243477518983,152483,1524.83
1826,619.328050085976,155429,1554.29
1827,619.412622853484,146301,1463.01
1828,619.497195821751,142732,1427.32
1829,619.581768991023,144522,1445.22
1830,619.666342361546,141187,1411.87
1831,619.750915933564,134326,1343.26
1832,619.835489707321,130251,1302.51
1833,619.920063683065,134342,1343.42
1834,620.004637861039,137781,1377.81
1835,620.089212241489,134057,1340.57
1836,620.173786824659,129831,1298.31
1837,620.258361610796,128752,1287.52
1838,620.342936600144,127468,1274.68
1839,620.427511792947,125988,1259.88
1840,620.512087189453,131085,1310.85
1841,620.596662789905,157709,1577.09
1842,620.681238594548,170450,1704.5
1843,620.765814603629,157609,1576.09
1844,620.850390817391,143231,1432.31
1845,620.93496723608,137588,1375.88
1846,621.019543859942,140128,1401.28
1847,621.104120689221,137847,1378.47
1848,621.188697724162,133709,1337.09
1849,621.273274965011,130033,1300.33
1850,621.357852412012,126410,1264.1
1851,621.442430065412,125943,1259.43
1852,621.527007925454,124987,1249.87
1853,621.611585992385,126201,1262.01
1854,621.696164266449,127196,1271.96
1855,621.780742747892,125489,1254.89
1856,621.865321436958,123689,1236.89
1857,621.949900333892,122923,1229.23
1858,622.03447943894,125182,1251.82
1859,622.119058752348,125588,1255.88
1860,622.203638274359,123769,1237.69
1861,622.28821800522,126099,1260.99
1862,622.372797945175,126710,1267.1
1863,622.457378094469,124735,1247.35
1864,622.541958453348,122792,1227.92
1865,622.626539022057,122953,1229.53
1866,622.711119800841,123290,1232.9
1867,622.795700789945,122374,1223.74
1868,622.880281989613,132977,1329.77
1869,622.964863400093,135228,1352.28
1870,623.049445021627,128523,1285.23
1871,623.134026854462,124790,1247.9
1872,623.218608898843,122236,1222.36
1873,623.303191155015,124244,1242.44
1874,623.387773623222,124933,1249.33
1875,623.472356303711,126092,1260.92
1876,623.556939196726,128451,1284.51
1877,623.641522302512,127094,1270.94
1878,623.726105621315,123890,1238.9
1879,623.810689153379,124730,1247.3
1880,623.89527289895,124313,1243.13
1881,623.979856858273,125027,1250.27
1882,624.064441031593,130099,1300.99
1883,624.149025419156,132233,1322.33
1884,624.233610021205,134225,1342.25
1885,624.318194837987,134235,1342.35
1886,624.402779869747,132108,1321.08
1887,624.487365116729,133719,1337.19
1888,624.571950579179,133981,1339.81
1889,624.656536257342,129139,1291.39
1890,624.741122151463,124129,1241.29
1891,624.825708261788,123771,1237.71
1892,624.91029458856,129116,1291.16
1893,624.994881132027,128357,1283.57
1894,625.079467892432,126162,1261.62
1895,625.16405487002,124001,1240.01
1896,625.248642065038,121114,1211.14
1897,625.33322947773,150811,1508.11
1898,625.41781710834,161445,1614.45
1899,625.502404957115,279771,2797.71
1900,625.5869930243,309265,3092.65
1901,625.671581310139,230669,2306.69
1902,625.756169814878,573914,5739.14
1903,625.840758538762,656210,6562.1
1904,625.925347482035,428711,4287.11
1905,626.009936644944,303810,3038.1
1906,626.094526027733,229467,2294.67
1907,626.179115630648,180223,1802.23
1908,626.263705453933,152747,1527.47
1909,626.348295497833,139956,1399.56
1910,626.432885762595,131064,1310.64
1911,626.517476248462,123691,1236.91
1912,626.60206695568,132646,1326.46
1913,626.686657884495,134074,1340.74
1914,626.771249035151,125352,1253.52
1915,626.855840407893,126172,1261.72
1916,626.940432002967,125076,1250.76
1917,627.025023820618,124566,1245.66
1918,627.10961586109,137332,1373.32
1919,627.19420812463,137084,1370.84
1920,627.278800611482,136314,1363.14
1921,627.363393321891,135394,1353.94
1922,627.447986256102,160070,1600.7
1923,627.532579414361,162974,1629.74
1924,627.617172796912,141951,1419.51
1925,627.701766404002,128966,1289.66
1926,627.786360235874,121727,1217.27
1927,627.870954292774,120853,1208.53
1928,627.955548574948,119129,1191.29
1929,628.04014308264,129519,1295.19
1930,628.124737816095,131588,1315.88
1931,628.209332775559,126331,1263.31
1932,628.293927961276,122088,1220.88
1933,628.378523373493,117264,1172.64
1934,628.463119012454,114267,1142.67
1935,628.547714878403,112853,1128.53
1936,628.632310971587,115682,1156.82
1937,628.716907292251,118639,1186.39
1938,628.801503840639,119821,1198.21
1939,628.886100616996,117619,1176.19
1940,628.970697621569,114189,1141.89
1941,629.055294854601,112514,1125.14
1942,629.139892316339,114640,1146.4
1943,629.224490007026,117466,1174.66
1944,629.309087926909,116137,1161.37
1945,629.393686076233,115813,1158.13
1946,629.478284455242,114563,1145.63
1947,629.562883064182,111698,1116.98
1948,629.647481903298,109950,1099.5
1949,629.732080972835,109163,1091.63
1950,629.816680273037,111355,1113.55
1951,629.901279804152,111579,1115.79
1952,629.985879566422,112630,1126.3
1953,630.070479560095,115845,1158.45
1954,630.155079785414,116877,1168.77
1955,630.239680242624,114140,1141.4
1956,630.324280931972,110491,1104.91
1957,630.408881853702,115865,1158.65
1958,630.493483008059,118909,1189.09
1959,630.578084395288,114717,1147.17
1960,630.662686015635,110632,1106.32
1961,630.747287869345,113461,1134.61
1962,630.831889956662,113951,1139.51
1963,630.916492277832,110838,1108.38
1964,631.001094833101,108698,1086.98
1965,631.085697622712,107364,1073.64
1966,631.170300646912,109573,1095.73
1967,631.254903905945,109835,1098.35
1968,631.339507400056,114095,1140.95
1969,631.424111129492,116809,1168.09
1970,631.508715094496,120078,1200.78
1971,631.593319295314,128545,1285.45
1972,631.677923732192,128090,1280.9
1973,631.762528405373,122420,1224.2
1974,631.847133315104,118569,1185.69
1975,631.93173846163,113620,1136.2
1976,632.016343845195,112155,1121.55
1977,632.100949466045,110234,1102.34
1978,632.185555324425,106695,1066.95
1979,632.270161420579,104894,1048.94
1980,632.354767754754,104403,1044.03
1981,632.439374327195,106117,1061.17
1982,632.523981138146,106005,1060.05
1983,632.608588187852,104110,1041.1
1984,632.693195476559,104776,1047.76
1985,632.777803004512,104649,1046.49
1986,632.862410771956,104289,1042.89
1987,632.947018779136,104285,1042.85
1988,633.031627026297,104432,1044.32
1989,633.116235513685,106582,1065.82
1990,633.200844241544,112462,1124.62
1991,633.28545321012,111744,1117.44
1992,633.370062419658,106915,1069.15
1993,633.454671870403,104157,1041.57
1994,633.539281562599,102643,1026.43
1995,633.623891496493,101822,1018.22
1996,633.708501672329,101279,1012.79
1997,633.793112090353,103838,1038.38
1998,633.877722750809,104230,1042.3
1999,633.962333653943,102309,1023.09
2000,634.0469448,101189,1011.89
2001,634.131556189225,100837,1008.37
2002,634.216167821863,103270,1032.7
2003,634.300779698159,103501,1035.01
2004,634.385391818359,101389,1013.89
2005,634.470004182707,100595,1005.95
2006,634.554616791449,99953,999.53
2007,634.639229644829,102214,1022.14
2008,634.723842743094,117801,1178.01
2009,634.808456086488,123222,1232.22
2010,634.893069675256,114601,1146.01
2011,634.977683509643,110395,1103.95
2012,635.062297589895,110335,1103.35
2013,635.146911916256,110058,1100.58
2014,635.231526488972,106813,1068.13
2015,635.316141308288,334665,3346.65
2016,635.400756374449,397369,3973.69
2017,635.4853716877,277593,2775.93
2018,635.569987248286,207538,2075.38
2019,635.654603056453,162264,1622.64
2020,635.739219112446,135034,1350.34
2021,635.823835416509,119916,1199.16
2022,635.908451968888,116293,1162.93
2023,635.993068769827,131043,1310.43
2024,636.077685819573,129335,1293.35
2025,636.16230311837,135288,1352.88
2026,636.246920666464,132657,1326.57
2027,636.331538464099,227955,2279.55
2028,636.41615651152,249462,2494.62
2029,636.500774808974,184624,1846.24
2030,636.585393356704,146304,1463.04
2031,636.670012154956,146943,1469.43
2032,636.754631203976,144012,1440.12
2033,636.839250504007,125438,1254.38
2034,636.923870055296,112165,1121.65
2035,637.008489858088,106936,1069.36
2036,637.093109912628,103900,1039
2037,637.17773021916,100063,1000.63
2038,637.26235077793,97450,974.5
2039,637.346971589183,105027,1050.27
2040,637.431592653165,110221,1102.21
2041,637.51621397012,106133,1061.33
2042,637.600835540293,103373,1033.73
2043,637.68545736393,103126,1031.26
2044,637.770079441276,103263,1032.63
2045,637.854701772576,100839,1008.39
2046,637.939324358074,97456,974.56
2047,638.023947198017,95526,955.26
