464.9839,106794
465.068515076491,106552
465.153129906126,106548
465.237744489151,106356
465.322358825812,105994
465.406972916352,105730
465.491586761018,105578
465.576200360054,105729
465.660813713705,105997
465.745426822218,106060
465.830039685836,106187
465.914652304805,106422
465.99926467937,106372
466.083876809776,106183
466.168488696269,106274
466.253100339093,205520
466.337711738494,233714
466.422322894716,181328
466.506933808006,150158
466.591544478607,132068
466.676154906766,121722
466.760765092726,116053
466.845375036735,115593
466.929984739036,114812
467.014594199874,112746
467.099203419495,111100
467.183812398145,109704
467.268421136067,109057
467.353029633508,130741
467.437637890711,138524
467.522245907924,129790
467.60685368539,122613
467.691461223355,116790
467.776068522063,113781
467.860675581761,111766
467.945282402693,113499
468.029888985104,118255
468.11449532924,117715
468.199101435345,116460
468.283707303665,114993
468.368312934445,112577
468.45291832793,113608
468.537523484364,115865
468.622128403994,133369
468.706733087065,141252
468.791337533821,131467
468.875941744507,122173
468.96054571937,117202
469.045149458653,114322
469.129752962602,112443
469.214356231462,111064
469.298959265479,110185
469.383562064897,110276
469.468164629962,110232
469.552766960919,112011
469.637369058012,115088
469.721970921487,114598
469.80657255159,113156
469.891173948565,114305
469.975775112657,113626
470.060376044111,111649
470.144976743173,110669
470.229577210088,112490
470.314177445101,112675
470.398777448457,113738
470.483377220402,131546
470.567976761179,137151
470.652576071035,128452
470.737175150215,121168
470.821773998963,116521
470.906372617525,116290
470.990971006146,115044
471.075569165072,137674
471.160167094546,143713
471.244764794815,132318
471.329362266123,124412
471.413959508717,120543
471.498556522839,122248
471.583153308737,122614
471.667749866655,120078
471.752346196838,119328
471.836942299532,119427
471.921538174981,122120
472.00613382343,120561
472.090729245126,115999
472.175324440312,112988
472.259919409234,113840
472.344514152137,113423
472.429108669267,111361
472.513702960868,111035
472.598297027185,112400
472.682890868465,112418
472.767484484951,111105
472.852077876889,110189
472.936671044524,112292
473.021263988101,112715
473.105856707865,111578
473.190449204062,114907
473.275041476937,126119
473.359633526735,131236
473.4442253537,124982
473.528816958078,120488
473.613408340115,119659
473.697999500055,117076
473.782590438143,114068
473.867181154625,112512
473.951771649745,114466
474.03636192375,114263
474.120951976883,112526
474.20554180939,111610
474.290131421517,110850
474.374720813508,113215
474.459309985608,113357
474.543898938063,111506
474.628487671118,110581
474.713076185018,110141
474.797664480008,112802
474.882252556332,136238
474.966840414238,143201
475.051428053968,156812
475.13601547577,155253
475.220602679887,136106
475.305189666564,124588
475.389776436048,117866
475.474362988583,114094
475.558949324414,111655
475.643535443787,110600
475.728121346946,110216
475.812707034136,109723
475.897292505604,127711
475.981877761593,135960
476.066462802349,129443
476.151047628118,124601
476.235632239144,119532
476.320216635672,115044
476.404800817948,115049
476.489384786216,114467
476.573968540723,115561
476.658552081712,130519
476.74313540943,132364
476.827718524121,122946
476.91230142603,117081
476.996884115403,115930
477.081466592484,114790
477.166048857519,112334
477.250630910753,113730
477.335212752432,113728
477.419794382799,111900
477.504375802101,113072
477.588957010582,113470
477.673538008487,111728
477.758118796063,142914
477.842699373553,151508
477.927279741204,133849
478.011859899259,123348
478.096439847965,117149
478.181019587566,114068
478.265599118308,112539
478.350178440435,111304
478.434757554193,110622
478.519336459827,119472
478.603915157582,121433
478.688493647704,116038
478.773071930436,159266
478.857650006026,170514
478.942227874716,145409
479.026805536754,138819
479.111382992383,133860
479.19596024185,126808
479.280537285398,120768
479.365114123274,115671
479.449690755722,112586
479.534267182988,110723
479.618843405317,109639
479.703419422953,111727
479.787995236142,115439
479.87257084513,114956
479.95714625016,112568
480.041721451479,111412
480.126296449331,111004
480.210871243962,112716
480.295445835617,112805
480.380020224541,113546
480.464594410979,113227
480.549168395175,114139
480.633742177377,114198
480.718315757827,112190
480.802889136772,110799
480.887462314457,109734
480.972035291127,109135
481.056608067026,111644
481.141180642401,121454
481.225753017496,122400
481.310325192556,116651
481.394897167827,115629
481.479468943554,114366
481.564040519981,112309
481.648611897354,111273
481.733183075918,110472
481.817754055918,112592
481.9023248376,112695
481.986895421208,113095
482.071465806988,139373
482.156035995184,145221
482.240605986042,132442
482.325175779807,124118
482.409745376725,117639
482.494314777039,113835
482.578883980996,111902
482.663452988841,110965
482.748021800818,110087
482.832590417173,109472
482.91715883815,111843
483.001727063996,114861
483.086295094955,114356
483.170862931273,112420
483.255430573193,111723
483.339998020963,113418
483.424565274826,113527
483.509132335028,111884
483.593699201814,110790
483.678265875429,112448
483.762832356118,112444
483.847398644127,110756
483.9319647397,112300
484.016530643083,120906
484.101096354521,121980
484.185661874258,117318
484.270227202541,113995
484.354792339614,112069
484.439357285722,111213
484.523922041111,113106
484.608486606025,115676
484.69305098071,114565
484.777615165411,113674
484.862179160373,114787
484.946742965841,113799
485.03130658206,113843
485.115870009276,115915
485.200433247733,115038
485.284996297677,112974
485.369559159353,129999
485.454121833005,136672
485.53868431888,127147
485.623246617222,120378
485.707808728276,116092
485.792370652288,112827
485.876932389502,113488
485.961493940164,113112
486.046055304519,111205
486.130616482813,110824
486.215177475289,110743
486.299738282193,115163
486.384298903771,116317
486.468859340268,113327
486.553419591928,111089
486.637979658997,110284
486.722539541719,109856
486.807099240341,111348
486.891658755108,111601
486.976218086263,110195
487.060777234053,109477
487.145336198723,109300
487.229894980517,109108
487.314453579682,109355
487.399011996461,109471
487.483570231101,109290
487.568128283845,109316
487.652686154941,109199
487.737243844632,109188
487.821801353163,112582
487.906358680781,113225
487.990915827729,111331
488.075472794253,110460
488.160029580599,113572
488.244586187011,114189
488.329142613735,112495
488.413698861015,116343
488.498254929097,116639
488.582810818225,116311
488.667366528646,116242
488.751922060605,113671
488.836477414345,112234
488.921032590113,111647
489.005587588153,112285
489.090142408711,133783
489.174697052032,141053
489.259251518361,131693
489.343805807943,123327
489.428359921024,117150
489.512913857847,113687
489.597467618659,111933
489.682021203705,120114
489.76657461323,121753
489.851127847479,116100
489.935680906696,113930
490.020233791128,112596
490.104786501019,110736
490.189339036615,112643
490.27389139816,113008
490.3584435859,111048
490.44299560008,109813
490.527547440945,109217
490.612099108739,108747
490.69665060371,108503
490.7812019261,108899
490.865753076156,111794
490.950304054123,112844
491.034854860246,111549
491.119405494769,110437
491.203955957939,109967
491.288506249999,110043
491.373056371197,109957
491.457606321775,112546
491.54215610198,113986
491.626705712057,112211
491.711255152251,110716
491.795804422807,110090
491.88035352397,109732
491.964902455985,109627
492.049451219098,112311
492.133999813553,112892
492.218548239596,111334
492.303096497471,112755
492.387644587425,114720
492.472192509702,115814
492.556740264546,120978
492.641287852205,120357
492.725835272921,115259
492.810382526942,113016
492.894929614511,119016
492.979476535874,119901
493.064023291276,115402
493.148569880962,114586
493.233116305178,113484
493.317662564167,111582
493.402208658177,111021
493.486754587451,110168
493.571300352235,109355
493.655845952774,109017
493.740391389313,111494
493.824936662097,112049
493.909481771372,112574
493.994026717382,112108
494.078571500372,110396
494.163116120589,110051
494.247660578276,109980
494.33220487368,128935
494.416749007044,134122
494.501292978615,123840
494.585836788637,117654
494.670380437356,113818
494.754923925017,111917
494.839467251864,113666
494.924010418144,113452
495.0085534241,111541
495.093096269979,121414
495.177638956025,123965
495.262181482484,120206
495.3467238496,118941
495.431266057619,115732
495.515808106786,115403
495.600349997346,114567
495.684891729544,112273
495.769433303626,111922
495.853974719836,111292
495.938515978419,110047
496.023057079622,109468
496.107598023688,109197
496.192138810863,111749
496.276679441392,112509
496.361219915521,112176
496.445760233493,135210
496.530300395556,140803
496.614840401953,127630
496.69938025293,123860
496.783919948731,120516
496.868459489603,118247
496.95299887579,115935
497.037538107538,118133
497.12207718509,117886
497.206616108694,116533
497.291154878593,115352
497.375693495033,113107
497.460231958259,111526
497.544770268516,110538
497.629308426049,110351
497.713846431104,109708
497.798384283926,111586
497.882921984759,112168
497.967459533848,111003
498.05199693144,112917
498.136534177779,116059
498.22107127311,115375
498.305608217678,112704
498.390145011729,111032
498.474681655507,110078
498.559218149259,109724
498.643754493228,109935
498.72829068766,109596
498.8128267328,108995
498.897362628894,108825
498.981898376185,109061
499.066433974921,109568
499.150969425345,112493
499.235504727703,123975
499.32003988224,125377
499.404574889201,120551
499.489109748831,117699
499.573644461376,114368
499.65817902708,111804
499.742713446188,110448
499.827247718947,109855
499.9117818456,109799
499.996315826393,109347
500.080849661572,109100
500.165383351381,109523
500.249916896065,109478
500.33445029587,109437
500.41898355104,122557
500.503516661822,126456
500.588049628459,119271
500.672582451197,115227
500.757115130282,113006
500.841647665958,111543
500.92618005847,110356
501.010712308064,128941
501.095244414985,136086
501.179776379478,128654
501.264308201788,121923
501.34883988216,119355
501.433371420839,116946
501.517902818071,113447
501.6024340741,114277
501.686965189172,115516
501.771496163532,113818
501.856026997425,111556
501.940557691096,109970
502.02508824479,109306
502.109618658753,112215
502.194148933229,112903
502.278679068464,111109
502.363209064702,110576
502.44773892219,110091
502.532268641171,111919
502.616798221892,112742
502.701327664597,111746
502.785856969531,110942
502.87038613694,112683
502.954915167069,115210
503.039444060163,114163
503.123972816466,112004
503.208501436225,113637
503.293029919684,114022
503.377558267088,114743
503.462086478683,117084
503.546614554714,118703
503.631142495425,116752
503.715670301062,113344
503.800197971871,111430
503.884725508095,110458
503.969252909981,111892
504.053780177773,114700
504.138307311717,114449
504.222834312058,114873
504.307361179041,114309
504.39188791291,114673
504.476414513912,115260
504.560940982291,125343
504.645467318292,126682
504.729993522161,119227
504.814519594143,117147
504.899045534482,116985
504.983571343424,118108
505.068097021215,119063
505.152622568098,119090
505.23714798432,127297
505.321673270126,126811
505.40619842576,119293
505.490723451468,114745
505.575248347494,114583
505.659773114085,113965
505.744297751485,132753
505.828822259939,140091
505.913346639693,128845
505.997870890991,120601
506.082395014079,115731
506.166919009201,112816
506.251442876604,110947
506.335966616531,112448
506.420490229229,112848
506.505013714942,111711
506.589537073916,110885
506.674060306396,112555
506.758583412626,113198
506.843106392852,111689
506.927629247319,110890
507.012151976272,110478
507.096674579957,112552
507.181197058618,113711
507.2657194125,112698
507.350241641849,133139
507.43476374691,141073
507.519285727928,129704
507.603807585148,120924
507.688329318816,116261
507.772850929175,115822
507.857372416473,117375
507.941893780953,115884
508.02641502286,113426
508.110936142441,111841
508.195457139939,113197
508.279978015601,113125
508.364498769671,111926
508.449019402395,111051
508.533539914017,110507
508.618060304783,112563
508.702580574937,112966
508.787100724726,111348
508.871620754394,111603
508.956140664186,122746
509.040660454347,128221
509.125180125123,133174
509.209699676758,130897
509.294219109499,135237
509.378738423589,133471
509.463257619274,126186
509.5477766968,120973
509.632295656411,115960
509.716814498352,113127
509.801333222869,111392
509.885851830207,110420
509.97037032061,110173
510.054888694324,110095
510.139406951595,112529
510.223925092667,113095
510.308443117785,111710
510.392961027195,111547
510.477478821141,113889
510.56199649987,116419
510.646514063625,118033
510.731031512652,119271
510.815548847197,117230
510.900066067503,114790
510.984583173818,113166
511.069100166384,114194
511.153617045449,114059
511.238133811256,114832
511.322650464052,114460
511.407167004081,112643
511.491683431587,117156
511.576199746818,118010
511.660715950017,117082
511.745232041429,115858
511.829748021301,113648
511.914263889876,112429
511.9987796474,112370
512.083295294119,111915
512.167810830277,111826
512.252326256119,113563
512.336841571891,115966
512.421356777838,125932
512.505871874205,127070
512.590386861236,123026
512.674901739178,119534
512.759416508275,115926
512.843931168773,113743
512.928445720916,115113
513.01296016495,117687
513.097474501119,116560
513.18198872967,114258
513.266502850847,113128
513.351016864895,114992
513.435530772059,115539
513.520044572585,113715
513.604558266717,112647
513.689071854701,117206
513.773585336782,119919
513.858098713206,120341
513.942611984216,121441
514.027125150058,123673
514.111638210978,124793
514.196151167221,121398
514.280664019031,117177
514.365176766654,115085
514.449689410336,116124
514.53420195032,118503
514.618714386852,117625
514.703226720178,115216
514.787738950542,113834
514.87225107819,112922
514.956763103367,112527
515.041275026318,112465
515.125786847287,118098
515.210298566521,119863
515.294810184265,117085
515.379321700762,115222
515.463833116259,114301
515.548344431001,113814
515.632855645233,116246
515.7173667592,116989
515.801877773147,116651
515.886388687319,118264
515.970899501962,117739
516.05541021732,115747
516.139920833639,114706
516.224431351163,114643
516.308941770138,114522
516.39345209081,114094
516.477962313423,113981
516.562472438222,116297
516.646982465452,119310
516.731492395359,122753
516.816002228188,122641
516.900511964184,119779
516.985021603591,122819
517.069531146656,128097
517.154040593623,133985
517.238549944738,131963
517.323059200245,127715
517.40756836039,124432
517.492077425417,120859
517.576586395573,118802
517.661095271101,138686
517.745604052248,143699
517.830112739258,131978
517.914621332376,130623
517.999129831848,128677
518.083638237919,124036
518.168146550834,121293
518.252654770838,119589
518.337162898176,118891
518.421670933093,118423
518.506178875835,118166
518.590686726646,118162
518.675194485772,118762
518.759702153457,121114
518.844209729948,121787
518.928717215489,120617
519.013224610325,122545
519.097731914701,123694
519.182239128863,122383
519.266746253055,121159
519.351253287523,120400
519.435760232512,120233
519.520267088267,120310
519.604773855033,120163
519.689280533056,120114
519.77378712258,120554
519.85829362385,120517
519.942800037113,123301
520.027306362612,124267
520.111812600593,122890
520.196318751301,122366
520.280824814981,122417
520.365330791879,122294
520.449836682239,122597
520.534342486307,122803
520.618848204327,122980
520.703353836546,125453
520.787859383207,125972
520.872364844557,129514
520.95687022084,143901
521.041375512301,145328
521.125880719186,136702
521.21038584174,131915
521.294890880208,138625
521.379395834834,139660
521.463900705865,136381
521.548405493545,133919
521.632910198119,130925
521.717414819833,129482
521.801919358931,128878
521.88642381566,128515
521.970928190263,131048
522.055432482986,241133
522.139936694074,270297
522.224440823773,213554
522.308944872327,179679
522.393448839982,158990
522.477952726982,149539
522.562456533574,155693
522.646960260001,153968
522.731463906509,147770
522.815967473344,145614
522.90047096075,141717
522.984974368973,137988
523.069477698257,135952
523.153980948848,134867
523.238484120991,134252
523.322987214931,134514
523.407490230914,137741
523.491993169183,141601
523.576496029985,167264
523.660998813565,172762
523.745501520167,179020
523.830004150038,176288
523.914506703421,160416
523.999009180562,151048
524.083511581707,145923
524.1680139071,143379
524.252516156987,142212
524.337018331612,141746
524.421520431221,144043
524.506022456059,144945
524.590524406371,143801
524.675026282403,158646
524.759528084398,163509
524.844029812603,156102
524.928531467263,151343
525.013033048623,161027
525.097534556927,164096
525.182035992421,157550
525.266537355351,153613
525.351038645961,151550
525.435539864496,153125
525.520041011202,153702
525.604542086324,152571
525.689043090106,157829
525.773544022794,159493
525.858044884634,159506
525.942545675869,159085
526.027046396746,157194
526.11154704751,156289
526.196047628405,156113
526.280548139677,159188
526.36504858157,160419
526.449548954331,159344
526.534049258204,159283
526.618549493434,161863
526.703049660267,162870
526.787549758947,162389
526.87204978972,164618
526.956549752831,165817
527.041049648525,165247
527.125549477046,165045
527.210049238641,178645
527.294548933555,184044
527.379048562032,177938
527.463548124317,174193
527.548047620657,172986
527.632547051295,172404
527.717046416477,172605
527.801545716449,176400
527.886044951455,177666
527.97054412174,181139
528.05504322755,182025
528.139542269129,180009
528.224041246724,180804
528.308540160578,183150
528.393039010938,183516
528.477537798047,182270
528.562036522152,183904
528.646535183498,187568
528.731033782329,189938
528.815532318891,189326
528.900030793429,188061
528.984529206188,187675
529.069027557414,187998
529.15352584735,188831
529.238024076243,189758
529.322522244338,190343
529.407020351879,191521
529.491518399112,193094
529.576016386283,193888
529.660514313635,194734
529.745012181415,195762
529.829509989866,196584
529.914007739236,197800
529.998505429768,201246
530.083003061708,202850
530.167500635301,202675
530.251998150792,203055
530.336495608426,204052
530.420993008449,207506
530.505490351105,211573
530.589987636639,214258
530.674484865298,216224
530.758982037325,215473
530.843479152966,213682
530.927976212466,212964
531.012473216071,213114
531.096970164025,248640
531.181467056574,260652
531.265963893962,242123
531.350460676435,229361
531.434957404238,221747
531.519454077616,216703
531.603950696814,214092
531.688447262078,210758
531.772943773652,205159
531.857440231782,198748
531.941936636713,192000
532.026432988689,187731
532.110929287956,182147
532.19542553476,177340
532.279921729345,171683
532.364417871956,164750
532.448913962839,158924
532.533410002239,154065
532.6179059904,149557
532.702401927568,145042
532.786897813989,140934
532.871393649906,141946
532.955889435567,141917
533.040385171214,136817
533.124880857094,152034
533.209376493452,153051
533.293872080533,138087
533.378367618582,128443
533.462863107844,138691
533.547358548564,139555
533.631853940988,130664
533.71634928536,124504
533.800844581926,127337
533.885339830931,126359
533.96983503262,120814
534.054330187238,117443
534.13882529503,117359
534.223320356242,116386
534.307815371118,114259
534.392310339903,112877
534.476805262844,111961
534.561300140184,111640
534.64579497217,116290
534.730289759045,117628
534.814784501056,117479
534.899279198448,117047
534.983773851465,115105
535.068268460352,116033
535.152763025356,122897
535.23725754672,136568
535.321752024691,136283
535.406246459513,126566
535.490740851431,120361
535.575235200691,116443
535.659729507538,114465
535.744223772216,414184
535.828717994971,499199
535.913212176048,337773
535.997706315693,241447
536.08220041415,193557
536.166694471664,164127
536.251188488481,142287
536.335682464845,129791
536.420176401003,123095
536.504670297198,119151
536.589164153677,116665
536.673657970684,115390
536.758151748464,115106
536.842645487263,114823
536.927139187325,114381
537.011632848896,116610
537.096126472221,117552
537.180620057546,119724
537.265113605114,122349
537.349607115172,121163
537.434100587964,119640
537.518594023736,118940
537.603087422733,118885
537.687580785199,119526
537.772074111381,122387
537.856567401522,131575
537.941060655869,143648
538.025553874667,155379
538.11004705816,191036
538.194540206593,285551
538.279033320213,463227
538.363526399263,719092
538.44801944399,1007409
538.532512454637,1255810
538.617005431451,1413072
538.701498374677,1452071
538.785991284559,1378238
538.870484161343,1227997
538.954977005273,1056975
539.039469816596,901904
539.123962595556,781149
539.208455342398,703621
539.292948057368,652098
539.37744074071,615142
539.46193339267,593847
539.546426013493,580951
539.630918603424,573942
539.715411162708,565660
539.79990369159,555657
539.884396190315,541116
539.968888659129,536354
540.053381098277,513103
540.137873508003,462234
540.222365888553,402417
540.306858240173,338837
540.391350563106,276910
540.475842857599,228995
540.560335123896,191381
540.644827362243,164987
540.729319572884,149749
540.813811756066,137783
540.898303912032,128615
540.982796041028,123017
541.0672881433,119832
541.151780219092,118215
541.23627226865,116870
541.320764292218,115723
541.405256290042,115351
541.489748262367,117039
541.574240209438,120840
541.6587321315,120550
541.743224028798,120748
541.827715901578,119928
541.912207750085,117303
541.996699574563,116394
542.081191375258,116239
542.165683152415,118968
542.250174906279,119814
542.334666637096,118756
542.41915834511,119086
542.503650030566,136083
542.58814169371,145244
542.672633334787,146310
542.757124954042,147731
542.841616551719,150225
542.926108128065,160600
543.010599683325,174245
543.095091217743,191014
543.179582731564,232306
543.264074225034,262650
543.348565698398,279179
543.433057151901,301561
543.517548585789,326461
543.602040000305,356543
543.686531395696,384119
543.771022772206,404712
543.855514130081,425458
543.940005469566,445474
544.024496790906,460713
544.108988094346,479595
544.193479380131,496164
544.277970648506,506283
544.362461899717,515804
544.446953134009,529004
544.531444351626,540204
544.615935552814,549539
544.700426737818,559347
544.784917906884,567915
544.869409060255,577843
544.953900198178,585831
545.038391320898,591444
545.122882428659,595737
545.207373521708,598815
545.291864600288,601963
545.376355664645,604655
545.460846715024,630335
545.545337751671,636826
545.62982877483,623600
545.714319784747,618210
545.798810781666,616766
545.883301765834,612553
545.967792737495,610902
546.052283696893,610579
546.136774644275,612044
546.221265579886,613398
546.30575650397,613347
546.390247416772,615047
546.474738318539,617912
546.559229209514,621712
546.643720089944,625493
546.728210960073,629737
546.812701820146,636002
546.897192670409,643709
546.981683511106,647478
547.066174342483,648266
547.150665164785,650510
547.235155978257,654377
547.319646783145,655473
547.404137579692,654436
547.488628368145,654000
547.573119148749,653400
547.657609921748,653390
547.742100687388,656591
547.826591445914,658366
547.911082197572,658940
547.995572942605,662028
548.08006368126,664473
548.164554413782,666766
548.249045140415,669952
548.333535861404,673478
548.418026576996,689275
548.502517287435,696574
548.587007992966,693951
548.671498693834,692368
548.755989390285,696739
548.840480082563,701638
548.924970770915,701602
549.009461455584,700815
549.093952136815,702793
549.178442814856,703081
549.262933489949,701470
549.347424162341,706250
549.431914832276,707766
549.5164055,704986
549.600896165758,705525
549.685386829794,707662
549.769877492355,708564
549.854368153685,710379
549.938858814029,726189
550.023349473633,732986
550.107840132742,730964
550.1923307916,729814
550.276821450453,727636
550.361312109546,727755
550.445802769124,731861
550.530293429432,735192
550.614784090716,735805
550.69927475322,736568
550.78376541719,737779
550.868256082871,738563
550.952746750508,739793
551.037237420346,742910
551.12172809263,744606
551.206218767606,745013
551.290709445518,744904
551.375200126611,745138
551.459690811131,748859
551.544181499323,750880
551.628672191433,751423
551.713162887704,752199
551.797653588383,753621
551.882144293714,755336
551.966635003943,757729
552.051125719314,763136
552.135616440073,770334
552.220107166465,772657
552.304597898735,774162
552.389088637129,775714
552.473579381891,791643
552.558070133266,796130
552.6425608915,788358
552.727051656838,784852
552.811542429524,801320
552.896033209805,803769
552.980523997925,795924
553.065014794129,791918
553.149505598662,787401
553.23399641177,784427
553.318487233698,785048
553.402978064691,795113
553.487468904993,804925
553.571959754851,801937
553.656450614509,794985
553.740941484213,790988
553.825432364206,794632
553.909923254736,796791
553.994414156046,800637
554.078905068382,802610
554.16339599199,801500
554.247886927113,801929
554.332377873998,818704
554.416868832889,823850
554.501359804032,816892
554.585850787671,814154
554.670341784053,814276
554.754832793421,815433
554.839323816021,815532
554.923814852099,815819
555.008305901899,816170
555.092796965667,820904
555.177288043647,821892
555.261779136085,839894
555.346270243226,844910
555.430761365315,835428
555.515252502597,831398
555.599743655318,827277
555.684234823722,824050
555.768726008055,825702
555.853217208561,828570
555.937708425486,828302
556.022199659075,844739
556.106690909574,849694
556.191182177226,843351
556.275673462278,839269
556.360164764975,838221
556.444656085561,841678
556.529147424282,841571
556.613638781383,841033
556.698130157109,840435
556.782621551706,842508
556.867112965417,844635
556.951604398489,848436
557.036095851167,852934
557.120587323695,851759
557.20507881632,848585
557.289570329285,846328
557.374061862836,847541
557.458553417219,848182
557.543044992678,848149
557.627536589459,847712
557.712028207806,848662
557.796519847966,848467
557.881011510182,851816
557.9655031947,855514
558.049994901765,853671
558.134486631623,849874
558.218978384519,848593
558.303470160697,851762
558.387961960402,853267
558.472453783881,853964
558.556945631378,855318
558.641437503137,878631
558.725929399405,893418
558.810421320427,884789
558.894913266447,875444
558.97940523771,871002
559.063897234463,870262
559.14838925695,872362
559.232881305415,871703
559.317373380105,868932
559.401865481264,870605
559.486357609138,871919
559.570849763971,870650
559.65534194601,869686
559.739834155498,871590
559.824326392681,870921
559.908818657804,871873
559.993310951113,872427
560.077803272852,871118
560.162295623266,870075
560.246788002602,869841
560.331280411103,871636
560.415772849015,874174
560.500265316583,875611
560.584757814052,880019
560.669250341668,880275
560.753742899676,876850
560.83823548832,877883
560.922728107845,878522
561.007220758498,877772
561.091713440523,878658
561.176206154165,878865
561.260698899669,879682
561.345191677281,880162
561.429684487245,879443
561.514177329807,879297
561.598670205212,879711
561.683163113705,879783
561.767656055531,879188
561.852149030935,880962
561.936642040163,884959
562.021135083459,884435
562.105628161069,881299
562.190121273237,881668
562.27461442021,879902
562.359107602232,885615
562.443600819547,885860
562.528094072403,883266
562.612587361042,887581
562.697080685712,888979
562.781574046656,887349
562.866067444119,897951
562.950560878348,898260
563.035054349587,889029
563.119547858082,887023
563.204041404076,886509
563.288534987816,885374
563.373028609547,883964
563.457522269514,883558
563.542015967961,883901
563.626509705135,887156
563.71100348128,890850
563.795497296641,890701
563.879991151464,888981
563.964485045993,888064
564.048978980475,887450
564.133472955153,887055
564.217966970273,886797
564.30246102608,888917
564.386955122819,891774
564.471449260736,892603
564.555943440075,889800
564.640437661083,886734
564.724931924002,936431
564.80942622908,951355
564.893920576561,924182
564.97841496669,908704
565.062909399713,898774
565.147403875874,899578
565.231898395419,898387
565.316392958592,891563
565.400887565639,887167
565.485382216806,884994
565.569876912336,884373
565.654371652476,885202
565.73886643747,887688
565.823361267564,889128
565.907856143003,903746
565.992351064031,906809
566.076846030894,898500
566.161341043838,893073
566.245836103106,889633
566.330331208945,889730
566.4148263616,889137
566.499321561315,890073
566.583816808336,891030
566.668312102908,892077
566.752807445276,890658
566.837302835685,889482
566.92179827438,890611
567.006293761607,890267
567.090789297611,889033
567.175284882636,891887
567.259780516928,891531
567.344276200732,887804
567.428771934293,886055
567.513267717856,887117
567.597763551667,885905
567.68225943597,883257
567.766755371011,898241
567.851251357034,902319
567.935747394286,893667
568.020243483011,893692
568.104739623454,892383
568.18923581586,904347
568.273732060474,906986
568.358228357543,896855
568.442724707309,890486
568.52722111002,886820
568.61171756592,884767
568.696214075254,883275
568.780710638267,882382
568.865207255205,883114
568.949703926312,883597
569.034200651834,886032
569.118697432015,886238
569.203194267102,884040
569.287691157338,884798
569.37218810297,888844
569.456685104242,895208
569.5411821614,893466
569.625679274688,887083
569.710176444352,885567
569.794673670637,882484
569.879170953788,877636
569.96366829405,877227
570.048165691668,881710
570.132663146887,880773
570.217160659954,882663
570.301658231112,881757
570.386155860606,877754
570.470653548683,874794
570.555151295587,872237
570.639649101562,871194
570.724146966856,870844
570.808644891712,872083
570.893142876375,876438
570.977640921091,877758
571.062139026105,877000
571.146637191662,887644
571.231135418007,887426
571.315633705386,877196
571.400132054043,873505
571.484630464223,872434
571.569128936172,868567
571.653627470135,864382
571.738126066357,866543
571.822624725083,868562
571.907123446559,865542
571.991622231028,866351
572.076121078737,868397
572.160619989931,864436
572.245118964855,860399
572.329618003753,856285
572.414117106872,852965
572.498616274455,853471
572.583115506749,848068
572.667614803999,841001
572.752114166448,837398
572.836613594344,837057
572.921113087931,838948
573.005612647453,840502
573.090112273157,841471
573.174611965286,844821
573.259111724088,850317
573.343611549805,856140
573.428111442685,873536
573.512611402971,876315
573.597111430909,898634
573.681611526744,900003
573.766111690721,884522
573.850611923086,872335
573.935112224083,860799
574.019612593957,854997
574.104113032955,852518
574.18861354132,853543
574.273114119298,854098
574.357614767134,855647
574.442115485074,854158
574.526616273362,885492
574.611117132243,892398
574.695618061963,883885
574.780119062767,876437
574.8646201349,862735
574.949121278607,856273
575.033622494133,853323
575.118123781723,850381
575.202625141623,845045
575.287126574078,839032
575.371628079332,834894
575.456129657631,833623
575.54063130922,832197
575.625133034344,834021
575.709634833249,838710
575.794136706179,837455
575.878638653379,833244
575.963140675095,830366
576.047642771572,827972
576.132144943055,826738
576.216647189789,830011
576.301149512019,830789
576.38565190999,827549
576.470154383948,825297
576.554656934138,825048
576.639159560804,827769
576.723662264192,827718
576.808165044547,849021
576.892667902114,855868
576.977170837139,842255
577.061673849866,830777
577.146176940541,823583
577.230680109408,820996
577.315183356713,819313
577.399686682701,819464
577.484190087617,836070
577.568693571706,837621
577.653197135214,825353
577.737700778385,820559
577.822204501465,816080
577.906708304698,811020
577.991212188331,830812
578.075716152607,835337
578.160220197773,824739
578.244724324073,816902
578.329228531752,814748
578.413732821056,814544
578.49823719223,809314
578.582741645518,803940
578.667246181166,803442
578.75175079942,802434
578.836255500524,803011
578.920760284723,807578
579.005265152262,806555
579.089770103388,802676
579.174275138344,799730
579.258780257375,797540
579.343285460728,795942
579.427790748647,794626
579.512296121378,793489
579.596801579165,793269
579.681307122253,793627
579.765812750888,792567
579.850318465315,790899
579.934824265779,789426
580.019330152525,787758
580.103836125799,800410
580.188342185844,801843
580.272848332908,794566
580.357354567233,790065
580.441860889067,786474
580.526367298654,783267
580.610873796238,785605
580.695380382066,784387
580.779887056382,779539
580.864393819432,779039
580.94890067146,777118
581.033407612712,773141
581.117914643433,771373
581.202421763867,769564
581.286928974261,767845
581.371436274859,769594
581.455943665907,769443
581.540451147649,768827
581.62495872033,766749
581.709466384197,764210
581.793974139493,763409
581.878481986465,767947
581.962989925357,767111
582.047497956414,768422
582.132006079881,769632
582.216514296004,766466
582.301022605028,763016
582.385531007198,767932
582.470039502758,768291
582.554548091955,763698
582.639056775033,762008
582.723565552238,759709
582.808074423814,757326
582.892583390007,755260
582.977092451061,759145
583.061601607223,759847
583.146110858736,757021
583.230620205847,755849
583.3151296488,752551
583.399639187841,751906
583.484148823214,750786
583.568658555165,748028
583.653168383939,745965
583.73767830978,748738
583.822188332935,749393
583.906698453649,747109
583.991208672165,743299
584.075718988731,738892
584.16022940359,739063
584.244739916987,738246
584.329250529169,735226
584.41376124038,733441
584.498272050865,732461
584.58278296087,731427
584.667293970638,736742
584.751805080417,743460
584.83631629045,740169
584.920827600983,734056
585.005339012262,730994
585.08985052453,731537
585.174362138034,732988
585.258873853018,732418
585.343385669727,729082
585.427897588408,725551
585.512409609304,723216
585.596921732661,721327
585.681433958724,722176
585.765946287739,721474
585.85045871995,722376
585.934971255602,724390
586.019483894941,727458
586.103996638212,727514
586.18850948566,722841
586.27302243753,718904
586.357535494067,715112
586.442048655516,729510
586.526561922122,747541
586.611075294132,739975
586.695588771789,725773
586.780102355339,716839
586.864616045027,713792
586.949129841097,710651
587.033643743797,706471
587.118157753369,704823
587.20267187006,703162
587.287186094115,700579
587.371700425779,699194
587.456214865296,698140
587.540729412912,696926
587.625244068873,696476
587.709758833423,697650
587.794273706808,697722
587.878788689272,696563
587.963303781061,695368
588.047818982419,693901
588.132334293593,694691
588.216849714827,696071
588.301365246366,693526
588.385880888455,690228
588.47039664134,687315
588.554912505266,684983
588.639428480477,686582
588.72394456722,689327
588.808460765738,693182
588.892977076278,691252
588.977493499084,686100
589.062010034401,681187
589.146526682475,676569
589.231043443551,673299
589.315560317874,670071
589.400077305689,668976
589.48459440724,668518
589.569111622774,670190
589.653628952536,674086
589.73814639677,673527
589.822663955722,670715
589.907181629636,730237
589.991699418759,750339
590.076217323334,722640
590.160735343608,700896
590.245253479825,683770
590.329771732231,672868
590.41429010107,689231
590.498808586588,691476
590.58332718903,676690
590.667845908641,668491
590.752364745666,663323
590.83688370035,658978
590.921402772939,658341
591.005921963678,660534
591.090441272811,658476
591.174960700584,656881
591.259480247241,657118
591.343999913029,657139
591.428519698192,654996
591.513039602976,652586
591.597559627625,651211
591.682079772385,649751
591.7666000375,647304
591.851120423216,646786
591.935640929779,646418
592.020161557432,646359
592.104682306422,646246
592.189203176993,645305
592.273724169391,643873
592.35824528386,642610
592.442766520647,640637
592.527287879995,641336
592.611809362151,642118
592.696330967358,661060
592.780852695863,664303
592.865374547911,651092
592.949896523746,643298
593.034418623614,638319
593.11894084776,662535
593.203463196429,667810
593.287985669866,651028
593.372508268317,640708
593.457030992026,634298
593.541553841238,630493
593.626076816199,628289
593.710599917154,626567
593.795123144348,625280
593.879646498027,623258
593.964169978434,626978
594.048693585816,628113
594.133217320417,624898
594.217741182483,624162
594.302265172259,622117
594.38678928999,621160
594.47131353592,620351
594.555837910296,619634
594.640362413363,617809
594.724887045364,631121
594.809411806547,633719
594.893936697155,624450
594.978461717434,623384
595.062986867629,620820
595.147512147985,615967
595.232037558747,617641
595.316563100161,621683
595.401088772471,619166
595.485614575923,614417
595.570140510762,611002
595.654666577233,608169
595.73919277558,608498
595.82371910605,609238
595.908245568888,607798
595.992772164338,610257
596.077298892645,614482
596.161825754055,610829
596.246352748813,605259
596.330879877164,601825
596.415407139353,609811
596.499934535626,610587
596.584462066227,603493
596.668989731401,600936
596.753517531394,599639
596.838045466451,598582
596.922573536817,594881
597.007101742737,591727
597.091630084456,611873
597.17615856222,627910
597.260687176273,619259
597.345215926861,608071
597.429744814228,604455
597.51427383862,597221
597.598803000283,589892
597.68333229946,591513
597.767861736398,589884
597.852391311341,589948
597.936921024535,588405
598.021450876224,586617
598.105980866655,587893
598.190510996071,585044
598.275041264718,583868
598.359571672842,583862
598.444102220687,584768
598.528632908498,582477
598.613163736522,581077
598.697694705001,585077
598.782225814183,585442
598.866757064312,582528
598.951288455633,578692
599.035819988391,576968
599.120351662832,577569
599.2048834792,575529
599.289415437741,571638
599.3739475387,569346
599.458479782322,570564
599.543012168852,572273
599.627544698535,572836
599.712077371617,570798
599.796610188342,567954
599.881143148956,568792
599.965676253703,570028
600.05020950283,567355
600.13474289658,563218
600.2192764352,560832
600.303810118934,562018
600.388343948028,561174
600.472877922726,558134
600.557412043273,558713
600.641946309916,557966
600.726480722899,556361
600.811015282466,554582
600.895549988864,553049
600.980084842338,551507
601.064619843132,551901
601.149154991491,551541
601.233690287662,552368
601.318225731888,551841
601.402761324415,550019
601.487297065489,551184
601.571832955354,550376
601.656368994255,550577
601.740905182438,549112
601.825441520148,546193
601.90997800763,547959
601.994514645128,550556
602.079051432889,551213
602.163588371157,548898
602.248125460177,547891
602.332662700195,546736
602.417200091456,546812
602.501737634204,544759
602.586275328686,541283
602.670813175145,540007
602.755351173828,546089
602.839889324979,546918
602.924427628843,544588
603.008966085667,543261
603.093504695693,540066
603.178043459169,536532
603.262582376339,537452
603.347121447448,538775
603.431660672741,537105
603.516200052464,534289
603.600739586861,531524
603.685279276178,530058
603.769819120659,529173
603.854359120551,527180
603.938899276098,528034
604.023439587545,530042
604.107980055137,527826
604.19252067912,527092
604.277061459738,526501
604.361602397237,523897
604.446143491862,522023
604.530684743859,527658
604.615226153471,536357
604.699767720944,536160
604.784309446525,529753
604.868851330456,526603
604.953393372984,528964
605.037935574354,531053
605.122477934812,526829
605.207020454601,538227
605.291563133967,539203
605.376105973156,528146
605.460648972412,521312
605.545192131981,516369
605.629735452108,513066
605.714278933038,510136
605.798822575015,513856
605.883366378286,514876
605.967910343095,511750
606.052454469688,509089
606.136998758309,507516
606.221543209204,509763
606.306087822618,509051
606.390632598795,506263
606.475177537982,506687
606.559722640423,508505
606.644267906364,509483
606.728813336049,509931
606.813358929724,507013
606.897904687633,503032
606.982450610022,500777
607.066996697137,498790
607.151542949221,500034
607.236089366521,502441
607.320635949282,500878
607.405182697748,497859
607.489729612165,499009
607.574276692777,498742
607.658823939831,495573
607.74337135357,495421
607.827918934241,496964
607.912466682089,494969
607.997014597358,492258
608.081562680293,498261
608.16611093114,498514
608.250659350145,495615
608.335207937551,495020
608.419756693605,493755
608.504305618551,490677
608.588854712634,490358
608.6734039761,488112
608.757953409194,492778
608.84250301216,495805
608.927052785245,490586
609.011602728693,485947
609.096152842749,482334
609.180703127658,479621
609.265253583666,477655
609.349804211018,476277
609.434355009958,477717
609.518905980733,477780
609.603457123586,481163
609.688008438764,506642
609.772559926511,509907
609.857111587073,493595
609.941663420694,484027
610.02621542762,477631
610.110767608096,476249
610.195319962366,474514
610.279872490677,471622
610.364425193274,470151
610.4489780704,469554
610.533531122303,468517
610.618084349226,467690
610.702637751414,469380
610.787191329114,471160
610.87174508257,469659
610.956299012027,472031
611.04085311773,471296
611.125407399925,467580
611.209961858857,464719
611.29451649477,481052
611.37907130791,491015
611.463626298523,481848
611.548181466852,473674
611.632736813144,473479
611.717292337643,470783
611.801848040595,465399
611.886403922244,461822
611.970959982837,461525
612.055516222617,462074
612.14007264183,461914
612.224629240722,461661
612.309186019537,459228
612.39374297852,464909
612.478300117917,465231
612.562857437973,470392
612.647414938933,471397
612.731972621042,461630
612.816530484545,453690
612.901088529688,462149
612.985646756714,462736
613.070205165871,456049
613.154763757402,451016
613.239322531553,445803
613.323881488569,445210
613.408440628695,443371
613.492999952176,440020
613.577559459258,440210
613.662119150185,441377
613.746679025203,438870
613.831239084557,435530
613.915799328492,435947
614.000359757252,434971
614.084920371084,432594
614.169481170232,431422
614.254042154942,430528
614.338603325458,429266
614.423164682026,430877
614.507726224891,432767
614.592287954298,430465
614.676849870492,440168
614.761411973718,442023
614.845974264222,433859
614.930536742248,428722
615.015099408042,428313
615.099662261849,426952
615.184225303914,423837
615.268788534481,423834
615.353351953797,422908
615.437915562106,425654
615.522479359654,425426
615.607043346685,421822
615.691607523446,431208
615.776171890179,432325
615.860736447132,424341
615.94530119455,419510
616.029866132676,418640
616.114431261757,416988
616.198996582037,416666
616.283562093762,417151
616.368127797177,417004
616.452693692527,414388
616.537259780057,410708
616.621826060012,411294
616.706392532638,413046
616.790959198179,410791
616.87552605688,407002
616.960093108988,421268
617.044660354746,424509
617.1292277944,420938
617.213795428195,422595
617.298363256377,416992
617.38293127919,408705
617.46749949688,403266
617.552067909691,400037
617.63663651787,397835
617.72120532166,685912
617.805774321307,769328
617.890343517057,614165
617.974912909154,520052
618.059482497843,465264
618.14405228337,433646
618.22862226598,414737
618.313192445918,403585
618.397762823429,408525
618.482333398757,410905
618.56690417215,403468
618.65147514385,399277
618.736046314105,395774
618.820617683158,391943
618.905189251254,390030
618.98976101864,388880
619.07433298556,387320
619.158905152259,389625
619.243477518983,406169
619.328050085976,407553
619.412622853484,398804
619.497195821751,395535
619.581768991023,396810
619.666342361546,392926
619.750915933564,386801
619.835489707321,383432
619.920063683065,386224
620.004637861039,388238
620.089212241489,384628
620.173786824659,380889
620.258361610796,379879
620.342936600144,378402
620.427511792947,376526
620.512087189453,380380
620.596662789905,401497
620.681238594548,410420
620.765814603629,399080
620.850390817391,386894
620.93496723608,381736
621.019543859942,382632
621.104120689221,379883
621.188697724162,376080
621.273274965011,373344
621.357852412012,369801
621.442430065412,368112
621.527007925454,366933
621.611585992385,367363
621.696164266449,367514
621.780742747892,365177
621.865321436958,363586
621.949900333892,362636
622.03447943894,364305
622.119058752348,364126
622.203638274359,361415
622.28821800522,362569
622.372797945175,362746
622.457378094469,361192
622.541958453348,359302
622.626539022057,358600
622.711119800841,358039
622.795700789945,356372
622.880281989613,364141
622.964863400093,365060
623.049445021627,358951
623.134026854462,355405
623.218608898843,352852
623.303191155015,353913
623.387773623222,353879
623.472356303711,354193
623.556939196726,355903
623.641522302512,354372
623.726105621315,351182
623.810689153379,351220
623.89527289895,350376
623.979856858273,349870
624.064441031593,352990
624.149025419156,354419
624.233610021205,355481
624.318194837987,354715
624.402779869747,352432
624.487365116729,352889
624.571950579179,352567
624.656536257342,348004
624.741122151463,343359
624.825708261788,342274
624.91029458856,346137
624.994881132027,345304
625.079467892432,343241
625.16405487002,340661
625.248642065038,337074
625.33322947773,360505
625.41781710834,368855
625.502404957115,471786
625.5869930243,496855
625.671581310139,428043
625.756169814878,731889
625.840758538762,803340
625.925347482035,601976
626.009936644944,491058
626.094526027733,424802
626.179115630648,381348
626.263705453933,356742
626.348295497833,344723
626.432885762595,336463
626.517476248462,329946
626.60206695568,336259
626.686657884495,336007
626.771249035151,328134
626.855840407893,327872
626.940432002967,325492
627.025023820618,323013
627.10961586109,332561
627.19420812463,332366
627.278800611482,330672
627.363393321891,329088
627.447986256102,349223
627.532579414361,350905
627.617172796912,333276
627.701766404002,322426
627.786360235874,315787
627.870954292774,314586
627.955548574948,312821
628.04014308264,320168
628.124737816095,320684
628.209332775559,315417
628.293927961276,311072
628.378523373493,306840
628.463119012454,304086
628.547714878403,301915
628.632310971587,303521
628.716907292251,305597
628.801503840639,306057
628.886100616996,303281
628.970697621569,299728
629.055294854601,297531
629.139892316339,298038
629.224490007026,299420
629.309087926909,297891
629.393686076233,297581
629.478284455242,296428
629.562883064182,293087
629.647481903298,290473
629.732080972835,289010
629.816680273037,289831
629.901279804152,288791
629.985879566422,288948
630.070479560095,290928
630.155079785414,290984
630.239680242624,287444
630.324280931972,283647
630.408881853702,287107
630.493483008059,288422
630.578084395288,284284
630.662686015635,280303
630.747287869345,281432
630.831889956662,280899
630.916492277832,277487
631.001094833101,274527
631.085697622712,272977
631.170300646912,274729
631.254903905945,274596
631.339507400056,277638
631.424111129492,279639
631.508715094496,281543
631.593319295314,287626
631.677923732192,286726
631.762528405373,281090
631.847133315104,277164
631.93173846163,272781
632.016343845195,271064
632.100949466045,268553
632.185555324425,264839
632.270161420579,262488
632.354767754754,261182
632.439374327195,261861
632.523981138146,261054
632.608588187852,258680
632.693195476559,258286
632.777803004512,257323
632.862410771956,256595
632.947018779136,256357
633.031627026297,255874
633.116235513685,256144
633.200844241544,259682
633.28545321012,258818
633.370062419658,254670
633.454671870403,252081
633.539281562599,250421
633.623891496493,248890
633.708501672329,247754
633.793112090353,249003
633.877722750809,248272
633.962333653943,246098
634.0469448,244581
634.131556189225,243541
634.216167821863,244977
634.300779698159,244515
634.385391818359,242341
634.470004182707,241076
634.554616791449,239614
634.639229644829,240730
634.723842743094,253187
634.808456086488,257101
634.893069675256,249535
634.977683509643,244720
635.062297589895,243777
635.146911916256,243459
635.231526488972,240366
635.316141308288,419756
635.400756374449,468187
635.4853716877,372955
635.569987248286,317307
635.654603056453,281265
635.739219112446,259268
635.823835416509,246405
635.908451968888,242682
635.993068769827,253756
636.077685819573,252060
636.16230311837,256571
636.246920666464,253978
636.331538464099,327408
636.41615651152,343267
636.500774808974,291708
636.585393356704,261018
636.670012154956,261530
636.754631203976,259328
636.839250504007,244338
636.923870055296,233195
637.008489858088,227653
637.093109912628,224043
637.17773021916,221184
637.26235077793,218927
637.346971589183,224171
637.431592653165,227606
637.51621397012,223527
637.600835540293,220395
637.68545736393,219531
637.770079441276,219387
637.854701772576,217269
637.939324358074,214205
638.023947198017,212300
