464.9839,99282
465.068515076491,98999
465.153129906126,98995
465.237744489151,98793
465.322358825812,98717
465.406972916352,98626
465.491586761018,98465
465.576200360054,98551
465.660813713705,98838
465.745426822218,99029
465.830039685836,99105
465.914652304805,98935
465.99926467937,98789
466.083876809776,98841
466.168488696269,98893
466.253100339093,203067
466.337711738494,232734
466.422322894716,177640
466.506933808006,144679
466.591544478607,125919
466.676154906766,115411
466.760765092726,109244
466.845375036735,108427
466.929984739036,107619
467.014594199874,105607
467.099203419495,104083
467.183812398145,102627
467.268421136067,101983
467.353029633508,124940
467.437637890711,132881
467.522245907924,123706
467.60685368539,116094
467.691461223355,109635
467.776068522063,106064
467.860675581761,103880
467.945282402693,106255
468.029888985104,111530
468.11449532924,110849
468.199101435345,109194
468.283707303665,107165
468.368312934445,104335
468.45291832793,105458
468.537523484364,107935
468.622128403994,125735
468.706733087065,134139
468.791337533821,124400
468.875941744507,114485
468.96054571937,109046
469.045149458653,105953
469.129752962602,103995
469.214356231462,102720
469.298959265479,102270
469.383562064897,102000
469.468164629962,101669
469.552766960919,103614
469.637369058012,106713
469.721970921487,106038
469.80657255159,104158
469.891173948565,105257
469.975775112657,104698
470.060376044111,102906
470.144976743173,102162
470.229577210088,104393
470.314177445101,105070
470.398777448457,106191
470.483377220402,124047
470.567976761179,129680
470.652576071035,120752
470.737175150215,113152
470.821773998963,108138
470.906372617525,107682
470.990971006146,106357
471.075569165072,130378
471.160167094546,136823
471.244764794815,125105
471.329362266123,116874
471.413959508717,112798
471.498556522839,114846
471.583153308737,115290
471.667749866655,112353
471.752346196838,111378
471.836942299532,111454
471.921538174981,114466
472.00613382343,113040
472.090729245126,108061
472.175324440312,104861
472.259919409234,105735
472.344514152137,105309
472.429108669267,102983
472.513702960868,102811
472.598297027185,104429
472.682890868465,104402
472.767484484951,103051
472.852077876889,101885
472.936671044524,103903
473.021263988101,104639
473.105856707865,103511
473.190449204062,107139
473.275041476937,119205
473.359633526735,124435
473.4442253537,117932
473.528816958078,113265
473.613408340115,112113
473.697999500055,108938
473.782590438143,105644
473.867181154625,103999
473.951771649745,106203
474.03636192375,106448
474.120951976883,104661
474.20554180939,103505
474.290131421517,102684
474.374720813508,105140
474.459309985608,105269
474.543898938063,103444
474.628487671118,102867
474.713076185018,102327
474.797664480008,104768
474.882252556332,129600
474.966840414238,136899
475.051428053968,151058
475.13601547577,149317
475.220602679887,128873
475.305189666564,116746
475.389776436048,110012
475.474362988583,106208
475.558949324414,103710
475.643535443787,102303
475.728121346946,101807
475.812707034136,101297
475.897292505604,119779
475.981877761593,128425
476.066462802349,121971
476.151047628118,117222
476.235632239144,111810
476.320216635672,106790
476.404800817948,106807
476.489384786216,106152
476.573968540723,107451
476.658552081712,122963
476.74313540943,125066
476.827718524121,115348
476.91230142603,109182
476.996884115403,108103
477.081466592484,106802
477.166048857519,104301
477.250630910753,105443
477.335212752432,105504
477.419794382799,103546
477.504375802101,104692
477.588957010582,105289
477.673538008487,103678
477.758118796063,136398
477.842699373553,145415
477.927279741204,126907
478.011859899259,115447
478.096439847965,108624
478.181019587566,105337
478.265599118308,103931
478.350178440435,102868
478.434757554193,102304
478.519336459827,111517
478.603915157582,113567
478.688493647704,107906
478.773071930436,153330
478.857650006026,165130
478.942227874716,138769
479.026805536754,132060
479.111382992383,127068
479.19596024185,119918
479.280537285398,113503
479.365114123274,107775
479.449690755722,104341
479.534267182988,102444
479.618843405317,101551
479.703419422953,103839
479.787995236142,107541
479.87257084513,107050
479.95714625016,104873
480.041721451479,103271
480.126296449331,102513
480.210871243962,104187
480.295445835617,104644
480.380020224541,105836
480.464594410979,105787
480.549168395175,106496
480.633742177377,106207
480.718315757827,104288
480.802889136772,103107
480.887462314457,102133
480.972035291127,101171
481.056608067026,103923
481.141180642401,114262
481.225753017496,114976
481.310325192556,108647
481.394897167827,107667
481.479468943554,106590
481.564040519981,104289
481.648611897354,102862
481.733183075918,101969
481.817754055918,104148
481.9023248376,104516
481.986895421208,105365
482.071465806988,133106
482.156035995184,139058
482.240605986042,125439
482.325175779807,116484
482.409745376725,109804
482.494314777039,105825
482.578883980996,103770
482.663452988841,102645
482.748021800818,101734
482.832590417173,101718
482.91715883815,104659
483.001727063996,107383
483.086295094955,106195
483.170862931273,103971
483.255430573193,103285
483.339998020963,105395
483.424565274826,105710
483.509132335028,103832
483.593699201814,102713
483.678265875429,104232
483.762832356118,104317
483.847398644127,102575
483.9319647397,104158
484.016530643083,113330
484.101096354521,114535
484.185661874258,109433
484.270227202541,105838
484.354792339614,103662
484.439357285722,102695
484.523922041111,104842
484.608486606025,107382
484.69305098071,106443
484.777615165411,105517
484.862179160373,106898
484.946742965841,105907
485.03130658206,105593
485.115870009276,107676
485.200433247733,106785
485.284996297677,104586
485.369559159353,122073
485.454121833005,128637
485.53868431888,118700
485.623246617222,111935
485.707808728276,107528
485.792370652288,104332
485.876932389502,105009
485.961493940164,104823
486.046055304519,103260
486.130616482813,102692
486.215177475289,102468
486.299738282193,107426
486.384298903771,108760
486.468859340268,105716
486.553419591928,103558
486.637979658997,102663
486.722539541719,102113
486.807099240341,103727
486.891658755108,104158
486.976218086263,102749
487.060777234053,101477
487.145336198723,100764
487.229894980517,100424
487.314453579682,100812
487.399011996461,101001
487.483570231101,100947
487.568128283845,101030
487.652686154941,100712
487.737243844632,100673
487.821801353163,104395
487.906358680781,105244
487.990915827729,103332
488.075472794253,102502
488.160029580599,105819
488.244586187011,106636
488.329142613735,104619
488.413698861015,108409
488.498254929097,108843
488.582810818225,108505
488.667366528646,108055
488.751922060605,105269
488.836477414345,103755
488.921032590113,103252
489.005587588153,104169
489.090142408711,126905
489.174697052032,134669
489.259251518361,124496
489.343805807943,115784
489.428359921024,109395
489.512913857847,105733
489.597467618659,103803
489.682021203705,111937
489.76657461323,113577
489.851127847479,107910
489.935680906696,105902
490.020233791128,104388
490.104786501019,102724
490.189339036615,104642
490.27389139816,105227
490.3584435859,103505
490.44299560008,102249
490.527547440945,101412
490.612099108739,100732
490.69665060371,100299
490.7812019261,100327
490.865753076156,103201
490.950304054123,104380
491.034854860246,103131
491.119405494769,102050
491.203955957939,101497
491.288506249999,101334
491.373056371197,100892
491.457606321775,103412
491.54215610198,104914
491.626705712057,103239
491.711255152251,101664
491.795804422807,100711
491.88035352397,100483
491.964902455985,100731
492.049451219098,103814
492.133999813553,104133
492.218548239596,102397
492.303096497471,103920
492.387644587425,105713
492.472192509702,107154
492.556740264546,113076
492.641287852205,112410
492.725835272921,107029
492.810382526942,104659
492.894929614511,111163
492.979476535874,112427
493.064023291276,107830
493.148569880962,106700
493.233116305178,105073
493.317662564167,102975
493.402208658177,102507
493.486754587451,102022
493.571300352235,101370
493.655845952774,100640
493.740391389313,102989
493.824936662097,103872
493.909481771372,104557
493.994026717382,104443
494.078571500372,102677
494.163116120589,101915
494.247660578276,101652
494.33220487368,121440
494.416749007044,126982
494.501292978615,116244
494.585836788637,109969
494.670380437356,106234
494.754923925017,104410
494.839467251864,106009
494.924010418144,105544
495.0085534241,103383
495.093096269979,114232
495.177638956025,116522
495.262181482484,112061
495.3467238496,111252
495.431266057619,108315
495.515808106786,108081
495.600349997346,107199
495.684891729544,104338
495.769433303626,103760
495.853974719836,102877
495.938515978419,101708
496.023057079622,101370
496.107598023688,101223
496.192138810863,103625
496.276679441392,103831
496.361219915521,103662
496.445760233493,128048
496.530300395556,134078
496.614840401953,120415
496.69938025293,116391
496.783919948731,112654
496.868459489603,110055
496.95299887579,107671
497.037538107538,110225
497.12207718509,109826
497.206616108694,108314
497.291154878593,106759
497.375693495033,104085
497.460231958259,102329
497.544770268516,101579
497.629308426049,101458
497.713846431104,101032
497.798384283926,103077
497.882921984759,103568
497.967459533848,102548
498.05199693144,104684
498.136534177779,107708
498.22107127311,106934
498.305608217678,104406
498.390145011729,102730
498.474681655507,101593
498.559218149259,101325
498.643754493228,101498
498.72829068766,101099
498.8128267328,100457
498.897362628894,100387
498.981898376185,100597
499.066433974921,100955
499.150969425345,104061
499.235504727703,116018
499.32003988224,117274
499.404574889201,112688
499.489109748831,109856
499.573644461376,106270
499.65817902708,103727
499.742713446188,102500
499.827247718947,101761
499.9117818456,101646
499.996315826393,101399
500.080849661572,101120
500.165383351381,101012
500.249916896065,100621
500.33445029587,100721
500.41898355104,114900
500.503516661822,118983
500.588049628459,111479
500.672582451197,107599
500.757115130282,105095
500.841647665958,103153
500.92618005847,101980
501.010712308064,121905
501.095244414985,129580
501.179776379478,121614
501.264308201788,114292
501.34883988216,111182
501.433371420839,108211
501.517902818071,104722
501.6024340741,106032
501.686965189172,107773
501.771496163532,105936
501.856026997425,103544
501.940557691096,102214
502.02508824479,101504
502.109618658753,104177
502.194148933229,104840
502.278679068464,103062
502.363209064702,102237
502.44773892219,101543
502.532268641171,103319
502.616798221892,104022
502.701327664597,102775
502.785856969531,101931
502.87038613694,104021
502.954915167069,106641
503.039444060163,105553
503.123972816466,103285
503.208501436225,105226
503.293029919684,105907
503.377558267088,106887
503.462086478683,109263
503.546614554714,111072
503.631142495425,109017
503.715670301062,105455
503.800197971871,103014
503.884725508095,101718
503.969252909981,103383
504.053780177773,106314
504.138307311717,105875
504.222834312058,106442
504.307361179041,106476
504.39188791291,107100
504.476414513912,107577
504.560940982291,118376
504.645467318292,119765
504.729993522161,111256
504.814519594143,108874
504.899045534482,108802
504.983571343424,109960
505.068097021215,110765
505.152622568098,110675
505.23714798432,119048
505.321673270126,118712
505.40619842576,111206
505.490723451468,106748
505.575248347494,106328
505.659773114085,105340
505.744297751485,125012
505.828822259939,132418
505.913346639693,120928
505.997870890991,112557
506.082395014079,107461
506.166919009201,104660
506.251442876604,102910
506.335966616531,104403
506.420490229229,104536
506.505013714942,103049
506.589537073916,102506
506.674060306396,104341
506.758583412626,104785
506.843106392852,103152
506.927629247319,102153
507.012151976272,101533
507.096674579957,103790
507.181197058618,105012
507.2657194125,103321
507.350241641849,124478
507.43476374691,132952
507.519285727928,121297
507.603807585148,112308
507.688329318816,107465
507.772850929175,107109
507.857372416473,108575
507.941893780953,106899
508.02641502286,104386
508.110936142441,102589
508.195457139939,103918
508.279978015601,104065
508.364498769671,102976
508.449019402395,102092
508.533539914017,101115
508.618060304783,103031
508.702580574937,103375
508.787100724726,102140
508.871620754394,102961
508.956140664186,114355
509.040660454347,120198
509.125180125123,125702
509.209699676758,123383
509.294219109499,127982
509.378738423589,126038
509.463257619274,118088
509.5477766968,112312
509.632295656411,106975
509.716814498352,104033
509.801333222869,102249
509.885851830207,101504
509.97037032061,101388
510.054888694324,101112
510.139406951595,103534
510.223925092667,103865
510.308443117785,102167
510.392961027195,101701
510.477478821141,103761
510.56199649987,106699
510.646514063625,108777
510.731031512652,110154
510.815548847197,107972
510.900066067503,105282
510.984583173818,103693
511.069100166384,104557
511.153617045449,104269
511.238133811256,105240
511.322650464052,105098
511.407167004081,103298
511.491683431587,107838
511.576199746818,108411
511.660715950017,107446
511.745232041429,106416
511.829748021301,103800
511.914263889876,102455
511.9987796474,102635
512.083295294119,102459
512.167810830277,102072
512.252326256119,103671
512.336841571891,106176
512.421356777838,116371
512.505871874205,117263
512.590386861236,113026
512.674901739178,109804
512.759416508275,105855
512.843931168773,103564
512.928445720916,104860
513.01296016495,107451
513.097474501119,106252
513.18198872967,103970
513.266502850847,102777
513.351016864895,104589
513.435530772059,104931
513.520044572585,102904
513.604558266717,101784
513.689071854701,106587
513.773585336782,109562
513.858098713206,110069
513.942611984216,110616
514.027125150058,112532
514.111638210978,113600
514.196151167221,110151
514.280664019031,106000
514.365176766654,103808
514.449689410336,104797
514.53420195032,107039
514.618714386852,105994
514.703226720178,103484
514.787738950542,102134
514.87225107819,101483
514.956763103367,101021
515.041275026318,100839
515.125786847287,106802
515.210298566521,108037
515.294810184265,104775
515.379321700762,103308
515.463833116259,102439
515.548344431001,101616
515.632855645233,103780
515.7173667592,104447
515.801877773147,104097
515.886388687319,105664
515.970899501962,104918
516.05541021732,102837
516.139920833639,101682
516.224431351163,100941
516.308941770138,100893
516.39345209081,100679
516.477962313423,100140
516.562472438222,102478
516.646982465452,105773
516.731492395359,109391
516.816002228188,108898
516.900511964184,105548
516.985021603591,108331
517.069531146656,113533
517.154040593623,119235
517.238549944738,116417
517.323059200245,111926
517.40756836039,109000
517.492077425417,105678
517.576586395573,103423
517.661095271101,123849
517.745604052248,128999
517.830112739258,116796
517.914621332376,115229
517.999129831848,113300
518.083638237919,108438
518.168146550834,105102
518.252654770838,102959
518.337162898176,102012
518.421670933093,101402
518.506178875835,101036
518.590686726646,100885
518.675194485772,101264
518.759702153457,103618
518.844209729948,104274
518.928717215489,102767
519.013224610325,104445
519.097731914701,105304
519.182239128863,103774
519.266746253055,102772
519.351253287523,102000
519.435760232512,101345
519.520267088267,100951
519.604773855033,100658
519.689280533056,100531
519.77378712258,100555
519.85829362385,100831
519.942800037113,103680
520.027306362612,103996
520.111812600593,102204
520.196318751301,101576
520.280824814981,101182
520.365330791879,100494
520.449836682239,100790
520.534342486307,101411
520.618848204327,101093
520.703353836546,102873
520.787859383207,103426
520.872364844557,107345
520.95687022084,122247
521.041375512301,123081
521.125880719186,113654
521.21038584174,107911
521.294890880208,114220
521.379395834834,115034
521.463900705865,111169
521.548405493545,108370
521.632910198119,104986
521.717414819833,103022
521.801919358931,101909
521.88642381566,101326
521.970928190263,103838
522.055432482986,215986
522.139936694074,245407
522.224440823773,187046
522.308944872327,151784
522.393448839982,130025
522.477952726982,120412
522.562456533574,126929
522.646960260001,124748
522.731463906509,117740
522.815967473344,114981
522.90047096075,110350
522.984974368973,106051
523.069477698257,103563
523.153980948848,102068
523.238484120991,101285
523.322987214931,101083
523.407490230914,103716
523.491993169183,107463
523.576496029985,133465
523.660998813565,138240
523.745501520167,144678
523.830004150038,141727
523.914506703421,124661
523.999009180562,114331
524.083511581707,108479
524.1680139071,105194
524.252516156987,103195
524.337018331612,102117
524.421520431221,104158
524.506022456059,104624
524.590524406371,102994
524.675026282403,117783
524.759528084398,121954
524.844029812603,113395
524.928531467263,108044
525.013033048623,117821
525.097534556927,120375
525.182035992421,112961
525.266537355351,107856
525.351038645961,104653
525.435539864496,105984
525.520041011202,105759
525.604542086324,103888
525.689043090106,108943
525.773544022794,109750
525.858044884634,109223
525.942545675869,108143
526.027046396746,105025
526.11154704751,103267
526.196047628405,102443
526.280548139677,104818
526.36504858157,105000
526.449548954331,103087
526.534049258204,102635
526.618549493434,105014
526.703049660267,105522
526.787549758947,103988
526.87204978972,105280
526.956549752831,105578
527.041049648525,104254
527.125549477046,103256
527.210049238641,116425
527.294548933555,121408
527.379048562032,114189
527.463548124317,108821
527.548047620657,106284
527.632547051295,104713
527.717046416477,103864
527.801545716449,107504
527.886044951455,108274
527.97054412174,113007
528.05504322755,113360
528.139542269129,108619
528.224041246724,107234
528.308540160578,108156
528.393039010938,107337
528.477537798047,105188
528.562036522152,105917
528.646535183498,108062
528.731033782329,109464
528.815532318891,107952
528.900030793429,105602
528.984529206188,104197
529.069027557414,103194
529.15352584735,102454
529.238024076243,102156
529.322522244338,102075
529.407020351879,102216
529.491518399112,102432
529.576016386283,102571
529.660514313635,102542
529.745012181415,102160
529.829509989866,102096
529.914007739236,101888
529.998505429768,104470
530.083003061708,105433
530.167500635301,104100
530.251998150792,103421
530.336495608426,103303
530.420993008449,105916
530.505490351105,108855
530.589987636639,110447
530.674484865298,111341
530.758982037325,109526
530.843479152966,106749
530.927976212466,104890
531.012473216071,104276
531.096970164025,140896
531.181467056574,153175
531.265963893962,133593
531.350460676435,120190
531.434957404238,112889
531.519454077616,108859
531.603950696814,107927
531.688447262078,107384
531.772943773652,105996
531.857440231782,104850
531.941936636713,103672
532.026432988689,105517
532.110929287956,106147
532.19542553476,106990
532.279921729345,106460
532.364417871956,104177
532.448913962839,102920
532.533410002239,102515
532.6179059904,102454
532.702401927568,101865
532.786897813989,101505
532.871393649906,106419
532.955889435567,110441
533.040385171214,108680
533.124880857094,127863
533.209376493452,131816
533.293872080533,118826
533.378367618582,111242
533.462863107844,123666
533.547358548564,125759
533.631853940988,117521
533.71634928536,112135
533.800844581926,115763
533.885339830931,114994
533.96983503262,109020
534.054330187238,105323
534.13882529503,105257
534.223320356242,104768
534.307815371118,103042
534.392310339903,101808
534.476805262844,101114
534.561300140184,100848
534.64579497217,105518
534.730289759045,106631
534.814784501056,106268
534.899279198448,105833
534.983773851465,103916
535.068268460352,105033
535.152763025356,112317
535.23725754672,126513
535.321752024691,126184
535.406246459513,115911
535.490740851431,109186
535.575235200691,105326
535.659729507538,103257
535.744223772216,408892
535.828717994971,495342
535.913212176048,330486
535.997706315693,232129
536.08220041415,183123
536.166694471664,153131
536.251188488481,130816
536.335682464845,117961
536.420176401003,110939
536.504670297198,106798
536.589164153677,103872
536.673657970684,102347
536.758151748464,102177
536.842645487263,101746
536.927139187325,100858
537.011632848896,102991
537.096126472221,104244
537.180620057546,106126
537.265113605114,108286
537.349607115172,106476
537.434100587964,104493
537.518594023736,103373
537.603087422733,102286
537.687580785199,101899
537.772074111381,103894
537.856567401522,112411
537.941060655869,121705
538.025553874667,120029
538.11004705816,115671
538.194540206593,117853
538.279033320213,128358
538.363526399263,146696
538.44801944399,168638
538.532512454637,189698
538.617005431451,208426
538.701498374677,216865
538.785991284559,213920
538.870484161343,203644
538.954977005273,192332
539.039469816596,179699
539.123962595556,167883
539.208455342398,163789
539.292948057368,160711
539.37744074071,153700
539.46193339267,150244
539.546426013493,149107
539.630918603424,150186
539.715411162708,147513
539.79990369159,144142
539.884396190315,140406
539.968888659129,154422
540.053381098277,159631
540.137873508003,146496
540.222365888553,133929
540.306858240173,124695
540.391350563106,117301
540.475842857599,116938
540.560335123896,114695
540.644827362243,111592
540.729319572884,111546
540.813811756066,108895
540.898303912032,105554
540.982796041028,103660
541.0672881433,102380
541.151780219092,101762
541.23627226865,101132
541.320764292218,100727
541.405256290042,100936
541.489748262367,102694
541.574240209438,106350
541.6587321315,106135
541.743224028798,106341
541.827715901578,105775
541.912207750085,103570
541.996699574563,102521
542.081191375258,101885
542.165683152415,104036
542.250174906279,104381
542.334666637096,102577
542.41915834511,101757
542.503650030566,117675
542.58814169371,124616
542.672633334787,122086
542.757124954042,117335
542.841616551719,111244
542.926108128065,110700
543.010599683325,110760
543.095091217743,110108
543.179582731564,130773
543.264074225034,137518
543.348565698398,128352
543.433057151901,124317
543.517548585789,123172
543.602040000305,128649
543.686531395696,134237
543.771022772206,134144
543.855514130081,135558
543.940005469566,138667
544.024496790906,138254
544.108988094346,141667
544.193479380131,144319
544.277970648506,141768
544.362461899717,138957
544.446953134009,140276
544.531444351626,140595
544.615935552814,140600
544.700426737818,141138
544.784917906884,140446
544.869409060255,142395
544.953900198178,142873
545.038391320898,140987
545.122882428659,139643
545.207373521708,138173
545.291864600288,137014
545.376355664645,136353
545.460846715024,160128
545.545337751671,166705
545.62982877483,153605
545.714319784747,147874
545.798810781666,146316
545.883301765834,142798
545.967792737495,141046
546.052283696893,139528
546.136774644275,139591
546.221265579886,138254
546.30575650397,135824
546.390247416772,134612
546.474738318539,133802
546.559229209514,134139
546.643720089944,134166
546.728210960073,133944
546.812701820146,136063
546.897192670409,140739
546.981683511106,141626
547.066174342483,139785
547.150665164785,139919
547.235155978257,142384
547.319646783145,142460
547.404137579692,141209
547.488628368145,140477
547.573119148749,139788
547.657609921748,139303
547.742100687388,141260
547.826591445914,141190
547.911082197572,139538
547.995572942605,138409
548.08006368126,137290
548.164554413782,136335
548.249045140415,135899
548.333535861404,135957
548.418026576996,148607
548.502517287435,152502
548.587007992966,146810
548.671498693834,143801
548.755989390285,146998
548.840480082563,150414
548.924970770915,148314
549.009461455584,145533
549.093952136815,146171
549.178442814856,144822
549.262933489949,141908
549.347424162341,145966
549.431914832276,146849
549.5164055,143435
549.600896165758,142637
549.685386829794,141929
549.769877492355,140968
549.854368153685,140972
549.938858814029,154439
550.023349473633,160846
550.107840132742,157519
550.1923307916,152832
550.276821450453,147835
550.361312109546,144836
550.445802769124,145654
550.530293429432,145371
550.614784090716,142876
550.69927475322,141480
550.78376541719,140910
550.868256082871,140604
550.952746750508,140824
551.037237420346,143015
551.12172809263,144045
551.206218767606,143284
551.290709445518,143026
551.375200126611,143543
551.459690811131,147278
551.544181499323,149552
551.628672191433,149601
551.713162887704,149820
551.797653588383,150287
551.882144293714,150783
551.966635003943,150891
552.051125719314,153435
552.135616440073,157681
552.220107166465,156150
552.304597898735,153383
552.389088637129,150450
552.473579381891,162229
552.558070133266,163774
552.6425608915,153483
552.727051656838,147157
552.811542429524,161692
552.896033209805,163487
552.980523997925,153892
553.065014794129,146690
553.149505598662,140182
553.23399641177,136297
553.318487233698,136255
553.402978064691,145037
553.487468904993,153373
553.571959754851,148097
553.656450614509,138466
553.740941484213,132645
553.825432364206,134219
553.909923254736,133471
553.994414156046,134091
554.078905068382,132829
554.16339599199,128576
554.247886927113,126052
554.332377873998,140831
554.416868832889,144378
554.501359804032,135011
554.585850787671,129585
554.670341784053,126219
554.754832793421,124270
554.839323816021,123337
554.923814852099,122286
555.008305901899,121631
555.092796965667,126576
555.177288043647,127911
555.261779136085,144395
555.346270243226,147771
555.430761365315,138650
555.515252502597,134856
555.599743655318,130933
555.684234823722,126748
555.768726008055,126839
555.853217208561,128437
555.937708425486,126131
556.022199659075,140902
556.106690909574,144297
556.191182177226,136281
556.275673462278,130578
556.360164764975,127840
556.444656085561,129090
556.529147424282,127213
556.613638781383,124237
556.698130157109,122530
556.782621551706,123625
556.867112965417,123358
556.951604398489,125191
557.036095851167,130156
557.120587323695,128503
557.20507881632,123973
557.289570329285,120891
557.374061862836,121723
557.458553417219,122239
557.543044992678,122526
557.627536589459,122047
557.712028207806,122875
557.796519847966,122051
557.881011510182,124563
557.9655031947,127582
558.049994901765,125187
558.134486631623,121724
558.218978384519,119526
558.303470160697,120680
558.387961960402,120642
558.472453783881,120549
558.556945631378,120868
558.641437503137,141236
558.725929399405,153209
558.810421320427,142897
558.894913266447,131700
558.97940523771,125536
559.063897234463,124007
559.14838925695,124724
559.232881305415,122946
559.317373380105,119945
559.401865481264,120932
559.486357609138,120773
559.570849763971,118611
559.65534194601,117707
559.739834155498,120107
559.824326392681,120214
559.908818657804,120546
559.993310951113,119943
560.077803272852,118003
560.162295623266,116957
560.246788002602,115996
560.331280411103,118006
560.415772849015,120852
560.500265316583,122468
560.584757814052,125326
560.669250341668,123814
560.753742899676,119517
560.83823548832,119595
560.922728107845,118926
561.007220758498,116971
561.091713440523,116307
561.176206154165,115468
561.260698899669,115141
561.345191677281,114887
561.429684487245,114418
561.514177329807,114346
561.598670205212,114210
561.683163113705,114873
561.767656055531,115032
561.852149030935,117070
561.936642040163,119930
562.021135083459,118852
562.105628161069,116027
562.190121273237,117221
562.27461442021,117204
562.359107602232,123620
562.443600819547,124571
562.528094072403,121720
562.612587361042,126025
562.697080685712,127452
562.781574046656,125332
562.866067444119,135471
562.950560878348,135574
563.035054349587,125883
563.119547858082,122743
563.204041404076,120605
563.288534987816,118319
563.373028609547,116099
563.457522269514,114689
563.542015967961,114006
563.626509705135,115712
563.71100348128,118375
563.795497296641,117252
563.879991151464,114571
563.964485045993,113132
564.048978980475,112595
564.133472955153,112860
564.217966970273,112723
564.30246102608,115117
564.386955122819,117922
564.471449260736,119501
564.555943440075,117799
564.640437661083,114717
564.724931924002,165134
564.80942622908,181706
564.893920576561,153943
564.97841496669,138633
565.062909399713,129331
565.147403875874,129723
565.231898395419,127430
565.316392958592,120517
565.400887565639,116301
565.485382216806,114047
565.569876912336,112725
565.654371652476,111658
565.73886643747,113240
565.823361267564,113962
565.907856143003,127817
565.992351064031,131386
566.076846030894,123042
566.161341043838,117969
566.245836103106,114691
566.330331208945,112852
566.4148263616,112059
566.499321561315,114051
566.583816808336,114402
566.668312102908,115277
566.752807445276,114967
566.837302835685,113961
566.92179827438,114432
567.006293761607,113771
567.090789297611,112666
567.175284882636,115955
567.259780516928,116380
567.344276200732,113761
567.428771934293,112124
567.513267717856,113478
567.597763551667,113333
567.68225943597,111379
567.766755371011,125758
567.851251357034,129869
567.935747394286,121274
568.020243483011,121291
568.104739623454,119920
568.18923581586,132867
568.273732060474,135241
568.358228357543,124346
568.442724707309,117983
568.52722111002,114435
568.61171756592,112488
568.696214075254,111543
568.780710638267,110964
568.865207255205,110316
568.949703926312,110368
569.034200651834,112827
569.118697432015,112966
569.203194267102,111362
569.287691157338,112901
569.37218810297,117370
569.456685104242,124682
569.5411821614,124251
569.625679274688,118837
569.710176444352,117707
569.794673670637,116018
569.879170953788,113022
569.96366829405,113873
570.048165691668,118777
570.132663146887,117980
570.217160659954,119728
570.301658231112,119156
570.386155860606,115056
570.470653548683,112711
570.555151295587,111345
570.639649101562,110209
570.724146966856,109290
570.808644891712,111876
570.893142876375,115587
570.977640921091,115600
571.062139026105,115044
571.146637191662,127787
571.231135418007,129696
571.315633705386,120857
571.400132054043,118035
571.484630464223,118394
571.569128936172,115969
571.653627470135,112568
571.738126066357,116154
571.822624725083,119365
571.907123446559,116626
571.991622231028,118154
572.076121078737,122030
572.160619989931,120127
572.245118964855,118069
572.329618003753,116071
572.414117106872,116808
572.498616274455,120475
572.583115506749,118624
572.667614803999,114224
572.752114166448,111869
572.836613594344,110840
572.921113087931,110579
573.005612647453,109688
573.090112273157,109078
573.174611965286,111795
573.259111724088,117181
573.343611549805,122500
573.428111442685,140056
573.512611402971,142725
573.597111430909,163450
573.681611526744,165971
573.766111690721,150360
573.850611923086,137455
573.935112224083,124884
574.019612593957,117369
574.104113032955,113619
574.18861354132,113953
574.273114119298,113394
574.357614767134,113648
574.442115485074,113020
574.526616273362,146552
574.611117132243,155399
574.695618061963,147713
574.780119062767,141585
574.8646201349,129468
574.949121278607,123239
575.033622494133,120714
575.118123781723,119483
575.202625141623,116446
575.287126574078,112562
575.371628079332,110591
575.456129657631,109831
575.54063130922,109319
575.625133034344,111631
575.709634833249,116361
575.794136706179,115871
575.878638653379,112849
575.963140675095,110754
576.047642771572,109156
576.132144943055,108758
576.216647189789,111997
576.301149512019,112625
576.38565190999,110741
576.470154383948,109011
576.554656934138,108343
576.639159560804,111257
576.723662264192,112068
576.808165044547,133856
576.892667902114,141730
576.977170837139,128866
577.061673849866,119497
577.146176940541,114227
577.230680109408,111470
577.315183356713,110258
577.399686682701,111790
577.484190087617,129576
577.568693571706,132687
577.653197135214,121973
577.737700778385,118590
577.822204501465,115950
577.906708304698,112371
577.991212188331,133729
578.075716152607,139034
578.160220197773,128432
578.244724324073,121357
578.329228531752,120762
578.413732821056,121873
578.49823719223,117823
578.582741645518,113356
578.667246181166,112908
578.75175079942,112480
578.836255500524,113230
578.920760284723,118381
579.005265152262,118150
579.089770103388,114199
579.174275138344,111133
579.258780257375,109142
579.343285460728,108412
579.427790748647,108213
579.512296121378,107938
579.596801579165,107254
579.681307122253,107552
579.765812750888,107746
579.850318465315,107497
579.934824265779,107420
580.019330152525,107263
580.103836125799,120782
580.188342185844,124625
580.272848332908,119699
580.357354567233,116107
580.441860889067,112307
580.526367298654,110107
580.610873796238,113882
580.695380382066,114660
580.779887056382,111480
580.864393819432,113342
580.94890067146,113459
581.033407612712,110560
581.117914643433,108972
581.202421763867,108408
581.286928974261,108317
581.371436274859,110448
581.455943665907,111167
581.540451147649,112042
581.62495872033,111469
581.709466384197,109687
581.793974139493,108695
581.878481986465,113219
581.962989925357,114632
582.047497956414,116625
582.132006079881,118860
582.216514296004,115987
582.301022605028,112545
582.385531007198,117433
582.470039502758,118313
582.554548091955,113875
582.639056775033,111153
582.723565552238,109305
582.808074423814,108430
582.892583390007,107878
582.977092451061,112842
583.061601607223,114299
583.146110858736,112471
583.230620205847,112254
583.3151296488,110934
583.399639187841,111514
583.484148823214,110827
583.568658555165,109175
583.653168383939,108439
583.73767830978,112492
583.822188332935,113837
583.906698453649,113520
583.991208672165,112218
584.075718988731,109903
584.16022940359,110737
584.244739916987,110459
584.329250529169,108854
584.41376124038,107989
584.498272050865,107557
584.58278296087,107253
584.667293970638,113858
584.751805080417,120684
584.83631629045,118488
584.920827600983,113511
585.005339012262,110404
585.08985052453,111121
585.174362138034,113108
585.258873853018,114256
585.343385669727,112885
585.427897588408,110105
585.512409609304,108359
585.596921732661,107707
585.681433958724,109023
585.765946287739,108929
585.85045871995,110664
585.934971255602,113346
586.019483894941,117524
586.103996638212,119121
586.18850948566,115276
586.27302243753,112035
586.357535494067,109540
586.442048655516,125364
586.526561922122,144744
586.611075294132,139197
586.695588771789,125486
586.780102355339,118048
586.864616045027,115972
586.949129841097,113351
587.033643743797,110066
587.118157753369,108360
587.20267187006,107315
587.287186094115,106782
587.371700425779,106836
587.456214865296,106519
587.540729412912,106145
587.625244068873,105852
587.709758833423,107999
587.794273706808,108891
587.878788689272,108086
587.963303781061,107358
588.047818982419,106942
588.132334293593,108788
588.216849714827,111949
588.301365246366,111594
588.385880888455,109615
588.47039664134,108098
588.554912505266,107100
588.639428480477,109267
588.72394456722,113143
588.808460765738,117856
588.892977076278,116649
588.977493499084,112239
589.062010034401,109469
589.146526682475,108023
589.231043443551,107355
589.315560317874,106812
589.400077305689,106247
589.48459440724,105833
589.569111622774,108146
589.653628952536,112769
589.73814639677,112998
589.822663955722,110334
589.907181629636,171717
589.991699418759,193604
590.076217323334,165888
590.160735343608,144196
590.245253479825,127706
590.329771732231,117929
590.41429010107,136717
590.498808586588,140679
590.58332718903,126444
590.667845908641,119795
590.752364745666,115362
590.83688370035,111439
590.921402772939,111145
591.005921963678,115430
591.090441272811,114903
591.174960700584,113387
591.259480247241,114011
591.343999913029,114250
591.428519698192,112346
591.513039602976,109613
591.597559627625,108377
591.682079772385,107535
591.7666000375,106845
591.851120423216,106757
591.935640929779,106609
592.020161557432,107817
592.104682306422,107787
592.189203176993,106462
592.273724169391,105745
592.35824528386,105474
592.442766520647,105605
592.527287879995,108603
592.611809362151,109349
592.696330967358,128247
592.780852695863,132790
592.865374547911,121134
592.949896523746,114396
593.034418623614,110822
593.11894084776,136110
593.203463196429,142151
593.287985669866,126752
593.372508268317,118099
593.457030992026,113329
593.541553841238,110215
593.626076816199,108624
593.710599917154,107270
593.795123144348,106487
593.879646498027,106257
593.964169978434,110952
594.048693585816,112284
594.133217320417,109467
594.217741182483,110437
594.302265172259,110456
594.38678928999,110937
594.47131353592,110232
594.555837910296,110674
594.640362413363,110205
594.724887045364,123736
594.809411806547,127068
594.893936697155,118054
594.978461717434,117705
595.062986867629,115816
595.147512147985,111788
595.232037558747,114606
595.316563100161,119441
595.401088772471,118662
595.485614575923,114459
595.570140510762,110925
595.654666577233,108877
595.73919277558,109924
595.82371910605,110626
595.908245568888,109186
595.992772164338,112623
596.077298892645,118703
596.161825754055,116983
596.246352748813,111858
596.330879877164,109057
596.415407139353,118330
596.499934535626,120311
596.584462066227,114878
596.668989731401,113998
596.753517531394,115160
596.838045466451,115661
596.922573536817,113072
597.007101742737,110279
597.091630084456,130401
597.17615856222,146478
597.260687176273,138156
597.345215926861,127466
597.429744814228,124700
597.51427383862,119703
597.598803000283,113397
597.68333229946,114866
597.767861736398,113822
597.852391311341,114776
597.936921024535,114227
598.021450876224,113060
598.105980866655,113960
598.190510996071,111662
598.275041264718,111226
598.359571672842,112620
598.444102220687,114434
598.528632908498,112764
598.613163736522,112076
598.697694705001,116533
598.782225814183,117578
598.866757064312,116029
598.951288455633,113004
599.035819988391,111796
599.120351662832,113061
599.2048834792,111320
599.289415437741,108426
599.3739475387,107254
599.458479782322,109333
599.543012168852,111928
599.627544698535,112973
599.712077371617,110763
599.796610188342,108325
599.881143148956,109942
599.965676253703,112243
600.05020950283,111225
600.13474289658,108776
600.2192764352,107097
600.303810118934,108707
600.388343948028,109100
600.472877922726,107431
600.557412043273,108944
600.641946309916,108847
600.726480722899,107328
600.811015282466,106447
600.895549988864,105614
600.980084842338,105151
601.064619843132,107109
601.149154991491,107618
601.233690287662,109091
601.318225731888,109158
601.402761324415,107468
601.487297065489,108985
601.571832955354,109265
601.656368994255,110215
601.740905182438,109722
601.825441520148,107668
601.90997800763,109652
601.994514645128,112001
602.079051432889,112600
602.163588371157,111129
602.248125460177,111128
602.332662700195,110608
602.417200091456,111026
602.501737634204,109894
602.586275328686,107468
602.670813175145,106012
602.755351173828,112633
602.839889324979,114680
602.924427628843,113115
603.008966085667,113638
603.093504695693,111480
603.178043459169,108539
603.262582376339,109979
603.347121447448,111863
603.431660672741,111131
603.516200052464,108881
603.600739586861,106803
603.685279276178,105819
603.769819120659,106122
603.854359120551,105614
603.938899276098,108237
604.023439587545,111639
604.107980055137,110696
604.19252067912,110554
604.277061459738,109696
604.361602397237,107588
604.446143491862,105997
604.530684743859,117516
604.615226153471,129274
604.699767720944,127250
604.784309446525,119448
604.868851330456,115779
604.953393372984,118138
605.037935574354,120807
605.122477934812,117222
605.207020454601,128961
605.291563133967,130348
605.376105973156,120187
605.460648972412,114027
605.545192131981,109577
605.629735452108,106887
605.714278933038,105419
605.798822575015,110138
605.883366378286,111690
605.967910343095,108533
606.052454469688,106219
606.136998758309,105459
606.221543209204,107790
606.306087822618,108017
606.390632598795,106244
606.475177537982,107780
606.559722640423,111012
606.644267906364,112552
606.728813336049,113115
606.813358929724,111093
606.897904687633,108112
606.982450610022,106567
607.066996697137,105657
607.151542949221,107399
607.236089366521,109938
607.320635949282,108896
607.405182697748,106656
607.489729612165,108844
607.574276692777,109199
607.658823939831,106901
607.74337135357,108153
607.827918934241,110552
607.912466682089,109295
607.997014597358,106850
608.081562680293,113495
608.16611093114,114930
608.250659350145,112980
608.335207937551,113243
608.419756693605,112708
608.504305618551,110371
608.588854712634,110400
608.6734039761,109552
608.757953409194,115013
608.84250301216,119044
608.927052785245,114930
609.011602728693,110846
609.096152842749,108450
609.180703127658,106580
609.265253583666,105288
609.349804211018,105093
609.434355009958,107484
609.518905980733,107591
609.603457123586,110995
609.688008438764,136869
609.772559926511,140664
609.857111587073,125197
609.941663420694,115895
610.02621542762,110707
610.110767608096,110798
610.195319962366,109788
610.279872490677,107043
610.364425193274,105361
610.4489780704,104374
610.533531122303,103824
610.618084349226,104515
610.702637751414,107485
610.787191329114,110079
610.87174508257,109038
610.956299012027,111996
611.04085311773,111894
611.125407399925,108533
611.209961858857,106356
611.29451649477,123693
611.37907130791,134235
611.463626298523,125707
611.548181466852,118791
611.632736813144,119142
611.717292337643,116504
611.801848040595,111288
611.886403922244,108642
611.970959982837,109608
612.055516222617,111049
612.14007264183,112361
612.224629240722,112892
612.309186019537,111394
612.39374297852,119757
612.478300117917,121666
612.562857437973,127756
612.647414938933,129497
612.731972621042,120408
612.816530484545,113018
612.901088529688,122083
612.985646756714,123365
613.070205165871,117260
613.154763757402,112944
613.239322531553,108957
613.323881488569,109380
613.408440628695,108797
613.492999952176,106576
613.577559459258,107633
613.662119150185,109969
613.746679025203,108673
613.831239084557,106091
613.915799328492,107345
614.000359757252,107690
614.084920371084,106322
614.169481170232,105652
614.254042154942,105830
614.338603325458,105423
614.423164682026,107445
614.507726224891,110413
614.592287954298,109240
614.676849870492,120936
614.761411973718,123315
614.845974264222,114685
614.930536742248,110049
615.015099408042,110233
615.099662261849,109333
615.184225303914,107142
615.268788534481,108370
615.353351953797,107948
615.437915562106,110794
615.522479359654,111571
615.607043346685,108536
615.691607523446,118861
615.776171890179,120827
615.860736447132,113471
615.94530119455,109349
616.029866132676,109441
616.114431261757,108873
616.198996582037,109261
616.283562093762,110693
616.368127797177,111876
616.452693692527,110378
616.537259780057,107441
616.621826060012,108448
616.706392532638,111090
616.790959198179,109896
616.87552605688,106909
616.960093108988,122537
617.044660354746,126861
617.1292277944,124034
617.213795428195,126881
617.298363256377,122039
617.38293127919,114443
617.46749949688,109824
617.552067909691,106949
617.63663651787,105072
617.72120532166,389329
617.805774321307,473695
617.890343517057,321745
617.974912909154,228420
618.059482497843,174751
618.14405228337,144246
618.22862226598,126440
618.313192445918,116352
618.397762823429,122275
618.482333398757,124971
618.56690417215,117728
618.65147514385,114279
618.736046314105,111509
618.820617683158,108148
618.905189251254,106630
618.98976101864,106015
619.07433298556,104875
619.158905152259,107681
619.243477518983,125732
619.328050085976,128499
619.412622853484,120884
619.497195821751,118251
619.581768991023,119594
619.666342361546,116249
619.750915933564,110277
619.835489707321,107094
619.920063683065,110728
620.004637861039,113870
620.089212241489,111161
620.173786824659,107600
620.258361610796,106606
620.342936600144,105864
620.427511792947,105182
620.512087189453,109696
620.596662789905,131910
620.681238594548,142312
620.765814603629,131423
620.850390817391,119779
620.93496723608,115267
621.019543859942,117317
621.104120689221,115374
621.188697724162,111979
621.273274965011,109242
621.357852412012,106501
621.442430065412,106089
621.527007925454,105312
621.611585992385,106810
621.696164266449,107684
621.780742747892,105963
621.865321436958,104566
621.949900333892,104356
622.03447943894,106470
622.119058752348,106943
622.203638274359,105430
622.28821800522,107305
622.372797945175,107548
622.457378094469,106236
622.541958453348,105265
622.626539022057,105473
622.711119800841,105434
622.795700789945,104613
622.880281989613,114001
622.964863400093,116222
623.049445021627,110616
623.134026854462,107429
623.218608898843,105118
623.303191155015,106827
623.387773623222,107873
623.472356303711,109046
623.556939196726,110783
623.641522302512,109167
623.726105621315,106374
623.810689153379,107162
623.89527289895,106865
623.979856858273,107680
624.064441031593,111839
624.149025419156,113929
624.233610021205,115928
624.318194837987,116027
624.402779869747,114570
624.487365116729,115982
624.571950579179,115951
624.656536257342,111788
624.741122151463,107865
624.825708261788,107723
624.91029458856,112457
624.994881132027,112135
625.079467892432,110215
625.16405487002,108416
625.248642065038,106097
625.33322947773,131762
625.41781710834,141181
625.502404957115,245585
625.5869930243,271602
625.671581310139,202846
625.756169814878,477025
625.840758538762,541922
625.925347482035,357748
626.009936644944,256467
626.094526027733,196241
626.179115630648,156281
626.263705453933,134249
626.348295497833,123862
626.432885762595,116450
626.517476248462,110515
626.60206695568,117955
626.686657884495,118818
626.771249035151,111853
626.855840407893,112834
626.940432002967,111799
627.025023820618,111828
627.10961586109,123158
627.19420812463,122960
627.278800611482,122416
627.363393321891,121440
627.447986256102,142237
627.532579414361,144832
627.617172796912,127379
627.701766404002,116841
627.786360235874,110746
627.870954292774,109977
627.955548574948,108566
628.04014308264,116697
628.124737816095,118218
628.209332775559,113733
628.293927961276,110504
628.378523373493,106987
628.463119012454,104769
628.547714878403,104009
628.632310971587,106807
628.716907292251,109775
628.801503840639,111053
628.886100616996,109139
628.970697621569,106134
629.055294854601,105013
629.139892316339,106954
629.224490007026,109282
629.309087926909,108330
629.393686076233,108588
629.478284455242,107335
629.562883064182,104784
629.647481903298,103605
629.732080972835,103195
629.816680273037,104950
629.901279804152,105138
629.985879566422,106508
630.070479560095,109144
630.155079785414,110050
630.239680242624,108035
630.324280931972,105579
630.408881853702,110185
630.493483008059,112593
630.578084395288,109406
630.662686015635,106341
630.747287869345,108749
630.831889956662,109062
630.916492277832,106186
631.001094833101,104376
631.085697622712,103702
631.170300646912,106321
631.254903905945,106874
631.339507400056,109834
631.424111129492,111694
631.508715094496,114770
631.593319295314,122182
631.677923732192,121903
631.762528405373,117392
631.847133315104,114331
631.93173846163,110401
632.016343845195,109272
632.100949466045,107727
632.185555324425,105345
632.270161420579,104036
632.354767754754,103698
632.439374327195,105111
632.523981138146,104991
632.608588187852,103405
632.693195476559,104056
632.777803004512,104091
632.862410771956,103895
632.947018779136,104215
633.031627026297,104512
633.116235513685,106826
633.200844241544,111838
633.28545321012,111230
633.370062419658,107337
633.454671870403,105311
633.539281562599,104183
633.623891496493,103401
633.708501672329,102984
633.793112090353,104852
633.877722750809,105331
633.962333653943,104120
634.0469448,103067
634.131556189225,102291
634.216167821863,104303
634.300779698159,104861
634.385391818359,103531
634.470004182707,102999
634.554616791449,102467
634.639229644829,104436
634.723842743094,117877
634.808456086488,122526
634.893069675256,115373
634.977683509643,112041
635.062297589895,112043
635.146911916256,111697
635.231526488972,108797
635.316141308288,291271
635.400756374449,341592
635.4853716877,246022
635.569987248286,190073
635.654603056453,153957
635.739219112446,132274
635.823835416509,120416
635.908451968888,118130
635.993068769827,130690
636.077685819573,129704
636.16230311837,135233
636.246920666464,133167
636.331538464099,210266
636.41615651152,227658
636.500774808974,174483
636.585393356704,142901
636.670012154956,144142
636.754631203976,142188
636.839250504007,127079
636.923870055296,116455
637.008489858088,112042
637.093109912628,109448
637.17773021916,106210
637.26235077793,104132
637.346971589183,110279
637.431592653165,114597
637.51621397012,111783
637.600835540293,109552
637.68545736393,109594
637.770079441276,110059
637.854701772576,107960
637.939324358074,105194
638.023947198017,103849
