0,464.9839,1962510,981.255
1,465.068515076491,1951936,975.968
2,465.153129906126,1954307,977.1535
3,465.237744489151,1953972,976.986
4,465.322358825812,1952136,976.068
5,465.406972916352,1951280,975.64
6,465.491586761018,1951723,975.8615
7,465.576200360054,1952348,976.174
8,465.660813713705,1952129,976.0645
9,465.745426822218,1952123,976.0615
10,465.830039685836,1955157,977.5785
11,465.914652304805,1958040,979.02
12,465.99926467937,1960009,980.0045
13,466.083876809776,1961680,980.84
14,466.168488696269,1962005,981.0025
15,466.253100339093,6294694,3147.347
16,466.337711738494,7530789,3765.3945
17,466.422322894716,5234563,2617.2815
18,466.506933808006,3872412,1936.206
19,466.591544478607,3090352,1545.176
20,466.676154906766,2640178,1320.089
21,466.760765092726,2381148,1190.574
22,466.845375036735,2342644,1171.322
23,466.929984739036,2309230,1154.615
24,467.014594199874,2225767,1112.8835
25,467.099203419495,2164199,1082.0995
26,467.183812398145,2115085,1057.5425
27,467.268421136067,2092089,1046.0445
28,467.353029633508,3009732,1504.866
29,467.437637890711,3324280,1662.14
30,467.522245907924,2953554,1476.777
31,467.60685368539,2651449,1325.7245
32,467.691461223355,2393320,1196.66
33,467.776068522063,2260226,1130.113
34,467.860675581761,2178481,1089.2405
35,467.945282402693,2251702,1125.851
36,468.029888985104,2449090,1224.545
37,468.11449532924,2420958,1210.479
38,468.199101435345,2368039,1184.0195
39,468.283707303665,2299151,1149.5755
40,468.368312934445,2187272,1093.636
41,468.45291832793,2229332,1114.666
42,468.537523484364,2326145,1163.0725
43,468.622128403994,3071746,1535.873
44,468.706733087065,3410110,1705.055
45,468.791337533821,2994009,1497.0045
46,468.875941744507,2590936,1295.468
47,468.96054571937,2375224,1187.612
48,469.045149458653,2258283,1129.1415
49,469.129752962602,2183638,1091.819
50,469.214356231462,2128082,1064.041
51,469.298959265479,2099414,1049.707
52,469.383562064897,2091233,1045.6165
53,469.468164629962,2081646,1040.823
54,469.552766960919,2074917,1037.4585
55,469.637369058012,2185432,1092.716
56,469.721970921487,2209372,1104.686
57,469.80657255159,2161871,1080.9355
58,469.891173948565,2222614,1111.307
59,469.975775112657,2210648,1105.324
60,470.060376044111,2134298,1067.149
61,470.144976743173,2097164,1048.582
62,470.229577210088,2185571,1092.7855
63,470.314177445101,2208245,1104.1225
64,470.398777448457,2258398,1129.199
65,470.483377220402,3003589,1501.7945
66,470.567976761179,3234329,1617.1645
67,470.652576071035,2867829,1433.9145
68,470.737175150215,2553326,1276.663
69,470.821773998963,2339569,1169.7845
70,470.906372617525,2322376,1161.188
71,470.990971006146,2275483,1137.7415
72,471.075569165072,3256600,1628.3
73,471.160167094546,3515455,1757.7275
74,471.244764794815,3031223,1515.6115
75,471.329362266123,2697605,1348.8025
76,471.413959508717,2533674,1266.837
77,471.498556522839,2612987,1306.4935
78,471.583153308737,2631586,1315.793
79,471.667749866655,2520828,1260.414
80,471.752346196838,2486876,1243.438
81,471.836942299532,2491871,1245.9355
82,471.921538174981,2608786,1304.393
83,472.00613382343,2539139,1269.5695
84,472.090729245126,2338868,1169.434
85,472.175324440312,2213423,1106.7115
86,472.259919409234,2245179,1122.5895
87,472.344514152137,2229619,1114.8095
88,472.429108669267,2144097,1072.0485
89,472.513702960868,2132107,1066.0535
90,472.598297027185,2189690,1094.845
91,472.682890868465,2184399,1092.1995
92,472.767484484951,2124436,1062.218
93,472.852077876889,2078163,1039.0815
94,472.936671044524,2163911,1081.9555
95,473.021263988101,2189961,1094.9805
96,473.105856707865,2147152,1073.576
97,473.190449204062,2302642,1151.321
98,473.275041476937,2795159,1397.5795
99,473.359633526735,3005534,1502.767
100,473.4442253537,2733911,1366.9555
101,473.528816958078,2538474,1269.237
102,473.613408340115,2499932,1249.966
103,473.697999500055,2383399,1191.6995
104,473.782590438143,2245181,1122.5905
105,473.867181154625,2175397,1087.6985
106,473.951771649745,2262190,1131.095
107,474.03636192375,2260617,1130.3085
108,474.120951976883,2181093,1090.5465
109,474.20554180939,2139971,1069.9855
110,474.290131421517,2108097,1054.0485
111,474.374720813508,2206843,1103.4215
112,474.459309985608,2220556,1110.278
113,474.543898938063,2145429,1072.7145
114,474.628487671118,2105956,1052.978
115,474.713076185018,2086243,1043.1215
116,474.797664480008,2193433,1096.7165
117,474.882252556332,3197518,1598.759
118,474.966840414238,3496014,1748.007
119,475.051428053968,4082029,2041.0145
120,475.13601547577,4012192,2006.096
121,475.220602679887,3187628,1593.814
122,475.305189666564,2691554,1345.777
123,475.389776436048,2409347,1204.6735
124,475.474362988583,2251207,1125.6035
125,475.558949324414,2153370,1076.685
126,475.643535443787,2106090,1053.045
127,475.728121346946,2087969,1043.9845
128,475.812707034136,2068568,1034.284
129,475.897292505604,2828122,1414.061
130,475.981877761593,3181557,1590.7785
131,476.066462802349,2904795,1452.3975
132,476.151047628118,2702220,1351.11
133,476.235632239144,2484816,1242.408
134,476.320216635672,2289077,1144.5385
135,476.404800817948,2291226,1145.613
136,476.489384786216,2273421,1136.7105
137,476.573968540723,2327570,1163.785
138,476.658552081712,2957162,1478.581
139,476.74313540943,3041442,1520.721
140,476.827718524121,2647017,1323.5085
141,476.91230142603,2394296,1197.148
142,476.996884115403,2347406,1173.703
143,477.081466592484,2294705,1147.3525
144,477.166048857519,2185286,1092.643
145,477.250630910753,2238617,1119.3085
146,477.335212752432,2240673,1120.3365
147,477.419794382799,2163324,1081.662
148,477.504375802101,2216544,1108.272
149,477.588957010582,2233911,1116.9555
150,477.673538008487,2166881,1083.4405
151,477.758118796063,3526472,1763.236
152,477.842699373553,3894135,1947.0675
153,477.927279741204,3122353,1561.1765
154,478.011859899259,2655120,1327.56
155,478.096439847965,2380271,1190.1355
156,478.181019587566,2248964,1124.482
157,478.265599118308,2186627,1093.3135
158,478.350178440435,2131424,1065.712
159,478.434757554193,2105558,1052.779
160,478.519336459827,2489160,1244.58
161,478.603915157582,2578593,1289.2965
162,478.688493647704,2346117,1173.0585
163,478.773071930436,4208971,2104.4855
164,478.857650006026,4694047,2347.0235
165,478.942227874716,3611050,1805.525
166,479.026805536754,3333074,1666.537
167,479.111382992383,3121590,1560.795
168,479.19596024185,2814685,1407.3425
169,479.280537285398,2557224,1278.612
170,479.365114123274,2334049,1167.0245
171,479.449690755722,2195548,1097.774
172,479.534267182988,2115553,1057.7765
173,479.618843405317,2072922,1036.461
174,479.703419422953,2161326,1080.663
175,479.787995236142,2315181,1157.5905
176,479.87257084513,2293743,1146.8715
177,479.95714625016,2196707,1098.3535
178,480.041721451479,2133638,1066.819
179,480.126296449331,2103547,1051.7735
180,480.210871243962,2176423,1088.2115
181,480.295445835617,2193398,1096.699
182,480.380020224541,2236406,1118.203
183,480.464594410979,2226287,1113.1435
184,480.549168395175,2259652,1129.826
185,480.633742177377,2251081,1125.5405
186,480.718315757827,2163182,1081.591
187,480.802889136772,2110684,1055.342
188,480.887462314457,2078888,1039.444
189,480.972035291127,2055030,1027.515
190,481.056608067026,2170898,1085.449
191,481.141180642401,2596566,1298.283
192,481.225753017496,2629832,1314.916
193,481.310325192556,2371620,1185.81
194,481.394897167827,2323264,1161.632
195,481.479468943554,2274217,1137.1085
196,481.564040519981,2183236,1091.618
197,481.648611897354,2128480,1064.24
198,481.733183075918,2085039,1042.5195
199,481.817754055918,2169041,1084.5205
200,481.9023248376,2183738,1091.869
201,481.986895421208,2213270,1106.635
202,482.071465806988,3346313,1673.1565
203,482.156035995184,3596637,1798.3185
204,482.240605986042,3045384,1522.692
205,482.325175779807,2681695,1340.8475
206,482.409745376725,2409241,1204.6205
207,482.494314777039,2246681,1123.3405
208,482.578883980996,2158048,1079.024
209,482.663452988841,2113226,1056.613
210,482.748021800818,2078084,1039.042
211,482.832590417173,2065379,1032.6895
212,482.91715883815,2178888,1089.444
213,483.001727063996,2301239,1150.6195
214,483.086295094955,2264258,1132.129
215,483.170862931273,2175375,1087.6875
216,483.255430573193,2141744,1070.872
217,483.339998020963,2226624,1113.312
218,483.424565274826,2245615,1122.8075
219,483.509132335028,2169862,1084.931
220,483.593699201814,2116554,1058.277
221,483.678265875429,2187419,1093.7095
222,483.762832356118,2190793,1095.3965
223,483.847398644127,2115635,1057.8175
224,483.9319647397,2184102,1092.051
225,484.016530643083,2559550,1279.775
226,484.101096354521,2604201,1302.1005
227,484.185661874258,2392283,1196.1415
228,484.270227202541,2247986,1123.993
229,484.354792339614,2160504,1080.252
230,484.439357285722,2125392,1062.696
231,484.523922041111,2206383,1103.1915
232,484.608486606025,2309303,1154.6515
233,484.69305098071,2268949,1134.4745
234,484.777615165411,2232708,1116.354
235,484.862179160373,2299043,1149.5215
236,484.946742965841,2261729,1130.8645
237,485.03130658206,2253425,1126.7125
238,485.115870009276,2341299,1170.6495
239,485.200433247733,2300413,1150.2065
240,485.284996297677,2200588,1100.294
241,485.369559159353,2917894,1458.947
242,485.454121833005,3200653,1600.3265
243,485.53868431888,2789674,1394.837
244,485.623246617222,2503733,1251.8665
245,485.707808728276,2330021,1165.0105
246,485.792370652288,2202042,1101.021
247,485.876932389502,2228415,1114.2075
248,485.961493940164,2218794,1109.397
249,486.046055304519,2145478,1072.739
250,486.130616482813,2125595,1062.7975
251,486.215177475289,2119775,1059.8875
252,486.299738282193,2311671,1155.8355
253,486.384298903771,2357995,1178.9975
254,486.468859340268,2225876,1112.938
255,486.553419591928,2136436,1068.218
256,486.637979658997,2108607,1054.3035
257,486.722539541719,2088611,1044.3055
258,486.807099240341,2157473,1078.7365
259,486.891658755108,2165272,1082.636
260,486.976218086263,2099919,1049.9595
261,487.060777234053,2068759,1034.3795
262,487.145336198723,2051556,1025.778
263,487.229894980517,2037906,1018.953
264,487.314453579682,2050882,1025.441
265,487.399011996461,2057020,1028.51
266,487.483570231101,2045106,1022.553
267,487.568128283845,2040294,1020.147
268,487.652686154941,2032548,1016.274
269,487.737243844632,2036678,1018.339
270,487.821801353163,2184937,1092.4685
271,487.906358680781,2218391,1109.1955
272,487.990915827729,2138454,1069.227
273,488.075472794253,2098509,1049.2545
274,488.160029580599,2227920,1113.96
275,488.244586187011,2258321,1129.1605
276,488.329142613735,2180630,1090.315
277,488.413698861015,2339339,1169.6695
278,488.498254929097,2363173,1181.5865
279,488.582810818225,2348921,1174.4605
280,488.667366528646,2338073,1169.0365
281,488.751922060605,2230361,1115.1805
282,488.836477414345,2162755,1081.3775
283,488.921032590113,2138144,1069.072
284,489.005587588153,2167793,1083.8965
285,489.090142408711,3093074,1546.537
286,489.174697052032,3411944,1705.972
287,489.259251518361,3012610,1506.305
288,489.343805807943,2665534,1332.767
289,489.428359921024,2391307,1195.6535
290,489.512913857847,2232221,1116.1105
291,489.597467618659,2155817,1077.9085
292,489.682021203705,2495989,1247.9945
293,489.76657461323,2574523,1287.2615
294,489.851127847479,2343224,1171.612
295,489.935680906696,2262227,1131.1135
296,490.020233791128,2201488,1100.744
297,490.104786501019,2123855,1061.9275
298,490.189339036615,2199423,1099.7115
299,490.27389139816,2212115,1106.0575
300,490.3584435859,2134921,1067.4605
301,490.44299560008,2086384,1043.192
302,490.527547440945,2055948,1027.974
303,490.612099108739,2036842,1018.421
304,490.69665060371,2028788,1014.394
305,490.7812019261,2033543,1016.7715
306,490.865753076156,2142381,1071.1905
307,490.950304054123,2178206,1089.103
308,491.034854860246,2127033,1063.5165
309,491.119405494769,2093972,1046.986
310,491.203955957939,2078727,1039.3635
311,491.288506249999,2075196,1037.598
312,491.373056371197,2059355,1029.6775
313,491.457606321775,2168382,1084.191
314,491.54215610198,2231017,1115.5085
315,491.626705712057,2166164,1083.082
316,491.711255152251,2102624,1051.312
317,491.795804422807,2064112,1032.056
318,491.88035352397,2043287,1021.6435
319,491.964902455985,2047524,1023.762
320,492.049451219098,2165413,1082.7065
321,492.133999813553,2184684,1092.342
322,492.218548239596,2119153,1059.5765
323,492.303096497471,2180033,1090.0165
324,492.387644587425,2258960,1129.48
325,492.472192509702,2316752,1158.376
326,492.556740264546,2526297,1263.1485
327,492.641287852205,2495863,1247.9315
328,492.725835272921,2293430,1146.715
329,492.810382526942,2205265,1102.6325
330,492.894929614511,2474096,1237.048
331,492.979476535874,2517959,1258.9795
332,493.064023291276,2319148,1159.574
333,493.148569880962,2273868,1136.934
334,493.233116305178,2223376,1111.688
335,493.317662564167,2134848,1067.424
336,493.402208658177,2110668,1055.334
337,493.486754587451,2088508,1044.254
338,493.571300352235,2060014,1030.007
339,493.655845952774,2042776,1021.388
340,493.740391389313,2145381,1072.6905
341,493.824936662097,2169504,1084.752
342,493.909481771372,2195143,1097.5715
343,493.994026717382,2181340,1090.67
344,494.078571500372,2111477,1055.7385
345,494.163116120589,2083584,1041.792
346,494.247660578276,2071556,1035.778
347,494.33220487368,2953026,1476.513
348,494.416749007044,3202927,1601.4635
349,494.501292978615,2729224,1364.612
350,494.585836788637,2434819,1217.4095
351,494.670380437356,2265403,1132.7015
352,494.754923925017,2184343,1092.1715
353,494.839467251864,2248174,1124.087
354,494.924010418144,2234675,1117.3375
355,495.0085534241,2148709,1074.3545
356,495.093096269979,2582782,1291.391
357,495.177638956025,2685586,1342.793
358,495.262181482484,2516600,1258.3
359,495.3467238496,2463703,1231.8515
360,495.431266057619,2328905,1164.4525
361,495.515808106786,2317255,1158.6275
362,495.600349997346,2278681,1139.3405
363,495.684891729544,2177963,1088.9815
364,495.769433303626,2161772,1080.886
365,495.853974719836,2131416,1065.708
366,495.938515978419,2079843,1039.9215
367,496.023057079622,2055828,1027.914
368,496.107598023688,2049780,1024.89
369,496.192138810863,2152659,1076.3295
370,496.276679441392,2170491,1085.2455
371,496.361219915521,2159012,1079.506
372,496.445760233493,3151511,1575.7555
373,496.530300395556,3397958,1698.979
374,496.614840401953,2836620,1418.31
375,496.69938025293,2657788,1328.894
376,496.783919948731,2509883,1254.9415
377,496.868459489603,2416462,1208.231
378,496.95299887579,2325883,1162.9415
379,497.037538107538,2434811,1217.4055
380,497.12207718509,2425307,1212.6535
381,497.206616108694,2365485,1182.7425
382,497.291154878593,2302667,1151.3335
383,497.375693495033,2201426,1100.713
384,497.460231958259,2129615,1064.8075
385,497.544770268516,2093389,1046.6945
386,497.629308426049,2086664,1043.332
387,497.713846431104,2067653,1033.8265
388,497.798384283926,2147995,1073.9975
389,497.882921984759,2164833,1082.4165
390,497.967459533848,2111859,1055.9295
391,498.05199693144,2193294,1096.647
392,498.136534177779,2325926,1162.963
393,498.22107127311,2293616,1146.808
394,498.305608217678,2181676,1090.838
395,498.390145011729,2118067,1059.0335
396,498.474681655507,2081726,1040.863
397,498.559218149259,2066791,1033.3955
398,498.643754493228,2070121,1035.0605
399,498.72829068766,2055645,1027.8225
400,498.8128267328,2034105,1017.0525
401,498.897362628894,2027528,1013.764
402,498.981898376185,2032329,1016.1645
403,499.066433974921,2046760,1023.38
404,499.150969425345,2163504,1081.752
405,499.235504727703,2648956,1324.478
406,499.32003988224,2708022,1354.011
407,499.404574889201,2517666,1258.833
408,499.489109748831,2399513,1199.7565
409,499.573644461376,2257113,1128.5565
410,499.65817902708,2159097,1079.5485
411,499.742713446188,2108591,1054.2955
412,499.827247718947,2081473,1040.7365
413,499.9117818456,2065315,1032.6575
414,499.996315826393,2044987,1022.4935
415,500.080849661572,2034205,1017.1025
416,500.165383351381,2038011,1019.0055
417,500.249916896065,2032567,1016.2835
418,500.33445029587,2041605,1020.8025
419,500.41898355104,2601414,1300.707
420,500.503516661822,2756452,1378.226
421,500.588049628459,2451668,1225.834
422,500.672582451197,2290542,1145.271
423,500.757115130282,2195616,1097.808
424,500.841647665958,2132397,1066.1985
425,500.92618005847,2089465,1044.7325
426,501.010712308064,2886681,1443.3405
427,501.095244414985,3201416,1600.708
428,501.179776379478,2883327,1441.6635
429,501.264308201788,2591420,1295.71
430,501.34883988216,2471478,1235.739
431,501.433371420839,2359957,1179.9785
432,501.517902818071,2207026,1103.513
433,501.6024340741,2251333,1125.6665
434,501.686965189172,2321772,1160.886
435,501.771496163532,2249414,1124.707
436,501.856026997425,2149186,1074.593
437,501.940557691096,2089455,1044.7275
438,502.02508824479,2055539,1027.7695
439,502.109618658753,2167007,1083.5035
440,502.194148933229,2190744,1095.372
441,502.278679068464,2113364,1056.682
442,502.363209064702,2082302,1041.151
443,502.44773892219,2059578,1029.789
444,502.532268641171,2142794,1071.397
445,502.616798221892,2172688,1086.344
446,502.701327664597,2126308,1063.154
447,502.785856969531,2089907,1044.9535
448,502.87038613694,2166494,1083.247
449,502.954915167069,2281247,1140.6235
450,503.039444060163,2240670,1120.335
451,503.123972816466,2148516,1074.258
452,503.208501436225,2217253,1108.6265
453,503.293029919684,2242321,1121.1605
454,503.377558267088,2277931,1138.9655
455,503.462086478683,2365400,1182.7
456,503.546614554714,2429983,1214.9915
457,503.631142495425,2347845,1173.9225
458,503.715670301062,2207569,1103.7845
459,503.800197971871,2121881,1060.9405
460,503.884725508095,2076070,1038.035
461,503.969252909981,2144223,1072.1115
462,504.053780177773,2266880,1133.44
463,504.138307311717,2250844,1125.422
464,504.222834312058,2273918,1136.959
465,504.307361179041,2266062,1133.031
466,504.39188791291,2289616,1144.808
467,504.476414513912,2314496,1157.248
468,504.560940982291,2749213,1374.6065
469,504.645467318292,2803485,1401.7425
470,504.729993522161,2470929,1235.4645
471,504.814519594143,2375805,1187.9025
472,504.899045534482,2367058,1183.529
473,504.983571343424,2419312,1209.656
474,505.068097021215,2456703,1228.3515
475,505.152622568098,2445939,1222.9695
476,505.23714798432,2787205,1393.6025
477,505.321673270126,2775251,1387.6255
478,505.40619842576,2462969,1231.4845
479,505.490723451468,2278114,1139.057
480,505.575248347494,2265950,1132.975
481,505.659773114085,2225373,1112.6865
482,505.744297751485,3028854,1514.427
483,505.828822259939,3342381,1671.1905
484,505.913346639693,2865468,1432.734
485,505.997870890991,2512738,1256.369
486,506.082395014079,2307368,1153.684
487,506.166919009201,2192997,1096.4985
488,506.251442876604,2119674,1059.837
489,506.335966616531,2176548,1088.274
490,506.420490229229,2179231,1089.6155
491,506.505013714942,2126116,1063.058
492,506.589537073916,2102340,1051.17
493,506.674060306396,2175132,1087.566
494,506.758583412626,2204425,1102.2125
495,506.843106392852,2142971,1071.4855
496,506.927629247319,2098904,1049.452
497,507.012151976272,2068568,1034.284
498,507.096674579957,2158428,1079.214
499,507.181197058618,2215098,1107.549
500,507.2657194125,2163498,1081.749
501,507.350241641849,3031696,1515.848
502,507.43476374691,3372904,1686.452
503,507.519285727928,2890294,1445.147
504,507.603807585148,2519704,1259.852
505,507.688329318816,2319997,1159.9985
506,507.772850929175,2312762,1156.381
507,507.857372416473,2376768,1188.384
508,507.941893780953,2302935,1151.4675
509,508.02641502286,2195419,1097.7095
510,508.110936142441,2126163,1063.0815
511,508.195457139939,2177438,1088.719
512,508.279978015601,2177993,1088.9965
513,508.364498769671,2128895,1064.4475
514,508.449019402395,2094750,1047.375
515,508.533539914017,2064420,1032.21
516,508.618060304783,2141918,1070.959
517,508.702580574937,2154357,1077.1785
518,508.787100724726,2102119,1051.0595
519,508.871620754394,2123288,1061.644
520,508.956140664186,2582821,1291.4105
521,509.040660454347,2821621,1410.8105
522,509.125180125123,3050090,1525.045
523,509.209699676758,2948027,1474.0135
524,509.294219109499,3144834,1572.417
525,509.378738423589,3072230,1536.115
526,509.463257619274,2744704,1372.352
527,509.5477766968,2513483,1256.7415
528,509.632295656411,2297198,1148.599
529,509.716814498352,2174157,1087.0785
530,509.801333222869,2101637,1050.8185
531,509.885851830207,2062718,1031.359
532,509.97037032061,2056355,1028.1775
533,510.054888694324,2046009,1023.0045
534,510.139406951595,2147631,1073.8155
535,510.223925092667,2170777,1085.3885
536,510.308443117785,2106398,1053.199
537,510.392961027195,2088710,1044.355
538,510.477478821141,2182000,1091
539,510.56199649987,2297783,1148.8915
540,510.646514063625,2375332,1187.666
541,510.731031512652,2429054,1214.527
542,510.815548847197,2339131,1169.5655
543,510.900066067503,2225585,1112.7925
544,510.984583173818,2148532,1074.266
545,511.069100166384,2188642,1094.321
546,511.153617045449,2182682,1091.341
547,511.238133811256,2222391,1111.1955
548,511.322650464052,2212209,1106.1045
549,511.407167004081,2128156,1064.078
550,511.491683431587,2306574,1153.287
551,511.576199746818,2339676,1169.838
552,511.660715950017,2312834,1156.417
553,511.745232041429,2270544,1135.272
554,511.829748021301,2168514,1084.257
555,511.914263889876,2113692,1056.846
556,511.9987796474,2113543,1056.7715
557,512.083295294119,2097363,1048.6815
558,512.167810830277,2082209,1041.1045
559,512.252326256119,2148847,1074.4235
560,512.336841571891,2244338,1122.169
561,512.421356777838,2669624,1334.812
562,512.505871874205,2721600,1360.8
563,512.590386861236,2549828,1274.914
564,512.674901739178,2404455,1202.2275
565,512.759416508275,2246016,1123.008
566,512.843931168773,2152688,1076.344
567,512.928445720916,2203567,1101.7835
568,513.01296016495,2305557,1152.7785
569,513.097474501119,2255892,1127.946
570,513.18198872967,2162292,1081.146
571,513.266502850847,2111831,1055.9155
572,513.351016864895,2188094,1094.047
573,513.435530772059,2205812,1102.906
574,513.520044572585,2131442,1065.721
575,513.604558266717,2082723,1041.3615
576,513.689071854701,2273355,1136.6775
577,513.773585336782,2377899,1188.9495
578,513.858098713206,2392561,1196.2805
579,513.942611984216,2432037,1216.0185
580,514.027125150058,2534384,1267.192
581,514.111638210978,2577807,1288.9035
582,514.196151167221,2432688,1216.344
583,514.280664019031,2258731,1129.3655
584,514.365176766654,2165799,1082.8995
585,514.449689410336,2200084,1100.042
586,514.53420195032,2294002,1147.001
587,514.618714386852,2251741,1125.8705
588,514.703226720178,2149000,1074.5
589,514.787738950542,2093241,1046.6205
590,514.87225107819,2058906,1029.453
591,514.956763103367,2036564,1018.282
592,515.041275026318,2025717,1012.8585
593,515.125786847287,2264125,1132.0625
594,515.210298566521,2326768,1163.384
595,515.294810184265,2193647,1096.8235
596,515.379321700762,2124976,1062.488
597,515.463833116259,2100134,1050.067
598,515.548344431001,2072906,1036.453
599,515.632855645233,2159869,1079.9345
600,515.7173667592,2179004,1089.502
601,515.801877773147,2161353,1080.6765
602,515.886388687319,2228868,1114.434
603,515.970899501962,2202481,1101.2405
604,516.05541021732,2119213,1059.6065
605,516.139920833639,2075710,1037.855
606,516.224431351163,2053913,1026.9565
607,516.308941770138,2048750,1024.375
608,516.39345209081,2039439,1019.7195
609,516.477962313423,2025920,1012.96
610,516.562472438222,2113775,1056.8875
611,516.646982465452,2245423,1122.7115
612,516.731492395359,2374118,1187.059
613,516.816002228188,2345189,1172.5945
614,516.900511964184,2218398,1109.199
615,516.985021603591,2341481,1170.7405
616,517.069531146656,2555151,1277.5755
617,517.154040593623,2794082,1397.041
618,517.238549944738,2690499,1345.2495
619,517.323059200245,2507731,1253.8655
620,517.40756836039,2376172,1188.086
621,517.492077425417,2229690,1114.845
622,517.576586395573,2139998,1069.999
623,517.661095271101,2983804,1491.902
624,517.745604052248,3203332,1601.666
625,517.830112739258,2703271,1351.6355
626,517.914621332376,2634464,1317.232
627,517.999129831848,2543038,1271.519
628,518.083638237919,2339641,1169.8205
629,518.168146550834,2211968,1105.984
630,518.252654770838,2129314,1064.657
631,518.337162898176,2087307,1043.6535
632,518.421670933093,2060655,1030.3275
633,518.506178875835,2042913,1021.4565
634,518.590686726646,2031091,1015.5455
635,518.675194485772,2044273,1022.1365
636,518.759702153457,2146251,1073.1255
637,518.844209729948,2169218,1084.609
638,518.928717215489,2108729,1054.3645
639,519.013224610325,2175295,1087.6475
640,519.097731914701,2206108,1103.054
641,519.182239128863,2148678,1074.339
642,519.266746253055,2109342,1054.671
643,519.351253287523,2083482,1041.741
644,519.435760232512,2061896,1030.948
645,519.520267088267,2054155,1027.0775
646,519.604773855033,2046289,1023.1445
647,519.689280533056,2033827,1016.9135
648,519.77378712258,2031093,1015.5465
649,519.85829362385,2026867,1013.4335
650,519.942800037113,2140731,1070.3655
651,520.027306362612,2168214,1084.107
652,520.111812600593,2100853,1050.4265
653,520.196318751301,2061928,1030.964
654,520.280824814981,2036488,1018.244
655,520.365330791879,2022213,1011.1065
656,520.449836682239,2031745,1015.8725
657,520.534342486307,2045163,1022.5815
658,520.618848204327,2039113,1019.5565
659,520.703353836546,2128434,1064.217
660,520.787859383207,2149754,1074.877
661,520.872364844557,2297412,1148.706
662,520.95687022084,2904590,1452.295
663,521.041375512301,2944279,1472.1395
664,521.125880719186,2552767,1276.3835
665,521.21038584174,2323378,1161.689
666,521.294890880208,2593003,1296.5015
667,521.379395834834,2628457,1314.2285
668,521.463900705865,2470263,1235.1315
669,521.548405493545,2354125,1177.0625
670,521.632910198119,2213764,1106.882
671,521.717414819833,2133857,1066.9285
672,521.801919358931,2084314,1042.157
673,521.88642381566,2052224,1026.112
674,521.970928190263,2147348,1073.674
675,522.055432482986,7662965,3831.4825
676,522.139936694074,9143567,4571.7835
677,522.224440823773,6254769,3127.3845
678,522.308944872327,4526287,2263.1435
679,522.393448839982,3474613,1737.3065
680,522.477952726982,2969073,1484.5365
681,522.562456533574,3169154,1584.577
682,522.646960260001,3050498,1525.249
683,522.731463906509,2749755,1374.8775
684,522.815967473344,2636946,1318.473
685,522.90047096075,2442458,1221.229
686,522.984974368973,2256282,1128.141
687,523.069477698257,2150099,1075.0495
688,523.153980948848,2093504,1046.752
689,523.238484120991,2062854,1031.427
690,523.322987214931,2049244,1024.622
691,523.407490230914,2149634,1074.817
692,523.491993169183,2292083,1146.0415
693,523.576496029985,3367518,1683.759
694,523.660998813565,3575515,1787.7575
695,523.745501520167,3830548,1915.274
696,523.830004150038,3699541,1849.7705
697,523.914506703421,3005192,1502.596
698,523.999009180562,2593177,1296.5885
699,524.083511581707,2345561,1172.7805
700,524.1680139071,2203688,1101.844
701,524.252516156987,2120550,1060.275
702,524.337018331612,2072401,1036.2005
703,524.421520431221,2152477,1076.2385
704,524.506022456059,2177824,1088.912
705,524.590524406371,2114545,1057.2725
706,524.675026282403,2716138,1358.069
707,524.759528084398,2891470,1445.735
708,524.844029812603,2536230,1268.115
709,524.928531467263,2315752,1157.876
710,525.013033048623,2724460,1362.23
711,525.097534556927,2823198,1411.599
712,525.182035992421,2502178,1251.089
713,525.266537355351,2298672,1149.336
714,525.351038645961,2186874,1093.437
715,525.435539864496,2242038,1121.019
716,525.520041011202,2232775,1116.3875
717,525.604542086324,2157969,1078.9845
718,525.689043090106,2362058,1181.029
719,525.773544022794,2393154,1196.577
720,525.858044884634,2365616,1182.808
721,525.942545675869,2319512,1159.756
722,526.027046396746,2197501,1098.7505
723,526.11154704751,2127899,1063.9495
724,526.196047628405,2092472,1046.236
725,526.280548139677,2191960,1095.98
726,526.36504858157,2211900,1105.95
727,526.449548954331,2135178,1067.589
728,526.534049258204,2106731,1053.3655
729,526.618549493434,2194958,1097.479
730,526.703049660267,2203445,1101.7225
731,526.787549758947,2140537,1070.2685
732,526.87204978972,2191171,1095.5855
733,526.956549752831,2205397,1102.6985
734,527.041049648525,2149922,1074.961
735,527.125549477046,2104109,1052.0545
736,527.210049238641,2637381,1318.6905
737,527.294548933555,2843362,1421.681
738,527.379048562032,2551527,1275.7635
739,527.463548124317,2334551,1167.2755
740,527.548047620657,2247802,1123.901
741,527.632547051295,2187788,1093.894
742,527.717046416477,2142165,1071.0825
743,527.801545716449,2272292,1136.146
744,527.886044951455,2302214,1151.107
745,527.97054412174,2444978,1222.489
746,528.05504322755,2435722,1217.861
747,528.139542269129,2271585,1135.7925
748,528.224041246724,2236612,1118.306
749,528.308540160578,2288657,1144.3285
750,528.393039010938,2260398,1130.199
751,528.477537798047,2168519,1084.2595
752,528.562036522152,2200338,1100.169
753,528.646535183498,2297683,1148.8415
754,528.731033782329,2351845,1175.9225
755,528.815532318891,2284223,1142.1115
756,528.900030793429,2187861,1093.9305
757,528.984529206188,2126100,1063.05
758,529.069027557414,2088969,1044.4845
759,529.15352584735,2065842,1032.921
760,529.238024076243,2048202,1024.101
761,529.322522244338,2034015,1017.0075
762,529.407020351879,2034223,1017.1115
763,529.491518399112,2044791,1022.3955
764,529.576016386283,2045870,1022.935
765,529.660514313635,2039831,1019.9155
766,529.745012181415,2029242,1014.621
767,529.829509989866,2020245,1010.1225
768,529.914007739236,2018618,1009.309
769,529.998505429768,2125004,1062.502
770,530.083003061708,2162932,1081.466
771,530.167500635301,2110368,1055.184
772,530.251998150792,2076434,1038.217
773,530.336495608426,2075491,1037.7455
774,530.420993008449,2168544,1084.272
775,530.505490351105,2280436,1140.218
776,530.589987636639,2343370,1171.685
777,530.674484865298,2379334,1189.667
778,530.758982037325,2302128,1151.064
779,530.843479152966,2183720,1091.86
780,530.927976212466,2114428,1057.214
781,531.012473216071,2092406,1046.203
782,531.096970164025,3594246,1797.123
783,531.181467056574,4097594,2048.797
784,531.265963893962,3294704,1647.352
785,531.350460676435,2751721,1375.8605
786,531.434957404238,2448986,1224.493
787,531.519454077616,2278209,1139.1045
788,531.603950696814,2242086,1121.043
789,531.688447262078,2224410,1112.205
790,531.772943773652,2166464,1083.232
791,531.857440231782,2109819,1054.9095
792,531.941936636713,2070125,1035.0625
793,532.026432988689,2149476,1074.738
794,532.110929287956,2175447,1087.7235
795,532.19542553476,2219576,1109.788
796,532.279921729345,2211328,1105.664
797,532.364417871956,2133196,1066.598
798,532.448913962839,2082540,1041.27
799,532.533410002239,2061592,1030.796
800,532.6179059904,2054835,1027.4175
801,532.702401927568,2039584,1019.792
802,532.786897813989,2033170,1016.585
803,532.871393649906,2245851,1122.9255
804,532.955889435567,2411690,1205.845
805,533.040385171214,2335113,1167.5565
806,533.124880857094,3121212,1560.606
807,533.209376493452,3295246,1647.623
808,533.293872080533,2769036,1384.518
809,533.378367618582,2452805,1226.4025
810,533.462863107844,2963843,1481.9215
811,533.547358548564,3050741,1525.3705
812,533.631853940988,2718588,1359.294
813,533.71634928536,2504294,1252.147
814,533.800844581926,2646226,1323.113
815,533.885339830931,2615920,1307.96
816,533.96983503262,2379182,1189.591
817,534.054330187238,2232658,1116.329
818,534.13882529503,2235804,1117.902
819,534.223320356242,2210332,1105.166
820,534.307815371118,2128574,1064.287
821,534.392310339903,2080066,1040.033
822,534.476805262844,2051513,1025.7565
823,534.561300140184,2036471,1018.2355
824,534.64579497217,2230577,1115.2885
825,534.730289759045,2280107,1140.0535
826,534.814784501056,2270544,1135.272
827,534.899279198448,2250608,1125.304
828,534.983773851465,2161454,1080.727
829,535.068268460352,2202416,1101.208
830,535.152763025356,2499649,1249.8245
831,535.23725754672,3083295,1541.6475
832,535.321752024691,3073200,1536.6
833,535.406246459513,2659269,1329.6345
834,535.490740851431,2384416,1192.208
835,535.575235200691,2222871,1111.4355
836,535.659729507538,2137407,1068.7035
837,535.744223772216,14167327,7083.6635
838,535.828717994971,17653372,8826.686
839,535.913212176048,11086160,5543.08
840,535.997706315693,7207169,3603.5845
841,536.08220041415,5291184,2645.592
842,536.166694471664,4110689,2055.3445
843,536.251188488481,3232225,1616.1125
844,536.335682464845,2720038,1360.019
845,536.420176401003,2433623,1216.8115
846,536.504670297198,2263942,1131.971
847,536.589164153677,2156173,1078.0865
848,536.673657970684,2100206,1050.103
849,536.758151748464,2098629,1049.3145
850,536.842645487263,2085086,1042.543
851,536.927139187325,2057861,1028.9305
852,537.011632848896,2147981,1073.9905
853,537.096126472221,2185491,1092.7455
854,537.180620057546,2262614,1131.307
855,537.265113605114,2354917,1177.4585
856,537.349607115172,2287527,1143.7635
857,537.434100587964,2207639,1103.8195
858,537.518594023736,2150398,1075.199
859,537.603087422733,2108242,1054.121
860,537.687580785199,2098882,1049.441
861,537.772074111381,2189260,1094.63
862,537.856567401522,2558897,1279.4485
863,537.941060655869,3018423,1509.2115
864,538.025553874667,3090104,1545.052
865,538.11004705816,3166401,1583.2005
866,538.194540206593,3617707,1808.8535
867,538.279033320213,4313978,2156.989
868,538.363526399263,5085502,2542.751
869,538.44801944399,5744263,2872.1315
870,538.532512454637,6158937,3079.4685
871,538.617005431451,6366360,3183.18
872,538.701498374677,6204860,3102.43
873,538.785991284559,5786304,2893.152
874,538.870484161343,5339675,2669.8375
875,538.954977005273,5044984,2522.492
876,539.039469816596,4730163,2365.0815
877,539.123962595556,4393762,2196.881
878,539.208455342398,4339749,2169.8745
879,539.292948057368,4285873,2142.9365
880,539.37744074071,4023839,2011.9195
881,539.46193339267,3875223,1937.6115
882,539.546426013493,3808177,1904.0885
883,539.630918603424,3825397,1912.6985
884,539.715411162708,3684791,1842.3955
885,539.79990369159,3511174,1755.587
886,539.884396190315,3326248,1663.124
887,539.968888659129,3875040,1937.52
888,540.053381098277,4062957,2031.4785
889,540.137873508003,3502965,1751.4825
890,540.222365888553,2999996,1499.998
891,540.306858240173,2674905,1337.4525
892,540.391350563106,2453597,1226.7985
893,540.475842857599,2515782,1257.891
894,540.560335123896,2481756,1240.878
895,540.644827362243,2415570,1207.785
896,540.729319572884,2447840,1223.92
897,540.813811756066,2358819,1179.4095
898,540.898303912032,2225794,1112.897
899,540.982796041028,2140875,1070.4375
900,541.0672881433,2088733,1044.3665
901,541.151780219092,2070441,1035.2205
902,541.23627226865,2053975,1026.9875
903,541.320764292218,2036977,1018.4885
904,541.405256290042,2040588,1020.294
905,541.489748262367,2118432,1059.216
906,541.574240209438,2273962,1136.981
907,541.6587321315,2263892,1131.946
908,541.743224028798,2269481,1134.7405
909,541.827715901578,2239319,1119.6595
910,541.912207750085,2142540,1071.27
911,541.996699574563,2105775,1052.8875
912,542.081191375258,2087565,1043.7825
913,542.165683152415,2178838,1089.419
914,542.250174906279,2191625,1095.8125
915,542.334666637096,2115770,1057.885
916,542.41915834511,2073767,1036.8835
917,542.503650030566,2720351,1360.1755
918,542.58814169371,2992763,1496.3815
919,542.672633334787,2865195,1432.5975
920,542.757124954042,2662262,1331.131
921,542.841616551719,2401209,1200.6045
922,542.926108128065,2349275,1174.6375
923,543.010599683325,2294845,1147.4225
924,543.095091217743,2205989,1102.9945
925,543.179582731564,2990282,1495.141
926,543.264074225034,3177806,1588.903
927,543.348565698398,2695497,1347.7485
928,543.433057151901,2413000,1206.5
929,543.517548585789,2249183,1124.5915
930,543.602040000305,2355659,1177.8295
931,543.686531395696,2470870,1235.435
932,543.771022772206,2369506,1184.753
933,543.855514130081,2345898,1172.949
934,543.940005469566,2396917,1198.4585
935,544.024496790906,2312305,1156.1525
936,544.108988094346,2399612,1199.806
937,544.193479380131,2474139,1237.0695
938,544.277970648506,2346036,1173.018
939,544.362461899717,2212398,1106.199
940,544.446953134009,2243432,1121.716
941,544.531444351626,2234333,1117.1665
942,544.615935552814,2227488,1113.744
943,544.700426737818,2237773,1118.8865
944,544.784917906884,2184375,1092.1875
945,544.869409060255,2235599,1117.7995
946,544.953900198178,2241114,1120.557
947,545.038391320898,2162821,1081.4105
948,545.122882428659,2111057,1055.5285
949,545.207373521708,2079719,1039.8595
950,545.291864600288,2061918,1030.959
951,545.376355664645,2049932,1024.966
952,545.460846715024,3037244,1518.622
953,545.545337751671,3325735,1662.8675
954,545.62982877483,2806936,1403.468
955,545.714319784747,2589047,1294.5235
956,545.798810781666,2547340,1273.67
957,545.883301765834,2417864,1208.932
958,545.967792737495,2360632,1180.316
959,546.052283696893,2314455,1157.2275
960,546.136774644275,2316798,1158.399
961,546.221265579886,2274388,1137.194
962,546.30575650397,2184360,1092.18
963,546.390247416772,2128131,1064.0655
964,546.474738318539,2084851,1042.4255
965,546.559229209514,2077716,1038.858
966,546.643720089944,2069299,1034.6495
967,546.728210960073,2049192,1024.596
968,546.812701820146,2114657,1057.3285
969,546.897192670409,2276875,1138.4375
970,546.981683511106,2283871,1141.9355
971,547.066174342483,2189888,1094.944
972,547.150665164785,2182970,1091.485
973,547.235155978257,2262115,1131.0575
974,547.319646783145,2237087,1118.5435
975,547.404137579692,2170443,1085.2215
976,547.488628368145,2129347,1064.6735
977,547.573119148749,2087963,1043.9815
978,547.657609921748,2072792,1036.396
979,547.742100687388,2168030,1084.015
980,547.826591445914,2182330,1091.165
981,547.911082197572,2135646,1067.823
982,547.995572942605,2118002,1059.001
983,548.08006368126,2089995,1044.9975
984,548.164554413782,2068702,1034.351
985,548.249045140415,2056501,1028.2505
986,548.333535861404,2058406,1029.203
987,548.418026576996,2565308,1282.654
988,548.502517287435,2697622,1348.811
989,548.587007992966,2431287,1215.6435
990,548.671498693834,2270781,1135.3905
991,548.755989390285,2359313,1179.6565
992,548.840480082563,2463626,1231.813
993,548.924970770915,2359099,1179.5495
994,549.009461455584,2232902,1116.451
995,549.093952136815,2256384,1128.192
996,549.178442814856,2228972,1114.486
997,549.262933489949,2142094,1071.047
998,549.347424162341,2325283,1162.6415
999,549.431914832276,2364605,1182.3025
1000,549.5164055,2229687,1114.8435
1001,549.600896165758,2206646,1103.323
1002,549.685386829794,2181554,1090.777
1003,549.769877492355,2124735,1062.3675
1004,549.854368153685,2104606,1052.303
1005,549.938858814029,2643336,1321.668
1006,550.023349473633,2884756,1442.378
1007,550.107840132742,2726790,1363.395
1008,550.1923307916,2519837,1259.9185
1009,550.276821450453,2313240,1156.62
1010,550.361312109546,2202096,1101.048
1011,550.445802769124,2252819,1126.4095
1012,550.530293429432,2249292,1124.646
1013,550.614784090716,2164121,1082.0605
1014,550.69927475322,2116481,1058.2405
1015,550.78376541719,2084447,1042.2235
1016,550.868256082871,2058706,1029.353
1017,550.952746750508,2060431,1030.2155
1018,551.037237420346,2156141,1078.0705
1019,551.12172809263,2187570,1093.785
1020,551.206218767606,2133340,1066.67
1021,551.290709445518,2098348,1049.174
1022,551.375200126611,2073538,1036.769
1023,551.459690811131,2179229,1089.6145
1024,551.544181499323,2210322,1105.161
1025,551.628672191433,2152024,1076.012
1026,551.713162887704,2108098,1054.049
1027,551.797653588383,2072535,1036.2675
1028,551.882144293714,2053266,1026.633
1029,551.966635003943,2051310,1025.655
1030,552.051125719314,2167353,1083.6765
1031,552.135616440073,2373289,1186.6445
1032,552.220107166465,2353795,1176.8975
1033,552.304597898735,2300352,1150.176
1034,552.389088637129,2251669,1125.8345
1035,552.473579381891,2806253,1403.1265
1036,552.558070133266,2937794,1468.897
1037,552.6425608915,2575524,1287.762
1038,552.727051656838,2361555,1180.7775
1039,552.811542429524,3004549,1502.2745
1040,552.896033209805,3136512,1568.256
1041,552.980523997925,2792597,1396.2985
1042,553.065014794129,2550255,1275.1275
1043,553.149505598662,2341575,1170.7875
1044,553.23399641177,2226718,1113.359
1045,553.318487233698,2260294,1130.147
1046,553.402978064691,2657945,1328.9725
1047,553.487468904993,3027662,1513.831
1048,553.571959754851,2856155,1428.0775
1049,553.656450614509,2511002,1255.501
1050,553.740941484213,2301029,1150.5145
1051,553.825432364206,2384613,1192.3065
1052,553.909923254736,2386478,1193.239
1053,553.994414156046,2442283,1221.1415
1054,554.078905068382,2407819,1203.9095
1055,554.16339599199,2252460,1126.23
1056,554.247886927113,2175311,1087.6555
1057,554.332377873998,2788233,1394.1165
1058,554.416868832889,2938847,1469.4235
1059,554.501359804032,2563682,1281.841
1060,554.585850787671,2347950,1173.975
1061,554.670341784053,2219850,1109.925
1062,554.754832793421,2143449,1071.7245
1063,554.839323816021,2097978,1048.989
1064,554.923814852099,2068659,1034.3295
1065,555.008305901899,2062552,1031.276
1066,555.092796965667,2279921,1139.9605
1067,555.177288043647,2331715,1165.8575
1068,555.261779136085,3005388,1502.694
1069,555.346270243226,3164518,1582.259
1070,555.430761365315,2811264,1405.632
1071,555.515252502597,2655624,1327.812
1072,555.599743655318,2493943,1246.9715
1073,555.684234823722,2328812,1164.406
1074,555.768726008055,2333414,1166.707
1075,555.853217208561,2398271,1199.1355
1076,555.937708425486,2315334,1157.667
1077,556.022199659075,2929100,1464.55
1078,556.106690909574,3073576,1536.788
1079,556.191182177226,2757253,1378.6265
1080,556.275673462278,2527446,1263.723
1081,556.360164764975,2419022,1209.511
1082,556.444656085561,2472273,1236.1365
1083,556.529147424282,2389984,1194.992
1084,556.613638781383,2268276,1134.138
1085,556.698130157109,2200676,1100.338
1086,556.782621551706,2248549,1124.2745
1087,556.867112965417,2244170,1122.085
1088,556.951604398489,2330926,1165.463
1089,557.036095851167,2534222,1267.111
1090,557.120587323695,2466926,1233.463
1091,557.20507881632,2278671,1139.3355
1092,557.289570329285,2170303,1085.1515
1093,557.374061862836,2215702,1107.851
1094,557.458553417219,2243530,1121.765
1095,557.543044992678,2268926,1134.463
1096,557.627536589459,2250032,1125.016
1097,557.712028207806,2284019,1142.0095
1098,557.796519847966,2260475,1130.2375
1099,557.881011510182,2363279,1181.6395
1100,557.9655031947,2477857,1238.9285
1101,558.049994901765,2378196,1189.098
1102,558.134486631623,2236808,1118.404
1103,558.218978384519,2147794,1073.897
1104,558.303470160697,2200045,1100.0225
1105,558.387961960402,2199899,1099.9495
1106,558.472453783881,2197750,1098.875
1107,558.556945631378,2222251,1111.1255
1108,558.641437503137,3071152,1535.576
1109,558.725929399405,3559589,1779.7945
1110,558.810421320427,3138163,1569.0815
1111,558.894913266447,2676055,1338.0275
1112,558.97940523771,2419917,1209.9585
1113,559.063897234463,2369416,1184.708
1114,559.14838925695,2412290,1206.145
1115,559.232881305415,2336282,1168.141
1116,559.317373380105,2210943,1105.4715
1117,559.401865481264,2253758,1126.879
1118,559.486357609138,2248829,1124.4145
1119,559.570849763971,2160204,1080.102
1120,559.65534194601,2127953,1063.9765
1121,559.739834155498,2224455,1112.2275
1122,559.824326392681,2233443,1116.7215
1123,559.908818657804,2255202,1127.601
1124,559.993310951113,2232565,1116.2825
1125,560.077803272852,2150726,1075.363
1126,560.162295623266,2110534,1055.267
1127,560.246788002602,2081796,1040.898
1128,560.331280411103,2169898,1084.949
1129,560.415772849015,2291468,1145.734
1130,560.500265316583,2376739,1188.3695
1131,560.584757814052,2514029,1257.0145
1132,560.669250341668,2450884,1225.442
1133,560.753742899676,2273028,1136.514
1134,560.83823548832,2276813,1138.4065
1135,560.922728107845,2248085,1124.0425
1136,561.007220758498,2159229,1079.6145
1137,561.091713440523,2116248,1058.124
1138,561.176206154165,2084478,1042.239
1139,561.260698899669,2076585,1038.2925
1140,561.345191677281,2066834,1033.417
1141,561.429684487245,2053542,1026.771
1142,561.514177329807,2055901,1027.9505
1143,561.598670205212,2059434,1029.717
1144,561.683163113705,2091006,1045.503
1145,561.767656055531,2095785,1047.8925
1146,561.852149030935,2177442,1088.721
1147,561.936642040163,2303329,1151.6645
1148,562.021135083459,2267356,1133.678
1149,562.105628161069,2176561,1088.2805
1150,562.190121273237,2234398,1117.199
1151,562.27461442021,2231738,1115.869
1152,562.359107602232,2492842,1246.421
1153,562.443600819547,2532794,1266.397
1154,562.528094072403,2422654,1211.327
1155,562.612587361042,2595405,1297.7025
1156,562.697080685712,2647598,1323.799
1157,562.781574046656,2563998,1281.999
1158,562.866067444119,2982418,1491.209
1159,562.950560878348,2990565,1495.2825
1160,563.035054349587,2595142,1297.571
1161,563.119547858082,2468381,1234.1905
1162,563.204041404076,2381339,1190.6695
1163,563.288534987816,2287938,1143.969
1164,563.373028609547,2209741,1104.8705
1165,563.457522269514,2147459,1073.7295
1166,563.542015967961,2112049,1056.0245
1167,563.626509705135,2186335,1093.1675
1168,563.71100348128,2303011,1151.5055
1169,563.795497296641,2265166,1132.583
1170,563.879991151464,2166582,1083.291
1171,563.964485045993,2109940,1054.97
1172,564.048978980475,2081668,1040.834
1173,564.133472955153,2096824,1048.412
1174,564.217966970273,2096069,1048.0345
1175,564.30246102608,2189458,1094.729
1176,564.386955122819,2306459,1153.2295
1177,564.471449260736,2364924,1182.462
1178,564.555943440075,2297887,1148.9435
1179,564.640437661083,2185495,1092.7475
1180,564.724931924002,4281469,2140.7345
1181,564.80942622908,4965896,2482.948
1182,564.893920576561,3815144,1907.572
1183,564.97841496669,3168239,1584.1195
1184,565.062909399713,2778971,1389.4855
1185,565.147403875874,2795281,1397.6405
1186,565.231898395419,2702945,1351.4725
1187,565.316392958592,2429771,1214.8855
1188,565.400887565639,2261254,1130.627
1189,565.485382216806,2169537,1084.7685
1190,565.569876912336,2115274,1057.637
1191,565.654371652476,2078420,1039.21
1192,565.73886643747,2143640,1071.82
1193,565.823361267564,2174894,1087.447
1194,565.907856143003,2744895,1372.4475
1195,565.992351064031,2893676,1446.838
1196,566.076846030894,2554658,1277.329
1197,566.161341043838,2341758,1170.879
1198,566.245836103106,2210387,1105.1935
1199,566.330331208945,2143172,1071.586
1200,566.4148263616,2111482,1055.741
1201,566.499321561315,2187473,1093.7365
1202,566.583816808336,2195642,1097.821
1203,566.668312102908,2235291,1117.6455
1204,566.752807445276,2220048,1110.024
1205,566.837302835685,2181869,1090.9345
1206,566.92179827438,2207142,1103.571
1207,567.006293761607,2182778,1091.389
1208,567.090789297611,2123120,1061.56
1209,567.175284882636,2247979,1123.9895
1210,567.259780516928,2280373,1140.1865
1211,567.344276200732,2179100,1089.55
1212,567.428771934293,2120356,1060.178
1213,567.513267717856,2185699,1092.8495
1214,567.597763551667,2187867,1093.9335
1215,567.68225943597,2118623,1059.3115
1216,567.766755371011,2707888,1353.944
1217,567.851251357034,2873134,1436.567
1218,567.935747394286,2526536,1263.268
1219,568.020243483011,2521568,1260.784
1220,568.104739623454,2457832,1228.916
1221,568.18923581586,2982888,1491.444
1222,568.273732060474,3077518,1538.759
1223,568.358228357543,2636863,1318.4315
1224,568.442724707309,2382152,1191.076
1225,568.52722111002,2236546,1118.273
1226,568.61171756592,2148308,1074.154
1227,568.696214075254,2113697,1056.8485
1228,568.780710638267,2089338,1044.669
1229,568.865207255205,2064724,1032.362
1230,568.949703926312,2071438,1035.719
1231,569.034200651834,2174848,1087.424
1232,569.118697432015,2187004,1093.502
1233,569.203194267102,2124644,1062.322
1234,569.287691157338,2188605,1094.3025
1235,569.37218810297,2362802,1181.401
1236,569.456685104242,2654216,1327.108
1237,569.5411821614,2638872,1319.436
1238,569.625679274688,2420948,1210.474
1239,569.710176444352,2386021,1193.0105
1240,569.794673670637,2320195,1160.0975
1241,569.879170953788,2198122,1099.061
1242,569.96366829405,2231060,1115.53
1243,570.048165691668,2436068,1218.034
1244,570.132663146887,2419197,1209.5985
1245,570.217160659954,2478579,1239.2895
1246,570.301658231112,2454452,1227.226
1247,570.386155860606,2294681,1147.3405
1248,570.470653548683,2202163,1101.0815
1249,570.555151295587,2142137,1071.0685
1250,570.639649101562,2098945,1049.4725
1251,570.724146966856,2072944,1036.472
1252,570.808644891712,2160438,1080.219
1253,570.893142876375,2308571,1154.2855
1254,570.977640921091,2311998,1155.999
1255,571.062139026105,2293181,1146.5905
1256,571.146637191662,2812258,1406.129
1257,571.231135418007,2887733,1443.8665
1258,571.315633705386,2525393,1262.6965
1259,571.400132054043,2415884,1207.942
1260,571.484630464223,2439348,1219.674
1261,571.569128936172,2352607,1176.3035
1262,571.653627470135,2220238,1110.119
1263,571.738126066357,2360277,1180.1385
1264,571.822624725083,2492343,1246.1715
1265,571.907123446559,2382160,1191.08
1266,571.991622231028,2448409,1224.2045
1267,572.076121078737,2607723,1303.8615
1268,572.160619989931,2527993,1263.9965
1269,572.245118964855,2442418,1221.209
1270,572.329618003753,2358990,1179.495
1271,572.414117106872,2379554,1189.777
1272,572.498616274455,2532143,1266.0715
1273,572.583115506749,2460943,1230.4715
1274,572.667614803999,2278068,1139.034
1275,572.752114166448,2171832,1085.916
1276,572.836613594344,2133648,1066.824
1277,572.921113087931,2121471,1060.7355
1278,573.005612647453,2092192,1046.096
1279,573.090112273157,2071582,1035.791
1280,573.174611965286,2176368,1088.184
1281,573.259111724088,2392304,1196.152
1282,573.343611549805,2610834,1305.417
1283,573.428111442685,3333894,1666.947
1284,573.512611402971,3452029,1726.0145
1285,573.597111430909,4304587,2152.2935
1286,573.681611526744,4410538,2205.269
1287,573.766111690721,3776073,1888.0365
1288,573.850611923086,3239224,1619.612
1289,573.935112224083,2726616,1363.308
1290,574.019612593957,2430542,1215.271
1291,574.104113032955,2280127,1140.0635
1292,574.18861354132,2294411,1147.2055
1293,574.273114119298,2271334,1135.667
1294,574.357614767134,2280101,1140.0505
1295,574.442115485074,2242292,1121.146
1296,574.526616273362,3613230,1806.615
1297,574.611117132243,3982575,1991.2875
1298,574.695618061963,3673241,1836.6205
1299,574.780119062767,3426841,1713.4205
1300,574.8646201349,2928222,1464.111
1301,574.949121278607,2670104,1335.052
1302,575.033622494133,2564145,1282.0725
1303,575.118123781723,2509919,1254.9595
1304,575.202625141623,2384266,1192.133
1305,575.287126574078,2234818,1117.409
1306,575.371628079332,2163518,1081.759
1307,575.456129657631,2131278,1065.639
1308,575.54063130922,2116629,1058.3145
1309,575.625133034344,2211874,1105.937
1310,575.709634833249,2396828,1198.414
1311,575.794136706179,2373575,1186.7875
1312,575.878638653379,2241183,1120.5915
1313,575.963140675095,2154020,1077.01
1314,576.047642771572,2099023,1049.5115
1315,576.132144943055,2084879,1042.4395
1316,576.216647189789,2207595,1103.7975
1317,576.301149512019,2231280,1115.64
1318,576.38565190999,2148903,1074.4515
1319,576.470154383948,2094133,1047.0665
1320,576.554656934138,2075728,1037.864
1321,576.639159560804,2196867,1098.4335
1322,576.723662264192,2234896,1117.448
1323,576.808165044547,3123167,1561.5835
1324,576.892667902114,3436792,1718.396
1325,576.977170837139,2914607,1457.3035
1326,577.061673849866,2532341,1266.1705
1327,577.146176940541,2319984,1159.992
1328,577.230680109408,2207790,1103.895
1329,577.315183356713,2156775,1078.3875
1330,577.399686682701,2211532,1105.766
1331,577.484190087617,2931413,1465.7065
1332,577.568693571706,3063662,1531.831
1333,577.653197135214,2634132,1317.066
1334,577.737700778385,2497882,1248.941
1335,577.822204501465,2389577,1194.7885
1336,577.906708304698,2241020,1120.51
1337,577.991212188331,3135021,1567.5105
1338,578.075716152607,3358115,1679.0575
1339,578.160220197773,2919008,1459.504
1340,578.244724324073,2631171,1315.5855
1341,578.329228531752,2602887,1301.4435
1342,578.413732821056,2635902,1317.951
1343,578.49823719223,2464864,1232.432
1344,578.582741645518,2282938,1141.469
1345,578.667246181166,2271980,1135.99
1346,578.75175079942,2251167,1125.5835
1347,578.836255500524,2278670,1139.335
1348,578.920760284723,2492724,1246.362
1349,579.005265152262,2480228,1240.114
1350,579.089770103388,2315509,1157.7545
1351,579.174275138344,2206359,1103.1795
1352,579.258780257375,2130575,1065.2875
1353,579.343285460728,2093522,1046.761
1354,579.427790748647,2079351,1039.6755
1355,579.512296121378,2064775,1032.3875
1356,579.596801579165,2047756,1023.878
1357,579.681307122253,2067955,1033.9775
1358,579.765812750888,2073100,1036.55
1359,579.850318465315,2050267,1025.1335
1360,579.934824265779,2041932,1020.966
1361,580.019330152525,2040040,1020.02
1362,580.103836125799,2601254,1300.627
1363,580.188342185844,2765766,1382.883
1364,580.272848332908,2564681,1282.3405
1365,580.357354567233,2414642,1207.321
1366,580.441860889067,2255601,1127.8005
1367,580.526367298654,2163301,1081.6505
1368,580.610873796238,2318655,1159.3275
1369,580.695380382066,2344193,1172.0965
1370,580.779887056382,2221371,1110.6855
1371,580.864393819432,2303657,1151.8285
1372,580.94890067146,2314023,1157.0115
1373,581.033407612712,2205033,1102.5165
1374,581.117914643433,2140487,1070.2435
1375,581.202421763867,2116801,1058.4005
1376,581.286928974261,2109397,1054.6985
1377,581.371436274859,2190041,1095.0205
1378,581.455943665907,2205082,1102.541
1379,581.540451147649,2242605,1121.3025
1380,581.62495872033,2225426,1112.713
1381,581.709466384197,2142754,1071.377
1382,581.793974139493,2100437,1050.2185
1383,581.878481986465,2281230,1140.615
1384,581.962989925357,2325666,1162.833
1385,582.047497956414,2415652,1207.826
1386,582.132006079881,2512620,1256.31
1387,582.216514296004,2390816,1195.408
1388,582.301022605028,2250191,1125.0955
1389,582.385531007198,2460328,1230.164
1390,582.470039502758,2501473,1250.7365
1391,582.554548091955,2327781,1163.8905
1392,582.639056775033,2221374,1110.687
1393,582.723565552238,2142998,1071.499
1394,582.808074423814,2107203,1053.6015
1395,582.892583390007,2086584,1043.292
1396,582.977092451061,2281302,1140.651
1397,583.061601607223,2338093,1169.0465
1398,583.146110858736,2270213,1135.1065
1399,583.230620205847,2265028,1132.514
1400,583.3151296488,2206892,1103.446
1401,583.399639187841,2233194,1116.597
1402,583.484148823214,2218297,1109.1485
1403,583.568658555165,2148009,1074.0045
1404,583.653168383939,2107472,1053.736
1405,583.73767830978,2277144,1138.572
1406,583.822188332935,2327283,1163.6415
1407,583.906698453649,2307757,1153.8785
1408,583.991208672165,2259621,1129.8105
1409,584.075718988731,2168092,1084.046
1410,584.16022940359,2212533,1106.2665
1411,584.244739916987,2204878,1102.439
1412,584.329250529169,2132361,1066.1805
1413,584.41376124038,2087733,1043.8665
1414,584.498272050865,2070275,1035.1375
1415,584.58278296087,2072193,1036.0965
1416,584.667293970638,2343395,1171.6975
1417,584.751805080417,2613434,1306.717
1418,584.83631629045,2527941,1263.9705
1419,584.920827600983,2333888,1166.944
1420,585.005339012262,2219427,1109.7135
1421,585.08985052453,2247644,1123.822
1422,585.174362138034,2322028,1161.014
1423,585.258873853018,2365181,1182.5905
1424,585.343385669727,2299260,1149.63
1425,585.427897588408,2186943,1093.4715
1426,585.512409609304,2116649,1058.3245
1427,585.596921732661,2079255,1039.6275
1428,585.681433958724,2130827,1065.4135
1429,585.765946287739,2139948,1069.974
1430,585.85045871995,2205472,1102.736
1431,585.934971255602,2324526,1162.263
1432,586.019483894941,2506748,1253.374
1433,586.103996638212,2565643,1282.8215
1434,586.18850948566,2408925,1204.4625
1435,586.27302243753,2273481,1136.7405
1436,586.357535494067,2185792,1092.896
1437,586.442048655516,2845580,1422.79
1438,586.526561922122,3628319,1814.1595
1439,586.611075294132,3396711,1698.3555
1440,586.695588771789,2835788,1417.894
1441,586.780102355339,2520077,1260.0385
1442,586.864616045027,2433416,1216.708
1443,586.949129841097,2335611,1167.8055
1444,587.033643743797,2202242,1101.121
1445,587.118157753369,2130737,1065.3685
1446,587.20267187006,2090972,1045.486
1447,587.287186094115,2067752,1033.876
1448,587.371700425779,2057429,1028.7145
1449,587.456214865296,2045484,1022.742
1450,587.540729412912,2040681,1020.3405
1451,587.625244068873,2037642,1018.821
1452,587.709758833423,2133749,1066.8745
1453,587.794273706808,2166444,1083.222
1454,587.878788689272,2127280,1063.64
1455,587.963303781061,2095043,1047.5215
1456,588.047818982419,2075532,1037.766
1457,588.132334293593,2153809,1076.9045
1458,588.216849714827,2286153,1143.0765
1459,588.301365246366,2265982,1132.991
1460,588.385880888455,2176300,1088.15
1461,588.47039664134,2116210,1058.105
1462,588.554912505266,2080268,1040.134
1463,588.639428480477,2172959,1086.4795
1464,588.72394456722,2333914,1166.957
1465,588.808460765738,2529802,1264.901
1466,588.892977076278,2480992,1240.496
1467,588.977493499084,2298381,1149.1905
1468,589.062010034401,2185627,1092.8135
1469,589.146526682475,2122241,1061.1205
1470,589.231043443551,2085251,1042.6255
1471,589.315560317874,2063399,1031.6995
1472,589.400077305689,2050578,1025.289
1473,589.48459440724,2047589,1023.7945
1474,589.569111622774,2141044,1070.522
1475,589.653628952536,2320883,1160.4415
1476,589.73814639677,2318229,1159.1145
1477,589.822663955722,2204780,1102.39
1478,589.907181629636,4827922,2413.961
1479,589.991699418759,5759957,2879.9785
1480,590.076217323334,4574028,2287.014
1481,590.160735343608,3654310,1827.155
1482,590.245253479825,2964046,1482.023
1483,590.329771732231,2558646,1279.323
1484,590.41429010107,3302549,1651.2745
1485,590.498808586588,3448267,1724.1335
1486,590.58332718903,2866003,1433.0015
1487,590.667845908641,2610756,1305.378
1488,590.752364745666,2431887,1215.9435
1489,590.83688370035,2266090,1133.045
1490,590.921402772939,2267469,1133.7345
1491,591.005921963678,2448817,1224.4085
1492,591.090441272811,2418803,1209.4015
1493,591.174960700584,2358797,1179.3985
1494,591.259480247241,2384484,1192.242
1495,591.343999913029,2403073,1201.5365
1496,591.428519698192,2323893,1161.9465
1497,591.513039602976,2204486,1102.243
1498,591.597559627625,2142437,1071.2185
1499,591.682079772385,2108233,1054.1165
1500,591.7666000375,2074694,1037.347
1501,591.851120423216,2062784,1031.392
1502,591.935640929779,2058941,1029.4705
1503,592.020161557432,2110552,1055.276
1504,592.104682306422,2118059,1059.0295
1505,592.189203176993,2077649,1038.8245
1506,592.273724169391,2052018,1026.009
1507,592.35824528386,2036983,1018.4915
1508,592.442766520647,2037246,1018.623
1509,592.527287879995,2154904,1077.452
1510,592.611809362151,2190812,1095.406
1511,592.696330967358,2972626,1486.313
1512,592.780852695863,3167733,1583.8665
1513,592.865374547911,2694076,1347.038
1514,592.949896523746,2417440,1208.72
1515,593.034418623614,2263760,1131.88
1516,593.11894084776,3301058,1650.529
1517,593.203463196429,3555509,1777.7545
1518,593.287985669866,2926934,1463.467
1519,593.372508268317,2553859,1276.9295
1520,593.457030992026,2344170,1172.085
1521,593.541553841238,2221923,1110.9615
1522,593.626076816199,2173680,1086.84
1523,593.710599917154,2133138,1066.569
1524,593.795123144348,2094843,1047.4215
1525,593.879646498027,2071170,1035.585
1526,593.964169978434,2265973,1132.9865
1527,594.048693585816,2327952,1163.976
1528,594.133217320417,2207657,1103.8285
1529,594.217741182483,2232424,1116.212
1530,594.302265172259,2217663,1108.8315
1531,594.38678928999,2244775,1122.3875
1532,594.47131353592,2225704,1112.852
1533,594.555837910296,2243656,1121.828
1534,594.640362413363,2222023,1111.0115
1535,594.724887045364,2782413,1391.2065
1536,594.809411806547,2916364,1458.182
1537,594.893936697155,2546663,1273.3315
1538,594.978461717434,2534886,1267.443
1539,595.062986867629,2463615,1231.8075
1540,595.147512147985,2295619,1147.8095
1541,595.232037558747,2401472,1200.736
1542,595.316563100161,2598067,1299.0335
1543,595.401088772471,2556961,1278.4805
1544,595.485614575923,2383943,1191.9715
1545,595.570140510762,2248575,1124.2875
1546,595.654666577233,2167396,1083.698
1547,595.73919277558,2218783,1109.3915
1548,595.82371910605,2259846,1129.923
1549,595.908245568888,2211806,1105.903
1550,595.992772164338,2351934,1175.967
1551,596.077298892645,2592799,1296.3995
1552,596.161825754055,2519351,1259.6755
1553,596.246352748813,2315112,1157.556
1554,596.330879877164,2209849,1104.9245
1555,596.415407139353,2594888,1297.444
1556,596.499934535626,2688140,1344.07
1557,596.584462066227,2466291,1233.1455
1558,596.668989731401,2423209,1211.6045
1559,596.753517531394,2453952,1226.976
1560,596.838045466451,2468402,1234.201
1561,596.922573536817,2368291,1184.1455
1562,597.007101742737,2247097,1123.5485
1563,597.091630084456,3078503,1539.2515
1564,597.17615856222,3749891,1874.9455
1565,597.260687176273,3413221,1706.6105
1566,597.345215926861,2973443,1486.7215
1567,597.429744814228,2857883,1428.9415
1568,597.51427383862,2653303,1326.6515
1569,597.598803000283,2395410,1197.705
1570,597.68333229946,2452265,1226.1325
1571,597.767861736398,2416527,1208.2635
1572,597.852391311341,2453718,1226.859
1573,597.936921024535,2424856,1212.428
1574,598.021450876224,2369306,1184.653
1575,598.105980866655,2407605,1203.8025
1576,598.190510996071,2323784,1161.892
1577,598.275041264718,2302130,1151.065
1578,598.359571672842,2358883,1179.4415
1579,598.444102220687,2428669,1214.3345
1580,598.528632908498,2357861,1178.9305
1581,598.613163736522,2325238,1162.619
1582,598.697694705001,2513082,1256.541
1583,598.782225814183,2559351,1279.6755
1584,598.866757064312,2497705,1248.8525
1585,598.951288455633,2374421,1187.2105
1586,599.035819988391,2330192,1165.096
1587,599.120351662832,2389856,1194.928
1588,599.2048834792,2318136,1159.068
1589,599.289415437741,2193859,1096.9295
1590,599.3739475387,2141900,1070.95
1591,599.458479782322,2231764,1115.882
1592,599.543012168852,2338473,1169.2365
1593,599.627544698535,2385842,1192.921
1594,599.712077371617,2308378,1154.189
1595,599.796610188342,2197946,1098.973
1596,599.881143148956,2252753,1126.3765
1597,599.965676253703,2349464,1174.732
1598,600.05020950283,2302873,1151.4365
1599,600.13474289658,2197142,1098.571
1600,600.2192764352,2134561,1067.2805
1601,600.303810118934,2205519,1102.7595
1602,600.388343948028,2209584,1104.792
1603,600.472877922726,2138132,1069.066
1604,600.557412043273,2202525,1101.2625
1605,600.641946309916,2202056,1101.028
1606,600.726480722899,2139108,1069.554
1607,600.811015282466,2107136,1053.568
1608,600.895549988864,2080006,1040.003
1609,600.980084842338,2056632,1028.316
1610,601.064619843132,2129945,1064.9725
1611,601.149154991491,2158266,1079.133
1612,601.233690287662,2233236,1116.618
1613,601.318225731888,2240943,1120.4715
1614,601.402761324415,2162287,1081.1435
1615,601.487297065489,2211394,1105.697
1616,601.571832955354,2223538,1111.769
1617,601.656368994255,2265873,1132.9365
1618,601.740905182438,2244488,1122.244
1619,601.825441520148,2154915,1077.4575
1620,601.90997800763,2233200,1116.6
1621,601.994514645128,2336464,1168.232
1622,602.079051432889,2363897,1181.9485
1623,602.163588371157,2300643,1150.3215
1624,602.248125460177,2293336,1146.668
1625,602.332662700195,2266794,1133.397
1626,602.417200091456,2288409,1144.2045
1627,602.501737634204,2256109,1128.0545
1628,602.586275328686,2165923,1082.9615
1629,602.670813175145,2112730,1056.365
1630,602.755351173828,2380722,1190.361
1631,602.839889324979,2450951,1225.4755
1632,602.924427628843,2378923,1189.4615
1633,603.008966085667,2400648,1200.324
1634,603.093504695693,2320418,1160.209
1635,603.178043459169,2200389,1100.1945
1636,603.262582376339,2256053,1128.0265
1637,603.347121447448,2329450,1164.725
1638,603.431660672741,2301221,1150.6105
1639,603.516200052464,2213221,1106.6105
1640,603.600739586861,2133298,1066.649
1641,603.685279276178,2096413,1048.2065
1642,603.769819120659,2105592,1052.796
1643,603.854359120551,2094374,1047.187
1644,603.938899276098,2197335,1098.6675
1645,604.023439587545,2326002,1163.001
1646,604.107980055137,2286074,1143.037
1647,604.19252067912,2281714,1140.857
1648,604.277061459738,2248022,1124.011
1649,604.361602397237,2157543,1078.7715
1650,604.446143491862,2100065,1050.0325
1651,604.530684743859,2516784,1258.392
1652,604.615226153471,2975497,1487.7485
1653,604.699767720944,2926375,1463.1875
1654,604.784309446525,2635253,1317.6265
1655,604.868851330456,2489855,1244.9275
1656,604.953393372984,2589138,1294.569
1657,605.037935574354,2703413,1351.7065
1658,605.122477934812,2554529,1277.2645
1659,605.207020454601,3039788,1519.894
1660,605.291563133967,3110961,1555.4805
1661,605.376105973156,2697126,1348.563
1662,605.460648972412,2442172,1221.086
1663,605.545192131981,2264704,1132.352
1664,605.629735452108,2160897,1080.4485
1665,605.714278933038,2103240,1051.62
1666,605.798822575015,2298491,1149.2455
1667,605.883366378286,2355394,1177.697
1668,605.967910343095,2224043,1112.0215
1669,606.052454469688,2138518,1069.259
1670,606.136998758309,2106803,1053.4015
1671,606.221543209204,2204577,1102.2885
1672,606.306087822618,2220800,1110.4
1673,606.390632598795,2143290,1071.645
1674,606.475177537982,2199385,1099.6925
1675,606.559722640423,2310625,1155.3125
1676,606.644267906364,2364412,1182.206
1677,606.728813336049,2393798,1196.899
1678,606.813358929724,2310647,1155.3235
1679,606.897904687633,2198559,1099.2795
1680,606.982450610022,2130938,1065.469
1681,607.066996697137,2084976,1042.488
1682,607.151542949221,2161482,1080.741
1683,607.236089366521,2281695,1140.8475
1684,607.320635949282,2245185,1122.5925
1685,607.405182697748,2152542,1076.271
1686,607.489729612165,2234810,1117.405
1687,607.574276692777,2244754,1122.377
1688,607.658823939831,2156437,1078.2185
1689,607.74337135357,2208720,1104.36
1690,607.827918934241,2306783,1153.3915
1691,607.912466682089,2257993,1128.9965
1692,607.997014597358,2157901,1078.9505
1693,608.081562680293,2435512,1217.756
1694,608.16611093114,2494644,1247.322
1695,608.250659350145,2410035,1205.0175
1696,608.335207937551,2411228,1205.614
1697,608.419756693605,2382506,1191.253
1698,608.504305618551,2280533,1140.2665
1699,608.588854712634,2279553,1139.7765
1700,608.6734039761,2249436,1124.718
1701,608.757953409194,2484945,1242.4725
1702,608.84250301216,2650280,1325.14
1703,608.927052785245,2479867,1239.9335
1704,609.011602728693,2314254,1157.127
1705,609.096152842749,2213323,1106.6615
1706,609.180703127658,2134609,1067.3045
1707,609.265253583666,2084938,1042.469
1708,609.349804211018,2074689,1037.3445
1709,609.434355009958,2166204,1083.102
1710,609.518905980733,2174284,1087.142
1711,609.603457123586,2323630,1161.815
1712,609.688008438764,3391162,1695.581
1713,609.772559926511,3545528,1772.764
1714,609.857111587073,2906261,1453.1305
1715,609.941663420694,2527867,1263.9335
1716,610.02621542762,2312111,1156.0555
1717,610.110767608096,2314309,1157.1545
1718,610.195319962366,2275894,1137.947
1719,610.279872490677,2166054,1083.027
1720,610.364425193274,2103028,1051.514
1721,610.4489780704,2073038,1036.519
1722,610.533531122303,2061489,1030.7445
1723,610.618084349226,2085834,1042.917
1724,610.702637751414,2197041,1098.5205
1725,610.787191329114,2305400,1152.7
1726,610.87174508257,2257395,1128.6975
1727,610.956299012027,2362992,1181.496
1728,611.04085311773,2363078,1181.539
1729,611.125407399925,2227075,1113.5375
1730,611.209961858857,2142602,1071.301
1731,611.29451649477,2852407,1426.2035
1732,611.37907130791,3285690,1642.845
1733,611.463626298523,2933685,1466.8425
1734,611.548181466852,2647269,1323.6345
1735,611.632736813144,2664713,1332.3565
1736,611.717292337643,2566214,1283.107
1737,611.801848040595,2357791,1178.8955
1738,611.886403922244,2232325,1116.1625
1739,611.970959982837,2262761,1131.3805
1740,612.055516222617,2323622,1161.811
1741,612.14007264183,2382029,1191.0145
1742,612.224629240722,2427322,1213.661
1743,612.309186019537,2372514,1186.257
1744,612.39374297852,2704296,1352.148
1745,612.478300117917,2776806,1388.403
1746,612.562857437973,3029056,1514.528
1747,612.647414938933,3089849,1544.9245
1748,612.731972621042,2715588,1357.794
1749,612.816530484545,2420037,1210.0185
1750,612.901088529688,2802606,1401.303
1751,612.985646756714,2858560,1429.28
1752,613.070205165871,2609697,1304.8485
1753,613.154763757402,2433646,1216.823
1754,613.239322531553,2270481,1135.2405
1755,613.323881488569,2280173,1140.0865
1756,613.408440628695,2248940,1124.47
1757,613.492999952176,2157877,1078.9385
1758,613.577559459258,2215010,1107.505
1759,613.662119150185,2313847,1156.9235
1760,613.746679025203,2257745,1128.8725
1761,613.831239084557,2161037,1080.5185
1762,613.915799328492,2216959,1108.4795
1763,614.000359757252,2219347,1109.6735
1764,614.084920371084,2153284,1076.642
1765,614.169481170232,2120208,1060.104
1766,614.254042154942,2122149,1061.0745
1767,614.338603325458,2107126,1053.563
1768,614.423164682026,2197863,1098.9315
1769,614.507726224891,2316965,1158.4825
1770,614.592287954298,2267481,1133.7405
1771,614.676849870492,2737317,1368.6585
1772,614.761411973718,2836937,1418.4685
1773,614.845974264222,2493216,1246.608
1774,614.930536742248,2308719,1154.3595
1775,615.015099408042,2318624,1159.312
1776,615.099662261849,2284370,1142.185
1777,615.184225303914,2187369,1093.6845
1778,615.268788534481,2236379,1118.1895
1779,615.353351953797,2227629,1113.8145
1780,615.437915562106,2358156,1179.078
1781,615.522479359654,2388894,1194.447
1782,615.607043346685,2251084,1125.542
1783,615.691607523446,2672935,1336.4675
1784,615.776171890179,2761391,1380.6955
1785,615.860736447132,2458160,1229.08
1786,615.94530119455,2287507,1143.7535
1787,616.029866132676,2287516,1143.758
1788,616.114431261757,2263430,1131.715
1789,616.198996582037,2289198,1144.599
1790,616.283562093762,2353498,1176.749
1791,616.368127797177,2395949,1197.9745
1792,616.452693692527,2321463,1160.7315
1793,616.537259780057,2196448,1098.224
1794,616.621826060012,2240273,1120.1365
1795,616.706392532638,2351225,1175.6125
1796,616.790959198179,2304864,1152.432
1797,616.87552605688,2190198,1095.099
1798,616.960093108988,2830145,1415.0725
1799,617.044660354746,3002414,1501.207
1800,617.1292277944,2888766,1444.383
1801,617.213795428195,3002350,1501.175
1802,617.298363256377,2801776,1400.888
1803,617.38293127919,2488277,1244.1385
1804,617.46749949688,2295482,1147.741
1805,617.552067909691,2179047,1089.5235
1806,617.63663651787,2110288,1055.144
1807,617.72120532166,14864979,7432.4895
1808,617.805774321307,18742436,9371.218
1809,617.890343517057,11839581,5919.7905
1810,617.974912909154,7655810,3827.905
1811,618.059482497843,5246837,2623.4185
1812,618.14405228337,3880509,1940.2545
1813,618.22862226598,3093270,1546.635
1814,618.313192445918,2629954,1314.977
1815,618.397762823429,2836536,1418.268
1816,618.482333398757,2939173,1469.5865
1817,618.56690417215,2647622,1323.811
1818,618.65147514385,2506896,1253.448
1819,618.736046314105,2390558,1195.279
1820,618.820617683158,2254597,1127.2985
1821,618.905189251254,2187936,1093.968
1822,618.98976101864,2161055,1080.5275
1823,619.07433298556,2124290,1062.145
1824,619.158905152259,2241843,1120.9215
1825,619.243477518983,2971855,1485.9275
1826,619.328050085976,3072428,1536.214
1827,619.412622853484,2748682,1374.341
1828,619.497195821751,2630791,1315.3955
1829,619.581768991023,2692195,1346.0975
1830,619.666342361546,2575523,1287.7615
1831,619.750915933564,2347708,1173.854
1832,619.835489707321,2219370,1109.685
1833,619.920063683065,2365097,1182.5485
1834,620.004637861039,2477853,1238.9265
1835,620.089212241489,2353629,1176.8145
1836,620.173786824659,2212718,1106.359
1837,620.258361610796,2176242,1088.121
1838,620.342936600144,2148215,1074.1075
1839,620.427511792947,2116441,1058.2205
1840,620.512087189453,2296731,1148.3655
1841,620.596662789905,3217721,1608.8605
1842,620.681238594548,3658164,1829.082
1843,620.765814603629,3214748,1607.374
1844,620.850390817391,2731174,1365.587
1845,620.93496723608,2539917,1269.9585
1846,621.019543859942,2618825,1309.4125
1847,621.104120689221,2541741,1270.8705
1848,621.188697724162,2401586,1200.793
1849,621.273274965011,2288665,1144.3325
1850,621.357852412012,2174352,1087.176
1851,621.442430065412,2155024,1077.512
1852,621.527007925454,2128574,1064.287
1853,621.611585992385,2182791,1091.3955
1854,621.696164266449,2222023,1111.0115
1855,621.780742747892,2165120,1082.56
1856,621.865321436958,2105547,1052.7735
1857,621.949900333892,2087582,1043.791
1858,622.03447943894,2175011,1087.5055
1859,622.119058752348,2194055,1097.0275
1860,622.203638274359,2130983,1065.4915
1861,622.28821800522,2212293,1106.1465
1862,622.372797945175,2233086,1116.543
1863,622.457378094469,2173681,1086.8405
1864,622.541958453348,2124142,1062.071
1865,622.626539022057,2133169,1066.5845
1866,622.711119800841,2138036,1069.018
1867,622.795700789945,2108707,1054.3535
1868,622.880281989613,2491748,1245.874
1869,622.964863400093,2581403,1290.7015
1870,623.049445021627,2348899,1174.4495
1871,623.134026854462,2223656,1111.828
1872,623.218608898843,2144164,1072.082
1873,623.303191155015,2217006,1108.503
1874,623.387773623222,2252531,1126.2655
1875,623.472356303711,2298684,1149.342
1876,623.556939196726,2374181,1187.0905
1877,623.641522302512,2308746,1154.373
1878,623.726105621315,2191486,1095.743
1879,623.810689153379,2229293,1114.6465
1880,623.89527289895,2218662,1109.331
1881,623.979856858273,2247066,1123.533
1882,624.064441031593,2412961,1206.4805
1883,624.149025419156,2487579,1243.7895
1884,624.233610021205,2572812,1286.406
1885,624.318194837987,2583525,1291.7625
1886,624.402779869747,2523410,1261.705
1887,624.487365116729,2575316,1287.658
1888,624.571950579179,2575921,1287.9605
1889,624.656536257342,2411168,1205.584
1890,624.741122151463,2242586,1121.293
1891,624.825708261788,2232447,1116.2235
1892,624.91029458856,2427372,1213.686
1893,624.994881132027,2412103,1206.0515
1894,625.079467892432,2347514,1173.757
1895,625.16405487002,2280539,1140.2695
1896,625.248642065038,2182548,1091.274
1897,625.33322947773,3219344,1609.672
1898,625.41781710834,3596181,1798.0905
1899,625.502404957115,7685377,3842.6885
1900,625.5869930243,8713064,4356.532
1901,625.671581310139,5997695,2998.8475
1902,625.756169814878,16284164,8142.082
1903,625.840758538762,18776686,9388.343
1904,625.925347482035,11726965,5863.4825
1905,626.009936644944,7901627,3950.8135
1906,626.094526027733,5612001,2806.0005
1907,626.179115630648,4080562,2040.281
1908,626.263705453933,3230182,1615.091
1909,626.348295497833,2835203,1417.6015
1910,626.432885762595,2560253,1280.1265
1911,626.517476248462,2337703,1168.8515
1912,626.60206695568,2660577,1330.2885
1913,626.686657884495,2713460,1356.73
1914,626.771249035151,2426113,1213.0565
1915,626.855840407893,2467259,1233.6295
1916,626.940432002967,2427420,1213.71
1917,627.025023820618,2415456,1207.728
1918,627.10961586109,2867458,1433.729
1919,627.19420812463,2864501,1432.2505
1920,627.278800611482,2838320,1419.16
1921,627.363393321891,2803993,1401.9965
1922,627.447986256102,3665775,1832.8875
1923,627.532579414361,3777137,1888.5685
1924,627.617172796912,3062414,1531.207
1925,627.701766404002,2626979,1313.4895
1926,627.786360235874,2375110,1187.555
1927,627.870954292774,2346034,1173.017
1928,627.955548574948,2290686,1145.343
1929,628.04014308264,2633307,1316.6535
1930,628.124737816095,2701035,1350.5175
1931,628.209332775559,2524514,1262.257
1932,628.293927961276,2385968,1192.984
1933,628.378523373493,2230916,1115.458
1934,628.463119012454,2137923,1068.9615
1935,628.547714878403,2104346,1052.173
1936,628.632310971587,2205638,1102.819
1937,628.716907292251,2317181,1158.5905
1938,628.801503840639,2369965,1184.9825
1939,628.886100616996,2298402,1149.201
1940,628.970697621569,2185931,1092.9655
1941,629.055294854601,2131608,1065.804
1942,629.139892316339,2209310,1104.655
1943,629.224490007026,2312488,1156.244
1944,629.309087926909,2276675,1138.3375
1945,629.393686076233,2282489,1141.2445
1946,629.478284455242,2246605,1123.3025
1947,629.562883064182,2152817,1076.4085
1948,629.647481903298,2103392,1051.696
1949,629.732080972835,2082100,1041.05
1950,629.816680273037,2155690,1077.845
1951,629.901279804152,2164232,1082.116
1952,629.985879566422,2210576,1105.288
1953,630.070479560095,2321920,1160.96
1954,630.155079785414,2367404,1183.702
1955,630.239680242624,2284203,1142.1015
1956,630.324280931972,2171938,1085.969
1957,630.408881853702,2358652,1179.326
1958,630.493483008059,2454894,1227.447
1959,630.578084395288,2318317,1159.1585
1960,630.662686015635,2193390,1096.695
1961,630.747287869345,2301969,1150.9845
1962,630.831889956662,2325321,1162.6605
1963,630.916492277832,2213252,1106.626
1964,631.001094833101,2137783,1068.8915
1965,631.085697622712,2104727,1052.3635
1966,631.170300646912,2201053,1100.5265
1967,631.254903905945,2219050,1109.525
1968,631.339507400056,2358819,1179.4095
1969,631.424111129492,2449312,1224.656
1970,631.508715094496,2561153,1280.5765
1971,631.593319295314,2856299,1428.1495
1972,631.677923732192,2846317,1423.1585
1973,631.762528405373,2657261,1328.6305
1974,631.847133315104,2531634,1265.817
1975,631.93173846163,2372014,1186.007
1976,632.016343845195,2325924,1162.962
1977,632.100949466045,2265140,1132.57
1978,632.185555324425,2160445,1080.2225
1979,632.270161420579,2102208,1051.104
1980,632.354767754754,2089387,1044.6935
1981,632.439374327195,2158724,1079.362
1982,632.523981138146,2159784,1079.892
1983,632.608588187852,2098690,1049.345
1984,632.693195476559,2120313,1060.1565
1985,632.777803004512,2122753,1061.3765
1986,632.862410771956,2116741,1058.3705
1987,632.947018779136,2124911,1062.4555
1988,633.031627026297,2133604,1066.802
1989,633.116235513685,2218874,1109.437
1990,633.200844241544,2421553,1210.7765
1991,633.28545321012,2407277,1203.6385
1992,633.370062419658,2250021,1125.0105
1993,633.454671870403,2161560,1080.78
1994,633.539281562599,2112082,1056.041
1995,633.623891496493,2083644,1041.822
1996,633.708501672329,2070704,1035.352
1997,633.793112090353,2158238,1079.119
1998,633.877722750809,2171319,1085.6595
1999,633.962333653943,2112845,1056.4225
2000,634.0469448,2075706,1037.853
2001,634.131556189225,2055914,1027.957
2002,634.216167821863,2143695,1071.8475
2003,634.300779698159,2166361,1083.1805
2004,634.385391818359,2108618,1054.309
2005,634.470004182707,2085312,1042.656
2006,634.554616791449,2065056,1032.528
2007,634.639229644829,2149067,1074.5335
2008,634.723842743094,2698983,1349.4915
2009,634.808456086488,2892513,1446.2565
2010,634.893069675256,2599946,1299.973
2011,634.977683509643,2456941,1228.4705
2012,635.062297589895,2459301,1229.6505
2013,635.146911916256,2455816,1227.908
2014,635.231526488972,2347690,1173.845
2015,635.316141308288,10157121,5078.5605
2016,635.400756374449,12331648,6165.824
2017,635.4853716877,8202770,4101.385
2018,635.569987248286,5807084,2903.542
2019,635.654603056453,4262244,2131.122
2020,635.739219112446,3332633,1666.3165
2021,635.823835416509,2818333,1409.1665
2022,635.908451968888,2705883,1352.9415
2023,635.993068769827,3216667,1608.3335
2024,636.077685819573,3175133,1587.5665
2025,636.16230311837,3393621,1696.8105
2026,636.246920666464,3300158,1650.079
2027,636.331538464099,6555250,3277.625
2028,636.41615651152,7307820,3653.91
2029,636.500774808974,5088241,2544.1205
2030,636.585393356704,3773782,1886.891
2031,636.670012154956,3803924,1901.962
2032,636.754631203976,3711394,1855.697
2033,636.839250504007,3083428,1541.714
2034,636.923870055296,2636602,1318.301
2035,637.008489858088,2455603,1227.8015
2036,637.093109912628,2347445,1173.7225
2037,637.17773021916,2225575,1112.7875
2038,637.26235077793,2143254,1071.627
2039,637.346971589183,2389937,1194.9685
2040,637.431592653165,2566228,1283.114
2041,637.51621397012,2432789,1216.3945
2042,637.600835540293,2337682,1168.841
2043,637.68545736393,2341776,1170.888
2044,637.770079441276,2368294,1184.147
2045,637.854701772576,2291223,1145.6115
2046,637.939324358074,2183330,1091.665
2047,638.023947198017,2124919,1062.4595
