0,464.9839,460992,460.992
1,465.068515076491,455164,455.164
2,465.153129906126,456317,456.317
3,465.237744489151,456489,456.489
4,465.322358825812,456101,456.101
5,465.406972916352,455659,455.659
6,465.491586761018,455899,455.899
7,465.576200360054,456477,456.477
8,465.660813713705,456646,456.646
9,465.745426822218,456919,456.919
10,465.830039685836,458311,458.311
11,465.914652304805,459056,459.056
12,465.99926467937,459313,459.313
13,466.083876809776,460367,460.367
14,466.168488696269,461606,461.606
15,466.253100339093,1204303,1204.303
16,466.337711738494,1412823,1412.823
17,466.422322894716,1020959,1020.959
18,466.506933808006,787327,787.327
19,466.591544478607,653250,653.25
20,466.676154906766,576665,576.665
21,466.760765092726,532971,532.971
22,466.845375036735,526162,526.162
23,466.929984739036,520217,520.217
24,467.014594199874,505831,505.831
25,467.099203419495,494603,494.603
26,467.183812398145,485660,485.66
27,467.268421136067,481410,481.41
28,467.353029633508,555591,555.591
29,467.437637890711,577892,577.892
30,467.522245907924,557185,557.185
31,467.60685368539,536778,536.778
32,467.691461223355,509874,509.874
33,467.776068522063,496574,496.574
34,467.860675581761,488746,488.746
35,467.945282402693,509642,509.642
36,468.029888985104,546766,546.766
37,468.11449532924,539860,539.86
38,468.199101435345,530651,530.651
39,468.283707303665,518319,518.319
40,468.368312934445,498174,498.174
41,468.45291832793,505073,505.073
42,468.537523484364,521870,521.87
43,468.622128403994,646891,646.891
44,468.706733087065,703694,703.694
45,468.791337533821,634440,634.44
46,468.875941744507,566824,566.824
47,468.96054571937,530455,530.455
48,469.045149458653,510531,510.531
49,469.129752962602,497790,497.79
50,469.214356231462,487914,487.914
51,469.298959265479,482835,482.835
52,469.383562064897,482353,482.353
53,469.468164629962,480834,480.834
54,469.552766960919,479138,479.138
55,469.637369058012,498034,498.034
56,469.721970921487,502042,502.042
57,469.80657255159,493815,493.815
58,469.891173948565,505801,505.801
59,469.975775112657,503959,503.959
60,470.060376044111,489370,489.37
61,470.144976743173,483192,483.192
62,470.229577210088,497355,497.355
63,470.314177445101,500847,500.847
64,470.398777448457,509354,509.354
65,470.483377220402,634453,634.453
66,470.567976761179,673620,673.62
67,470.652576071035,613004,613.004
68,470.737175150215,560604,560.604
69,470.821773998963,525599,525.599
70,470.906372617525,522856,522.856
71,470.990971006146,513426,513.426
72,471.075569165072,677929,677.929
73,471.160167094546,722040,722.04
74,471.244764794815,640825,640.825
75,471.329362266123,583767,583.767
76,471.413959508717,555641,555.641
77,471.498556522839,569398,569.398
78,471.583153308737,572638,572.638
79,471.667749866655,555683,555.683
80,471.752346196838,550518,550.518
81,471.836942299532,551059,551.059
82,471.921538174981,572750,572.75
83,472.00613382343,561510,561.51
84,472.090729245126,526226,526.226
85,472.175324440312,503311,503.311
86,472.259919409234,509165,509.165
87,472.344514152137,507379,507.379
88,472.429108669267,493155,493.155
89,472.513702960868,491217,491.217
90,472.598297027185,500539,500.539
91,472.682890868465,498599,498.599
92,472.767484484951,488884,488.884
93,472.852077876889,481480,481.48
94,472.936671044524,496273,496.273
95,473.021263988101,500655,500.655
96,473.105856707865,492590,492.59
97,473.190449204062,518202,518.202
98,473.275041476937,603370,603.37
99,473.359633526735,640832,640.832
100,473.4442253537,594873,594.873
101,473.528816958078,561047,561.047
102,473.613408340115,553325,553.325
103,473.697999500055,532731,532.731
104,473.782590438143,508702,508.702
105,473.867181154625,497044,497.044
106,473.951771649745,511997,511.997
107,474.03636192375,511551,511.551
108,474.120951976883,498339,498.339
109,474.20554180939,491251,491.251
110,474.290131421517,486082,486.082
111,474.374720813508,503041,503.041
112,474.459309985608,505288,505.288
113,474.543898938063,492004,492.004
114,474.628487671118,484554,484.554
115,474.713076185018,480605,480.605
116,474.797664480008,499410,499.41
117,474.882252556332,667626,667.626
118,474.966840414238,717515,717.515
119,475.051428053968,814933,814.933
120,475.13601547577,802889,802.889
121,475.220602679887,665603,665.603
122,475.305189666564,582433,582.433
123,475.389776436048,535899,535.899
124,475.474362988583,509583,509.583
125,475.558949324414,492534,492.534
126,475.643535443787,484128,484.128
127,475.728121346946,481570,481.57
128,475.812707034136,479174,479.174
129,475.897292505604,606491,606.491
130,475.981877761593,665346,665.346
131,476.066462802349,619341,619.341
132,476.151047628118,585350,585.35
133,476.235632239144,549223,549.223
134,476.320216635672,516169,516.169
135,476.404800817948,515820,515.82
136,476.489384786216,512391,512.391
137,476.573968540723,522716,522.716
138,476.658552081712,630707,630.707
139,476.74313540943,644735,644.735
140,476.827718524121,577371,577.371
141,476.91230142603,534152,534.152
142,476.996884115403,526013,526.013
143,477.081466592484,517041,517.041
144,477.166048857519,498475,498.475
145,477.250630910753,507795,507.795
146,477.335212752432,507742,507.742
147,477.419794382799,494523,494.523
148,477.504375802101,503582,503.582
149,477.588957010582,506927,506.927
150,477.673538008487,496863,496.863
151,477.758118796063,728819,728.819
152,477.842699373553,790430,790.43
153,477.927279741204,659009,659.009
154,478.011859899259,579775,579.775
155,478.096439847965,532959,532.959
156,478.181019587566,510442,510.442
157,478.265599118308,499560,499.56
158,478.350178440435,490377,490.377
159,478.434757554193,485945,485.945
160,478.519336459827,551203,551.203
161,478.603915157582,566423,566.423
162,478.688493647704,525832,525.832
163,478.773071930436,840010,840.01
164,478.857650006026,920851,920.851
165,478.942227874716,738868,738.868
166,479.026805536754,693622,693.622
167,479.111382992383,659194,659.194
168,479.19596024185,607489,607.489
169,479.280537285398,563341,563.341
170,479.365114123274,525224,525.224
171,479.449690755722,502187,502.187
172,479.534267182988,487960,487.96
173,479.618843405317,479913,479.913
174,479.703419422953,494926,494.926
175,479.787995236142,520548,520.548
176,479.87257084513,517271,517.271
177,479.95714625016,501620,501.62
178,480.041721451479,490880,490.88
179,480.126296449331,485469,485.469
180,480.210871243962,498257,498.257
181,480.295445835617,501412,501.412
182,480.380020224541,508052,508.052
183,480.464594410979,505803,505.803
184,480.549168395175,510462,510.462
185,480.633742177377,509479,509.479
186,480.718315757827,495654,495.654
187,480.802889136772,487124,487.124
188,480.887462314457,481353,481.353
189,480.972035291127,476657,476.657
190,481.056608067026,496297,496.297
191,481.141180642401,568826,568.826
192,481.225753017496,574283,574.283
193,481.310325192556,529613,529.613
194,481.394897167827,521875,521.875
195,481.479468943554,514168,514.168
196,481.564040519981,499016,499.016
197,481.648611897354,490257,490.257
198,481.733183075918,482279,482.279
199,481.817754055918,496418,496.418
200,481.9023248376,499125,499.125
201,481.986895421208,504149,504.149
202,482.071465806988,691747,691.747
203,482.156035995184,731780,731.78
204,482.240605986042,640873,640.873
205,482.325175779807,581038,581.038
206,482.409745376725,536190,536.19
207,482.494314777039,509157,509.157
208,482.578883980996,494020,494.02
209,482.663452988841,486397,486.397
210,482.748021800818,480617,480.617
211,482.832590417173,478726,478.726
212,482.91715883815,498353,498.353
213,483.001727063996,519829,519.829
214,483.086295094955,514000,514
215,483.170862931273,498293,498.293
216,483.255430573193,492183,492.183
217,483.339998020963,506120,506.12
218,483.424565274826,509166,509.166
219,483.509132335028,496500,496.5
220,483.593699201814,488235,488.235
221,483.678265875429,499906,499.906
222,483.762832356118,499877,499.877
223,483.847398644127,486637,486.637
224,483.9319647397,497998,497.998
225,484.016530643083,562094,562.094
226,484.101096354521,569659,569.659
227,484.185661874258,533858,533.858
228,484.270227202541,509114,509.114
229,484.354792339614,494172,494.172
230,484.439357285722,489142,489.142
231,484.523922041111,503270,503.27
232,484.608486606025,521781,521.781
233,484.69305098071,514391,514.391
234,484.777615165411,508167,508.167
235,484.862179160373,519319,519.319
236,484.946742965841,512350,512.35
237,485.03130658206,510829,510.829
238,485.115870009276,525005,525.005
239,485.200433247733,518029,518.029
240,485.284996297677,500889,500.889
241,485.369559159353,628904,628.904
242,485.454121833005,678607,678.607
243,485.53868431888,605622,605.622
244,485.623246617222,558866,558.866
245,485.707808728276,529222,529.222
246,485.792370652288,505102,505.102
247,485.876932389502,507253,507.253
248,485.961493940164,504356,504.356
249,486.046055304519,491427,491.427
250,486.130616482813,489133,489.133
251,486.215177475289,488866,488.866
252,486.299738282193,521667,521.667
253,486.384298903771,529391,529.391
254,486.468859340268,506057,506.057
255,486.553419591928,490220,490.22
256,486.637979658997,485120,485.12
257,486.722539541719,481526,481.526
258,486.807099240341,492834,492.834
259,486.891658755108,494576,494.576
260,486.976218086263,483676,483.676
261,487.060777234053,478762,478.762
262,487.145336198723,476193,476.193
263,487.229894980517,473448,473.448
264,487.314453579682,475062,475.062
265,487.399011996461,475436,475.436
266,487.483570231101,473312,473.312
267,487.568128283845,473504,473.504
268,487.652686154941,472819,472.819
269,487.737243844632,473836,473.836
270,487.821801353163,499699,499.699
271,487.906358680781,505616,505.616
272,487.990915827729,491669,491.669
273,488.075472794253,485152,485.152
274,488.160029580599,507243,507.243
275,488.244586187011,511973,511.973
276,488.329142613735,498680,498.68
277,488.413698861015,525278,525.278
278,488.498254929097,529231,529.231
279,488.582810818225,526680,526.68
280,488.667366528646,524885,524.885
281,488.751922060605,506440,506.44
282,488.836477414345,495109,495.109
283,488.921032590113,491732,491.732
284,489.005587588153,499824,499.824
285,489.090142408711,654018,654.018
286,489.174697052032,705502,705.502
287,489.259251518361,638182,638.182
288,489.343805807943,579212,579.212
289,489.428359921024,533113,533.113
290,489.512913857847,506582,506.582
291,489.597467618659,493868,493.868
292,489.682021203705,552167,552.167
293,489.76657461323,564743,564.743
294,489.851127847479,524489,524.489
295,489.935680906696,511374,511.374
296,490.020233791128,501686,501.686
297,490.104786501019,488729,488.729
298,490.189339036615,500436,500.436
299,490.27389139816,501869,501.869
300,490.3584435859,489764,489.764
301,490.44299560008,481777,481.777
302,490.527547440945,476515,476.515
303,490.612099108739,472749,472.749
304,490.69665060371,471487,471.487
305,490.7812019261,472548,472.548
306,490.865753076156,490865,490.865
307,490.950304054123,496812,496.812
308,491.034854860246,488747,488.747
309,491.119405494769,483497,483.497
310,491.203955957939,480540,480.54
311,491.288506249999,480009,480.009
312,491.373056371197,477769,477.769
313,491.457606321775,496183,496.183
314,491.54215610198,506882,506.882
315,491.626705712057,495657,495.657
316,491.711255152251,483560,483.56
317,491.795804422807,476805,476.805
318,491.88035352397,473995,473.995
319,491.964902455985,475467,475.467
320,492.049451219098,496039,496.039
321,492.133999813553,500267,500.267
322,492.218548239596,488538,488.538
323,492.303096497471,498297,498.297
324,492.387644587425,512126,512.126
325,492.472192509702,521640,521.64
326,492.556740264546,561948,561.948
327,492.641287852205,558525,558.525
328,492.725835272921,521358,521.358
329,492.810382526942,504963,504.963
330,492.894929614511,552774,552.774
331,492.979476535874,559927,559.927
332,493.064023291276,524106,524.106
333,493.148569880962,516082,516.082
334,493.233116305178,507094,507.094
335,493.317662564167,490440,490.44
336,493.402208658177,485547,485.547
337,493.486754587451,481605,481.605
338,493.571300352235,477534,477.534
339,493.655845952774,474468,474.468
340,493.740391389313,492101,492.101
341,493.824936662097,495297,495.297
342,493.909481771372,498758,498.758
343,493.994026717382,496471,496.471
344,494.078571500372,485537,485.537
345,494.163116120589,481671,481.671
346,494.247660578276,480193,480.193
347,494.33220487368,636824,636.824
348,494.416749007044,680453,680.453
349,494.501292978615,597115,597.115
350,494.585836788637,545311,545.311
351,494.670380437356,515080,515.08
352,494.754923925017,500463,500.463
353,494.839467251864,510599,510.599
354,494.924010418144,508033,508.033
355,495.0085534241,493229,493.229
356,495.093096269979,568270,568.27
357,495.177638956025,586047,586.047
358,495.262181482484,556386,556.386
359,495.3467238496,549635,549.635
360,495.431266057619,527205,527.205
361,495.515808106786,523196,523.196
362,495.600349997346,516289,516.289
363,495.684891729544,499578,499.578
364,495.769433303626,497623,497.623
365,495.853974719836,492222,492.222
366,495.938515978419,482484,482.484
367,496.023057079622,477345,477.345
368,496.107598023688,476153,476.153
369,496.192138810863,494596,494.596
370,496.276679441392,498003,498.003
371,496.361219915521,496109,496.109
372,496.445760233493,661786,661.786
373,496.530300395556,702104,702.104
374,496.614840401953,607859,607.859
375,496.69938025293,581803,581.803
376,496.783919948731,557911,557.911
377,496.868459489603,540401,540.401
378,496.95299887579,524213,524.213
379,497.037538107538,542150,542.15
380,497.12207718509,539555,539.555
381,497.206616108694,528580,528.58
382,497.291154878593,518121,518.121
383,497.375693495033,500824,500.824
384,497.460231958259,488386,488.386
385,497.544770268516,482559,482.559
386,497.629308426049,482281,482.281
387,497.713846431104,479178,479.178
388,497.798384283926,493014,493.014
389,497.882921984759,495993,495.993
390,497.967459533848,487153,487.153
391,498.05199693144,501056,501.056
392,498.136534177779,523194,523.194
393,498.22107127311,517561,517.561
394,498.305608217678,498021,498.021
395,498.390145011729,486118,486.118
396,498.474681655507,479681,479.681
397,498.559218149259,477182,477.182
398,498.643754493228,478057,478.057
399,498.72829068766,476509,476.509
400,498.8128267328,473053,473.053
401,498.897362628894,471604,471.604
402,498.981898376185,472729,472.729
403,499.066433974921,475824,475.824
404,499.150969425345,495863,495.863
405,499.235504727703,580626,580.626
406,499.32003988224,590986,590.986
407,499.404574889201,556978,556.978
408,499.489109748831,535952,535.952
409,499.573644461376,511222,511.222
410,499.65817902708,494008,494.008
411,499.742713446188,485106,485.106
412,499.827247718947,481023,481.023
413,499.9117818456,478523,478.523
414,499.996315826393,475043,475.043
415,500.080849661572,472775,472.775
416,500.165383351381,472778,472.778
417,500.249916896065,471506,471.506
418,500.33445029587,473385,473.385
419,500.41898355104,576944,576.944
420,500.503516661822,605372,605.372
421,500.588049628459,549616,549.616
422,500.672582451197,520174,520.174
423,500.757115130282,501844,501.844
424,500.841647665958,489856,489.856
425,500.92618005847,482880,482.88
426,501.010712308064,616725,616.725
427,501.095244414985,668761,668.761
428,501.179776379478,616134,616.134
429,501.264308201788,567727,567.727
430,501.34883988216,548161,548.161
431,501.433371420839,529743,529.743
432,501.517902818071,503584,503.584
433,501.6024340741,510408,510.408
434,501.686965189172,522434,522.434
435,501.771496163532,509872,509.872
436,501.856026997425,491421,491.421
437,501.940557691096,480799,480.799
438,502.02508824479,475184,475.184
439,502.109618658753,494762,494.762
440,502.194148933229,498504,498.504
441,502.278679068464,485472,485.472
442,502.363209064702,480120,480.12
443,502.44773892219,475913,475.913
444,502.532268641171,491164,491.164
445,502.616798221892,496809,496.809
446,502.701327664597,488984,488.984
447,502.785856969531,483419,483.419
448,502.87038613694,496827,496.827
449,502.954915167069,515371,515.371
450,503.039444060163,509258,509.258
451,503.123972816466,494747,494.747
452,503.208501436225,506371,506.371
453,503.293029919684,509819,509.819
454,503.377558267088,516248,516.248
455,503.462086478683,532333,532.333
456,503.546614554714,546525,546.525
457,503.631142495425,532710,532.71
458,503.715670301062,505262,505.262
459,503.800197971871,489237,489.237
460,503.884725508095,481265,481.265
461,503.969252909981,493054,493.054
462,504.053780177773,513597,513.597
463,504.138307311717,510743,510.743
464,504.222834312058,514194,514.194
465,504.307361179041,511884,511.884
466,504.39188791291,515975,515.975
467,504.476414513912,519534,519.534
468,504.560940982291,594567,594.567
469,504.645467318292,604254,604.254
470,504.729993522161,547239,547.239
471,504.814519594143,531713,531.713
472,504.899045534482,531015,531.015
473,504.983571343424,541192,541.192
474,505.068097021215,546915,546.915
475,505.152622568098,544358,544.358
476,505.23714798432,602357,602.357
477,505.321673270126,599738,599.738
478,505.40619842576,546429,546.429
479,505.490723451468,514647,514.647
480,505.575248347494,512821,512.821
481,505.659773114085,506582,506.582
482,505.744297751485,641295,641.295
483,505.828822259939,692925,692.925
484,505.913346639693,613202,613.202
485,505.997870890991,554411,554.411
486,506.082395014079,520171,520.171
487,506.166919009201,501343,501.343
488,506.251442876604,488532,488.532
489,506.335966616531,498235,498.235
490,506.420490229229,498257,498.257
491,506.505013714942,488142,488.142
492,506.589537073916,484260,484.26
493,506.674060306396,497036,497.036
494,506.758583412626,502333,502.333
495,506.843106392852,492381,492.381
496,506.927629247319,484226,484.226
497,507.012151976272,478853,478.853
498,507.096674579957,494079,494.079
499,507.181197058618,504091,504.091
500,507.2657194125,495507,495.507
501,507.350241641849,639817,639.817
502,507.43476374691,697748,697.748
503,507.519285727928,617574,617.574
504,507.603807585148,554549,554.549
505,507.688329318816,520975,520.975
506,507.772850929175,519723,519.723
507,507.857372416473,530569,530.569
508,507.941893780953,518582,518.582
509,508.02641502286,499966,499.966
510,508.110936142441,488108,488.108
511,508.195457139939,497497,497.497
512,508.279978015601,497249,497.249
513,508.364498769671,489138,489.138
514,508.449019402395,483128,483.128
515,508.533539914017,478242,478.242
516,508.618060304783,491563,491.563
517,508.702580574937,498270,498.27
518,508.787100724726,490539,490.539
519,508.871620754394,492341,492.341
520,508.956140664186,569741,569.741
521,509.040660454347,610191,610.191
522,509.125180125123,650270,650.27
523,509.209699676758,632768,632.768
524,509.294219109499,668676,668.676
525,509.378738423589,656976,656.976
526,509.463257619274,598897,598.897
527,509.5477766968,557178,557.178
528,509.632295656411,519828,519.828
529,509.716814498352,497919,497.919
530,509.801333222869,485907,485.907
531,509.885851830207,478967,478.967
532,509.97037032061,477796,477.796
533,510.054888694324,475633,475.633
534,510.139406951595,495072,495.072
535,510.223925092667,499612,499.612
536,510.308443117785,487234,487.234
537,510.392961027195,482854,482.854
538,510.477478821141,498668,498.668
539,510.56199649987,519191,519.191
540,510.646514063625,532213,532.213
541,510.731031512652,540659,540.659
542,510.815548847197,525779,525.779
543,510.900066067503,507101,507.101
544,510.984583173818,493038,493.038
545,511.069100166384,500225,500.225
546,511.153617045449,499602,499.602
547,511.238133811256,506093,506.093
548,511.322650464052,504657,504.657
549,511.407167004081,490600,490.6
550,511.491683431587,520518,520.518
551,511.576199746818,525716,525.716
552,511.660715950017,521301,521.301
553,511.745232041429,514359,514.359
554,511.829748021301,497151,497.151
555,511.914263889876,487974,487.974
556,511.9987796474,487933,487.933
557,512.083295294119,485307,485.307
558,512.167810830277,483337,483.337
559,512.252326256119,494898,494.898
560,512.336841571891,509657,509.657
561,512.421356777838,583930,583.93
562,512.505871874205,593246,593.246
563,512.590386861236,562549,562.549
564,512.674901739178,536831,536.831
565,512.759416508275,509662,509.662
566,512.843931168773,493759,493.759
567,512.928445720916,502324,502.324
568,513.01296016495,519520,519.52
569,513.097474501119,510978,510.978
570,513.18198872967,494451,494.451
571,513.266502850847,485468,485.468
572,513.351016864895,498917,498.917
573,513.435530772059,501667,501.667
574,513.520044572585,488477,488.477
575,513.604558266717,480433,480.433
576,513.689071854701,513733,513.733
577,513.773585336782,534896,534.896
578,513.858098713206,538603,538.603
579,513.942611984216,543685,543.685
580,514.027125150058,559528,559.528
581,514.111638210978,566443,566.443
582,514.196151167221,541246,541.246
583,514.280664019031,510878,510.878
584,514.365176766654,495204,495.204
585,514.449689410336,501294,501.294
586,514.53420195032,517045,517.045
587,514.618714386852,510575,510.575
588,514.703226720178,494037,494.037
589,514.787738950542,485133,485.133
590,514.87225107819,478233,478.233
591,514.956763103367,473124,473.124
592,515.041275026318,471486,471.486
593,515.125786847287,512586,512.586
594,515.210298566521,522131,522.131
595,515.294810184265,499387,499.387
596,515.379321700762,488410,488.41
597,515.463833116259,484311,484.311
598,515.548344431001,479936,479.936
599,515.632855645233,494997,494.997
600,515.7173667592,498156,498.156
601,515.801877773147,494957,494.957
602,515.886388687319,507412,507.412
603,515.970899501962,503696,503.696
604,516.05541021732,488674,488.674
605,516.139920833639,480300,480.3
606,516.224431351163,476363,476.363
607,516.308941770138,475767,475.767
608,516.39345209081,473498,473.498
609,516.477962313423,470525,470.525
610,516.562472438222,486072,486.072
611,516.646982465452,509339,509.339
612,516.731492395359,535795,535.795
613,516.816002228188,531829,531.829
614,516.900511964184,507616,507.616
615,516.985021603591,526908,526.908
616,517.069531146656,562232,562.232
617,517.154040593623,602228,602.228
618,517.238549944738,584593,584.593
619,517.323059200245,554025,554.025
620,517.40756836039,531519,531.519
621,517.492077425417,506033,506.033
622,517.576586395573,490202,490.202
623,517.661095271101,630812,630.812
624,517.745604052248,667528,667.528
625,517.830112739258,584826,584.826
626,517.914621332376,575328,575.328
627,517.999129831848,560002,560.002
628,518.083638237919,525158,525.158
629,518.168146550834,503417,503.417
630,518.252654770838,489695,489.695
631,518.337162898176,483101,483.101
632,518.421670933093,478216,478.216
633,518.506178875835,475505,475.505
634,518.590686726646,473858,473.858
635,518.675194485772,476352,476.352
636,518.759702153457,493649,493.649
637,518.844209729948,497125,497.125
638,518.928717215489,485767,485.767
639,519.013224610325,496729,496.729
640,519.097731914701,502396,502.396
641,519.182239128863,492251,492.251
642,519.266746253055,485554,485.554
643,519.351253287523,480732,480.732
644,519.435760232512,476526,476.526
645,519.520267088267,475974,475.974
646,519.604773855033,474475,474.475
647,519.689280533056,471793,471.793
648,519.77378712258,471367,471.367
649,519.85829362385,470391,470.391
650,519.942800037113,489565,489.565
651,520.027306362612,494690,494.69
652,520.111812600593,482856,482.856
653,520.196318751301,475640,475.64
654,520.280824814981,472074,472.074
655,520.365330791879,469248,469.248
656,520.449836682239,470893,470.893
657,520.534342486307,473792,473.792
658,520.618848204327,473314,473.314
659,520.703353836546,488909,488.909
660,520.787859383207,492381,492.381
661,520.872364844557,518051,518.051
662,520.95687022084,622508,622.508
663,521.041375512301,628503,628.503
664,521.125880719186,561391,561.391
665,521.21038584174,522138,522.138
666,521.294890880208,568018,568.018
667,521.379395834834,573152,573.152
668,521.463900705865,545016,545.016
669,521.548405493545,525203,525.203
670,521.632910198119,501832,501.832
671,521.717414819833,488208,488.208
672,521.801919358931,479627,479.627
673,521.88642381566,475005,475.005
674,521.970928190263,491613,491.613
675,522.055432482986,1502081,1502.081
676,522.139936694074,1769820,1769.82
677,522.224440823773,1242340,1242.34
678,522.308944872327,926445,926.445
679,522.393448839982,735052,735.052
680,522.477952726982,642320,642.32
681,522.562456533574,672673,672.673
682,522.646960260001,649902,649.902
683,522.731463906509,596989,596.989
684,522.815967473344,576774,576.774
685,522.90047096075,543441,543.441
686,522.984974368973,511284,511.284
687,523.069477698257,492171,492.171
688,523.153980948848,482391,482.391
689,523.238484120991,477976,477.976
690,523.322987214931,475835,475.835
691,523.407490230914,492394,492.394
692,523.491993169183,516703,516.703
693,523.576496029985,696461,696.461
694,523.660998813565,729258,729.258
695,523.745501520167,773185,773.185
696,523.830004150038,751317,751.317
697,523.914506703421,633854,633.854
698,523.999009180562,564591,564.591
699,524.083511581707,523148,523.148
700,524.1680139071,499774,499.774
701,524.252516156987,486737,486.737
702,524.337018331612,478503,478.503
703,524.421520431221,490884,490.884
704,524.506022456059,494722,494.722
705,524.590524406371,483403,483.403
706,524.675026282403,585405,585.405
707,524.759528084398,616098,616.098
708,524.844029812603,556904,556.904
709,524.928531467263,520656,520.656
710,525.013033048623,589974,589.974
711,525.097534556927,606623,606.623
712,525.182035992421,551938,551.938
713,525.266537355351,517165,517.165
714,525.351038645961,498111,498.111
715,525.435539864496,506870,506.87
716,525.520041011202,505270,505.27
717,525.604542086324,493351,493.351
718,525.689043090106,529219,529.219
719,525.773544022794,533811,533.811
720,525.858044884634,528739,528.739
721,525.942545675869,521689,521.689
722,526.027046396746,500774,500.774
723,526.11154704751,488779,488.779
724,526.196047628405,483010,483.01
725,526.280548139677,500117,500.117
726,526.36504858157,503053,503.053
727,526.449548954331,489650,489.65
728,526.534049258204,484732,484.732
729,526.618549493434,499126,499.126
730,526.703049660267,500446,500.446
731,526.787549758947,489737,489.737
732,526.87204978972,498762,498.762
733,526.956549752831,501045,501.045
734,527.041049648525,491462,491.462
735,527.125549477046,483863,483.863
736,527.210049238641,574119,574.119
737,527.294548933555,609160,609.16
738,527.379048562032,559747,559.747
739,527.463548124317,522751,522.751
740,527.548047620657,508527,508.527
741,527.632547051295,498867,498.867
742,527.717046416477,491579,491.579
743,527.801545716449,511736,511.736
744,527.886044951455,515704,515.704
745,527.97054412174,556778,556.778
746,528.05504322755,560142,560.142
747,528.139542269129,524073,524.073
748,528.224041246724,513945,513.945
749,528.308540160578,520574,520.574
750,528.393039010938,514140,514.14
751,528.477537798047,496524,496.524
752,528.562036522152,501973,501.973
753,528.646535183498,519046,519.046
754,528.731033782329,528495,528.495
755,528.815532318891,515927,515.927
756,528.900030793429,498419,498.419
757,528.984529206188,487596,487.596
758,529.069027557414,481213,481.213
759,529.15352584735,477480,477.48
760,529.238024076243,474966,474.966
761,529.322522244338,472118,472.118
762,529.407020351879,472613,472.613
763,529.491518399112,474580,474.58
764,529.576016386283,475512,475.512
765,529.660514313635,474914,474.914
766,529.745012181415,473018,473.018
767,529.829509989866,471026,471.026
768,529.914007739236,473134,473.134
769,529.998505429768,491983,491.983
770,530.083003061708,496992,496.992
771,530.167500635301,486694,486.694
772,530.251998150792,479759,479.759
773,530.336495608426,479157,479.157
774,530.420993008449,495260,495.26
775,530.505490351105,514410,514.41
776,530.589987636639,525345,525.345
777,530.674484865298,531369,531.369
778,530.758982037325,518161,518.161
779,530.843479152966,498939,498.939
780,530.927976212466,486872,486.872
781,531.012473216071,482963,482.963
782,531.096970164025,745509,745.509
783,531.181467056574,832444,832.444
784,531.265963893962,691925,691.925
785,531.350460676435,597441,597.441
786,531.434957404238,544982,544.982
787,531.519454077616,515223,515.223
788,531.603950696814,509313,509.313
789,531.688447262078,505874,505.874
790,531.772943773652,496027,496.027
791,531.857440231782,487043,487.043
792,531.941936636713,480221,480.221
793,532.026432988689,492921,492.921
794,532.110929287956,497431,497.431
795,532.19542553476,504997,504.997
796,532.279921729345,503722,503.722
797,532.364417871956,489910,489.91
798,532.448913962839,481686,481.686
799,532.533410002239,478972,478.972
800,532.6179059904,477793,477.793
801,532.702401927568,474808,474.808
802,532.786897813989,472917,472.917
803,532.871393649906,508985,508.985
804,532.955889435567,536503,536.503
805,533.040385171214,522971,522.971
806,533.124880857094,654819,654.819
807,533.209376493452,683606,683.606
808,533.293872080533,595998,595.998
809,533.378367618582,543956,543.956
810,533.462863107844,634927,634.927
811,533.547358548564,650218,650.218
812,533.631853940988,591981,591.981
813,533.71634928536,554727,554.727
814,533.800844581926,578546,578.546
815,533.885339830931,572352,572.352
816,533.96983503262,531757,531.757
817,534.054330187238,507052,507.052
818,534.13882529503,508462,508.462
819,534.223320356242,504450,504.45
820,534.307815371118,489704,489.704
821,534.392310339903,480862,480.862
822,534.476805262844,476083,476.083
823,534.561300140184,473495,473.495
824,534.64579497217,507320,507.32
825,534.730289759045,515394,515.394
826,534.814784501056,513380,513.38
827,534.899279198448,510018,510.018
828,534.983773851465,494541,494.541
829,535.068268460352,501306,501.306
830,535.152763025356,551948,551.948
831,535.23725754672,651896,651.896
832,535.321752024691,651330,651.33
833,535.406246459513,580809,580.809
834,535.490740851431,532933,532.933
835,535.575235200691,505005,505.005
836,535.659729507538,490296,490.296
837,535.744223772216,2069801,2069.801
838,535.828717994971,2511399,2511.399
839,535.913212176048,1660804,1660.804
840,535.997706315693,1151722,1151.722
841,536.08220041415,911703,911.703
842,536.166694471664,760057,760.057
843,536.251188488481,639362,639.362
844,536.335682464845,568348,568.348
845,536.420176401003,528370,528.37
846,536.504670297198,504777,504.777
847,536.589164153677,489646,489.646
848,536.673657970684,481224,481.224
849,536.758151748464,482069,482.069
850,536.842645487263,481140,481.14
851,536.927139187325,476585,476.585
852,537.011632848896,492332,492.332
853,537.096126472221,498874,498.874
854,537.180620057546,511662,511.662
855,537.265113605114,526812,526.812
856,537.349607115172,514362,514.362
857,537.434100587964,501541,501.541
858,537.518594023736,491853,491.853
859,537.603087422733,483874,483.874
860,537.687580785199,482286,482.286
861,537.772074111381,497789,497.789
862,537.856567401522,559420,559.42
863,537.941060655869,632209,632.209
864,538.025553874667,628193,628.193
865,538.11004705816,605227,605.227
866,538.194540206593,613811,613.811
867,538.279033320213,633308,633.308
868,538.363526399263,654121,654.121
869,538.44801944399,672688,672.688
870,538.532512454637,684272,684.272
871,538.617005431451,700286,700.286
872,538.701498374677,693626,693.626
873,538.785991284559,674035,674.035
874,538.870484161343,659693,659.693
875,538.954977005273,663582,663.582
876,539.039469816596,653620,653.62
877,539.123962595556,630716,630.716
878,539.208455342398,646662,646.662
879,539.292948057368,657574,657.574
880,539.37744074071,630496,630.496
881,539.46193339267,619406,619.406
882,539.546426013493,621626,621.626
883,539.630918603424,636183,636.183
884,539.715411162708,622687,622.687
885,539.79990369159,604439,604.439
886,539.884396190315,584630,584.63
887,539.968888659129,694036,694.036
888,540.053381098277,741858,741.858
889,540.137873508003,661025,661.025
890,540.222365888553,589673,589.673
891,540.306858240173,546921,546.921
892,540.391350563106,519458,519.458
893,540.475842857599,537751,537.751
894,540.560335123896,536883,536.883
895,540.644827362243,528963,528.963
896,540.729319572884,537008,537.008
897,540.813811756066,523616,523.616
898,540.898303912032,502227,502.227
899,540.982796041028,488451,488.451
900,541.0672881433,480404,480.404
901,541.151780219092,479479,479.479
902,541.23627226865,478241,478.241
903,541.320764292218,477446,477.446
904,541.405256290042,480942,480.942
905,541.489748262367,497171,497.171
906,541.574240209438,526664,526.664
907,541.6587321315,527871,527.871
908,541.743224028798,531209,531.209
909,541.827715901578,527542,527.542
910,541.912207750085,511160,511.16
911,541.996699574563,504329,504.329
912,542.081191375258,500834,500.834
913,542.165683152415,515255,515.255
914,542.250174906279,515353,515.353
915,542.334666637096,500523,500.523
916,542.41915834511,491863,491.863
917,542.503650030566,599177,599.177
918,542.58814169371,644502,644.502
919,542.672633334787,624721,624.721
920,542.757124954042,589662,589.662
921,542.841616551719,543582,543.582
922,542.926108128065,533735,533.735
923,543.010599683325,522866,522.866
924,543.095091217743,506571,506.571
925,543.179582731564,638362,638.362
926,543.264074225034,669114,669.114
927,543.348565698398,587904,587.904
928,543.433057151901,539952,539.952
929,543.517548585789,511067,511.067
930,543.602040000305,528952,528.952
931,543.686531395696,548447,548.447
932,543.771022772206,530272,530.272
933,543.855514130081,525527,525.527
934,543.940005469566,534299,534.299
935,544.024496790906,519811,519.811
936,544.108988094346,535112,535.112
937,544.193479380131,548288,548.288
938,544.277970648506,526113,526.113
939,544.362461899717,502469,502.469
940,544.446953134009,508638,508.638
941,544.531444351626,508832,508.832
942,544.615935552814,513048,513.048
943,544.700426737818,518011,518.011
944,544.784917906884,510083,510.083
945,544.869409060255,521794,521.794
946,544.953900198178,525086,525.086
947,545.038391320898,512344,512.344
948,545.122882428659,503812,503.812
949,545.207373521708,497573,497.573
950,545.291864600288,492282,492.282
951,545.376355664645,487570,487.57
952,545.460846715024,651156,651.156
953,545.545337751671,698335,698.335
954,545.62982877483,610530,610.53
955,545.714319784747,573042,573.042
956,545.798810781666,565312,565.312
957,545.883301765834,543715,543.715
958,545.967792737495,533446,533.446
959,546.052283696893,524303,524.303
960,546.136774644275,524251,524.251
961,546.221265579886,517265,517.265
962,546.30575650397,502001,502.001
963,546.390247416772,492548,492.548
964,546.474738318539,485388,485.388
965,546.559229209514,483926,483.926
966,546.643720089944,481318,481.318
967,546.728210960073,476988,476.988
968,546.812701820146,488461,488.461
969,546.897192670409,516052,516.052
970,546.981683511106,515950,515.95
971,547.066174342483,499238,499.238
972,547.150665164785,497175,497.175
973,547.235155978257,509941,509.941
974,547.319646783145,505845,505.845
975,547.404137579692,495635,495.635
976,547.488628368145,489017,489.017
977,547.573119148749,481720,481.72
978,547.657609921748,479035,479.035
979,547.742100687388,495579,495.579
980,547.826591445914,498387,498.387
981,547.911082197572,490415,490.415
982,547.995572942605,487415,487.415
983,548.08006368126,482141,482.141
984,548.164554413782,479538,479.538
985,548.249045140415,478063,478.063
986,548.333535861404,477009,477.009
987,548.418026576996,564010,564.01
988,548.502517287435,586615,586.615
989,548.587007992966,541183,541.183
990,548.671498693834,514104,514.104
991,548.755989390285,529783,529.783
992,548.840480082563,547519,547.519
993,548.924970770915,529471,529.471
994,549.009461455584,508791,508.791
995,549.093952136815,512958,512.958
996,549.178442814856,507223,507.223
997,549.262933489949,491765,491.765
998,549.347424162341,523815,523.815
999,549.431914832276,530051,530.051
1000,549.5164055,505719,505.719
1001,549.600896165758,501885,501.885
1002,549.685386829794,497797,497.797
1003,549.769877492355,487915,487.915
1004,549.854368153685,483882,483.882
1005,549.938858814029,574749,574.749
1006,550.023349473633,616802,616.802
1007,550.107840132742,589921,589.921
1008,550.1923307916,554540,554.54
1009,550.276821450453,519654,519.654
1010,550.361312109546,500571,500.571
1011,550.445802769124,510156,510.156
1012,550.530293429432,509955,509.955
1013,550.614784090716,495175,495.175
1014,550.69927475322,486235,486.235
1015,550.78376541719,480828,480.828
1016,550.868256082871,476847,476.847
1017,550.952746750508,477657,477.657
1018,551.037237420346,494354,494.354
1019,551.12172809263,499258,499.258
1020,551.206218767606,490100,490.1
1021,551.290709445518,483909,483.909
1022,551.375200126611,479016,479.016
1023,551.459690811131,497546,497.546
1024,551.544181499323,502996,502.996
1025,551.628672191433,493241,493.241
1026,551.713162887704,485629,485.629
1027,551.797653588383,479978,479.978
1028,551.882144293714,477313,477.313
1029,551.966635003943,476212,476.212
1030,552.051125719314,495544,495.544
1031,552.135616440073,531769,531.769
1032,552.220107166465,527692,527.692
1033,552.304597898735,517541,517.541
1034,552.389088637129,509090,509.09
1035,552.473579381891,603882,603.882
1036,552.558070133266,625923,625.923
1037,552.6425608915,564211,564.211
1038,552.727051656838,527931,527.931
1039,552.811542429524,636378,636.378
1040,552.896033209805,658407,658.407
1041,552.980523997925,600059,600.059
1042,553.065014794129,559495,559.495
1043,553.149505598662,524385,524.385
1044,553.23399641177,504733,504.733
1045,553.318487233698,510771,510.771
1046,553.402978064691,578153,578.153
1047,553.487468904993,641415,641.415
1048,553.571959754851,612224,612.224
1049,553.656450614509,553730,553.73
1050,553.740941484213,518735,518.735
1051,553.825432364206,533635,533.635
1052,553.909923254736,533583,533.583
1053,553.994414156046,542277,542.277
1054,554.078905068382,536040,536.04
1055,554.16339599199,509459,509.459
1056,554.247886927113,496420,496.42
1057,554.332377873998,608658,608.658
1058,554.416868832889,636438,636.438
1059,554.501359804032,568852,568.852
1060,554.585850787671,530167,530.167
1061,554.670341784053,507412,507.412
1062,554.754832793421,493012,493.012
1063,554.839323816021,483939,483.939
1064,554.923814852099,478891,478.891
1065,555.008305901899,478157,478.157
1066,555.092796965667,514472,514.472
1067,555.177288043647,522990,522.99
1068,555.261779136085,636967,636.967
1069,555.346270243226,663811,663.811
1070,555.430761365315,604110,604.11
1071,555.515252502597,579284,579.284
1072,555.599743655318,553342,553.342
1073,555.684234823722,525265,525.265
1074,555.768726008055,525736,525.736
1075,555.853217208561,536172,536.172
1076,555.937708425486,521766,521.766
1077,556.022199659075,625741,625.741
1078,556.106690909574,650389,650.389
1079,556.191182177226,596456,596.456
1080,556.275673462278,557626,557.626
1081,556.360164764975,539940,539.94
1082,556.444656085561,550136,550.136
1083,556.529147424282,536321,536.321
1084,556.613638781383,514889,514.889
1085,556.698130157109,503176,503.176
1086,556.782621551706,511524,511.524
1087,556.867112965417,510547,510.547
1088,556.951604398489,525685,525.685
1089,557.036095851167,560589,560.589
1090,557.120587323695,548764,548.764
1091,557.20507881632,515988,515.988
1092,557.289570329285,496832,496.832
1093,557.374061862836,505582,505.582
1094,557.458553417219,510439,510.439
1095,557.543044992678,513953,513.953
1096,557.627536589459,510299,510.299
1097,557.712028207806,517236,517.236
1098,557.796519847966,513822,513.822
1099,557.881011510182,532949,532.949
1100,557.9655031947,552893,552.893
1101,558.049994901765,534223,534.223
1102,558.134486631623,509168,509.168
1103,558.218978384519,494068,494.068
1104,558.303470160697,502866,502.866
1105,558.387961960402,502705,502.705
1106,558.472453783881,502809,502.809
1107,558.556945631378,507579,507.579
1108,558.641437503137,650897,650.897
1109,558.725929399405,733355,733.355
1110,558.810421320427,661480,661.48
1111,558.894913266447,581636,581.636
1112,558.97940523771,538196,538.196
1113,559.063897234463,530112,530.112
1114,559.14838925695,537401,537.401
1115,559.232881305415,524542,524.542
1116,559.317373380105,503961,503.961
1117,559.401865481264,512223,512.223
1118,559.486357609138,511873,511.873
1119,559.570849763971,496117,496.117
1120,559.65534194601,490504,490.504
1121,559.739834155498,507186,507.186
1122,559.824326392681,509086,509.086
1123,559.908818657804,513186,513.186
1124,559.993310951113,508725,508.725
1125,560.077803272852,494052,494.052
1126,560.162295623266,487208,487.208
1127,560.246788002602,481762,481.762
1128,560.331280411103,496380,496.38
1129,560.415772849015,516703,516.703
1130,560.500265316583,531308,531.308
1131,560.584757814052,556629,556.629
1132,560.669250341668,547271,547.271
1133,560.753742899676,517103,517.103
1134,560.83823548832,517225,517.225
1135,560.922728107845,511570,511.57
1136,561.007220758498,495463,495.463
1137,561.091713440523,487060,487.06
1138,561.176206154165,482159,482.159
1139,561.260698899669,482166,482.166
1140,561.345191677281,481248,481.248
1141,561.429684487245,478919,478.919
1142,561.514177329807,478462,478.462
1143,561.598670205212,478842,478.842
1144,561.683163113705,485366,485.366
1145,561.767656055531,486739,486.739
1146,561.852149030935,498872,498.872
1147,561.936642040163,519775,519.775
1148,562.021135083459,513408,513.408
1149,562.105628161069,498157,498.157
1150,562.190121273237,508990,508.99
1151,562.27461442021,508353,508.353
1152,562.359107602232,552675,552.675
1153,562.443600819547,559014,559.014
1154,562.528094072403,539230,539.23
1155,562.612587361042,569707,569.707
1156,562.697080685712,579815,579.815
1157,562.781574046656,564142,564.142
1158,562.866067444119,634521,634.521
1159,562.950560878348,635541,635.541
1160,563.035054349587,568749,568.749
1161,563.119547858082,547903,547.903
1162,563.204041404076,532893,532.893
1163,563.288534987816,516824,516.824
1164,563.373028609547,503440,503.44
1165,563.457522269514,493344,493.344
1166,563.542015967961,487326,487.326
1167,563.626509705135,500229,500.229
1168,563.71100348128,519759,519.759
1169,563.795497296641,513101,513.101
1170,563.879991151464,496463,496.463
1171,563.964485045993,487174,487.174
1172,564.048978980475,482240,482.24
1173,564.133472955153,485587,485.587
1174,564.217966970273,485767,485.767
1175,564.30246102608,501502,501.502
1176,564.386955122819,521182,521.182
1177,564.471449260736,531093,531.093
1178,564.555943440075,519515,519.515
1179,564.640437661083,499996,499.996
1180,564.724931924002,887093,887.093
1181,564.80942622908,1011911,1011.911
1182,564.893920576561,800078,800.078
1183,564.97841496669,680540,680.54
1184,565.062909399713,608929,608.929
1185,565.147403875874,609334,609.334
1186,565.231898395419,591879,591.879
1187,565.316392958592,544467,544.467
1188,565.400887565639,514943,514.943
1189,565.485382216806,498561,498.561
1190,565.569876912336,488872,488.872
1191,565.654371652476,482128,482.128
1192,565.73886643747,492610,492.61
1193,565.823361267564,498283,498.283
1194,565.907856143003,595279,595.279
1195,565.992351064031,620943,620.943
1196,566.076846030894,564582,564.582
1197,566.161341043838,528578,528.578
1198,566.245836103106,506042,506.042
1199,566.330331208945,493915,493.915
1200,566.4148263616,488105,488.105
1201,566.499321561315,500742,500.742
1202,566.583816808336,502238,502.238
1203,566.668312102908,509471,509.471
1204,566.752807445276,506896,506.896
1205,566.837302835685,500201,500.201
1206,566.92179827438,504577,504.577
1207,567.006293761607,502391,502.391
1208,567.090789297611,492828,492.828
1209,567.175284882636,515381,515.381
1210,567.259780516928,521101,521.101
1211,567.344276200732,501896,501.896
1212,567.428771934293,490083,490.083
1213,567.513267717856,500691,500.691
1214,567.597763551667,501733,501.733
1215,567.68225943597,490056,490.056
1216,567.766755371011,590414,590.414
1217,567.851251357034,618120,618.12
1218,567.935747394286,558525,558.525
1219,568.020243483011,557371,557.371
1220,568.104739623454,546985,546.985
1221,568.18923581586,635367,635.367
1222,568.273732060474,650660,650.66
1223,568.358228357543,576756,576.756
1224,568.442724707309,534265,534.265
1225,568.52722111002,509292,509.292
1226,568.61171756592,493624,493.624
1227,568.696214075254,487783,487.783
1228,568.780710638267,483110,483.11
1229,568.865207255205,478072,478.072
1230,568.949703926312,479373,479.373
1231,569.034200651834,497756,497.756
1232,569.118697432015,500505,500.505
1233,569.203194267102,490337,490.337
1234,569.287691157338,501068,501.068
1235,569.37218810297,531154,531.154
1236,569.456685104242,581284,581.284
1237,569.5411821614,578493,578.493
1238,569.625679274688,540963,540.963
1239,569.710176444352,535563,535.563
1240,569.794673670637,524625,524.625
1241,569.879170953788,503847,503.847
1242,569.96366829405,509197,509.197
1243,570.048165691668,543282,543.282
1244,570.132663146887,540090,540.09
1245,570.217160659954,549708,549.708
1246,570.301658231112,545758,545.758
1247,570.386155860606,519417,519.417
1248,570.470653548683,503152,503.152
1249,570.555151295587,492903,492.903
1250,570.639649101562,485484,485.484
1251,570.724146966856,481611,481.611
1252,570.808644891712,498161,498.161
1253,570.893142876375,524014,524.014
1254,570.977640921091,523808,523.808
1255,571.062139026105,520085,520.085
1256,571.146637191662,608338,608.338
1257,571.231135418007,621013,621.013
1258,571.315633705386,558881,558.881
1259,571.400132054043,539778,539.778
1260,571.484630464223,544055,544.055
1261,571.569128936172,529523,529.523
1262,571.653627470135,507267,507.267
1263,571.738126066357,531393,531.393
1264,571.822624725083,552903,552.903
1265,571.907123446559,533215,533.215
1266,571.991622231028,547160,547.16
1267,572.076121078737,575895,575.895
1268,572.160619989931,561440,561.44
1269,572.245118964855,546197,546.197
1270,572.329618003753,530981,530.981
1271,572.414117106872,534166,534.166
1272,572.498616274455,560216,560.216
1273,572.583115506749,547501,547.501
1274,572.667614803999,516234,516.234
1275,572.752114166448,499037,499.037
1276,572.836613594344,493304,493.304
1277,572.921113087931,491696,491.696
1278,573.005612647453,486664,486.664
1279,573.090112273157,482109,482.109
1280,573.174611965286,499604,499.604
1281,573.259111724088,535754,535.754
1282,573.343611549805,572966,572.966
1283,573.428111442685,693320,693.32
1284,573.512611402971,712838,712.838
1285,573.597111430909,852449,852.449
1286,573.681611526744,869648,869.648
1287,573.766111690721,768398,768.398
1288,573.850611923086,679704,679.704
1289,573.935112224083,592337,592.337
1290,574.019612593957,542267,542.267
1291,574.104113032955,517612,517.612
1292,574.18861354132,520045,520.045
1293,574.273114119298,515810,515.81
1294,574.357614767134,517854,517.854
1295,574.442115485074,511256,511.256
1296,574.526616273362,744243,744.243
1297,574.611117132243,806462,806.462
1298,574.695618061963,754999,754.999
1299,574.780119062767,713104,713.104
1300,574.8646201349,627623,627.623
1301,574.949121278607,583531,583.531
1302,575.033622494133,565098,565.098
1303,575.118123781723,555761,555.761
1304,575.202625141623,534311,534.311
1305,575.287126574078,508666,508.666
1306,575.371628079332,497106,497.106
1307,575.456129657631,492624,492.624
1308,575.54063130922,489669,489.669
1309,575.625133034344,506074,506.074
1310,575.709634833249,538565,538.565
1311,575.794136706179,534228,534.228
1312,575.878638653379,512175,512.175
1313,575.963140675095,497763,497.763
1314,576.047642771572,487913,487.913
1315,576.132144943055,484506,484.506
1316,576.216647189789,504799,504.799
1317,576.301149512019,508686,508.686
1318,576.38565190999,494613,494.613
1319,576.470154383948,485274,485.274
1320,576.554656934138,481249,481.249
1321,576.639159560804,501041,501.041
1322,576.723662264192,507928,507.928
1323,576.808165044547,656727,656.727
1324,576.892667902114,708758,708.758
1325,576.977170837139,621103,621.103
1326,577.061673849866,557493,557.493
1327,577.146176940541,522285,522.285
1328,577.230680109408,503558,503.558
1329,577.315183356713,495371,495.371
1330,577.399686682701,505039,505.039
1331,577.484190087617,626072,626.072
1332,577.568693571706,647448,647.448
1333,577.653197135214,575018,575.018
1334,577.737700778385,552920,552.92
1335,577.822204501465,534403,534.403
1336,577.906708304698,509472,509.472
1337,577.991212188331,670908,670.908
1338,578.075716152607,711119,711.119
1339,578.160220197773,632305,632.305
1340,578.244724324073,580652,580.652
1341,578.329228531752,574171,574.171
1342,578.413732821056,579182,579.182
1343,578.49823719223,549180,549.18
1344,578.582741645518,517499,517.499
1345,578.667246181166,516676,516.676
1346,578.75175079942,513003,513.003
1347,578.836255500524,517671,517.671
1348,578.920760284723,554388,554.388
1349,579.005265152262,551469,551.469
1350,579.089770103388,522583,522.583
1351,579.174275138344,504394,504.394
1352,579.258780257375,491448,491.448
1353,579.343285460728,485024,485.024
1354,579.427790748647,482688,482.688
1355,579.512296121378,480452,480.452
1356,579.596801579165,477731,477.731
1357,579.681307122253,481636,481.636
1358,579.765812750888,482229,482.229
1359,579.850318465315,477789,477.789
1360,579.934824265779,476185,476.185
1361,580.019330152525,474744,474.744
1362,580.103836125799,569885,569.885
1363,580.188342185844,598826,598.826
1364,580.272848332908,565459,565.459
1365,580.357354567233,540386,540.386
1366,580.441860889067,513846,513.846
1367,580.526367298654,497839,497.839
1368,580.610873796238,523445,523.445
1369,580.695380382066,527942,527.942
1370,580.779887056382,506922,506.922
1371,580.864393819432,525175,525.175
1372,580.94890067146,527674,527.674
1373,581.033407612712,506246,506.246
1374,581.117914643433,494214,494.214
1375,581.202421763867,489126,489.126
1376,581.286928974261,487324,487.324
1377,581.371436274859,500728,500.728
1378,581.455943665907,502843,502.843
1379,581.540451147649,509484,509.484
1380,581.62495872033,507330,507.33
1381,581.709466384197,493780,493.78
1382,581.793974139493,486386,486.386
1383,581.878481986465,516857,516.857
1384,581.962989925357,524313,524.313
1385,582.047497956414,541050,541.05
1386,582.132006079881,558384,558.384
1387,582.216514296004,537149,537.149
1388,582.301022605028,512490,512.49
1389,582.385531007198,548208,548.208
1390,582.470039502758,555253,555.253
1391,582.554548091955,525443,525.443
1392,582.639056775033,507119,507.119
1393,582.723565552238,492953,492.953
1394,582.808074423814,486772,486.772
1395,582.892583390007,483976,483.976
1396,582.977092451061,517880,517.88
1397,583.061601607223,527143,527.143
1398,583.146110858736,515335,515.335
1399,583.230620205847,515203,515.203
1400,583.3151296488,506334,506.334
1401,583.399639187841,511131,511.131
1402,583.484148823214,507295,507.295
1403,583.568658555165,494191,494.191
1404,583.653168383939,486768,486.768
1405,583.73767830978,515488,515.488
1406,583.822188332935,524499,524.499
1407,583.906698453649,520699,520.699
1408,583.991208672165,513043,513.043
1409,584.075718988731,497823,497.823
1410,584.16022940359,504500,504.5
1411,584.244739916987,502961,502.961
1412,584.329250529169,490238,490.238
1413,584.41376124038,482484,482.484
1414,584.498272050865,480682,480.682
1415,584.58278296087,481257,481.257
1416,584.667293970638,527333,527.333
1417,584.751805080417,572994,572.994
1418,584.83631629045,558312,558.312
1419,584.920827600983,525583,525.583
1420,585.005339012262,506224,506.224
1421,585.08985052453,510230,510.23
1422,585.174362138034,523416,523.416
1423,585.258873853018,531111,531.111
1424,585.343385669727,519687,519.687
1425,585.427897588408,501119,501.119
1426,585.512409609304,488936,488.936
1427,585.596921732661,482959,482.959
1428,585.681433958724,492344,492.344
1429,585.765946287739,494256,494.256
1430,585.85045871995,505295,505.295
1431,585.934971255602,525612,525.612
1432,586.019483894941,555817,555.817
1433,586.103996638212,565119,565.119
1434,586.18850948566,538727,538.727
1435,586.27302243753,515660,515.66
1436,586.357535494067,500395,500.395
1437,586.442048655516,612572,612.572
1438,586.526561922122,745662,745.662
1439,586.611075294132,706281,706.281
1440,586.695588771789,611388,611.388
1441,586.780102355339,557524,557.524
1442,586.864616045027,542697,542.697
1443,586.949129841097,525358,525.358
1444,587.033643743797,502268,502.268
1445,587.118157753369,490756,490.756
1446,587.20267187006,484478,484.478
1447,587.287186094115,481113,481.113
1448,587.371700425779,479455,479.455
1449,587.456214865296,476871,476.871
1450,587.540729412912,475962,475.962
1451,587.625244068873,475679,475.679
1452,587.709758833423,492230,492.23
1453,587.794273706808,497191,497.191
1454,587.878788689272,489795,489.795
1455,587.963303781061,484213,484.213
1456,588.047818982419,481587,481.587
1457,588.132334293593,495286,495.286
1458,588.216849714827,518447,518.447
1459,588.301365246366,515163,515.163
1460,588.385880888455,499282,499.282
1461,588.47039664134,488778,488.778
1462,588.554912505266,483089,483.089
1463,588.639428480477,498811,498.811
1464,588.72394456722,528974,528.974
1465,588.808460765738,563246,563.246
1466,588.892977076278,552476,552.476
1467,588.977493499084,519778,519.778
1468,589.062010034401,499985,499.985
1469,589.146526682475,489933,489.933
1470,589.231043443551,484618,484.618
1471,589.315560317874,480768,480.768
1472,589.400077305689,478658,478.658
1473,589.48459440724,477314,477.314
1474,589.569111622774,493094,493.094
1475,589.653628952536,523935,523.935
1476,589.73814639677,523329,523.329
1477,589.822663955722,504165,504.165
1478,589.907181629636,971194,971.194
1479,589.991699418759,1133962,1133.962
1480,590.076217323334,921828,921.828
1481,590.160735343608,759320,759.32
1482,590.245253479825,638645,638.645
1483,590.329771732231,566972,566.972
1484,590.41429010107,696093,696.093
1485,590.498808586588,721342,721.342
1486,590.58332718903,619719,619.719
1487,590.667845908641,575131,575.131
1488,590.752364745666,544579,544.579
1489,590.83688370035,515826,515.826
1490,590.921402772939,515420,515.42
1491,591.005921963678,546384,546.384
1492,591.090441272811,541298,541.298
1493,591.174960700584,530556,530.556
1494,591.259480247241,534766,534.766
1495,591.343999913029,538086,538.086
1496,591.428519698192,524167,524.167
1497,591.513039602976,503124,503.124
1498,591.597559627625,492925,492.925
1499,591.682079772385,487160,487.16
1500,591.7666000375,481061,481.061
1501,591.851120423216,479852,479.852
1502,591.935640929779,479627,479.627
1503,592.020161557432,487776,487.776
1504,592.104682306422,487959,487.959
1505,592.189203176993,480593,480.593
1506,592.273724169391,476793,476.793
1507,592.35824528386,475602,475.602
1508,592.442766520647,476391,476.391
1509,592.527287879995,495566,495.566
1510,592.611809362151,500977,500.977
1511,592.696330967358,631408,631.408
1512,592.780852695863,663398,663.398
1513,592.865374547911,584962,584.962
1514,592.949896523746,538795,538.795
1515,593.034418623614,513524,513.524
1516,593.11894084776,685822,685.822
1517,593.203463196429,726519,726.519
1518,593.287985669866,622147,622.147
1519,593.372508268317,560526,560.526
1520,593.457030992026,525925,525.925
1521,593.541553841238,505971,505.971
1522,593.626076816199,499208,499.208
1523,593.710599917154,493262,493.262
1524,593.795123144348,485940,485.94
1525,593.879646498027,480819,480.819
1526,593.964169978434,513794,513.794
1527,594.048693585816,524262,524.262
1528,594.133217320417,504120,504.12
1529,594.217741182483,508155,508.155
1530,594.302265172259,506363,506.363
1531,594.38678928999,511372,511.372
1532,594.47131353592,508386,508.386
1533,594.555837910296,511766,511.766
1534,594.640362413363,508250,508.25
1535,594.724887045364,602255,602.255
1536,594.809411806547,623340,623.34
1537,594.893936697155,561283,561.283
1538,594.978461717434,560271,560.271
1539,595.062986867629,548650,548.65
1540,595.147512147985,519834,519.834
1541,595.232037558747,537863,537.863
1542,595.316563100161,570709,570.709
1543,595.401088772471,566907,566.907
1544,595.485614575923,538387,538.387
1545,595.570140510762,512900,512.9
1546,595.654666577233,498482,498.482
1547,595.73919277558,506578,506.578
1548,595.82371910605,513043,513.043
1549,595.908245568888,504617,504.617
1550,595.992772164338,527793,527.793
1551,596.077298892645,569194,569.194
1552,596.161825754055,556516,556.516
1553,596.246352748813,521340,521.34
1554,596.330879877164,503774,503.774
1555,596.415407139353,569782,569.782
1556,596.499934535626,585949,585.949
1557,596.584462066227,548621,548.621
1558,596.668989731401,542564,542.564
1559,596.753517531394,548040,548.04
1560,596.838045466451,549627,549.627
1561,596.922573536817,532157,532.157
1562,597.007101742737,511458,511.458
1563,597.091630084456,659157,659.157
1564,597.17615856222,775606,775.606
1565,597.260687176273,715814,715.814
1566,597.345215926861,639028,639.028
1567,597.429744814228,618028,618.028
1568,597.51427383862,582405,582.405
1569,597.598803000283,538004,538.004
1570,597.68333229946,547802,547.802
1571,597.767861736398,540120,540.12
1572,597.852391311341,545239,545.239
1573,597.936921024535,540368,540.368
1574,598.021450876224,531160,531.16
1575,598.105980866655,537848,537.848
1576,598.190510996071,523248,523.248
1577,598.275041264718,519857,519.857
1578,598.359571672842,529611,529.611
1579,598.444102220687,541250,541.25
1580,598.528632908498,528737,528.737
1581,598.613163736522,522770,522.77
1582,598.697694705001,555190,555.19
1583,598.782225814183,563096,563.096
1584,598.866757064312,552856,552.856
1585,598.951288455633,531468,531.468
1586,599.035819988391,524093,524.093
1587,599.120351662832,534036,534.036
1588,599.2048834792,522564,522.564
1589,599.289415437741,501967,501.967
1590,599.3739475387,493898,493.898
1591,599.458479782322,509795,509.795
1592,599.543012168852,527470,527.47
1593,599.627544698535,535241,535.241
1594,599.712077371617,521577,521.577
1595,599.796610188342,503317,503.317
1596,599.881143148956,512674,512.674
1597,599.965676253703,528590,528.59
1598,600.05020950283,520100,520.1
1599,600.13474289658,501593,501.593
1600,600.2192764352,491537,491.537
1601,600.303810118934,503796,503.796
1602,600.388343948028,504178,504.178
1603,600.472877922726,491996,491.996
1604,600.557412043273,503801,503.801
1605,600.641946309916,504089,504.089
1606,600.726480722899,493385,493.385
1607,600.811015282466,487685,487.685
1608,600.895549988864,482336,482.336
1609,600.980084842338,478725,478.725
1610,601.064619843132,490981,490.981
1611,601.149154991491,495767,495.767
1612,601.233690287662,508836,508.836
1613,601.318225731888,509846,509.846
1614,601.402761324415,496460,496.46
1615,601.487297065489,505097,505.097
1616,601.571832955354,506991,506.991
1617,601.656368994255,514590,514.59
1618,601.740905182438,510651,510.651
1619,601.825441520148,495302,495.302
1620,601.90997800763,508785,508.785
1621,601.994514645128,527657,527.657
1622,602.079051432889,532438,532.438
1623,602.163588371157,521222,521.222
1624,602.248125460177,520263,520.263
1625,602.332662700195,515627,515.627
1626,602.417200091456,519342,519.342
1627,602.501737634204,513309,513.309
1628,602.586275328686,497790,497.79
1629,602.670813175145,488627,488.627
1630,602.755351173828,535144,535.144
1631,602.839889324979,546923,546.923
1632,602.924427628843,533620,533.62
1633,603.008966085667,537355,537.355
1634,603.093504695693,523908,523.908
1635,603.178043459169,503550,503.55
1636,603.262582376339,512575,512.575
1637,603.347121447448,525061,525.061
1638,603.431660672741,520132,520.132
1639,603.516200052464,505069,505.069
1640,603.600739586861,491181,491.181
1641,603.685279276178,485148,485.148
1642,603.769819120659,487086,487.086
1643,603.854359120551,485027,485.027
1644,603.938899276098,508079,508.079
1645,604.023439587545,530510,530.51
1646,604.107980055137,520694,520.694
1647,604.19252067912,518649,518.649
1648,604.277061459738,511266,511.266
1649,604.361602397237,495037,495.037
1650,604.446143491862,484288,484.288
1651,604.530684743859,578726,578.726
1652,604.615226153471,664919,664.919
1653,604.699767720944,644302,644.302
1654,604.784309446525,587172,587.172
1655,604.868851330456,557637,557.637
1656,604.953393372984,572076,572.076
1657,605.037935574354,590930,590.93
1658,605.122477934812,564650,564.65
1659,605.207020454601,645331,645.331
1660,605.291563133967,656440,656.44
1661,605.376105973156,586495,586.495
1662,605.460648972412,543418,543.418
1663,605.545192131981,512723,512.723
1664,605.629735452108,494705,494.705
1665,605.714278933038,484849,484.849
1666,605.798822575015,519115,519.115
1667,605.883366378286,529120,529.12
1668,605.967910343095,506323,506.323
1669,606.052454469688,491412,491.412
1670,606.136998758309,485991,485.991
1671,606.221543209204,502762,502.762
1672,606.306087822618,506176,506.176
1673,606.390632598795,493680,493.68
1674,606.475177537982,503843,503.843
1675,606.559722640423,521827,521.827
1676,606.644267906364,529681,529.681
1677,606.728813336049,533936,533.936
1678,606.813358929724,519925,519.925
1679,606.897904687633,500471,500.471
1680,606.982450610022,488944,488.944
1681,607.066996697137,481654,481.654
1682,607.151542949221,495152,495.152
1683,607.236089366521,516142,516.142
1684,607.320635949282,510365,510.365
1685,607.405182697748,494245,494.245
1686,607.489729612165,507873,507.873
1687,607.574276692777,510033,510.033
1688,607.658823939831,495287,495.287
1689,607.74337135357,504011,504.011
1690,607.827918934241,521078,521.078
1691,607.912466682089,512886,512.886
1692,607.997014597358,495681,495.681
1693,608.081562680293,542473,542.473
1694,608.16611093114,552278,552.278
1695,608.250659350145,537616,537.616
1696,608.335207937551,538428,538.428
1697,608.419756693605,533822,533.822
1698,608.504305618551,515961,515.961
1699,608.588854712634,516659,516.659
1700,608.6734039761,512067,512.067
1701,608.757953409194,552103,552.103
1702,608.84250301216,580138,580.138
1703,608.927052785245,551120,551.12
1704,609.011602728693,522914,522.914
1705,609.096152842749,505413,505.413
1706,609.180703127658,492791,492.791
1707,609.265253583666,484766,484.766
1708,609.349804211018,482331,482.331
1709,609.434355009958,497380,497.38
1710,609.518905980733,498089,498.089
1711,609.603457123586,524072,524.072
1712,609.688008438764,702214,702.214
1713,609.772559926511,726834,726.834
1714,609.857111587073,619883,619.883
1715,609.941663420694,556254,556.254
1716,610.02621542762,520291,520.291
1717,610.110767608096,521013,521.013
1718,610.195319962366,516043,516.043
1719,610.279872490677,497429,497.429
1720,610.364425193274,485358,485.358
1721,610.4489780704,480091,480.091
1722,610.533531122303,478605,478.605
1723,610.618084349226,483086,483.086
1724,610.702637751414,501859,501.859
1725,610.787191329114,519234,519.234
1726,610.87174508257,511229,511.229
1727,610.956299012027,530701,530.701
1728,611.04085311773,530405,530.405
1729,611.125407399925,506518,506.518
1730,611.209961858857,492577,492.577
1731,611.29451649477,613044,613.044
1732,611.37907130791,686901,686.901
1733,611.463626298523,627179,627.179
1734,611.548181466852,579323,579.323
1735,611.632736813144,582336,582.336
1736,611.717292337643,564254,564.254
1737,611.801848040595,528181,528.181
1738,611.886403922244,507799,507.799
1739,611.970959982837,512939,512.939
1740,612.055516222617,523160,523.16
1741,612.14007264183,533007,533.007
1742,612.224629240722,540676,540.676
1743,612.309186019537,531898,531.898
1744,612.39374297852,590797,590.797
1745,612.478300117917,603468,603.468
1746,612.562857437973,645356,645.356
1747,612.647414938933,654234,654.234
1748,612.731972621042,589695,589.695
1749,612.816530484545,538505,538.505
1750,612.901088529688,602742,602.742
1751,612.985646756714,611888,611.888
1752,613.070205165871,570333,570.333
1753,613.154763757402,540231,540.231
1754,613.239322531553,512972,512.972
1755,613.323881488569,514895,514.895
1756,613.408440628695,509593,509.593
1757,613.492999952176,494442,494.442
1758,613.577559459258,505385,505.385
1759,613.662119150185,522469,522.469
1760,613.746679025203,512799,512.799
1761,613.831239084557,496524,496.524
1762,613.915799328492,506608,506.608
1763,614.000359757252,506970,506.97
1764,614.084920371084,495477,495.477
1765,614.169481170232,489421,489.421
1766,614.254042154942,489277,489.277
1767,614.338603325458,486322,486.322
1768,614.423164682026,501218,501.218
1769,614.507726224891,522484,522.484
1770,614.592287954298,514428,514.428
1771,614.676849870492,597115,597.115
1772,614.761411973718,615143,615.143
1773,614.845974264222,555327,555.327
1774,614.930536742248,522852,522.852
1775,615.015099408042,523332,523.332
1776,615.099662261849,516644,516.644
1777,615.184225303914,500287,500.287
1778,615.268788534481,509073,509.073
1779,615.353351953797,507739,507.739
1780,615.437915562106,530156,530.156
1781,615.522479359654,535205,535.205
1782,615.607043346685,511831,511.831
1783,615.691607523446,586691,586.691
1784,615.776171890179,602103,602.103
1785,615.860736447132,549042,549.042
1786,615.94530119455,518686,518.686
1787,616.029866132676,517585,517.585
1788,616.114431261757,513334,513.334
1789,616.198996582037,517931,517.931
1790,616.283562093762,530110,530.11
1791,616.368127797177,537525,537.525
1792,616.452693692527,524549,524.549
1793,616.537259780057,503249,503.249
1794,616.621826060012,510646,510.646
1795,616.706392532638,529274,529.274
1796,616.790959198179,520947,520.947
1797,616.87552605688,501463,501.463
1798,616.960093108988,609754,609.754
1799,617.044660354746,638297,638.297
1800,617.1292277944,619132,619.132
1801,617.213795428195,638621,638.621
1802,617.298363256377,604494,604.494
1803,617.38293127919,551425,551.425
1804,617.46749949688,519573,519.573
1805,617.552067909691,499175,499.175
1806,617.63663651787,487362,487.362
1807,617.72120532166,2590812,2590.812
1808,617.805774321307,3207609,3207.609
1809,617.890343517057,2087703,2087.703
1810,617.974912909154,1399683,1399.683
1811,618.059482497843,1002773,1002.773
1812,618.14405228337,778068,778.068
1813,618.22862226598,649767,649.767
1814,618.313192445918,573498,573.498
1815,618.397762823429,610241,610.241
1816,618.482333398757,627534,627.534
1817,618.56690417215,577258,577.258
1818,618.65147514385,553030,553.03
1819,618.736046314105,533111,533.111
1820,618.820617683158,510477,510.477
1821,618.905189251254,499556,499.556
1822,618.98976101864,495256,495.256
1823,619.07433298556,489976,489.976
1824,619.158905152259,510137,510.137
1825,619.243477518983,632589,632.589
1826,619.328050085976,648726,648.726
1827,619.412622853484,594484,594.484
1828,619.497195821751,575090,575.09
1829,619.581768991023,586816,586.816
1830,619.666342361546,567146,567.146
1831,619.750915933564,527360,527.36
1832,619.835489707321,505402,505.402
1833,619.920063683065,530770,530.77
1834,620.004637861039,550335,550.335
1835,620.089212241489,528962,528.962
1836,620.173786824659,505219,505.219
1837,620.258361610796,499787,499.787
1838,620.342936600144,494239,494.239
1839,620.427511792947,488641,488.641
1840,620.512087189453,519715,519.715
1841,620.596662789905,674214,674.214
1842,620.681238594548,748203,748.203
1843,620.765814603629,673239,673.239
1844,620.850390817391,591217,591.217
1845,620.93496723608,558852,558.852
1846,621.019543859942,572445,572.445
1847,621.104120689221,559239,559.239
1848,621.188697724162,536845,536.845
1849,621.273274965011,518564,518.564
1850,621.357852412012,498333,498.333
1851,621.442430065412,493989,493.989
1852,621.527007925454,489211,489.211
1853,621.611585992385,499016,499.016
1854,621.696164266449,505919,505.919
1855,621.780742747892,495616,495.616
1856,621.865321436958,484957,484.957
1857,621.949900333892,482226,482.226
1858,622.03447943894,497651,497.651
1859,622.119058752348,500661,500.661
1860,622.203638274359,489596,489.596
1861,622.28821800522,503701,503.701
1862,622.372797945175,507308,507.308
1863,622.457378094469,498133,498.133
1864,622.541958453348,489868,489.868
1865,622.626539022057,491778,491.778
1866,622.711119800841,492972,492.972
1867,622.795700789945,486931,486.931
1868,622.880281989613,552664,552.664
1869,622.964863400093,567495,567.495
1870,623.049445021627,527157,527.157
1871,623.134026854462,505638,505.638
1872,623.218608898843,491676,491.676
1873,623.303191155015,503952,503.952
1874,623.387773623222,511345,511.345
1875,623.472356303711,519369,519.369
1876,623.556939196726,531742,531.742
1877,623.641522302512,520782,520.782
1878,623.726105621315,500407,500.407
1879,623.810689153379,507067,507.067
1880,623.89527289895,505556,505.556
1881,623.979856858273,511534,511.534
1882,624.064441031593,540712,540.712
1883,624.149025419156,552216,552.216
1884,624.233610021205,566224,566.224
1885,624.318194837987,568007,568.007
1886,624.402779869747,557783,557.783
1887,624.487365116729,566801,566.801
1888,624.571950579179,566277,566.277
1889,624.656536257342,537783,537.783
1890,624.741122151463,509041,509.041
1891,624.825708261788,508001,508.001
1892,624.91029458856,541693,541.693
1893,624.994881132027,538358,538.358
1894,625.079467892432,526229,526.229
1895,625.16405487002,514831,514.831
1896,625.248642065038,498716,498.716
1897,625.33322947773,675732,675.732
1898,625.41781710834,739842,739.842
1899,625.502404957115,1370361,1370.361
1900,625.5869930243,1524644,1524.644
1901,625.671581310139,1099432,1099.432
1902,625.756169814878,2897223,2897.223
1903,625.840758538762,3318530,3318.53
1904,625.925347482035,2126279,2126.279
1905,626.009936644944,1474410,1474.41
1906,626.094526027733,1084530,1084.53
1907,626.179115630648,823102,823.102
1908,626.263705453933,678695,678.695
1909,626.348295497833,611335,611.335
1910,626.432885762595,564652,564.652
1911,626.517476248462,526503,526.503
1912,626.60206695568,580165,580.165
1913,626.686657884495,588117,588.117
1914,626.771249035151,540017,540.017
1915,626.855840407893,548003,548.003
1916,626.940432002967,540969,540.969
1917,627.025023820618,542439,542.439
1918,627.10961586109,620701,620.701
1919,627.19420812463,617892,617.892
1920,627.278800611482,614421,614.421
1921,627.363393321891,608326,608.326
1922,627.447986256102,748252,748.252
1923,627.532579414361,764272,764.272
1924,627.617172796912,645111,645.111
1925,627.701766404002,572774,572.774
1926,627.786360235874,530227,530.227
1927,627.870954292774,525960,525.96
1928,627.955548574948,516504,516.504
1929,628.04014308264,575461,575.461
1930,628.124737816095,587458,587.458
1931,628.209332775559,557030,557.03
1932,628.293927961276,533372,533.372
1933,628.378523373493,506833,506.833
1934,628.463119012454,491264,491.264
1935,628.547714878403,486175,486.175
1936,628.632310971587,504472,504.472
1937,628.716907292251,523675,523.675
1938,628.801503840639,531259,531.259
1939,628.886100616996,518387,518.387
1940,628.970697621569,499206,499.206
1941,629.055294854601,489826,489.826
1942,629.139892316339,502966,502.966
1943,629.224490007026,520372,520.372
1944,629.309087926909,515019,515.019
1945,629.393686076233,516145,516.145
1946,629.478284455242,510309,510.309
1947,629.562883064182,494637,494.637
1948,629.647481903298,486220,486.22
1949,629.732080972835,482361,482.361
1950,629.816680273037,495015,495.015
1951,629.901279804152,496371,496.371
1952,629.985879566422,503312,503.312
1953,630.070479560095,521985,521.985
1954,630.155079785414,530148,530.148
1955,630.239680242624,517012,517.012
1956,630.324280931972,498239,498.239
1957,630.408881853702,530773,530.773
1958,630.493483008059,547570,547.57
1959,630.578084395288,523474,523.474
1960,630.662686015635,501076,501.076
1961,630.747287869345,519997,519.997
1962,630.831889956662,523306,523.306
1963,630.916492277832,502836,502.836
1964,631.001094833101,490133,490.133
1965,631.085697622712,484988,484.988
1966,631.170300646912,501421,501.421
1967,631.254903905945,503789,503.789
1968,631.339507400056,527111,527.111
1969,631.424111129492,542954,542.954
1970,631.508715094496,562971,562.971
1971,631.593319295314,613974,613.974
1972,631.677923732192,612061,612.061
1973,631.762528405373,579664,579.664
1974,631.847133315104,558487,558.487
1975,631.93173846163,530913,530.913
1976,632.016343845195,522019,522.019
1977,632.100949466045,511289,511.289
1978,632.185555324425,493297,493.297
1979,632.270161420579,483293,483.293
1980,632.354767754754,481865,481.865
1981,632.439374327195,494766,494.766
1982,632.523981138146,494844,494.844
1983,632.608588187852,483529,483.529
1984,632.693195476559,487936,487.936
1985,632.777803004512,489225,489.225
1986,632.862410771956,489005,489.005
1987,632.947018779136,490226,490.226
1988,633.031627026297,490629,490.629
1989,633.116235513685,506487,506.487
1990,633.200844241544,542400,542.4
1991,633.28545321012,538698,538.698
1992,633.370062419658,510130,510.13
1993,633.454671870403,494755,494.755
1994,633.539281562599,487820,487.82
1995,633.623891496493,483024,483.024
1996,633.708501672329,480768,480.768
1997,633.793112090353,495941,495.941
1998,633.877722750809,496632,496.632
1999,633.962333653943,486642,486.642
2000,634.0469448,480594,480.594
2001,634.131556189225,477687,477.687
2002,634.216167821863,493286,493.286
2003,634.300779698159,496462,496.462
2004,634.385391818359,486579,486.579
2005,634.470004182707,482547,482.547
2006,634.554616791449,478028,478.028
2007,634.639229644829,491332,491.332
2008,634.723842743094,583770,583.77
2009,634.808456086488,616534,616.534
2010,634.893069675256,567476,567.476
2011,634.977683509643,544586,544.586
2012,635.062297589895,546142,546.142
2013,635.146911916256,545525,545.525
2014,635.231526488972,527088,527.088
2015,635.316141308288,1828950,1828.95
2016,635.400756374449,2183967,2183.967
2017,635.4853716877,1501886,1501.886
2018,635.569987248286,1103323,1103.323
2019,635.654603056453,845633,845.633
2020,635.739219112446,691301,691.301
2021,635.823835416509,606519,606.519
2022,635.908451968888,588724,588.724
2023,635.993068769827,675180,675.18
2024,636.077685819573,667363,667.363
2025,636.16230311837,703909,703.909
2026,636.246920666464,687046,687.046
2027,636.331538464099,1259845,1259.845
2028,636.41615651152,1391766,1391.766
2029,636.500774808974,1004987,1004.987
2030,636.585393356704,775089,775.089
2031,636.670012154956,775759,775.759
2032,636.754631203976,758008,758.008
2033,636.839250504007,651219,651.219
2034,636.923870055296,575833,575.833
2035,637.008489858088,545943,545.943
2036,637.093109912628,527243,527.243
2037,637.17773021916,506208,506.208
2038,637.26235077793,491535,491.535
2039,637.346971589183,534484,534.484
2040,637.431592653165,565162,565.162
2041,637.51621397012,543394,543.394
2042,637.600835540293,527845,527.845
2043,637.68545736393,529590,529.59
2044,637.770079441276,533627,533.627
2045,637.854701772576,519309,519.309
2046,637.939324358074,500101,500.101
2047,638.023947198017,490200,490.2
