0,464.9839,119390,238.78
1,465.068515076491,116288,232.576
2,465.153129906126,116579,233.158
3,465.237744489151,117011,234.022
4,465.322358825812,117451,234.902
5,465.406972916352,117737,235.474
6,465.491586761018,118245,236.49
7,465.576200360054,118007,236.014
8,465.660813713705,117875,235.75
9,465.745426822218,118859,237.718
10,465.830039685836,119453,238.906
11,465.914652304805,119389,238.778
12,465.99926467937,119850,239.7
13,466.083876809776,119654,239.308
14,466.168488696269,119344,238.688
15,466.253100339093,988266,1976.532
16,466.337711738494,1234521,2469.042
17,466.422322894716,775349,1550.698
18,466.506933808006,503130,1006.26
19,466.591544478607,346874,693.748
20,466.676154906766,256780,513.56
21,466.760765092726,204834,409.668
22,466.845375036735,195991,391.982
23,466.929984739036,188906,377.812
24,467.014594199874,172939,345.878
25,467.099203419495,161174,322.348
26,467.183812398145,150899,301.798
27,467.268421136067,145820,291.64
28,467.353029633508,322756,645.512
29,467.437637890711,383374,766.748
30,467.522245907924,312441,624.882
31,467.60685368539,254923,509.846
32,467.691461223355,205451,410.902
33,467.776068522063,179376,358.752
34,467.860675581761,163132,326.264
35,467.945282402693,182126,364.252
36,468.029888985104,222478,444.956
37,468.11449532924,214377,428.754
38,468.199101435345,202070,404.14
39,468.283707303665,187159,374.318
40,468.368312934445,164188,328.376
41,468.45291832793,172208,344.416
42,468.537523484364,191277,382.554
43,468.622128403994,332124,664.248
44,468.706733087065,396057,792.114
45,468.791337533821,317311,634.622
46,468.875941744507,240340,480.68
47,468.96054571937,199161,398.322
48,469.045149458653,177029,354.058
49,469.129752962602,162814,325.628
50,469.214356231462,151943,303.886
51,469.298959265479,146497,292.994
52,469.383562064897,145070,290.14
53,469.468164629962,144020,288.04
54,469.552766960919,143541,287.082
55,469.637369058012,165181,330.362
56,469.721970921487,169364,338.728
57,469.80657255159,160502,321.004
58,469.891173948565,173958,347.916
59,469.975775112657,171620,343.24
60,470.060376044111,155861,311.722
61,470.144976743173,148335,296.67
62,470.229577210088,165071,330.142
63,470.314177445101,169391,338.782
64,470.398777448457,179404,358.808
65,470.483377220402,321501,643.002
66,470.567976761179,364703,729.406
67,470.652576071035,295625,591.25
68,470.737175150215,235860,471.72
69,470.821773998963,194948,389.896
70,470.906372617525,191893,383.786
71,470.990971006146,181965,363.93
72,471.075569165072,369614,739.228
73,471.160167094546,418797,837.594
74,471.244764794815,326367,652.734
75,471.329362266123,262763,525.526
76,471.413959508717,232278,464.556
77,471.498556522839,248330,496.66
78,471.583153308737,251785,503.57
79,471.667749866655,232716,465.432
80,471.752346196838,226610,453.22
81,471.836942299532,226129,452.258
82,471.921538174981,249753,499.506
83,472.00613382343,236031,472.062
84,472.090729245126,195835,391.67
85,472.175324440312,170954,341.908
86,472.259919409234,176507,353.014
87,472.344514152137,172850,345.7
88,472.429108669267,156200,312.4
89,472.513702960868,154372,308.744
90,472.598297027185,165305,330.61
91,472.682890868465,163881,327.762
92,472.767484484951,152519,305.038
93,472.852077876889,143715,287.43
94,472.936671044524,160797,321.594
95,473.021263988101,165964,331.928
96,473.105856707865,157875,315.75
97,473.190449204062,188637,377.274
98,473.275041476937,285337,570.674
99,473.359633526735,327505,655.01
100,473.4442253537,274088,548.176
101,473.528816958078,234878,469.756
102,473.613408340115,226525,453.05
103,473.697999500055,204273,408.546
104,473.782590438143,177686,355.372
105,473.867181154625,163761,327.522
106,473.951771649745,180939,361.878
107,474.03636192375,180604,361.208
108,474.120951976883,164979,329.958
109,474.20554180939,156766,313.532
110,474.290131421517,150451,300.902
111,474.374720813508,169733,339.466
112,474.459309985608,172210,344.42
113,474.543898938063,157367,314.734
114,474.628487671118,150169,300.338
115,474.713076185018,146055,292.11
116,474.797664480008,166773,333.546
117,474.882252556332,355743,711.486
118,474.966840414238,411165,822.33
119,475.051428053968,520500,1041
120,475.13601547577,506722,1013.444
121,475.220602679887,351912,703.824
122,475.305189666564,258253,516.506
123,475.389776436048,205673,411.346
124,475.474362988583,176138,352.276
125,475.558949324414,157506,315.012
126,475.643535443787,148416,296.832
127,475.728121346946,145185,290.37
128,475.812707034136,141242,282.484
129,475.897292505604,285008,570.016
130,475.981877761593,353145,706.29
131,476.066462802349,301913,603.826
132,476.151047628118,263771,527.542
133,476.235632239144,221713,443.426
134,476.320216635672,183735,367.47
135,476.404800817948,184518,369.036
136,476.489384786216,180945,361.89
137,476.573968540723,192613,385.226
138,476.658552081712,315725,631.45
139,476.74313540943,332018,664.036
140,476.827718524121,255801,511.602
141,476.91230142603,206129,412.258
142,476.996884115403,196562,393.124
143,477.081466592484,186586,373.172
144,477.166048857519,165140,330.28
145,477.250630910753,175185,350.37
146,477.335212752432,175760,351.52
147,477.419794382799,161200,322.4
148,477.504375802101,171173,342.346
149,477.588957010582,174593,349.186
150,477.673538008487,161853,323.706
151,477.758118796063,427420,854.84
152,477.842699373553,498275,996.55
153,477.927279741204,347737,695.474
154,478.011859899259,256291,512.582
155,478.096439847965,202133,404.266
156,478.181019587566,176393,352.786
157,478.265599118308,165607,331.214
158,478.350178440435,155068,310.136
159,478.434757554193,149336,298.672
160,478.519336459827,223703,447.406
161,478.603915157582,241244,482.488
162,478.688493647704,195650,391.3
163,478.773071930436,556544,1113.088
164,478.857650006026,649541,1299.082
165,478.942227874716,440266,880.532
166,479.026805536754,387385,774.77
167,479.111382992383,347761,695.522
168,479.19596024185,288647,577.294
169,479.280537285398,238224,476.448
170,479.365114123274,193894,387.788
171,479.449690755722,166360,332.72
172,479.534267182988,150331,300.662
173,479.618843405317,142605,285.21
174,479.703419422953,159671,319.342
175,479.787995236142,189350,378.7
176,479.87257084513,185412,370.824
177,479.95714625016,167063,334.126
178,480.041721451479,154962,309.924
179,480.126296449331,149083,298.166
180,480.210871243962,164263,328.526
181,480.295445835617,168201,336.402
182,480.380020224541,175662,351.324
183,480.464594410979,172963,345.926
184,480.549168395175,178605,357.21
185,480.633742177377,176681,353.362
186,480.718315757827,160347,320.694
187,480.802889136772,150886,301.772
188,480.887462314457,145253,290.506
189,480.972035291127,140570,281.14
190,481.056608067026,163029,326.058
191,481.141180642401,245367,490.734
192,481.225753017496,251103,502.206
193,481.310325192556,201482,402.964
194,481.394897167827,192121,384.242
195,481.479468943554,182008,364.016
196,481.564040519981,164324,328.648
197,481.648611897354,154091,308.182
198,481.733183075918,145727,291.454
199,481.817754055918,161719,323.438
200,481.9023248376,163776,327.552
201,481.986895421208,169379,338.758
202,482.071465806988,382232,764.464
203,482.156035995184,428490,856.98
204,482.240605986042,325944,651.888
205,482.325175779807,258216,516.432
206,482.409745376725,207796,415.592
207,482.494314777039,177430,354.86
208,482.578883980996,160510,321.02
209,482.663452988841,151949,303.898
210,482.748021800818,144778,289.556
211,482.832590417173,142438,284.876
212,482.91715883815,164681,329.362
213,483.001727063996,188734,377.468
214,483.086295094955,181509,363.018
215,483.170862931273,164599,329.198
216,483.255430573193,158612,317.224
217,483.339998020963,174037,348.074
218,483.424565274826,177318,354.636
219,483.509132335028,162586,325.172
220,483.593699201814,152864,305.728
221,483.678265875429,166942,333.884
222,483.762832356118,166883,333.766
223,483.847398644127,151716,303.432
224,483.9319647397,164848,329.696
225,484.016530643083,237973,475.946
226,484.101096354521,246846,493.692
227,484.185661874258,205950,411.9
228,484.270227202541,177449,354.898
229,484.354792339614,160495,320.99
230,484.439357285722,154526,309.052
231,484.523922041111,169803,339.606
232,484.608486606025,190740,381.48
233,484.69305098071,188695,377.39
234,484.777615165411,183670,367.34
235,484.862179160373,193713,387.426
236,484.946742965841,183471,366.942
237,485.03130658206,180571,361.142
238,485.115870009276,197183,394.366
239,485.200433247733,188850,377.7
240,485.284996297677,169151,338.302
241,485.369559159353,316868,633.736
242,485.454121833005,373290,746.58
243,485.53868431888,288556,577.112
244,485.623246617222,232372,464.744
245,485.707808728276,197069,394.138
246,485.792370652288,170204,340.408
247,485.876932389502,173780,347.56
248,485.961493940164,171703,343.406
249,486.046055304519,157681,315.362
250,486.130616482813,153926,307.852
251,486.215177475289,152612,305.224
252,486.299738282193,190448,380.896
253,486.384298903771,200052,400.104
254,486.468859340268,173990,347.98
255,486.553419591928,155891,311.782
256,486.637979658997,149941,299.882
257,486.722539541719,146019,292.038
258,486.807099240341,159389,318.778
259,486.891658755108,160368,320.736
260,486.976218086263,147302,294.604
261,487.060777234053,141958,283.916
262,487.145336198723,139144,278.288
263,487.229894980517,136565,273.13
264,487.314453579682,139238,278.476
265,487.399011996461,140196,280.392
266,487.483570231101,137420,274.84
267,487.568128283845,136309,272.618
268,487.652686154941,134858,269.716
269,487.737243844632,135942,271.884
270,487.821801353163,165075,330.15
271,487.906358680781,171677,343.354
272,487.990915827729,155806,311.612
273,488.075472794253,147780,295.56
274,488.160029580599,173958,347.916
275,488.244586187011,180455,360.91
276,488.329142613735,165438,330.876
277,488.413698861015,196650,393.3
278,488.498254929097,200640,401.28
279,488.582810818225,196592,393.184
280,488.667366528646,194481,388.962
281,488.751922060605,173577,347.154
282,488.836477414345,160436,320.872
283,488.921032590113,155563,311.126
284,489.005587588153,161553,323.106
285,489.090142408711,336860,673.72
286,489.174697052032,396894,793.788
287,489.259251518361,321858,643.716
288,489.343805807943,256256,512.512
289,489.428359921024,203857,407.714
290,489.512913857847,172866,345.732
291,489.597467618659,158139,316.278
292,489.682021203705,225111,450.222
293,489.76657461323,240527,481.054
294,489.851127847479,195086,390.172
295,489.935680906696,180605,361.21
296,490.020233791128,169241,338.482
297,490.104786501019,153681,307.362
298,490.189339036615,167422,334.844
299,490.27389139816,168988,337.976
300,490.3584435859,153734,307.468
301,490.44299560008,144543,289.086
302,490.527547440945,139431,278.862
303,490.612099108739,135960,271.92
304,490.69665060371,134012,268.024
305,490.7812019261,135082,270.164
306,490.865753076156,156145,312.29
307,490.950304054123,163098,326.196
308,491.034854860246,153298,306.596
309,491.119405494769,146430,292.86
310,491.203955957939,142866,285.732
311,491.288506249999,143641,287.282
312,491.373056371197,140823,281.646
313,491.457606321775,161051,322.102
314,491.54215610198,173290,346.58
315,491.626705712057,160974,321.948
316,491.711255152251,148278,296.556
317,491.795804422807,140689,281.378
318,491.88035352397,136988,273.976
319,491.964902455985,137919,275.838
320,492.049451219098,160970,321.94
321,492.133999813553,164866,329.732
322,492.218548239596,152418,304.836
323,492.303096497471,164486,328.972
324,492.387644587425,180395,360.79
325,492.472192509702,191661,383.322
326,492.556740264546,234613,469.226
327,492.641287852205,229316,458.632
328,492.725835272921,188149,376.298
329,492.810382526942,170464,340.928
330,492.894929614511,228583,457.166
331,492.979476535874,238452,476.904
332,493.064023291276,196673,393.346
333,493.148569880962,186116,372.232
334,493.233116305178,174676,349.352
335,493.317662564167,155787,311.574
336,493.402208658177,150699,301.398
337,493.486754587451,146639,293.278
338,493.571300352235,140945,281.89
339,493.655845952774,137187,274.374
340,493.740391389313,156765,313.53
341,493.824936662097,160649,321.298
342,493.909481771372,165198,330.396
343,493.994026717382,162726,325.452
344,494.078571500372,149493,298.986
345,494.163116120589,144761,289.522
346,494.247660578276,142883,285.766
347,494.33220487368,331229,662.458
348,494.416749007044,384184,768.368
349,494.501292978615,283429,566.858
350,494.585836788637,221009,442.018
351,494.670380437356,184945,369.89
352,494.754923925017,168341,336.682
353,494.839467251864,179882,359.764
354,494.924010418144,176201,352.402
355,495.0085534241,159190,318.38
356,495.093096269979,246606,493.212
357,495.177638956025,266431,532.862
358,495.262181482484,231838,463.676
359,495.3467238496,222168,444.336
360,495.431266057619,195482,390.964
361,495.515808106786,192318,384.636
362,495.600349997346,184356,368.712
363,495.684891729544,164593,329.186
364,495.769433303626,162327,324.654
365,495.853974719836,156497,312.994
366,495.938515978419,145324,290.648
367,496.023057079622,140284,280.568
368,496.107598023688,139089,278.178
369,496.192138810863,158188,316.376
370,496.276679441392,160952,321.904
371,496.361219915521,159897,319.794
372,496.445760233493,348814,697.628
373,496.530300395556,395049,790.098
374,496.614840401953,288377,576.754
375,496.69938025293,257837,515.674
376,496.783919948731,230471,460.942
377,496.868459489603,211486,422.972
378,496.95299887579,192738,385.476
379,497.037538107538,213051,426.102
380,497.12207718509,211435,422.87
381,497.206616108694,200104,400.208
382,497.291154878593,188360,376.72
383,497.375693495033,169138,338.276
384,497.460231958259,154788,309.576
385,497.544770268516,147690,295.38
386,497.629308426049,146132,292.264
387,497.713846431104,142095,284.19
388,497.798384283926,157063,314.126
389,497.882921984759,160417,320.834
390,497.967459533848,150675,301.35
391,498.05199693144,166957,333.914
392,498.136534177779,193060,386.12
393,498.22107127311,186998,373.996
394,498.305608217678,165531,331.062
395,498.390145011729,152554,305.108
396,498.474681655507,145141,290.282
397,498.559218149259,141847,283.694
398,498.643754493228,142127,284.254
399,498.72829068766,138976,277.952
400,498.8128267328,134641,269.282
401,498.897362628894,133452,266.904
402,498.981898376185,135396,270.792
403,499.066433974921,138588,277.176
404,499.150969425345,161695,323.39
405,499.235504727703,256741,513.482
406,499.32003988224,267399,534.798
407,499.404574889201,230086,460.172
408,499.489109748831,207416,414.832
409,499.573644461376,179656,359.312
410,499.65817902708,160265,320.53
411,499.742713446188,150030,300.06
412,499.827247718947,144060,288.12
413,499.9117818456,140437,280.874
414,499.996315826393,137064,274.128
415,500.080849661572,134958,269.916
416,500.165383351381,136090,272.18
417,500.249916896065,135446,270.892
418,500.33445029587,137318,274.636
419,500.41898355104,251914,503.828
420,500.503516661822,283736,567.472
421,500.588049628459,221230,442.46
422,500.672582451197,188155,376.31
423,500.757115130282,169111,338.222
424,500.841647665958,156370,312.74
425,500.92618005847,147412,294.824
426,501.010712308064,298703,597.406
427,501.095244414985,358869,717.738
428,501.179776379478,298343,596.686
429,501.264308201788,242430,484.86
430,501.34883988216,220196,440.392
431,501.433371420839,199264,398.528
432,501.517902818071,169446,338.892
433,501.6024340741,177683,355.366
434,501.686965189172,192351,384.702
435,501.771496163532,178815,357.63
436,501.856026997425,158249,316.498
437,501.940557691096,145950,291.9
438,502.02508824479,139204,278.408
439,502.109618658753,160876,321.752
440,502.194148933229,165324,330.648
441,502.278679068464,150283,300.566
442,502.363209064702,144645,289.29
443,502.44773892219,140494,280.988
444,502.532268641171,156807,313.614
445,502.616798221892,162403,324.806
446,502.701327664597,153486,306.972
447,502.785856969531,147054,294.108
448,502.87038613694,162245,324.49
449,502.954915167069,184299,368.598
450,503.039444060163,176273,352.546
451,503.123972816466,158324,316.648
452,503.208501436225,171490,342.98
453,503.293029919684,176686,353.372
454,503.377558267088,183805,367.61
455,503.462086478683,201071,402.142
456,503.546614554714,215503,431.006
457,503.631142495425,199884,399.768
458,503.715670301062,171581,343.162
459,503.800197971871,153511,307.022
460,503.884725508095,144031,288.062
461,503.969252909981,158957,317.914
462,504.053780177773,182663,365.326
463,504.138307311717,178734,357.468
464,504.222834312058,182827,365.654
465,504.307361179041,181761,363.522
466,504.39188791291,186795,373.59
467,504.476414513912,190839,381.678
468,504.560940982291,274181,548.362
469,504.645467318292,284753,569.506
470,504.729993522161,220293,440.586
471,504.814519594143,201712,403.424
472,504.899045534482,200739,401.478
473,504.983571343424,214592,429.184
474,505.068097021215,222147,444.294
475,505.152622568098,218281,436.562
476,505.23714798432,283559,567.118
477,505.321673270126,280616,561.232
478,505.40619842576,220375,440.75
479,505.490723451468,184207,368.414
480,505.575248347494,181812,363.624
481,505.659773114085,173617,347.234
482,505.744297751485,326638,653.276
483,505.828822259939,385641,771.282
484,505.913346639693,293966,587.932
485,505.997870890991,226655,453.31
486,506.082395014079,187949,375.898
487,506.166919009201,166637,333.274
488,506.251442876604,152842,305.684
489,506.335966616531,164404,328.808
490,506.420490229229,164451,328.902
491,506.505013714942,153877,307.754
492,506.589537073916,149722,299.444
493,506.674060306396,163908,327.816
494,506.758583412626,170476,340.952
495,506.843106392852,158722,317.444
496,506.927629247319,149339,298.678
497,507.012151976272,142459,284.918
498,507.096674579957,159562,319.124
499,507.181197058618,171440,342.88
500,507.2657194125,161879,323.758
501,507.350241641849,324641,649.282
502,507.43476374691,388867,777.734
503,507.519285727928,298294,596.588
504,507.603807585148,228633,457.266
505,507.688329318816,191184,382.368
506,507.772850929175,189528,379.056
507,507.857372416473,201819,403.638
508,507.941893780953,188331,376.662
509,508.02641502286,168401,336.802
510,508.110936142441,154997,309.994
511,508.195457139939,164915,329.83
512,508.279978015601,164586,329.172
513,508.364498769671,154728,309.456
514,508.449019402395,147714,295.428
515,508.533539914017,141302,282.604
516,508.618060304783,155949,311.898
517,508.702580574937,158125,316.25
518,508.787100724726,147769,295.538
519,508.871620754394,151789,303.578
520,508.956140664186,241532,483.064
521,509.040660454347,288885,577.77
522,509.125180125123,336554,673.108
523,509.209699676758,317139,634.278
524,509.294219109499,359424,718.848
525,509.378738423589,346023,692.046
526,509.463257619274,279035,558.07
527,509.5477766968,232155,464.31
528,509.632295656411,188668,377.336
529,509.716814498352,163566,327.132
530,509.801333222869,148477,296.954
531,509.885851830207,140918,281.836
532,509.97037032061,139535,279.07
533,510.054888694324,137007,274.014
534,510.139406951595,160563,321.126
535,510.223925092667,166084,332.168
536,510.308443117785,151769,303.538
537,510.392961027195,147516,295.032
538,510.477478821141,164575,329.15
539,510.56199649987,186861,373.722
540,510.646514063625,202157,404.314
541,510.731031512652,212124,424.248
542,510.815548847197,194161,388.322
543,510.900066067503,172543,345.086
544,510.984583173818,158352,316.704
545,511.069100166384,167962,335.924
546,511.153617045449,166667,333.334
547,511.238133811256,173175,346.35
548,511.322650464052,170958,341.916
549,511.407167004081,154276,308.552
550,511.491683431587,188380,376.76
551,511.576199746818,194452,388.904
552,511.660715950017,189464,378.928
553,511.745232041429,181137,362.274
554,511.829748021301,161295,322.59
555,511.914263889876,151464,302.928
556,511.9987796474,152268,304.536
557,512.083295294119,149473,298.946
558,512.167810830277,145940,291.88
559,512.252326256119,159244,318.488
560,512.336841571891,177974,355.948
561,512.421356777838,264753,529.506
562,512.505871874205,275984,551.968
563,512.590386861236,240444,480.888
564,512.674901739178,209696,419.392
565,512.759416508275,178065,356.13
566,512.843931168773,159732,319.464
567,512.928445720916,169271,338.542
568,513.01296016495,188827,377.654
569,513.097474501119,178735,357.47
570,513.18198872967,160641,321.282
571,513.266502850847,150970,301.94
572,513.351016864895,165135,330.27
573,513.435530772059,168152,336.304
574,513.520044572585,153615,307.23
575,513.604558266717,144729,289.458
576,513.689071854701,182266,364.532
577,513.773585336782,204305,408.61
578,513.858098713206,207703,415.406
579,513.942611984216,214552,429.104
580,514.027125150058,233867,467.734
581,514.111638210978,241605,483.21
582,514.196151167221,213255,426.51
583,514.280664019031,179291,358.582
584,514.365176766654,160769,321.538
585,514.449689410336,167566,335.132
586,514.53420195032,185736,371.472
587,514.618714386852,177181,354.362
588,514.703226720178,157554,315.108
589,514.787738950542,146998,293.996
590,514.87225107819,140573,281.146
591,514.956763103367,136378,272.756
592,515.041275026318,134139,268.278
593,515.125786847287,180715,361.43
594,515.210298566521,192586,385.172
595,515.294810184265,166538,333.076
596,515.379321700762,153428,306.856
597,515.463833116259,149215,298.43
598,515.548344431001,144280,288.56
599,515.632855645233,161199,322.398
600,515.7173667592,164071,328.142
601,515.801877773147,161210,322.42
602,515.886388687319,175258,350.516
603,515.970899501962,169239,338.478
604,516.05541021732,152221,304.442
605,516.139920833639,143385,286.77
606,516.224431351163,139146,278.292
607,516.308941770138,138090,276.18
608,516.39345209081,135999,271.998
609,516.477962313423,132795,265.59
610,516.562472438222,150886,301.772
611,516.646982465452,177472,354.944
612,516.731492395359,205139,410.278
613,516.816002228188,200189,400.378
614,516.900511964184,173828,347.656
615,516.985021603591,196442,392.884
616,517.069531146656,237325,474.65
617,517.154040593623,283923,567.846
618,517.238549944738,263394,526.788
619,517.323059200245,227368,454.736
620,517.40756836039,201911,403.822
621,517.492077425417,173673,347.346
622,517.576586395573,156150,312.3
623,517.661095271101,314518,629.036
624,517.745604052248,354932,709.864
625,517.830112739258,260558,521.116
626,517.914621332376,249016,498.032
627,517.999129831848,232847,465.694
628,518.083638237919,194208,388.416
629,518.168146550834,169809,339.618
630,518.252654770838,153722,307.444
631,518.337162898176,145845,291.69
632,518.421670933093,140721,281.442
633,518.506178875835,136880,273.76
634,518.590686726646,134531,269.062
635,518.675194485772,137826,275.652
636,518.759702153457,158103,316.206
637,518.844209729948,162957,325.914
638,518.928717215489,151016,302.032
639,519.013224610325,163531,327.062
640,519.097731914701,169544,339.088
641,519.182239128863,158408,316.816
642,519.266746253055,150858,301.716
643,519.351253287523,145710,291.42
644,519.435760232512,141780,283.56
645,519.520267088267,140646,281.292
646,519.604773855033,138483,276.966
647,519.689280533056,135479,270.958
648,519.77378712258,135178,270.356
649,519.85829362385,133702,267.404
650,519.942800037113,155481,310.962
651,520.027306362612,160660,321.32
652,520.111812600593,147247,294.494
653,520.196318751301,139787,279.574
654,520.280824814981,135318,270.636
655,520.365330791879,132163,264.326
656,520.449836682239,134174,268.348
657,520.534342486307,137897,275.794
658,520.618848204327,137350,274.7
659,520.703353836546,154517,309.034
660,520.787859383207,158412,316.824
661,520.872364844557,187104,374.208
662,520.95687022084,305101,610.202
663,521.041375512301,312506,625.012
664,521.125880719186,235893,471.786
665,521.21038584174,191421,382.842
666,521.294890880208,243822,487.644
667,521.379395834834,250249,500.498
668,521.463900705865,219876,439.752
669,521.548405493545,197847,395.694
670,521.632910198119,170629,341.258
671,521.717414819833,154980,309.96
672,521.801919358931,145413,290.826
673,521.88642381566,139341,278.682
674,521.970928190263,158174,316.348
675,522.055432482986,1395400,2790.8
676,522.139936694074,1726922,3453.844
677,522.224440823773,1078384,2156.768
678,522.308944872327,690334,1380.668
679,522.393448839982,456547,913.094
680,522.477952726982,341528,683.056
681,522.562456533574,370198,740.396
682,522.646960260001,340250,680.5
683,522.731463906509,278785,557.57
684,522.815967473344,255344,510.688
685,522.90047096075,216104,432.208
686,522.984974368973,178605,357.21
687,523.069477698257,157285,314.57
688,523.153980948848,146475,292.95
689,523.238484120991,140478,280.956
690,523.322987214931,137961,275.922
691,523.407490230914,157499,314.998
692,523.491993169183,185155,370.31
693,523.576496029985,387741,775.482
694,523.660998813565,425959,851.918
695,523.745501520167,475508,951.016
696,523.830004150038,451111,902.222
697,523.914506703421,319908,639.816
698,523.999009180562,242404,484.808
699,524.083511581707,195513,391.026
700,524.1680139071,168028,336.056
701,524.252516156987,152419,304.838
702,524.337018331612,142977,285.954
703,524.421520431221,158277,316.554
704,524.506022456059,163206,326.412
705,524.590524406371,151055,302.11
706,524.675026282403,267639,535.278
707,524.759528084398,301337,602.674
708,524.844029812603,232837,465.674
709,524.928531467263,190514,381.028
710,525.013033048623,269275,538.55
711,525.097534556927,288314,576.628
712,525.182035992421,226115,452.23
713,525.266537355351,186652,373.304
714,525.351038645961,165797,331.594
715,525.435539864496,176507,353.014
716,525.520041011202,174351,348.702
717,525.604542086324,160289,320.578
718,525.689043090106,201526,403.052
719,525.773544022794,207621,415.242
720,525.858044884634,202005,404.01
721,525.942545675869,192755,385.51
722,526.027046396746,168083,336.166
723,526.11154704751,153736,307.472
724,526.196047628405,147401,294.802
725,526.280548139677,166892,333.784
726,526.36504858157,170243,340.486
727,526.449548954331,155144,310.288
728,526.534049258204,150196,300.392
729,526.618549493434,167364,334.728
730,526.703049660267,168506,337.012
731,526.787549758947,156738,313.476
732,526.87204978972,166891,333.782
733,526.956549752831,170141,340.282
734,527.041049648525,159413,318.826
735,527.125549477046,150379,300.758
736,527.210049238641,252896,505.792
737,527.294548933555,292902,585.804
738,527.379048562032,237207,474.414
739,527.463548124317,195859,391.718
740,527.548047620657,178786,357.572
741,527.632547051295,166675,333.35
742,527.717046416477,158229,316.458
743,527.801545716449,181275,362.55
744,527.886044951455,186963,373.926
745,527.97054412174,224016,448.032
746,528.05504322755,224256,448.512
747,528.139542269129,188518,377.036
748,528.224041246724,180245,360.49
749,528.308540160578,189265,378.53
750,528.393039010938,182617,365.234
751,528.477537798047,163781,327.562
752,528.562036522152,169103,338.206
753,528.646535183498,187595,375.19
754,528.731033782329,199914,399.828
755,528.815532318891,187517,375.034
756,528.900030793429,168299,336.598
757,528.984529206188,155731,311.462
758,529.069027557414,147686,295.372
759,529.15352584735,142661,285.322
760,529.238024076243,139397,278.794
761,529.322522244338,136764,273.528
762,529.407020351879,137067,274.134
763,529.491518399112,139679,279.358
764,529.576016386283,140315,280.63
765,529.660514313635,138825,277.65
766,529.745012181415,136865,273.73
767,529.829509989866,134924,269.848
768,529.914007739236,134075,268.15
769,529.998505429768,154671,309.342
770,530.083003061708,162095,324.19
771,530.167500635301,152307,304.614
772,530.251998150792,145370,290.74
773,530.336495608426,145183,290.366
774,530.420993008449,163731,327.462
775,530.505490351105,185700,371.4
776,530.589987636639,197600,395.2
777,530.674484865298,204593,409.186
778,530.758982037325,189820,379.64
779,530.843479152966,166687,333.374
780,530.927976212466,152846,305.692
781,531.012473216071,148638,297.276
782,531.096970164025,452788,905.576
783,531.181467056574,553602,1107.204
784,531.265963893962,390802,781.604
785,531.350460676435,281317,562.634
786,531.434957404238,220937,441.874
787,531.519454077616,186825,373.65
788,531.603950696814,179329,358.658
789,531.688447262078,175581,351.162
790,531.772943773652,163462,326.924
791,531.857440231782,152003,304.006
792,531.941936636713,144311,288.622
793,532.026432988689,159722,319.444
794,532.110929287956,164920,329.84
795,532.19542553476,173576,347.152
796,532.279921729345,172117,344.234
797,532.364417871956,156721,313.442
798,532.448913962839,146717,293.434
799,532.533410002239,147562,295.124
800,532.6179059904,147442,294.884
801,532.702401927568,141686,283.372
802,532.786897813989,138745,277.49
803,532.871393649906,179414,358.828
804,532.955889435567,210848,421.696
805,533.040385171214,195246,390.492
806,533.124880857094,342799,685.598
807,533.209376493452,374908,749.816
808,533.293872080533,275778,551.556
809,533.378367618582,216125,432.25
810,533.462863107844,320454,640.908
811,533.547358548564,338455,676.91
812,533.631853940988,271412,542.824
813,533.71634928536,228723,457.446
814,533.800844581926,256481,512.962
815,533.885339830931,250187,500.374
816,533.96983503262,203849,407.698
817,534.054330187238,174760,349.52
818,534.13882529503,174857,349.714
819,534.223320356242,170430,340.86
820,534.307815371118,154302,308.604
821,534.392310339903,144432,288.864
822,534.476805262844,138902,277.804
823,534.561300140184,136178,272.356
824,534.64579497217,175332,350.664
825,534.730289759045,184792,369.584
826,534.814784501056,181801,363.602
827,534.899279198448,177886,355.772
828,534.983773851465,160469,320.938
829,535.068268460352,168382,336.764
830,535.152763025356,226803,453.606
831,535.23725754672,340952,681.904
832,535.321752024691,339938,679.876
833,535.406246459513,259313,518.626
834,535.490740851431,204836,409.672
835,535.575235200691,172910,345.82
836,535.659729507538,156249,312.498
837,535.744223772216,2036484,4072.968
838,535.828717994971,2567519,5135.038
839,535.913212176048,1550578,3101.156
840,535.997706315693,944201,1888.402
841,536.08220041415,655942,1311.884
842,536.166694471664,475195,950.39
843,536.251188488481,332186,664.372
844,536.335682464845,248014,496.028
845,536.420176401003,201674,403.348
846,536.504670297198,174228,348.456
847,536.589164153677,155994,311.988
848,536.673657970684,146628,293.256
849,536.758151748464,148679,297.358
850,536.842645487263,147578,295.156
851,536.927139187325,142918,285.836
852,537.011632848896,160751,321.502
853,537.096126472221,167597,335.194
854,537.180620057546,182212,364.424
855,537.265113605114,199924,399.848
856,537.349607115172,186621,373.242
857,537.434100587964,172222,344.444
858,537.518594023736,160956,321.912
859,537.603087422733,152303,304.606
860,537.687580785199,151711,303.422
861,537.772074111381,173817,347.634
862,537.856567401522,260147,520.294
863,537.941060655869,387517,775.034
864,538.025553874667,485676,971.352
865,538.11004705816,647512,1295.024
866,538.194540206593,910126,1820.252
867,538.279033320213,1191667,2383.334
868,538.363526399263,1424827,2849.654
869,538.44801944399,1574166,3148.332
870,538.532512454637,1617640,3235.28
871,538.617005431451,1560188,3120.376
872,538.701498374677,1419772,2839.544
873,538.785991284559,1260175,2520.35
874,538.870484161343,1123572,2247.144
875,538.954977005273,1034674,2069.348
876,539.039469816596,954526,1909.052
877,539.123962595556,876498,1752.996
878,539.208455342398,856098,1712.196
879,539.292948057368,838747,1677.494
880,539.37744074071,783000,1566
881,539.46193339267,750210,1500.42
882,539.546426013493,735107,1470.214
883,539.630918603424,738736,1477.472
884,539.715411162708,712356,1424.712
885,539.79990369159,678183,1356.366
886,539.884396190315,635163,1270.326
887,539.968888659129,727360,1454.72
888,540.053381098277,733241,1466.482
889,540.137873508003,581978,1163.956
890,540.222365888553,440727,881.454
891,540.306858240173,339186,678.372
892,540.391350563106,264877,529.754
893,540.475842857599,255122,510.244
894,540.560335123896,235584,471.168
895,540.644827362243,215127,430.254
896,540.729319572884,217994,435.988
897,540.813811756066,199955,399.91
898,540.898303912032,173923,347.846
899,540.982796041028,156831,313.662
900,541.0672881433,146626,293.252
901,541.151780219092,143414,286.828
902,541.23627226865,140447,280.894
903,541.320764292218,136918,273.836
904,541.405256290042,138169,276.338
905,541.489748262367,154128,308.256
906,541.574240209438,183970,367.94
907,541.6587321315,181467,362.934
908,541.743224028798,183069,366.138
909,541.827715901578,176904,353.808
910,541.912207750085,157314,314.628
911,541.996699574563,149550,299.1
912,542.081191375258,146358,292.716
913,542.165683152415,164361,328.722
914,542.250174906279,166411,332.822
915,542.334666637096,151727,303.454
916,542.41915834511,143915,287.83
917,542.503650030566,266879,533.758
918,542.58814169371,319107,638.214
919,542.672633334787,297883,595.766
920,542.757124954042,260442,520.884
921,542.841616551719,210521,421.042
922,542.926108128065,200765,401.53
923,543.010599683325,190489,380.978
924,543.095091217743,173717,347.434
925,543.179582731564,322912,645.824
926,543.264074225034,358168,716.336
927,543.348565698398,267097,534.194
928,543.433057151901,214353,428.706
929,543.517548585789,183707,367.414
930,543.602040000305,205978,411.956
931,543.686531395696,228987,457.974
932,543.771022772206,209366,418.732
933,543.855514130081,205262,410.524
934,543.940005469566,215890,431.78
935,544.024496790906,200185,400.37
936,544.108988094346,217542,435.084
937,544.193479380131,231794,463.588
938,544.277970648506,206536,413.072
939,544.362461899717,180421,360.842
940,544.446953134009,187676,375.352
941,544.531444351626,186622,373.244
942,544.615935552814,187567,375.134
943,544.700426737818,190877,381.754
944,544.784917906884,178983,357.966
945,544.869409060255,188310,376.62
946,544.953900198178,189719,379.438
947,545.038391320898,174455,348.91
948,545.122882428659,164179,328.358
949,545.207373521708,158003,316.006
950,545.291864600288,154030,308.06
951,545.376355664645,151594,303.188
952,545.460846715024,339391,678.782
953,545.545337751671,394141,788.282
954,545.62982877483,295907,591.814
955,545.714319784747,254898,509.796
956,545.798810781666,246907,493.814
957,545.883301765834,222047,444.094
958,545.967792737495,211780,423.56
959,546.052283696893,203131,406.262
960,546.136774644275,204311,408.622
961,546.221265579886,196605,393.21
962,546.30575650397,178927,357.854
963,546.390247416772,167210,334.42
964,546.474738318539,158700,317.4
965,546.559229209514,157653,315.306
966,546.643720089944,155855,311.71
967,546.728210960073,151807,303.614
968,546.812701820146,165033,330.066
969,546.897192670409,196839,393.678
970,546.981683511106,198249,396.498
971,547.066174342483,180130,360.26
972,547.150665164785,179271,358.542
973,547.235155978257,195359,390.718
974,547.319646783145,190691,381.382
975,547.404137579692,177752,355.504
976,547.488628368145,169378,338.756
977,547.573119148749,161056,322.112
978,547.657609921748,158074,316.148
979,547.742100687388,176111,352.222
980,547.826591445914,178741,357.482
981,547.911082197572,170057,340.114
982,547.995572942605,167091,334.182
983,548.08006368126,161914,323.828
984,548.164554413782,158197,316.394
985,548.249045140415,155511,311.022
986,548.333535861404,155670,311.34
987,548.418026576996,256349,512.698
988,548.502517287435,282396,564.792
989,548.587007992966,230157,460.314
990,548.671498693834,198545,397.09
991,548.755989390285,215774,431.548
992,548.840480082563,235453,470.906
993,548.924970770915,214245,428.49
994,549.009461455584,189721,379.442
995,549.093952136815,194684,389.368
996,549.178442814856,188996,377.992
997,549.262933489949,171660,343.32
998,549.347424162341,207315,414.63
999,549.431914832276,215594,431.188
1000,549.5164055,189782,379.564
1001,549.600896165758,185756,371.512
1002,549.685386829794,181315,362.63
1003,549.769877492355,169808,339.616
1004,549.854368153685,166003,332.006
1005,549.938858814029,269281,538.562
1006,550.023349473633,315216,630.432
1007,550.107840132742,284658,569.316
1008,550.1923307916,244302,488.604
1009,550.276821450453,204793,409.586
1010,550.361312109546,183485,366.97
1011,550.445802769124,193596,387.192
1012,550.530293429432,193260,386.52
1013,550.614784090716,177197,354.394
1014,550.69927475322,167912,335.824
1015,550.78376541719,161718,323.436
1016,550.868256082871,157134,314.268
1017,550.952746750508,157732,315.464
1018,551.037237420346,176377,352.754
1019,551.12172809263,182371,364.742
1020,551.206218767606,170614,341.228
1021,551.290709445518,163239,326.478
1022,551.375200126611,158136,316.272
1023,551.459690811131,179436,358.872
1024,551.544181499323,186062,372.124
1025,551.628672191433,174664,349.328
1026,551.713162887704,165240,330.48
1027,551.797653588383,158247,316.494
1028,551.882144293714,154976,309.952
1029,551.966635003943,154706,309.412
1030,552.051125719314,177807,355.614
1031,552.135616440073,218828,437.656
1032,552.220107166465,215246,430.492
1033,552.304597898735,204320,408.64
1034,552.389088637129,194387,388.774
1035,552.473579381891,300486,600.972
1036,552.558070133266,325410,650.82
1037,552.6425608915,255914,511.828
1038,552.727051656838,215014,430.028
1039,552.811542429524,338541,677.082
1040,552.896033209805,363371,726.742
1041,552.980523997925,297140,594.28
1042,553.065014794129,250547,501.094
1043,553.149505598662,211304,422.608
1044,553.23399641177,190143,380.286
1045,553.318487233698,196539,393.078
1046,553.402978064691,273475,546.95
1047,553.487468904993,345589,691.178
1048,553.571959754851,312520,625.04
1049,553.656450614509,245054,490.108
1050,553.740941484213,204080,408.16
1051,553.825432364206,221001,442.002
1052,553.909923254736,221436,442.872
1053,553.994414156046,232065,464.13
1054,554.078905068382,224591,449.182
1055,554.16339599199,194297,388.594
1056,554.247886927113,179787,359.574
1057,554.332377873998,309793,619.586
1058,554.416868832889,342010,684.02
1059,554.501359804032,263501,527.002
1060,554.585850787671,218504,437.008
1061,554.670341784053,191657,383.314
1062,554.754832793421,175424,350.848
1063,554.839323816021,165730,331.46
1064,554.923814852099,159221,318.442
1065,555.008305901899,157949,315.898
1066,555.092796965667,200967,401.934
1067,555.177288043647,210403,420.806
1068,555.261779136085,339280,678.56
1069,555.346270243226,370334,740.668
1070,555.430761365315,303306,606.612
1071,555.515252502597,275223,550.446
1072,555.599743655318,245243,490.486
1073,555.684234823722,213112,426.224
1074,555.768726008055,213450,426.9
1075,555.853217208561,225278,450.556
1076,555.937708425486,208069,416.138
1077,556.022199659075,325125,650.25
1078,556.106690909574,352866,705.732
1079,556.191182177226,292382,584.764
1080,556.275673462278,248567,497.134
1081,556.360164764975,228594,457.188
1082,556.444656085561,240285,480.57
1083,556.529147424282,224396,448.792
1084,556.613638781383,199776,399.552
1085,556.698130157109,185786,371.572
1086,556.782621551706,194865,389.73
1087,556.867112965417,193742,387.484
1088,556.951604398489,211016,422.032
1089,557.036095851167,251531,503.062
1090,557.120587323695,238264,476.528
1091,557.20507881632,200868,401.736
1092,557.289570329285,179009,358.018
1093,557.374061862836,187582,375.164
1094,557.458553417219,193014,386.028
1095,557.543044992678,198299,396.598
1096,557.627536589459,195574,391.148
1097,557.712028207806,204066,408.132
1098,557.796519847966,199354,398.708
1099,557.881011510182,221258,442.516
1100,557.9655031947,243783,487.566
1101,558.049994901765,222153,444.306
1102,558.134486631623,193310,386.62
1103,558.218978384519,175594,351.188
1104,558.303470160697,185433,370.866
1105,558.387961960402,185177,370.354
1106,558.472453783881,185656,371.312
1107,558.556945631378,191377,382.754
1108,558.641437503137,352207,704.414
1109,558.725929399405,445268,890.536
1110,558.810421320427,364909,729.818
1111,558.894913266447,276045,552.09
1112,558.97940523771,227178,454.356
1113,559.063897234463,217852,435.704
1114,559.14838925695,226215,452.43
1115,559.232881305415,211385,422.77
1116,559.317373380105,187114,374.228
1117,559.401865481264,196317,392.634
1118,559.486357609138,195719,391.438
1119,559.570849763971,178138,356.276
1120,559.65534194601,171533,343.066
1121,559.739834155498,190200,380.4
1122,559.824326392681,192028,384.056
1123,559.908818657804,197498,394.996
1124,559.993310951113,194023,388.046
1125,560.077803272852,177400,354.8
1126,560.162295623266,168357,336.714
1127,560.246788002602,162460,324.92
1128,560.331280411103,179733,359.466
1129,560.415772849015,203003,406.006
1130,560.500265316583,219286,438.572
1131,560.584757814052,249161,498.322
1132,560.669250341668,237368,474.736
1133,560.753742899676,201104,402.208
1134,560.83823548832,201226,402.452
1135,560.922728107845,195141,390.282
1136,561.007220758498,177134,354.268
1137,561.091713440523,168450,336.9
1138,561.176206154165,162076,324.152
1139,561.260698899669,160793,321.586
1140,561.345191677281,158920,317.84
1141,561.429684487245,156326,312.652
1142,561.514177329807,157030,314.06
1143,561.598670205212,157568,315.136
1144,561.683163113705,163604,327.208
1145,561.767656055531,164959,329.918
1146,561.852149030935,180874,361.748
1147,561.936642040163,205816,411.632
1148,562.021135083459,198894,397.788
1149,562.105628161069,181025,362.05
1150,562.190121273237,192481,384.962
1151,562.27461442021,191630,383.26
1152,562.359107602232,242068,484.136
1153,562.443600819547,249978,499.956
1154,562.528094072403,228429,456.858
1155,562.612587361042,263022,526.044
1156,562.697080685712,273536,547.072
1157,562.781574046656,256434,512.868
1158,562.866067444119,335905,671.81
1159,562.950560878348,336946,673.892
1160,563.035054349587,261370,522.74
1161,563.119547858082,236980,473.96
1162,563.204041404076,219776,439.552
1163,563.288534987816,202086,404.172
1164,563.373028609547,186622,373.244
1165,563.457522269514,173699,347.398
1166,563.542015967961,166415,332.83
1167,563.626509705135,180883,361.766
1168,563.71100348128,204268,408.536
1169,563.795497296641,196914,393.828
1170,563.879991151464,177803,355.606
1171,563.964485045993,167309,334.618
1172,564.048978980475,161381,322.762
1173,564.133472955153,164701,329.402
1174,564.217966970273,164316,328.632
1175,564.30246102608,181656,363.312
1176,564.386955122819,204059,408.118
1177,564.471449260736,215944,431.888
1178,564.555943440075,203066,406.132
1179,564.640437661083,180837,361.674
1180,564.724931924002,611238,1222.476
1181,564.80942622908,750209,1500.418
1182,564.893920576561,514430,1028.86
1183,564.97841496669,381152,762.304
1184,565.062909399713,301186,602.372
1185,565.147403875874,303193,606.386
1186,565.231898395419,283838,567.676
1187,565.316392958592,229336,458.672
1188,565.400887565639,196092,392.184
1189,565.485382216806,178205,356.41
1190,565.569876912336,166728,333.456
1191,565.654371652476,159800,319.6
1192,565.73886643747,172729,345.458
1193,565.823361267564,178965,357.93
1194,565.907856143003,289885,579.77
1195,565.992351064031,319164,638.328
1196,566.076846030894,253745,507.49
1197,566.161341043838,211760,423.52
1198,566.245836103106,186137,372.274
1199,566.330331208945,172906,345.812
1200,566.4148263616,167171,334.342
1201,566.499321561315,182286,364.572
1202,566.583816808336,183820,367.64
1203,566.668312102908,191555,383.11
1204,566.752807445276,187631,375.262
1205,566.837302835685,179485,358.97
1206,566.92179827438,184367,368.734
1207,567.006293761607,179508,359.016
1208,567.090789297611,168599,337.198
1209,567.175284882636,196799,393.598
1210,567.259780516928,204016,408.032
1211,567.344276200732,182274,364.548
1212,567.428771934293,169715,339.43
1213,567.513267717856,181487,362.974
1214,567.597763551667,181322,362.644
1215,567.68225943597,167419,334.838
1216,567.766755371011,281174,562.348
1217,567.851251357034,312733,625.466
1218,567.935747394286,245899,491.798
1219,568.020243483011,245522,491.044
1220,568.104739623454,233279,466.558
1221,568.18923581586,332718,665.436
1222,568.273732060474,350382,700.764
1223,568.358228357543,266304,532.608
1224,568.442724707309,218086,436.172
1225,568.52722111002,190212,380.424
1226,568.61171756592,172924,345.848
1227,568.696214075254,165686,331.372
1228,568.780710638267,160363,320.726
1229,568.865207255205,155643,311.286
1230,568.949703926312,158311,316.622
1231,569.034200651834,179462,358.924
1232,569.118697432015,181273,362.546
1233,569.203194267102,169027,338.054
1234,569.287691157338,181629,363.258
1235,569.37218810297,215201,430.402
1236,569.456685104242,271465,542.93
1237,569.5411821614,268207,536.414
1238,569.625679274688,225952,451.904
1239,569.710176444352,218732,437.464
1240,569.794673670637,205892,411.784
1241,569.879170953788,182102,364.204
1242,569.96366829405,187905,375.81
1243,570.048165691668,227925,455.85
1244,570.132663146887,224342,448.684
1245,570.217160659954,236192,472.384
1246,570.301658231112,231664,463.328
1247,570.386155860606,200900,401.8
1248,570.470653548683,183125,366.25
1249,570.555151295587,171297,342.594
1250,570.639649101562,163439,326.878
1251,570.724146966856,158408,316.816
1252,570.808644891712,175362,350.724
1253,570.893142876375,203669,407.338
1254,570.977640921091,204697,409.394
1255,571.062139026105,201634,403.268
1256,571.146637191662,301154,602.308
1257,571.231135418007,314964,629.928
1258,571.315633705386,244469,488.938
1259,571.400132054043,222921,445.842
1260,571.484630464223,227930,455.86
1261,571.569128936172,211733,423.466
1262,571.653627470135,185597,371.194
1263,571.738126066357,213536,427.072
1264,571.822624725083,239035,478.07
1265,571.907123446559,216406,432.812
1266,571.991622231028,232496,464.992
1267,572.076121078737,265262,530.524
1268,572.160619989931,247722,495.444
1269,572.245118964855,229263,458.526
1270,572.329618003753,212531,425.062
1271,572.414117106872,216306,432.612
1272,572.498616274455,245721,491.442
1273,572.583115506749,232031,464.062
1274,572.667614803999,196148,392.296
1275,572.752114166448,175274,350.548
1276,572.836613594344,168427,336.854
1277,572.921113087931,166848,333.696
1278,573.005612647453,160126,320.252
1279,573.090112273157,154925,309.85
1280,573.174611965286,175252,350.504
1281,573.259111724088,217948,435.896
1282,573.343611549805,260686,521.372
1283,573.428111442685,397360,794.72
1284,573.512611402971,418941,837.882
1285,573.597111430909,575488,1150.976
1286,573.681611526744,594580,1189.16
1287,573.766111690721,478940,957.88
1288,573.850611923086,378655,757.31
1289,573.935112224083,280829,561.658
1290,574.019612593957,224629,449.258
1291,574.104113032955,197387,394.774
1292,574.18861354132,200527,401.054
1293,574.273114119298,194948,389.896
1294,574.357614767134,196819,393.638
1295,574.442115485074,189635,379.27
1296,574.526616273362,457484,914.968
1297,574.611117132243,528985,1057.97
1298,574.695618061963,468827,937.654
1299,574.780119062767,420452,840.904
1300,574.8646201349,323098,646.196
1301,574.949121278607,272780,545.56
1302,575.033622494133,252369,504.738
1303,575.118123781723,241638,483.276
1304,575.202625141623,216355,432.71
1305,575.287126574078,186477,372.954
1306,575.371628079332,173750,347.5
1307,575.456129657631,169170,338.34
1308,575.54063130922,166446,332.892
1309,575.625133034344,184331,368.662
1310,575.709634833249,220406,440.812
1311,575.794136706179,215840,431.68
1312,575.878638653379,189461,378.922
1313,575.963140675095,171890,343.78
1314,576.047642771572,160600,321.2
1315,576.132144943055,158198,316.396
1316,576.216647189789,182705,365.41
1317,576.301149512019,187298,374.596
1318,576.38565190999,171116,342.232
1319,576.470154383948,160011,320.022
1320,576.554656934138,156626,313.252
1321,576.639159560804,179379,358.758
1322,576.723662264192,186525,373.05
1323,576.808165044547,354046,708.092
1324,576.892667902114,412684,825.368
1325,576.977170837139,314106,628.212
1326,577.061673849866,241472,482.944
1327,577.146176940541,202069,404.138
1328,577.230680109408,181802,363.604
1329,577.315183356713,172044,344.088
1330,577.399686682701,183198,366.396
1331,577.484190087617,319896,639.792
1332,577.568693571706,343827,687.654
1333,577.653197135214,261885,523.77
1334,577.737700778385,236817,473.634
1335,577.822204501465,216708,433.416
1336,577.906708304698,188377,376.754
1337,577.991212188331,375900,751.8
1338,578.075716152607,422039,844.078
1339,578.160220197773,329314,658.628
1340,578.244724324073,269326,538.652
1341,578.329228531752,261801,523.602
1342,578.413732821056,266998,533.996
1343,578.49823719223,231919,463.838
1344,578.582741645518,195679,391.358
1345,578.667246181166,195006,390.012
1346,578.75175079942,191187,382.374
1347,578.836255500524,195997,391.994
1348,578.920760284723,237777,475.554
1349,579.005265152262,234678,469.356
1350,579.089770103388,202112,404.224
1351,579.174275138344,180470,360.94
1352,579.258780257375,165357,330.714
1353,579.343285460728,158677,317.354
1354,579.427790748647,156966,313.932
1355,579.512296121378,154386,308.772
1356,579.596801579165,150051,300.102
1357,579.681307122253,153522,307.044
1358,579.765812750888,154507,309.014
1359,579.850318465315,150016,300.032
1360,579.934824265779,148265,296.53
1361,580.019330152525,147136,294.272
1362,580.103836125799,255426,510.852
1363,580.188342185844,286976,573.952
1364,580.272848332908,248468,496.936
1365,580.357354567233,219639,439.278
1366,580.441860889067,189436,378.872
1367,580.526367298654,172090,344.18
1368,580.610873796238,202562,405.124
1369,580.695380382066,207314,414.628
1370,580.779887056382,183289,366.578
1371,580.864393819432,201550,403.1
1372,580.94890067146,204484,408.968
1373,581.033407612712,181957,363.914
1374,581.117914643433,168581,337.162
1375,581.202421763867,163430,326.86
1376,581.286928974261,162020,324.04
1377,581.371436274859,177355,354.71
1378,581.455943665907,180272,360.544
1379,581.540451147649,187619,375.238
1380,581.62495872033,184465,368.93
1381,581.709466384197,168251,336.502
1382,581.793974139493,159836,319.672
1383,581.878481986465,194457,388.914
1384,581.962989925357,202932,405.864
1385,582.047497956414,222219,444.438
1386,582.132006079881,241749,483.498
1387,582.216514296004,217266,434.532
1388,582.301022605028,189115,378.23
1389,582.385531007198,229986,459.972
1390,582.470039502758,237681,475.362
1391,582.554548091955,204041,408.082
1392,582.639056775033,182829,365.658
1393,582.723565552238,166851,333.702
1394,582.808074423814,159625,319.25
1395,582.892583390007,155595,311.19
1396,582.977092451061,194068,388.136
1397,583.061601607223,205700,411.4
1398,583.146110858736,192827,385.654
1399,583.230620205847,192351,384.702
1400,583.3151296488,180831,361.662
1401,583.399639187841,185314,370.628
1402,583.484148823214,181858,363.716
1403,583.568658555165,168176,336.352
1404,583.653168383939,161189,322.378
1405,583.73767830978,194459,388.918
1406,583.822188332935,204002,408.004
1407,583.906698453649,199712,399.424
1408,583.991208672165,190304,380.608
1409,584.075718988731,172160,344.32
1410,584.16022940359,180339,360.678
1411,584.244739916987,179472,358.944
1412,584.329250529169,165134,330.268
1413,584.41376124038,155996,311.992
1414,584.498272050865,152700,305.4
1415,584.58278296087,153479,306.958
1416,584.667293970638,206789,413.578
1417,584.751805080417,259239,518.478
1418,584.83631629045,242324,484.648
1419,584.920827600983,204416,408.832
1420,585.005339012262,182093,364.186
1421,585.08985052453,187294,374.588
1422,585.174362138034,202629,405.258
1423,585.258873853018,211069,422.138
1424,585.343385669727,197753,395.506
1425,585.427897588408,175284,350.568
1426,585.512409609304,161134,322.268
1427,585.596921732661,153705,307.41
1428,585.681433958724,164409,328.818
1429,585.765946287739,165973,331.946
1430,585.85045871995,178615,357.23
1431,585.934971255602,202523,405.046
1432,586.019483894941,238120,476.24
1433,586.103996638212,248906,497.812
1434,586.18850948566,218385,436.77
1435,586.27302243753,192192,384.384
1436,586.357535494067,174691,349.382
1437,586.442048655516,302751,605.502
1438,586.526561922122,452911,905.822
1439,586.611075294132,406894,813.788
1440,586.695588771789,298953,597.906
1441,586.780102355339,239447,478.894
1442,586.864616045027,223078,446.156
1443,586.949129841097,203493,406.986
1444,587.033643743797,177146,354.292
1445,587.118157753369,163178,326.356
1446,587.20267187006,155979,311.958
1447,587.287186094115,151296,302.592
1448,587.371700425779,148840,297.68
1449,587.456214865296,147468,294.936
1450,587.540729412912,146944,293.888
1451,587.625244068873,146145,292.29
1452,587.709758833423,164654,329.308
1453,587.794273706808,170779,341.558
1454,587.878788689272,163484,326.968
1455,587.963303781061,157070,314.14
1456,588.047818982419,153224,306.448
1457,588.132334293593,168722,337.444
1458,588.216849714827,194534,389.068
1459,588.301365246366,190045,380.09
1460,588.385880888455,172843,345.686
1461,588.47039664134,161718,323.436
1462,588.554912505266,154477,308.954
1463,588.639428480477,172275,344.55
1464,588.72394456722,207704,415.408
1465,588.808460765738,246863,493.726
1466,588.892977076278,234579,469.158
1467,588.977493499084,197162,394.324
1468,589.062010034401,174378,348.756
1469,589.146526682475,162263,324.526
1470,589.231043443551,155733,311.466
1471,589.315560317874,150801,301.602
1472,589.400077305689,147474,294.948
1473,589.48459440724,146742,293.484
1474,589.569111622774,165504,331.008
1475,589.653628952536,201056,402.112
1476,589.73814639677,200227,400.454
1477,589.822663955722,178219,356.438
1478,589.907181629636,728425,1456.85
1479,589.991699418759,920217,1840.434
1480,590.076217323334,668517,1337.034
1481,590.160735343608,477000,954
1482,590.245253479825,335383,670.766
1483,590.329771732231,251983,503.966
1484,590.41429010107,393663,787.326
1485,590.498808586588,420611,841.222
1486,590.58332718903,307417,614.834
1487,590.667845908641,258251,516.502
1488,590.752364745666,223970,447.94
1489,590.83688370035,191510,383.02
1490,590.921402772939,191078,382.156
1491,591.005921963678,225794,451.588
1492,591.090441272811,219730,439.46
1493,591.174960700584,207558,415.116
1494,591.259480247241,212766,425.532
1495,591.343999913029,216511,433.022
1496,591.428519698192,201064,402.128
1497,591.513039602976,178007,356.014
1498,591.597559627625,165714,331.428
1499,591.682079772385,158770,317.54
1500,591.7666000375,152317,304.634
1501,591.851120423216,150569,301.138
1502,591.935640929779,149875,299.75
1503,592.020161557432,159680,319.36
1504,592.104682306422,160462,320.924
1505,592.189203176993,152164,304.328
1506,592.273724169391,147620,295.24
1507,592.35824528386,144681,289.362
1508,592.442766520647,144353,288.706
1509,592.527287879995,167169,334.338
1510,592.611809362151,174233,348.466
1511,592.696330967358,322897,645.794
1512,592.780852695863,359697,719.394
1513,592.865374547911,269648,539.296
1514,592.949896523746,217017,434.034
1515,593.034418623614,187605,375.21
1516,593.11894084776,381780,763.56
1517,593.203463196429,428985,857.97
1518,593.287985669866,311807,623.614
1519,593.372508268317,242638,485.276
1520,593.457030992026,203530,407.06
1521,593.541553841238,180688,361.376
1522,593.626076816199,171465,342.93
1523,593.710599917154,163337,326.674
1524,593.795123144348,156280,312.56
1525,593.879646498027,152081,304.162
1526,593.964169978434,189963,379.926
1527,594.048693585816,202628,405.256
1528,594.133217320417,178692,357.384
1529,594.217741182483,183003,366.006
1530,594.302265172259,179841,359.682
1531,594.38678928999,184362,368.724
1532,594.47131353592,180517,361.034
1533,594.555837910296,184998,369.996
1534,594.640362413363,180684,361.368
1535,594.724887045364,286954,573.908
1536,594.809411806547,312400,624.8
1537,594.893936697155,242386,484.772
1538,594.978461717434,240906,481.812
1539,595.062986867629,227116,454.232
1540,595.147512147985,195017,390.034
1541,595.232037558747,216732,433.464
1542,595.316563100161,254910,509.82
1543,595.401088772471,247897,495.794
1544,595.485614575923,214586,429.172
1545,595.570140510762,187438,374.876
1546,595.654666577233,170500,341
1547,595.73919277558,179757,359.514
1548,595.82371910605,187396,374.792
1549,595.908245568888,177917,355.834
1550,595.992772164338,205475,410.95
1551,596.077298892645,252432,504.864
1552,596.161825754055,238058,476.116
1553,596.246352748813,198329,396.658
1554,596.330879877164,178634,357.268
1555,596.415407139353,253978,507.956
1556,596.499934535626,271530,543.06
1557,596.584462066227,229111,458.222
1558,596.668989731401,221849,443.698
1559,596.753517531394,227454,454.908
1560,596.838045466451,229993,459.986
1561,596.922573536817,210018,420.036
1562,597.007101742737,185681,371.362
1563,597.091630084456,359444,718.888
1564,597.17615856222,494461,988.922
1565,597.260687176273,422258,844.516
1566,597.345215926861,332356,664.712
1567,597.429744814228,307487,614.974
1568,597.51427383862,265788,531.576
1569,597.598803000283,214836,429.672
1570,597.68333229946,227264,454.528
1571,597.767861736398,220556,441.112
1572,597.852391311341,226677,453.354
1573,597.936921024535,220731,441.462
1574,598.021450876224,209485,418.97
1575,598.105980866655,216095,432.19
1576,598.190510996071,198719,397.438
1577,598.275041264718,195589,391.178
1578,598.359571672842,207502,415.004
1579,598.444102220687,220560,441.12
1580,598.528632908498,206744,413.488
1581,598.613163736522,200551,401.102
1582,598.697694705001,236681,473.362
1583,598.782225814183,245483,490.966
1584,598.866757064312,233287,466.574
1585,598.951288455633,208666,417.332
1586,599.035819988391,200028,400.056
1587,599.120351662832,212049,424.098
1588,599.2048834792,198214,396.428
1589,599.289415437741,173814,347.628
1590,599.3739475387,163824,327.648
1591,599.458479782322,181220,362.44
1592,599.543012168852,202305,404.61
1593,599.627544698535,211918,423.836
1594,599.712077371617,195960,391.92
1595,599.796610188342,174447,348.894
1596,599.881143148956,185693,371.386
1597,599.965676253703,204429,408.858
1598,600.05020950283,194991,389.982
1599,600.13474289658,174658,349.316
1600,600.2192764352,162879,325.758
1601,600.303810118934,176682,353.364
1602,600.388343948028,176996,353.992
1603,600.472877922726,162676,325.352
1604,600.557412043273,175435,350.87
1605,600.641946309916,175361,350.722
1606,600.726480722899,163368,326.736
1607,600.811015282466,157385,314.77
1608,600.895549988864,152122,304.244
1609,600.980084842338,147483,294.966
1610,601.064619843132,161174,322.348
1611,601.149154991491,165998,331.996
1612,601.233690287662,180506,361.012
1613,601.318225731888,182222,364.444
1614,601.402761324415,167596,335.192
1615,601.487297065489,177327,354.654
1616,601.571832955354,179534,359.068
1617,601.656368994255,188035,376.07
1618,601.740905182438,183582,367.164
1619,601.825441520148,166050,332.1
1620,601.90997800763,181319,362.638
1621,601.994514645128,203297,406.594
1622,602.079051432889,209438,418.876
1623,602.163588371157,197183,394.366
1624,602.248125460177,195309,390.618
1625,602.332662700195,189019,378.038
1626,602.417200091456,193085,386.17
1627,602.501737634204,186144,372.288
1628,602.586275328686,168757,337.514
1629,602.670813175145,158354,316.708
1630,602.755351173828,211627,423.254
1631,602.839889324979,225144,450.288
1632,602.924427628843,210132,420.264
1633,603.008966085667,214041,428.082
1634,603.093504695693,198108,396.216
1635,603.178043459169,174523,349.046
1636,603.262582376339,185686,371.372
1637,603.347121447448,199474,398.948
1638,603.431660672741,193990,387.98
1639,603.516200052464,177211,354.422
1640,603.600739586861,161451,322.902
1641,603.685279276178,154263,308.526
1642,603.769819120659,156612,313.224
1643,603.854359120551,154146,308.292
1644,603.938899276098,175479,350.958
1645,604.023439587545,200718,401.436
1646,604.107980055137,192139,384.278
1647,604.19252067912,191081,382.162
1648,604.277061459738,184080,368.16
1649,604.361602397237,166789,333.578
1650,604.446143491862,156410,312.82
1651,604.530684743859,251743,503.486
1652,604.615226153471,345376,690.752
1653,604.699767720944,328395,656.79
1654,604.784309446525,266529,533.058
1655,604.868851330456,235332,470.664
1656,604.953393372984,253235,506.47
1657,605.037935574354,274404,548.808
1658,605.122477934812,244206,488.412
1659,605.207020454601,336484,672.968
1660,605.291563133967,349650,699.3
1661,605.376105973156,270639,541.278
1662,605.460648972412,221968,443.936
1663,605.545192131981,187130,374.26
1664,605.629735452108,166668,333.336
1665,605.714278933038,155453,310.906
1666,605.798822575015,194001,388.002
1667,605.883366378286,205555,411.11
1668,605.967910343095,179845,359.69
1669,606.052454469688,162470,324.94
1670,606.136998758309,156432,312.864
1671,606.221543209204,175431,350.862
1672,606.306087822618,178832,357.664
1673,606.390632598795,163376,326.752
1674,606.475177537982,173890,347.78
1675,606.559722640423,194899,389.798
1676,606.644267906364,205013,410.026
1677,606.728813336049,211331,422.662
1678,606.813358929724,195399,390.798
1679,606.897904687633,172152,344.304
1680,606.982450610022,158863,317.726
1681,607.066996697137,150966,301.932
1682,607.151542949221,166427,332.854
1683,607.236089366521,189698,379.396
1684,607.320635949282,182194,364.388
1685,607.405182697748,164138,328.276
1686,607.489729612165,180069,360.138
1687,607.574276692777,182099,364.198
1688,607.658823939831,164647,329.294
1689,607.74337135357,174833,349.666
1690,607.827918934241,194412,388.824
1691,607.912466682089,184944,369.888
1692,607.997014597358,165542,331.084
1693,608.081562680293,220078,440.156
1694,608.16611093114,231440,462.88
1695,608.250659350145,214744,429.488
1696,608.335207937551,215307,430.614
1697,608.419756693605,210851,421.702
1698,608.504305618551,190994,381.988
1699,608.588854712634,190325,380.65
1700,608.6734039761,184008,368.016
1701,608.757953409194,229135,458.27
1702,608.84250301216,261367,522.734
1703,608.927052785245,228592,457.184
1704,609.011602728693,196566,393.132
1705,609.096152842749,177450,354.9
1706,609.180703127658,162472,324.944
1707,609.265253583666,152191,304.382
1708,609.349804211018,149458,298.916
1709,609.434355009958,166727,333.454
1710,609.518905980733,167849,335.698
1711,609.603457123586,197935,395.87
1712,609.688008438764,399267,798.534
1713,609.772559926511,425933,851.866
1714,609.857111587073,305387,610.774
1715,609.941663420694,234919,469.838
1716,610.02621542762,194160,388.32
1717,610.110767608096,195553,391.106
1718,610.195319962366,188963,377.926
1719,610.279872490677,167266,334.532
1720,610.364425193274,155204,310.408
1721,610.4489780704,149102,298.204
1722,610.533531122303,146128,292.256
1723,610.618084349226,150914,301.828
1724,610.702637751414,172814,345.628
1725,610.787191329114,193382,386.764
1726,610.87174508257,183332,366.664
1727,610.956299012027,204469,408.938
1728,611.04085311773,205008,410.016
1729,611.125407399925,178442,356.884
1730,611.209961858857,161579,323.158
1731,611.29451649477,298413,596.826
1732,611.37907130791,382584,765.168
1733,611.463626298523,314795,629.59
1734,611.548181466852,260485,520.97
1735,611.632736813144,264368,528.736
1736,611.717292337643,245020,490.04
1737,611.801848040595,204386,408.772
1738,611.886403922244,180239,360.478
1739,611.970959982837,186119,372.238
1740,612.055516222617,197321,394.642
1741,612.14007264183,208638,417.276
1742,612.224629240722,218007,436.014
1743,612.309186019537,207571,415.142
1744,612.39374297852,273129,546.258
1745,612.478300117917,287530,575.06
1746,612.562857437973,337078,674.156
1747,612.647414938933,348524,697.048
1748,612.731972621042,274646,549.292
1749,612.816530484545,216635,433.27
1750,612.901088529688,289569,579.138
1751,612.985646756714,299504,599.008
1752,613.070205165871,252205,504.41
1753,613.154763757402,218947,437.894
1754,613.239322531553,186915,373.83
1755,613.323881488569,188802,377.604
1756,613.408440628695,182624,365.248
1757,613.492999952176,164600,329.2
1758,613.577559459258,174869,349.738
1759,613.662119150185,193396,386.792
1760,613.746679025203,182741,365.482
1761,613.831239084557,164398,328.796
1762,613.915799328492,175735,351.47
1763,614.000359757252,176373,352.746
1764,614.084920371084,163858,327.716
1765,614.169481170232,157490,314.98
1766,614.254042154942,158370,316.74
1767,614.338603325458,155764,311.528
1768,614.423164682026,173302,346.604
1769,614.507726224891,195791,391.582
1770,614.592287954298,186356,372.712
1771,614.676849870492,279608,559.216
1772,614.761411973718,298422,596.844
1773,614.845974264222,230866,461.732
1774,614.930536742248,194195,388.39
1775,615.015099408042,195654,391.308
1776,615.099662261849,189319,378.638
1777,615.184225303914,170432,340.864
1778,615.268788534481,180185,360.37
1779,615.353351953797,178869,357.738
1780,615.437915562106,203888,407.776
1781,615.522479359654,209422,418.844
1782,615.607043346685,182446,364.892
1783,615.691607523446,268643,537.286
1784,615.776171890179,286524,573.048
1785,615.860736447132,225393,450.786
1786,615.94530119455,191220,382.44
1787,616.029866132676,190946,381.892
1788,616.114431261757,186300,372.6
1789,616.198996582037,190518,381.036
1790,616.283562093762,202922,405.844
1791,616.368127797177,211079,422.158
1792,616.452693692527,196112,392.224
1793,616.537259780057,171921,343.842
1794,616.621826060012,180830,361.66
1795,616.706392532638,202508,405.016
1796,616.790959198179,192975,385.95
1797,616.87552605688,170438,340.876
1798,616.960093108988,292185,584.37
1799,617.044660354746,325027,650.054
1800,617.1292277944,304221,608.442
1801,617.213795428195,326474,652.948
1802,617.298363256377,288151,576.302
1803,617.38293127919,228596,457.192
1804,617.46749949688,191321,382.642
1805,617.552067909691,168658,337.316
1806,617.63663651787,155536,311.072
1807,617.72120532166,2707322,5414.644
1808,617.805774321307,3466531,6933.062
1809,617.890343517057,2094091,4188.182
1810,617.974912909154,1260475,2520.95
1811,618.059482497843,780194,1560.388
1812,618.14405228337,508028,1016.056
1813,618.22862226598,351790,703.58
1814,618.313192445918,259035,518.07
1815,618.397762823429,296144,592.288
1816,618.482333398757,315261,630.522
1817,618.56690417215,258874,517.748
1818,618.65147514385,230842,461.684
1819,618.736046314105,208155,416.31
1820,618.820617683158,181616,363.232
1821,618.905189251254,169436,338.872
1822,618.98976101864,165087,330.174
1823,619.07433298556,158133,316.266
1824,619.158905152259,181619,363.238
1825,619.243477518983,320711,641.422
1826,619.328050085976,338993,677.986
1827,619.412622853484,277224,554.448
1828,619.497195821751,255471,510.942
1829,619.581768991023,263397,526.794
1830,619.666342361546,239613,479.226
1831,619.750915933564,197504,395.008
1832,619.835489707321,173876,347.752
1833,619.920063683065,203710,407.42
1834,620.004637861039,226479,452.958
1835,620.089212241489,201862,403.724
1836,620.173786824659,173801,347.602
1837,620.258361610796,166830,333.66
1838,620.342936600144,161510,323.02
1839,620.427511792947,156009,312.018
1840,620.512087189453,190791,381.582
1841,620.596662789905,364641,729.282
1842,620.681238594548,449327,898.654
1843,620.765814603629,366421,732.842
1844,620.850390817391,273543,547.086
1845,620.93496723608,237072,474.144
1846,621.019543859942,252615,505.23
1847,621.104120689221,238001,476.002
1848,621.188697724162,211966,423.932
1849,621.273274965011,190391,380.782
1850,621.357852412012,168084,336.168
1851,621.442430065412,164341,328.682
1852,621.527007925454,159022,318.044
1853,621.611585992385,169264,338.528
1854,621.696164266449,177061,354.122
1855,621.780742747892,165827,331.654
1856,621.865321436958,153491,306.982
1857,621.949900333892,149895,299.79
1858,622.03447943894,167238,334.476
1859,622.119058752348,170481,340.962
1860,622.203638274359,157658,315.316
1861,622.28821800522,173672,347.344
1862,622.372797945175,178049,356.098
1863,622.457378094469,167445,334.89
1864,622.541958453348,157766,315.532
1865,622.626539022057,159917,319.834
1866,622.711119800841,161300,322.6
1867,622.795700789945,155084,310.168
1868,622.880281989613,230192,460.384
1869,622.964863400093,247438,494.876
1870,623.049445021627,201642,403.284
1871,623.134026854462,176784,353.568
1872,623.218608898843,165176,330.352
1873,623.303191155015,180573,361.146
1874,623.387773623222,186303,372.606
1875,623.472356303711,194313,388.626
1876,623.556939196726,207386,414.772
1877,623.641522302512,194041,388.082
1878,623.726105621315,170781,341.562
1879,623.810689153379,178180,356.36
1880,623.89527289895,176264,352.528
1881,623.979856858273,182534,365.068
1882,624.064441031593,215459,430.918
1883,624.149025419156,229760,459.52
1884,624.233610021205,245694,491.388
1885,624.318194837987,247313,494.626
1886,624.402779869747,236039,472.078
1887,624.487365116729,246793,493.586
1888,624.571950579179,246929,493.858
1889,624.656536257342,213660,427.32
1890,624.741122151463,180312,360.624
1891,624.825708261788,179286,358.572
1892,624.91029458856,217559,435.118
1893,624.994881132027,213812,427.624
1894,625.079467892432,200350,400.7
1895,625.16405487002,187147,374.294
1896,625.248642065038,168660,337.32
1897,625.33322947773,366108,732.216
1898,625.41781710834,437588,875.176
1899,625.502404957115,1106988,2213.976
1900,625.5869930243,1271130,2542.26
1901,625.671581310139,814015,1628.03
1902,625.756169814878,3028910,6057.82
1903,625.840758538762,3573639,7147.278
1904,625.925347482035,2130061,4260.122
1905,626.009936644944,1341118,2682.236
1906,626.094526027733,870077,1740.154
1907,626.179115630648,557623,1115.246
1908,626.263705453933,383474,766.948
1909,626.348295497833,301255,602.51
1910,626.432885762595,245569,491.138
1911,626.517476248462,200886,401.772
1912,626.60206695568,263098,526.196
1913,626.686657884495,272244,544.488
1914,626.771249035151,215275,430.55
1915,626.855840407893,222443,444.886
1916,626.940432002967,214692,429.384
1917,627.025023820618,215483,430.966
1918,627.10961586109,303148,606.296
1919,627.19420812463,300610,601.22
1920,627.278800611482,299197,598.394
1921,627.363393321891,293444,586.888
1922,627.447986256102,451391,902.782
1923,627.532579414361,469860,939.72
1924,627.617172796912,334161,668.322
1925,627.701766404002,251439,502.878
1926,627.786360235874,203868,407.736
1927,627.870954292774,198749,397.498
1928,627.955548574948,188033,376.066
1929,628.04014308264,256349,512.698
1930,628.124737816095,270466,540.932
1931,628.209332775559,235322,470.644
1932,628.293927961276,207918,415.836
1933,628.378523373493,177018,354.036
1934,628.463119012454,158408,316.816
1935,628.547714878403,152237,304.474
1936,628.632310971587,174601,349.202
1937,628.716907292251,196798,393.596
1938,628.801503840639,205784,411.568
1939,628.886100616996,191076,382.152
1940,628.970697621569,169151,338.302
1941,629.055294854601,158565,317.13
1942,629.139892316339,173495,346.99
1943,629.224490007026,193378,386.756
1944,629.309087926909,186301,372.602
1945,629.393686076233,187026,374.052
1946,629.478284455242,179259,358.518
1947,629.562883064182,160837,321.674
1948,629.647481903298,151437,302.874
1949,629.732080972835,147515,295.03
1950,629.816680273037,162575,325.15
1951,629.901279804152,164349,328.698
1952,629.985879566422,172612,345.224
1953,630.070479560095,194161,388.322
1954,630.155079785414,202622,405.244
1955,630.239680242624,185661,371.322
1956,630.324280931972,164448,328.896
1957,630.408881853702,202595,405.19
1958,630.493483008059,223026,446.052
1959,630.578084395288,195973,391.946
1960,630.662686015635,170348,340.696
1961,630.747287869345,191545,383.09
1962,630.831889956662,196232,392.464
1963,630.916492277832,173452,346.904
1964,631.001094833101,158124,316.248
1965,631.085697622712,151760,303.52
1966,631.170300646912,170555,341.11
1967,631.254903905945,174556,349.112
1968,631.339507400056,201563,403.126
1969,631.424111129492,218959,437.918
1970,631.508715094496,241684,483.368
1971,631.593319295314,299298,598.596
1972,631.677923732192,296649,593.298
1973,631.762528405373,259765,519.53
1974,631.847133315104,235908,471.816
1975,631.93173846163,204600,409.2
1976,632.016343845195,194607,389.214
1977,632.100949466045,182558,365.116
1978,632.185555324425,162498,324.996
1979,632.270161420579,151109,302.218
1980,632.354767754754,148572,297.144
1981,632.439374327195,162527,325.054
1982,632.523981138146,162879,325.758
1983,632.608588187852,150964,301.928
1984,632.693195476559,155765,311.53
1985,632.777803004512,156376,312.752
1986,632.862410771956,155551,311.102
1987,632.947018779136,157131,314.262
1988,633.031627026297,158021,316.042
1989,633.116235513685,175266,350.532
1990,633.200844241544,216662,433.324
1991,633.28545321012,213677,427.354
1992,633.370062419658,181763,363.526
1993,633.454671870403,164188,328.376
1994,633.539281562599,153902,307.804
1995,633.623891496493,147933,295.866
1996,633.708501672329,145282,290.564
1997,633.793112090353,162104,324.208
1998,633.877722750809,164091,328.182
1999,633.962333653943,152800,305.6
2000,634.0469448,145580,291.16
2001,634.131556189225,141338,282.676
2002,634.216167821863,158029,316.058
2003,634.300779698159,162440,324.88
2004,634.385391818359,152639,305.278
2005,634.470004182707,149064,298.128
2006,634.554616791449,144907,289.814
2007,634.639229644829,160425,320.85
2008,634.723842743094,265488,530.976
2009,634.808456086488,303061,606.122
2010,634.893069675256,246913,493.826
2011,634.977683509643,219942,439.884
2012,635.062297589895,220800,441.6
2013,635.146911916256,219369,438.738
2014,635.231526488972,197729,395.458
2015,635.316141308288,1748561,3497.122
2016,635.400756374449,2175589,4351.178
2017,635.4853716877,1359309,2718.618
2018,635.569987248286,883596,1767.192
2019,635.654603056453,576903,1153.806
2020,635.739219112446,393668,787.336
2021,635.823835416509,292657,585.314
2022,635.908451968888,269795,539.59
2023,635.993068769827,368540,737.08
2024,636.077685819573,359648,719.296
2025,636.16230311837,400639,801.278
2026,636.246920666464,381860,763.72
2027,636.331538464099,1048802,2097.604
2028,636.41615651152,1203625,2407.25
2029,636.500774808974,755017,1510.034
2030,636.585393356704,488861,977.722
2031,636.670012154956,485426,970.852
2032,636.754631203976,463326,926.652
2033,636.839250504007,341525,683.05
2034,636.923870055296,254338,508.676
2035,637.008489858088,219971,439.942
2036,637.093109912628,199030,398.06
2037,637.17773021916,174997,349.994
2038,637.26235077793,158704,317.408
2039,637.346971589183,209120,418.24
2040,637.431592653165,244562,489.124
2041,637.51621397012,218528,437.056
2042,637.600835540293,199475,398.95
2043,637.68545736393,199679,399.358
2044,637.770079441276,203896,407.792
2045,637.854701772576,188973,377.946
2046,637.939324358074,167798,335.596
2047,638.023947198017,155528,311.056
