0,464.9839,304784,304.784
1,465.068515076491,300599,300.599
2,465.153129906126,301342,301.342
3,465.237744489151,300447,300.447
4,465.322358825812,299584,299.584
5,465.406972916352,299363,299.363
6,465.491586761018,299537,299.537
7,465.576200360054,299936,299.936
8,465.660813713705,300571,300.571
9,465.745426822218,301507,301.507
10,465.830039685836,302499,302.499
11,465.914652304805,303336,303.336
12,465.99926467937,304046,304.046
13,466.083876809776,304203,304.203
14,466.168488696269,304534,304.534
15,466.253100339093,1961451,1961.451
16,466.337711738494,2431145,2431.145
17,466.422322894716,1555685,1555.685
18,466.506933808006,1035285,1035.285
19,466.591544478607,735456,735.456
20,466.676154906766,562790,562.79
21,466.760765092726,464330,464.33
22,466.845375036735,447904,447.904
23,466.929984739036,435369,435.369
24,467.014594199874,405761,405.761
25,467.099203419495,382639,382.639
26,467.183812398145,363489,363.489
27,467.268421136067,353947,353.947
28,467.353029633508,689739,689.739
29,467.437637890711,805791,805.791
30,467.522245907924,671392,671.392
31,467.60685368539,560039,560.039
32,467.691461223355,465149,465.149
33,467.776068522063,416027,416.027
34,467.860675581761,385342,385.342
35,467.945282402693,421372,421.372
36,468.029888985104,498533,498.533
37,468.11449532924,484285,484.285
38,468.199101435345,461535,461.535
39,468.283707303665,433747,433.747
40,468.368312934445,390927,390.927
41,468.45291832793,405842,405.842
42,468.537523484364,441395,441.395
43,468.622128403994,711865,711.865
44,468.706733087065,834705,834.705
45,468.791337533821,683402,683.402
46,468.875941744507,535607,535.607
47,468.96054571937,456830,456.83
48,469.045149458653,414820,414.82
49,469.129752962602,388260,388.26
50,469.214356231462,367951,367.951
51,469.298959265479,357205,357.205
52,469.383562064897,354870,354.87
53,469.468164629962,352146,352.146
54,469.552766960919,349433,349.433
55,469.637369058012,390127,390.127
56,469.721970921487,398386,398.386
57,469.80657255159,381625,381.625
58,469.891173948565,407050,407.05
59,469.975775112657,402640,402.64
60,470.060376044111,372070,372.07
61,470.144976743173,357360,357.36
62,470.229577210088,391073,391.073
63,470.314177445101,400601,400.601
64,470.398777448457,419334,419.334
65,470.483377220402,691455,691.455
66,470.567976761179,774248,774.248
67,470.652576071035,641410,641.41
68,470.737175150215,525708,525.708
69,470.821773998963,447884,447.884
70,470.906372617525,441929,441.929
71,470.990971006146,423299,423.299
72,471.075569165072,782959,782.959
73,471.160167094546,877981,877.981
74,471.244764794815,701562,701.562
75,471.329362266123,579048,579.048
76,471.413959508717,517812,517.812
77,471.498556522839,547453,547.453
78,471.583153308737,554724,554.724
79,471.667749866655,518240,518.24
80,471.752346196838,507323,507.323
81,471.836942299532,506850,506.85
82,471.921538174981,552567,552.567
83,472.00613382343,526965,526.965
84,472.090729245126,450102,450.102
85,472.175324440312,401487,401.487
86,472.259919409234,412352,412.352
87,472.344514152137,405960,405.96
88,472.429108669267,373644,373.644
89,472.513702960868,370874,370.874
90,472.598297027185,392170,392.17
91,472.682890868465,388642,388.642
92,472.767484484951,366167,366.167
93,472.852077876889,349640,349.64
94,472.936671044524,381830,381.83
95,473.021263988101,391548,391.548
96,473.105856707865,376139,376.139
97,473.190449204062,435244,435.244
98,473.275041476937,621013,621.013
99,473.359633526735,702041,702.041
100,473.4442253537,599605,599.605
101,473.528816958078,523753,523.753
102,473.613408340115,507688,507.688
103,473.697999500055,464923,464.923
104,473.782590438143,413495,413.495
105,473.867181154625,387793,387.793
106,473.951771649745,421051,421.051
107,474.03636192375,420530,420.53
108,474.120951976883,390765,390.765
109,474.20554180939,374876,374.876
110,474.290131421517,361861,361.861
111,474.374720813508,397886,397.886
112,474.459309985608,402877,402.877
113,474.543898938063,375480,375.48
114,474.628487671118,361893,361.893
115,474.713076185018,354164,354.164
116,474.797664480008,394441,394.441
117,474.882252556332,758362,758.362
118,474.966840414238,865973,865.973
119,475.051428053968,1074618,1074.618
120,475.13601547577,1047229,1047.229
121,475.220602679887,750639,750.639
122,475.305189666564,571673,571.673
123,475.389776436048,470258,470.258
124,475.474362988583,414038,414.038
125,475.558949324414,379141,379.141
126,475.643535443787,361553,361.553
127,475.728121346946,354278,354.278
128,475.812707034136,347290,347.29
129,475.897292505604,623646,623.646
130,475.981877761593,753174,753.174
131,476.066462802349,653467,653.467
132,476.151047628118,580048,580.048
133,476.235632239144,499330,499.33
134,476.320216635672,427203,427.203
135,476.404800817948,429120,429.12
136,476.489384786216,423218,423.218
137,476.573968540723,444637,444.637
138,476.658552081712,679706,679.706
139,476.74313540943,710740,710.74
140,476.827718524121,564061,564.061
141,476.91230142603,469818,469.818
142,476.996884115403,452487,452.487
143,477.081466592484,433559,433.559
144,477.166048857519,391928,391.928
145,477.250630910753,410748,410.748
146,477.335212752432,411559,411.559
147,477.419794382799,383221,383.221
148,477.504375802101,402876,402.876
149,477.588957010582,408952,408.952
150,477.673538008487,383312,383.312
151,477.758118796063,891553,891.553
152,477.842699373553,1028704,1028.704
153,477.927279741204,740885,740.885
154,478.011859899259,565753,565.753
155,478.096439847965,462739,462.739
156,478.181019587566,414635,414.635
157,478.265599118308,392909,392.909
158,478.350178440435,373320,373.32
159,478.434757554193,362628,362.628
160,478.519336459827,503915,503.915
161,478.603915157582,536691,536.691
162,478.688493647704,450739,450.739
163,478.773071930436,1141498,1141.498
164,478.857650006026,1319997,1319.997
165,478.942227874716,919091,919.091
166,479.026805536754,816392,816.392
167,479.111382992383,739044,739.044
168,479.19596024185,625400,625.4
169,479.280537285398,529793,529.793
170,479.365114123274,446467,446.467
171,479.449690755722,394107,394.107
172,479.534267182988,365064,365.064
173,479.618843405317,349140,349.14
174,479.703419422953,380965,380.965
175,479.787995236142,438978,438.978
176,479.87257084513,431111,431.111
177,479.95714625016,395302,395.302
178,480.041721451479,372037,372.037
179,480.126296449331,361049,361.049
180,480.210871243962,390107,390.107
181,480.295445835617,397050,397.05
182,480.380020224541,411486,411.486
183,480.464594410979,406089,406.089
184,480.549168395175,416910,416.91
185,480.633742177377,414031,414.031
186,480.718315757827,383238,383.238
187,480.802889136772,365301,365.301
188,480.887462314457,352974,352.974
189,480.972035291127,343305,343.305
190,481.056608067026,386834,386.834
191,481.141180642401,545236,545.236
192,481.225753017496,557061,557.061
193,481.310325192556,460235,460.235
194,481.394897167827,442133,442.133
195,481.479468943554,423769,423.769
196,481.564040519981,390317,390.317
197,481.648611897354,370670,370.67
198,481.733183075918,353741,353.741
199,481.817754055918,385272,385.272
200,481.9023248376,390810,390.81
201,481.986895421208,401214,401.214
202,482.071465806988,808210,808.21
203,482.156035995184,897630,897.63
204,482.240605986042,700540,700.54
205,482.325175779807,569760,569.76
206,482.409745376725,471002,471.002
207,482.494314777039,412239,412.239
208,482.578883980996,380660,380.66
209,482.663452988841,364976,364.976
210,482.748021800818,352274,352.274
211,482.832590417173,347857,347.857
212,482.91715883815,389248,389.248
213,483.001727063996,433769,433.769
214,483.086295094955,419259,419.259
215,483.170862931273,386269,386.269
216,483.255430573193,375152,375.152
217,483.339998020963,406714,406.714
218,483.424565274826,414595,414.595
219,483.509132335028,386851,386.851
220,483.593699201814,366899,366.899
221,483.678265875429,393622,393.622
222,483.762832356118,393806,393.806
223,483.847398644127,365029,365.029
224,483.9319647397,390527,390.527
225,484.016530643083,530520,530.52
226,484.101096354521,547769,547.769
227,484.185661874258,469120,469.12
228,484.270227202541,415149,415.149
229,484.354792339614,382436,382.436
230,484.439357285722,370387,370.387
231,484.523922041111,400776,400.776
232,484.608486606025,440863,440.863
233,484.69305098071,426782,426.782
234,484.777615165411,413584,413.584
235,484.862179160373,437602,437.602
236,484.946742965841,421764,421.764
237,485.03130658206,419537,419.537
238,485.115870009276,452741,452.741
239,485.200433247733,436752,436.752
240,485.284996297677,398254,398.254
241,485.369559159353,677582,677.582
242,485.454121833005,785453,785.453
243,485.53868431888,625222,625.222
244,485.623246617222,518092,518.092
245,485.707808728276,452960,452.96
246,485.792370652288,402818,402.818
247,485.876932389502,411017,411.017
248,485.961493940164,406254,406.254
249,486.046055304519,378706,378.706
250,486.130616482813,372870,372.87
251,486.215177475289,369996,369.996
252,486.299738282193,440690,440.69
253,486.384298903771,457307,457.307
254,486.468859340268,406884,406.884
255,486.553419591928,372781,372.781
256,486.637979658997,361937,361.937
257,486.722539541719,355097,355.097
258,486.807099240341,381538,381.538
259,486.891658755108,385110,385.11
260,486.976218086263,360632,360.632
261,487.060777234053,348641,348.641
262,487.145336198723,341476,341.476
263,487.229894980517,336258,336.258
264,487.314453579682,341957,341.957
265,487.399011996461,345386,345.386
266,487.483570231101,341034,341.034
267,487.568128283845,339196,339.196
268,487.652686154941,336364,336.364
269,487.737243844632,337937,337.937
270,487.821801353163,394214,394.214
271,487.906358680781,407430,407.43
272,487.990915827729,376934,376.934
273,488.075472794253,361430,361.43
274,488.160029580599,409803,409.803
275,488.244586187011,420507,420.507
276,488.329142613735,390706,390.706
277,488.413698861015,449692,449.692
278,488.498254929097,458944,458.944
279,488.582810818225,454249,454.249
280,488.667366528646,449935,449.935
281,488.751922060605,410281,410.281
282,488.836477414345,385335,385.335
283,488.921032590113,376231,376.231
284,489.005587588153,388863,388.863
285,489.090142408711,724034,724.034
286,489.174697052032,838507,838.507
287,489.259251518361,694454,694.454
288,489.343805807943,568140,568.14
289,489.428359921024,467706,467.706
290,489.512913857847,407617,407.617
291,489.597467618659,379441,379.441
292,489.682021203705,507463,507.463
293,489.76657461323,537145,537.145
294,489.851127847479,450204,450.204
295,489.935680906696,420649,420.649
296,490.020233791128,398262,398.262
297,490.104786501019,368761,368.761
298,490.189339036615,395850,395.85
299,490.27389139816,400627,400.627
300,490.3584435859,372840,372.84
301,490.44299560008,355007,355.007
302,490.527547440945,344041,344.041
303,490.612099108739,337137,337.137
304,490.69665060371,334453,334.453
305,490.7812019261,336586,336.586
306,490.865753076156,376933,376.933
307,490.950304054123,390141,390.141
308,491.034854860246,371994,371.994
309,491.119405494769,359162,359.162
310,491.203955957939,352962,352.962
311,491.288506249999,353480,353.48
312,491.373056371197,347033,347.033
313,491.457606321775,386595,386.595
314,491.54215610198,410361,410.361
315,491.626705712057,386017,386.017
316,491.711255152251,361610,361.61
317,491.795804422807,346211,346.211
318,491.88035352397,338097,338.097
319,491.964902455985,340127,340.127
320,492.049451219098,384409,384.409
321,492.133999813553,391267,391.267
322,492.218548239596,367215,367.215
323,492.303096497471,390186,390.186
324,492.387644587425,420272,420.272
325,492.472192509702,442433,442.433
326,492.556740264546,525638,525.638
327,492.641287852205,514965,514.965
328,492.725835272921,436117,436.117
329,492.810382526942,402539,402.539
330,492.894929614511,512065,512.065
331,492.979476535874,530363,530.363
332,493.064023291276,451293,451.293
333,493.148569880962,432045,432.045
334,493.233116305178,411233,411.233
335,493.317662564167,375878,375.878
336,493.402208658177,365390,365.39
337,493.486754587451,356738,356.738
338,493.571300352235,345258,345.258
339,493.655845952774,337838,337.838
340,493.740391389313,375894,375.894
341,493.824936662097,385398,385.398
342,493.909481771372,394014,394.014
343,493.994026717382,388522,388.522
344,494.078571500372,362993,362.993
345,494.163116120589,353865,353.865
346,494.247660578276,349315,349.315
347,494.33220487368,703047,703.047
348,494.416749007044,803330,803.33
349,494.501292978615,614287,614.287
350,494.585836788637,496367,496.367
351,494.670380437356,427902,427.902
352,494.754923925017,394902,394.902
353,494.839467251864,416757,416.757
354,494.924010418144,411336,411.336
355,495.0085534241,378834,378.834
356,495.093096269979,544337,544.337
357,495.177638956025,583174,583.174
358,495.262181482484,517762,517.762
359,495.3467238496,500000,500
360,495.431266057619,449505,449.505
361,495.515808106786,442800,442.8
362,495.600349997346,428496,428.496
363,495.684891729544,390481,390.481
364,495.769433303626,386236,386.236
365,495.853974719836,374476,374.476
366,495.938515978419,352772,352.772
367,496.023057079622,343336,343.336
368,496.107598023688,341285,341.285
369,496.192138810863,379718,379.718
370,496.276679441392,386936,386.936
371,496.361219915521,385073,385.073
372,496.445760233493,746163,746.163
373,496.530300395556,833129,833.129
374,496.614840401953,628192,628.192
375,496.69938025293,568824,568.824
376,496.783919948731,516760,516.76
377,496.868459489603,480809,480.809
378,496.95299887579,446848,446.848
379,497.037538107538,487000,487
380,497.12207718509,481885,481.885
381,497.206616108694,458163,458.163
382,497.291154878593,435017,435.017
383,497.375693495033,398179,398.179
384,497.460231958259,371649,371.649
385,497.544770268516,357883,357.883
386,497.629308426049,356099,356.099
387,497.713846431104,349805,349.805
388,497.798384283926,379152,379.152
389,497.882921984759,384374,384.374
390,497.967459533848,364788,364.788
391,498.05199693144,394964,394.964
392,498.136534177779,444865,444.865
393,498.22107127311,432735,432.735
394,498.305608217678,390737,390.737
395,498.390145011729,366783,366.783
396,498.474681655507,352754,352.754
397,498.559218149259,347609,347.609
398,498.643754493228,349136,349.136
399,498.72829068766,343586,343.586
400,498.8128267328,335523,335.523
401,498.897362628894,333067,333.067
402,498.981898376185,335064,335.064
403,499.066433974921,341165,341.165
404,499.150969425345,385799,385.799
405,499.235504727703,567764,567.764
406,499.32003988224,589707,589.707
407,499.404574889201,518719,518.719
408,499.489109748831,474965,474.965
409,499.573644461376,421652,421.652
410,499.65817902708,384677,384.677
411,499.742713446188,365551,365.551
412,499.827247718947,354682,354.682
413,499.9117818456,347759,347.759
414,499.996315826393,339852,339.852
415,500.080849661572,335846,335.846
416,500.165383351381,336960,336.96
417,500.249916896065,334362,334.362
418,500.33445029587,337511,337.511
419,500.41898355104,556254,556.254
420,500.503516661822,617242,617.242
421,500.588049628459,498357,498.357
422,500.672582451197,435490,435.49
423,500.757115130282,398340,398.34
424,500.841647665958,373067,373.067
425,500.92618005847,356048,356.048
426,501.010712308064,647132,647.132
427,501.095244414985,762755,762.755
428,501.179776379478,648447,648.447
429,501.264308201788,541506,541.506
430,501.34883988216,497838,497.838
431,501.433371420839,456482,456.482
432,501.517902818071,398644,398.644
433,501.6024340741,414836,414.836
434,501.686965189172,442044,442.044
435,501.771496163532,415672,415.672
436,501.856026997425,377294,377.294
437,501.940557691096,353889,353.889
438,502.02508824479,341601,341.601
439,502.109618658753,384115,384.115
440,502.194148933229,393243,393.243
441,502.278679068464,364095,364.095
442,502.363209064702,352767,352.767
443,502.44773892219,344127,344.127
444,502.532268641171,374743,374.743
445,502.616798221892,386134,386.134
446,502.701327664597,369394,369.394
447,502.785856969531,356828,356.828
448,502.87038613694,386085,386.085
449,502.954915167069,427606,427.606
450,503.039444060163,411911,411.911
451,503.123972816466,377923,377.923
452,503.208501436225,403581,403.581
453,503.293029919684,412962,412.962
454,503.377558267088,425990,425.99
455,503.462086478683,459283,459.283
456,503.546614554714,485885,485.885
457,503.631142495425,456773,456.773
458,503.715670301062,403276,403.276
459,503.800197971871,369918,369.918
460,503.884725508095,352353,352.353
461,503.969252909981,379508,379.508
462,504.053780177773,425546,425.546
463,504.138307311717,418671,418.671
464,504.222834312058,426535,426.535
465,504.307361179041,422828,422.828
466,504.39188791291,431313,431.313
467,504.476414513912,439756,439.756
468,504.560940982291,601176,601.176
469,504.645467318292,622258,622.258
470,504.729993522161,498333,498.333
471,504.814519594143,462421,462.421
472,504.899045534482,461142,461.142
473,504.983571343424,486527,486.527
474,505.068097021215,500782,500.782
475,505.152622568098,493478,493.478
476,505.23714798432,618289,618.289
477,505.321673270126,612494,612.494
478,505.40619842576,495887,495.887
479,505.490723451468,426246,426.246
480,505.575248347494,422580,422.58
481,505.659773114085,407646,407.646
482,505.744297751485,700904,700.904
483,505.828822259939,815626,815.626
484,505.913346639693,641185,641.185
485,505.997870890991,510910,510.91
486,506.082395014079,434968,434.968
487,506.166919009201,392716,392.716
488,506.251442876604,366498,366.498
489,506.335966616531,388116,388.116
490,506.420490229229,388898,388.898
491,506.505013714942,369451,369.451
492,506.589537073916,361609,361.609
493,506.674060306396,388576,388.576
494,506.758583412626,399631,399.631
495,506.843106392852,377380,377.38
496,506.927629247319,360592,360.592
497,507.012151976272,348494,348.494
498,507.096674579957,381803,381.803
499,507.181197058618,403671,403.671
500,507.2657194125,384782,384.782
501,507.350241641849,697801,697.801
502,507.43476374691,821507,821.507
503,507.519285727928,647407,647.407
504,507.603807585148,512598,512.598
505,507.688329318816,440915,440.915
506,507.772850929175,439039,439.039
507,507.857372416473,463105,463.105
508,507.941893780953,436167,436.167
509,508.02641502286,396569,396.569
510,508.110936142441,371133,371.133
511,508.195457139939,390082,390.082
512,508.279978015601,388949,388.949
513,508.364498769671,370420,370.42
514,508.449019402395,358262,358.262
515,508.533539914017,347770,347.77
516,508.618060304783,376628,376.628
517,508.702580574937,381370,381.37
518,508.787100724726,360549,360.549
519,508.871620754394,367337,367.337
520,508.956140664186,539177,539.177
521,509.040660454347,629392,629.392
522,509.125180125123,719700,719.7
523,509.209699676758,682130,682.13
524,509.294219109499,761327,761.327
525,509.378738423589,735484,735.484
526,509.463257619274,607816,607.816
527,509.5477766968,518718,518.718
528,509.632295656411,436035,436.035
529,509.716814498352,388276,388.276
530,509.801333222869,360515,360.515
531,509.885851830207,345976,345.976
532,509.97037032061,343213,343.213
533,510.054888694324,338846,338.846
534,510.139406951595,382562,382.562
535,510.223925092667,393400,393.4
536,510.308443117785,366378,366.378
537,510.392961027195,357586,357.586
538,510.477478821141,391660,391.66
539,510.56199649987,434904,434.904
540,510.646514063625,463692,463.692
541,510.731031512652,483946,483.946
542,510.815548847197,450313,450.313
543,510.900066067503,408714,408.714
544,510.984583173818,379649,379.649
545,511.069100166384,395379,395.379
546,511.153617045449,392691,392.691
547,511.238133811256,406437,406.437
548,511.322650464052,402637,402.637
549,511.407167004081,370333,370.333
550,511.491683431587,435643,435.643
551,511.576199746818,448168,448.168
552,511.660715950017,438701,438.701
553,511.745232041429,422750,422.75
554,511.829748021301,384698,384.698
555,511.914263889876,365271,365.271
556,511.9987796474,367157,367.157
557,512.083295294119,361630,361.63
558,512.167810830277,355437,355.437
559,512.252326256119,380492,380.492
560,512.336841571891,415886,415.886
561,512.421356777838,581769,581.769
562,512.505871874205,602680,602.68
563,512.590386861236,533561,533.561
564,512.674901739178,476262,476.262
565,512.759416508275,416312,416.312
566,512.843931168773,380134,380.134
567,512.928445720916,398540,398.54
568,513.01296016495,436855,436.855
569,513.097474501119,417769,417.769
570,513.18198872967,382330,382.33
571,513.266502850847,364148,364.148
572,513.351016864895,392499,392.499
573,513.435530772059,399189,399.189
574,513.520044572585,371513,371.513
575,513.604558266717,353815,353.815
576,513.689071854701,425326,425.326
577,513.773585336782,466731,466.731
578,513.858098713206,473686,473.686
579,513.942611984216,486653,486.653
580,514.027125150058,522914,522.914
581,514.111638210978,537725,537.725
582,514.196151167221,483375,483.375
583,514.280664019031,417924,417.924
584,514.365176766654,383538,383.538
585,514.449689410336,396906,396.906
586,514.53420195032,432042,432.042
587,514.618714386852,416453,416.453
588,514.703226720178,378546,378.546
589,514.787738950542,357468,357.468
590,514.87225107819,344211,344.211
591,514.956763103367,335737,335.737
592,515.041275026318,331796,331.796
593,515.125786847287,420590,420.59
594,515.210298566521,443452,443.452
595,515.294810184265,394438,394.438
596,515.379321700762,369198,369.198
597,515.463833116259,360301,360.301
598,515.548344431001,349489,349.489
599,515.632855645233,381787,381.787
600,515.7173667592,389170,389.17
601,515.801877773147,383163,383.163
602,515.886388687319,409755,409.755
603,515.970899501962,399583,399.583
604,516.05541021732,367900,367.9
605,516.139920833639,351030,351.03
606,516.224431351163,344009,344.009
607,516.308941770138,342536,342.536
608,516.39345209081,338201,338.201
609,516.477962313423,331796,331.796
610,516.562472438222,366059,366.059
611,516.646982465452,416160,416.16
612,516.731492395359,468675,468.675
613,516.816002228188,458953,458.953
614,516.900511964184,408811,408.811
615,516.985021603591,452502,452.502
616,517.069531146656,530716,530.716
617,517.154040593623,618823,618.823
618,517.238549944738,579203,579.203
619,517.323059200245,510540,510.54
620,517.40756836039,462285,462.285
621,517.492077425417,408666,408.666
622,517.576586395573,374578,374.578
623,517.661095271101,679341,679.341
624,517.745604052248,758028,758.028
625,517.830112739258,576691,576.691
626,517.914621332376,554758,554.758
627,517.999129831848,522947,522.947
628,518.083638237919,448270,448.27
629,518.168146550834,400841,400.841
630,518.252654770838,370714,370.714
631,518.337162898176,356559,356.559
632,518.421670933093,346315,346.315
633,518.506178875835,338778,338.778
634,518.590686726646,333394,333.394
635,518.675194485772,338409,338.409
636,518.759702153457,376651,376.651
637,518.844209729948,386135,386.135
638,518.928717215489,364466,364.466
639,519.013224610325,389009,389.009
640,519.097731914701,399852,399.852
641,519.182239128863,378449,378.449
642,519.266746253055,363419,363.419
643,519.351253287523,353258,353.258
644,519.435760232512,345049,345.049
645,519.520267088267,342051,342.051
646,519.604773855033,338621,338.621
647,519.689280533056,334604,334.604
648,519.77378712258,333741,333.741
649,519.85829362385,330006,330.006
650,519.942800037113,371775,371.775
651,520.027306362612,383413,383.413
652,520.111812600593,359063,359.063
653,520.196318751301,344977,344.977
654,520.280824814981,336080,336.08
655,520.365330791879,330845,330.845
656,520.449836682239,334665,334.665
657,520.534342486307,340308,340.308
658,520.618848204327,338622,338.622
659,520.703353836546,371577,371.577
660,520.787859383207,379195,379.195
661,520.872364844557,433923,433.923
662,520.95687022084,659520,659.52
663,521.041375512301,673776,673.776
664,521.125880719186,528482,528.482
665,521.21038584174,443300,443.3
666,521.294890880208,543747,543.747
667,521.379395834834,555214,555.214
668,521.463900705865,495043,495.043
669,521.548405493545,452526,452.526
670,521.632910198119,400741,400.741
671,521.717414819833,370744,370.744
672,521.801919358931,352134,352.134
673,521.88642381566,340594,340.594
674,521.970928190263,377669,377.669
675,522.055432482986,2498825,2498.825
676,522.139936694074,3063868,3063.868
677,522.224440823773,1955816,1955.816
678,522.308944872327,1291058,1291.058
679,522.393448839982,888117,888.117
680,522.477952726982,694348,694.348
681,522.562456533574,765025,765.025
682,522.646960260001,717358,717.358
683,522.731463906509,604068,604.068
684,522.815967473344,560769,560.769
685,522.90047096075,487388,487.388
686,522.984974368973,417485,417.485
687,523.069477698257,377627,377.627
688,523.153980948848,357239,357.239
689,523.238484120991,345886,345.886
690,523.322987214931,340461,340.461
691,523.407490230914,377382,377.382
692,523.491993169183,429882,429.882
693,523.576496029985,817057,817.057
694,523.660998813565,890268,890.268
695,523.745501520167,986341,986.341
696,523.830004150038,940148,940.148
697,523.914506703421,688234,688.234
698,523.999009180562,538941,538.941
699,524.083511581707,448455,448.455
700,524.1680139071,396615,396.615
701,524.252516156987,366857,366.857
702,524.337018331612,348925,348.925
703,524.421520431221,379130,379.13
704,524.506022456059,389514,389.514
705,524.590524406371,365656,365.656
706,524.675026282403,587423,587.423
707,524.759528084398,652668,652.668
708,524.844029812603,522163,522.163
709,524.928531467263,440632,440.632
710,525.013033048623,590569,590.569
711,525.097534556927,626631,626.631
712,525.182035992421,507431,507.431
713,525.266537355351,430894,430.894
714,525.351038645961,390256,390.256
715,525.435539864496,411973,411.973
716,525.520041011202,408705,408.705
717,525.604542086324,381202,381.202
718,525.689043090106,460653,460.653
719,525.773544022794,472217,472.217
720,525.858044884634,460864,460.864
721,525.942545675869,444479,444.479
722,526.027046396746,397822,397.822
723,526.11154704751,370974,370.974
724,526.196047628405,357754,357.754
725,526.280548139677,394691,394.691
726,526.36504858157,402022,402.022
727,526.449548954331,372943,372.943
728,526.534049258204,362263,362.263
729,526.618549493434,394907,394.907
730,526.703049660267,396980,396.98
731,526.787549758947,373909,373.909
732,526.87204978972,395053,395.053
733,526.956549752831,401282,401.282
734,527.041049648525,379881,379.881
735,527.125549477046,361864,361.864
736,527.210049238641,557482,557.482
737,527.294548933555,634547,634.547
738,527.379048562032,528511,528.511
739,527.463548124317,447880,447.88
740,527.548047620657,415413,415.413
741,527.632547051295,393456,393.456
742,527.717046416477,376839,376.839
743,527.801545716449,424936,424.936
744,527.886044951455,436453,436.453
745,527.97054412174,505325,505.325
746,528.05504322755,505404,505.404
747,528.139542269129,436040,436.04
748,528.224041246724,418971,418.971
749,528.308540160578,436147,436.147
750,528.393039010938,423790,423.79
751,528.477537798047,387993,387.993
752,528.562036522152,397940,397.94
753,528.646535183498,433623,433.623
754,528.731033782329,456959,456.959
755,528.815532318891,432354,432.354
756,528.900030793429,395089,395.089
757,528.984529206188,371327,371.327
758,529.069027557414,356703,356.703
759,529.15352584735,347614,347.614
760,529.238024076243,341398,341.398
761,529.322522244338,335659,335.659
762,529.407020351879,335132,335.132
763,529.491518399112,339113,339.113
764,529.576016386283,339792,339.792
765,529.660514313635,337502,337.502
766,529.745012181415,334094,334.094
767,529.829509989866,330665,330.665
768,529.914007739236,329267,329.267
769,529.998505429768,368636,368.636
770,530.083003061708,382898,382.898
771,530.167500635301,363673,363.673
772,530.251998150792,350877,350.877
773,530.336495608426,351152,351.152
774,530.420993008449,386582,386.582
775,530.505490351105,428238,428.238
776,530.589987636639,450636,450.636
777,530.674484865298,463434,463.434
778,530.758982037325,435387,435.387
779,530.843479152966,391847,391.847
780,530.927976212466,366178,366.178
781,531.012473216071,357539,357.539
782,531.096970164025,937923,937.923
783,531.181467056574,1130990,1130.99
784,531.265963893962,820603,820.603
785,531.350460676435,612127,612.127
786,531.434957404238,497197,497.197
787,531.519454077616,432036,432.036
788,531.603950696814,416853,416.853
789,531.688447262078,409243,409.243
790,531.772943773652,386754,386.754
791,531.857440231782,365306,365.306
792,531.941936636713,349627,349.627
793,532.026432988689,378539,378.539
794,532.110929287956,387551,387.551
795,532.19542553476,403429,403.429
796,532.279921729345,399744,399.744
797,532.364417871956,370629,370.629
798,532.448913962839,353411,353.411
799,532.533410002239,346466,346.466
800,532.6179059904,343898,343.898
801,532.702401927568,337912,337.912
802,532.786897813989,335334,335.334
803,532.871393649906,414700,414.7
804,532.955889435567,475357,475.357
805,533.040385171214,447489,447.489
806,533.124880857094,732471,732.471
807,533.209376493452,794272,794.272
808,533.293872080533,603931,603.931
809,533.378367618582,489309,489.309
810,533.462863107844,688172,688.172
811,533.547358548564,723058,723.058
812,533.631853940988,596029,596.029
813,533.71634928536,513522,513.522
814,533.800844581926,565098,565.098
815,533.885339830931,552269,552.269
816,533.96983503262,463437,463.437
817,534.054330187238,408366,408.366
818,534.13882529503,409217,409.217
819,534.223320356242,400163,400.163
820,534.307815371118,369532,369.532
821,534.392310339903,351585,351.585
822,534.476805262844,340797,340.797
823,534.561300140184,336063,336.063
824,534.64579497217,411842,411.842
825,534.730289759045,430829,430.829
826,534.814784501056,425835,425.835
827,534.899279198448,417074,417.074
828,534.983773851465,383376,383.376
829,535.068268460352,398787,398.787
830,535.152763025356,508565,508.565
831,535.23725754672,725527,725.527
832,535.321752024691,724347,724.347
833,535.406246459513,570815,570.815
834,535.490740851431,467156,467.156
835,535.575235200691,406138,406.138
836,535.659729507538,374247,374.247
837,535.744223772216,5042022,5042.022
838,535.828717994971,6369986,6369.986
839,535.913212176048,3839655,3839.655
840,535.997706315693,2337353,2337.353
841,536.08220041415,1590317,1590.317
842,536.166694471664,1132410,1132.41
843,536.251188488481,795124,795.124
844,536.335682464845,598764,598.764
845,536.420176401003,489108,489.108
846,536.504670297198,423891,423.891
847,536.589164153677,383127,383.127
848,536.673657970684,362013,362.013
849,536.758151748464,362495,362.495
850,536.842645487263,357466,357.466
851,536.927139187325,346361,346.361
852,537.011632848896,378786,378.786
853,537.096126472221,392877,392.877
854,537.180620057546,422101,422.101
855,537.265113605114,455863,455.863
856,537.349607115172,429803,429.803
857,537.434100587964,401162,401.162
858,537.518594023736,380742,380.742
859,537.603087422733,364801,364.801
860,537.687580785199,361721,361.721
861,537.772074111381,396010,396.01
862,537.856567401522,531124,531.124
863,537.941060655869,694392,694.392
864,538.025553874667,700332,700.332
865,538.11004705816,685389,685.389
866,538.194540206593,788267,788.267
867,538.279033320213,993032,993.032
868,538.363526399263,1283826,1283.826
869,538.44801944399,1627488,1627.488
870,538.532512454637,1984680,1984.68
871,538.617005431451,2336089,2336.089
872,538.701498374677,2543509,2543.509
873,538.785991284559,2614676,2614.676
874,538.870484161343,2618041,2618.041
875,538.954977005273,2580112,2580.112
876,539.039469816596,2442576,2442.576
877,539.123962595556,2246412,2246.412
878,539.208455342398,2143178,2143.178
879,539.292948057368,2049029,2049.029
880,539.37744074071,1878811,1878.811
881,539.46193339267,1760777,1760.777
882,539.546426013493,1681844,1681.844
883,539.630918603424,1647375,1647.375
884,539.715411162708,1561805,1561.805
885,539.79990369159,1471657,1471.657
886,539.884396190315,1383570,1383.57
887,539.968888659129,1576966,1576.966
888,540.053381098277,1624296,1624.296
889,540.137873508003,1382045,1382.045
890,540.222365888553,1161734,1161.734
891,540.306858240173,1002410,1002.41
892,540.391350563106,869332,869.332
893,540.475842857599,831632,831.632
894,540.560335123896,757038,757.038
895,540.644827362243,675420,675.42
896,540.729319572884,636447,636.447
897,540.813811756066,559767,559.767
898,540.898303912032,477919,477.919
899,540.982796041028,422897,422.897
900,541.0672881433,386323,386.323
901,541.151780219092,368885,368.885
902,541.23627226865,355434,355.434
903,541.320764292218,344279,344.279
904,541.405256290042,343830,343.83
905,541.489748262367,371904,371.904
906,541.574240209438,428154,428.154
907,541.6587321315,423904,423.904
908,541.743224028798,426015,426.015
909,541.827715901578,414049,414.049
910,541.912207750085,376959,376.959
911,541.996699574563,362647,362.647
912,542.081191375258,356202,356.202
913,542.165683152415,390934,390.934
914,542.250174906279,394967,394.967
915,542.334666637096,366019,366.019
916,542.41915834511,350705,350.705
917,542.503650030566,587829,587.829
918,542.58814169371,689089,689.089
919,542.672633334787,645708,645.708
920,542.757124954042,570662,570.662
921,542.841616551719,473275,473.275
922,542.926108128065,453341,453.341
923,543.010599683325,431290,431.29
924,543.095091217743,397838,397.838
925,543.179582731564,682829,682.829
926,543.264074225034,750411,750.411
927,543.348565698398,575357,575.357
928,543.433057151901,472741,472.741
929,543.517548585789,412898,412.898
930,543.602040000305,454888,454.888
931,543.686531395696,499276,499.276
932,543.771022772206,461429,461.429
933,543.855514130081,452413,452.413
934,543.940005469566,470918,470.918
935,544.024496790906,438384,438.384
936,544.108988094346,470986,470.986
937,544.193479380131,499932,499.932
938,544.277970648506,452521,452.521
939,544.362461899717,401714,401.714
940,544.446953134009,414060,414.06
941,544.531444351626,411412,411.412
942,544.615935552814,411057,411.057
943,544.700426737818,417473,417.473
944,544.784917906884,398169,398.169
945,544.869409060255,416258,416.258
946,544.953900198178,417404,417.404
947,545.038391320898,387726,387.726
948,545.122882428659,367688,367.688
949,545.207373521708,355178,355.178
950,545.291864600288,348111,348.111
951,545.376355664645,343564,343.564
952,545.460846715024,702491,702.491
953,545.545337751671,806893,806.893
954,545.62982877483,618806,618.806
955,545.714319784747,539877,539.877
956,545.798810781666,525751,525.751
957,545.883301765834,478703,478.703
958,545.967792737495,457623,457.623
959,546.052283696893,440313,440.313
960,546.136774644275,441701,441.701
961,546.221265579886,426605,426.605
962,546.30575650397,392922,392.922
963,546.390247416772,371781,371.781
964,546.474738318539,356112,356.112
965,546.559229209514,353565,353.565
966,546.643720089944,349297,349.297
967,546.728210960073,341532,341.532
968,546.812701820146,366685,366.685
969,546.897192670409,427186,427.186
970,546.981683511106,429802,429.802
971,547.066174342483,395098,395.098
972,547.150665164785,393674,393.674
973,547.235155978257,423475,423.475
974,547.319646783145,414135,414.135
975,547.404137579692,389537,389.537
976,547.488628368145,373952,373.952
977,547.573119148749,358128,358.128
978,547.657609921748,351953,351.953
979,547.742100687388,387343,387.343
980,547.826591445914,392760,392.76
981,547.911082197572,375742,375.742
982,547.995572942605,369177,369.177
983,548.08006368126,357671,357.671
984,548.164554413782,351160,351.16
985,548.249045140415,347182,347.182
986,548.333535861404,347132,347.132
987,548.418026576996,539749,539.749
988,548.502517287435,589740,589.74
989,548.587007992966,489303,489.303
990,548.671498693834,428802,428.802
991,548.755989390285,461306,461.306
992,548.840480082563,497835,497.835
993,548.924970770915,458260,458.26
994,549.009461455584,411171,411.171
995,549.093952136815,419746,419.746
996,549.178442814856,409679,409.679
997,549.262933489949,376457,376.457
998,549.347424162341,445662,445.662
999,549.431914832276,460651,460.651
1000,549.5164055,410193,410.193
1001,549.600896165758,401514,401.514
1002,549.685386829794,391762,391.762
1003,549.769877492355,370516,370.516
1004,549.854368153685,363856,363.856
1005,549.938858814029,563058,563.058
1006,550.023349473633,651680,651.68
1007,550.107840132742,592382,592.382
1008,550.1923307916,515456,515.456
1009,550.276821450453,438671,438.671
1010,550.361312109546,397770,397.77
1011,550.445802769124,417352,417.352
1012,550.530293429432,416259,416.259
1013,550.614784090716,384542,384.542
1014,550.69927475322,367294,367.294
1015,550.78376541719,356120,356.12
1016,550.868256082871,346693,346.693
1017,550.952746750508,346978,346.978
1018,551.037237420346,382432,382.432
1019,551.12172809263,393967,393.967
1020,551.206218767606,373547,373.547
1021,551.290709445518,359686,359.686
1022,551.375200126611,349690,349.69
1023,551.459690811131,390244,390.244
1024,551.544181499323,402787,402.787
1025,551.628672191433,380626,380.626
1026,551.713162887704,363847,363.847
1027,551.797653588383,350381,350.381
1028,551.882144293714,343119,343.119
1029,551.966635003943,342388,342.388
1030,552.051125719314,385542,385.542
1031,552.135616440073,464667,464.667
1032,552.220107166465,457880,457.88
1033,552.304597898735,436630,436.63
1034,552.389088637129,417892,417.892
1035,552.473579381891,622087,622.087
1036,552.558070133266,670198,670.198
1037,552.6425608915,536768,536.768
1038,552.727051656838,458566,458.566
1039,552.811542429524,694485,694.485
1040,552.896033209805,742294,742.294
1041,552.980523997925,616033,616.033
1042,553.065014794129,526457,526.457
1043,553.149505598662,449419,449.419
1044,553.23399641177,408090,408.09
1045,553.318487233698,420942,420.942
1046,553.402978064691,567812,567.812
1047,553.487468904993,705314,705.314
1048,553.571959754851,641525,641.525
1049,553.656450614509,513420,513.42
1050,553.740941484213,435787,435.787
1051,553.825432364206,466193,466.193
1052,553.909923254736,466364,466.364
1053,553.994414156046,487085,487.085
1054,554.078905068382,474286,474.286
1055,554.16339599199,416867,416.867
1056,554.247886927113,389013,389.013
1057,554.332377873998,635794,635.794
1058,554.416868832889,696768,696.768
1059,554.501359804032,547963,547.963
1060,554.585850787671,461862,461.862
1061,554.670341784053,409635,409.635
1062,554.754832793421,378624,378.624
1063,554.839323816021,360832,360.832
1064,554.923814852099,349179,349.179
1065,555.008305901899,346758,346.758
1066,555.092796965667,427351,427.351
1067,555.177288043647,446785,446.785
1068,555.261779136085,694075,694.075
1069,555.346270243226,751467,751.467
1070,555.430761365315,621923,621.923
1071,555.515252502597,567381,567.381
1072,555.599743655318,509154,509.154
1073,555.684234823722,448189,448.189
1074,555.768726008055,449803,449.803
1075,555.853217208561,473026,473.026
1076,555.937708425486,440442,440.442
1077,556.022199659075,664272,664.272
1078,556.106690909574,717896,717.896
1079,556.191182177226,602855,602.855
1080,556.275673462278,517587,517.587
1081,556.360164764975,478065,478.065
1082,556.444656085561,499898,499.898
1083,556.529147424282,470194,470.194
1084,556.613638781383,424304,424.304
1085,556.698130157109,398908,398.908
1086,556.782621551706,416954,416.954
1087,556.867112965417,414625,414.625
1088,556.951604398489,447920,447.92
1089,557.036095851167,525523,525.523
1090,557.120587323695,500137,500.137
1091,557.20507881632,428065,428.065
1092,557.289570329285,387288,387.288
1093,557.374061862836,404151,404.151
1094,557.458553417219,414777,414.777
1095,557.543044992678,425241,425.241
1096,557.627536589459,418504,418.504
1097,557.712028207806,433435,433.435
1098,557.796519847966,424786,424.786
1099,557.881011510182,465486,465.486
1100,557.9655031947,507901,507.901
1101,558.049994901765,467920,467.92
1102,558.134486631623,414217,414.217
1103,558.218978384519,380221,380.221
1104,558.303470160697,398557,398.557
1105,558.387961960402,397247,397.247
1106,558.472453783881,397199,397.199
1107,558.556945631378,407830,407.83
1108,558.641437503137,718527,718.527
1109,558.725929399405,897672,897.672
1110,558.810421320427,742320,742.32
1111,558.894913266447,571828,571.828
1112,558.97940523771,476930,476.93
1113,559.063897234463,458288,458.288
1114,559.14838925695,474429,474.429
1115,559.232881305415,446035,446.035
1116,559.317373380105,399436,399.436
1117,559.401865481264,415636,415.636
1118,559.486357609138,414399,414.399
1119,559.570849763971,381212,381.212
1120,559.65534194601,369264,369.264
1121,559.739834155498,406814,406.814
1122,559.824326392681,410570,410.57
1123,559.908818657804,419653,419.653
1124,559.993310951113,410979,410.979
1125,560.077803272852,379860,379.86
1126,560.162295623266,364978,364.978
1127,560.246788002602,353784,353.784
1128,560.331280411103,387209,387.209
1129,560.415772849015,432619,432.619
1130,560.500265316583,464656,464.656
1131,560.584757814052,520873,520.873
1132,560.669250341668,497732,497.732
1133,560.753742899676,428137,428.137
1134,560.83823548832,427774,427.774
1135,560.922728107845,416288,416.288
1136,561.007220758498,382314,382.314
1137,561.091713440523,364795,364.795
1138,561.176206154165,353468,353.468
1139,561.260698899669,351248,351.248
1140,561.345191677281,348253,348.253
1141,561.429684487245,343313,343.313
1142,561.514177329807,342872,342.872
1143,561.598670205212,343458,343.458
1144,561.683163113705,355490,355.49
1145,561.767656055531,357001,357.001
1146,561.852149030935,387336,387.336
1147,561.936642040163,434831,434.831
1148,562.021135083459,421410,421.41
1149,562.105628161069,387715,387.715
1150,562.190121273237,410491,410.491
1151,562.27461442021,409388,409.388
1152,562.359107602232,507122,507.122
1153,562.443600819547,522476,522.476
1154,562.528094072403,481166,481.166
1155,562.612587361042,547963,547.963
1156,562.697080685712,568276,568.276
1157,562.781574046656,535521,535.521
1158,562.866067444119,687920,687.92
1159,562.950560878348,688929,688.929
1160,563.035054349587,542466,542.466
1161,563.119547858082,496296,496.296
1162,563.204041404076,464365,464.365
1163,563.288534987816,429963,429.963
1164,563.373028609547,399863,399.863
1165,563.457522269514,376083,376.083
1166,563.542015967961,363922,363.922
1167,563.626509705135,392086,392.086
1168,563.71100348128,435278,435.278
1169,563.795497296641,421009,421.009
1170,563.879991151464,384150,384.15
1171,563.964485045993,363463,363.463
1172,564.048978980475,352404,352.404
1173,564.133472955153,358198,358.198
1174,564.217966970273,357886,357.886
1175,564.30246102608,392281,392.281
1176,564.386955122819,436420,436.42
1177,564.471449260736,459701,459.701
1178,564.555943440075,434484,434.484
1179,564.640437661083,392060,392.06
1180,564.724931924002,1218222,1218.222
1181,564.80942622908,1484880,1484.88
1182,564.893920576561,1032087,1032.087
1183,564.97841496669,776748,776.748
1184,565.062909399713,623317,623.317
1185,565.147403875874,624642,624.642
1186,565.231898395419,587056,587.056
1187,565.316392958592,483690,483.69
1188,565.400887565639,419787,419.787
1189,565.485382216806,384791,384.791
1190,565.569876912336,363986,363.986
1191,565.654371652476,350053,350.053
1192,565.73886643747,375390,375.39
1193,565.823361267564,387024,387.024
1194,565.907856143003,598147,598.147
1195,565.992351064031,653869,653.869
1196,566.076846030894,529572,529.572
1197,566.161341043838,450373,450.373
1198,566.245836103106,400242,400.242
1199,566.330331208945,375051,375.051
1200,566.4148263616,363397,363.397
1201,566.499321561315,391870,391.87
1202,566.583816808336,395333,395.333
1203,566.668312102908,410057,410.057
1204,566.752807445276,403948,403.948
1205,566.837302835685,390501,390.501
1206,566.92179827438,401917,401.917
1207,567.006293761607,392000,392
1208,567.090789297611,369564,369.564
1209,567.175284882636,418575,418.575
1210,567.259780516928,431469,431.469
1211,567.344276200732,392276,392.276
1212,567.428771934293,368795,368.795
1213,567.513267717856,392092,392.092
1214,567.597763551667,392772,392.772
1215,567.68225943597,367981,367.981
1216,567.766755371011,587159,587.159
1217,567.851251357034,648951,648.951
1218,567.935747394286,519774,519.774
1219,568.020243483011,516973,516.973
1220,568.104739623454,492905,492.905
1221,568.18923581586,682830,682.83
1222,568.273732060474,715759,715.759
1223,568.358228357543,554499,554.499
1224,568.442724707309,462429,462.429
1225,568.52722111002,408898,408.898
1226,568.61171756592,375266,375.266
1227,568.696214075254,363215,363.215
1228,568.780710638267,354778,354.778
1229,568.865207255205,345626,345.626
1230,568.949703926312,348511,348.511
1231,569.034200651834,386993,386.993
1232,569.118697432015,391100,391.1
1233,569.203194267102,367904,367.904
1234,569.287691157338,391373,391.373
1235,569.37218810297,456298,456.298
1236,569.456685104242,564178,564.178
1237,569.5411821614,558960,558.96
1238,569.625679274688,479301,479.301
1239,569.710176444352,465706,465.706
1240,569.794673670637,441138,441.138
1241,569.879170953788,395051,395.051
1242,569.96366829405,406888,406.888
1243,570.048165691668,482929,482.929
1244,570.132663146887,476355,476.355
1245,570.217160659954,499292,499.292
1246,570.301658231112,491306,491.306
1247,570.386155860606,432702,432.702
1248,570.470653548683,399294,399.294
1249,570.555151295587,377461,377.461
1250,570.639649101562,361069,361.069
1251,570.724146966856,350601,350.601
1252,570.808644891712,383765,383.765
1253,570.893142876375,438992,438.992
1254,570.977640921091,440104,440.104
1255,571.062139026105,432959,432.959
1256,571.146637191662,624576,624.576
1257,571.231135418007,652089,652.089
1258,571.315633705386,517502,517.502
1259,571.400132054043,476951,476.951
1260,571.484630464223,485901,485.901
1261,571.569128936172,452159,452.159
1262,571.653627470135,402343,402.343
1263,571.738126066357,457958,457.958
1264,571.822624725083,507910,507.91
1265,571.907123446559,464661,464.661
1266,571.991622231028,494283,494.283
1267,572.076121078737,556399,556.399
1268,572.160619989931,523334,523.334
1269,572.245118964855,488330,488.33
1270,572.329618003753,455705,455.705
1271,572.414117106872,463331,463.331
1272,572.498616274455,519614,519.614
1273,572.583115506749,493056,493.056
1274,572.667614803999,425580,425.58
1275,572.752114166448,385633,385.633
1276,572.836613594344,371192,371.192
1277,572.921113087931,367154,367.154
1278,573.005612647453,356716,356.716
1279,573.090112273157,347960,347.96
1280,573.174611965286,385561,385.561
1281,573.259111724088,466999,466.999
1282,573.343611549805,549567,549.567
1283,573.428111442685,811755,811.755
1284,573.512611402971,853829,853.829
1285,573.597111430909,1155202,1155.202
1286,573.681611526744,1191289,1191.289
1287,573.766111690721,968136,968.136
1288,573.850611923086,774705,774.705
1289,573.935112224083,586810,586.81
1290,574.019612593957,479874,479.874
1291,574.104113032955,427275,427.275
1292,574.18861354132,432557,432.557
1293,574.273114119298,422803,422.803
1294,574.357614767134,425914,425.914
1295,574.442115485074,412416,412.416
1296,574.526616273362,925414,925.414
1297,574.611117132243,1062685,1062.685
1298,574.695618061963,947439,947.439
1299,574.780119062767,855341,855.341
1300,574.8646201349,668747,668.747
1301,574.949121278607,571357,571.357
1302,575.033622494133,531555,531.555
1303,575.118123781723,511479,511.479
1304,575.202625141623,464469,464.469
1305,575.287126574078,407851,407.851
1306,575.371628079332,382528,382.528
1307,575.456129657631,371836,371.836
1308,575.54063130922,366537,366.537
1309,575.625133034344,402692,402.692
1310,575.709634833249,473008,473.008
1311,575.794136706179,465004,465.004
1312,575.878638653379,415432,415.432
1313,575.963140675095,381731,381.731
1314,576.047642771572,358769,358.769
1315,576.132144943055,353230,353.23
1316,576.216647189789,400007,400.007
1317,576.301149512019,409013,409.013
1318,576.38565190999,377977,377.977
1319,576.470154383948,356574,356.574
1320,576.554656934138,349957,349.957
1321,576.639159560804,394933,394.933
1322,576.723662264192,408465,408.465
1323,576.808165044547,729142,729.142
1324,576.892667902114,843393,843.393
1325,576.977170837139,655128,655.128
1326,577.061673849866,515346,515.346
1327,577.146176940541,437987,437.987
1328,577.230680109408,397454,397.454
1329,577.315183356713,379864,379.864
1330,577.399686682701,401608,401.608
1331,577.484190087617,663650,663.65
1332,577.568693571706,709475,709.475
1333,577.653197135214,551185,551.185
1334,577.737700778385,502144,502.144
1335,577.822204501465,463677,463.677
1336,577.906708304698,410118,410.118
1337,577.991212188331,766818,766.818
1338,578.075716152607,855966,855.966
1339,578.160220197773,681078,681.078
1340,578.244724324073,566818,566.818
1341,578.329228531752,552320,552.32
1342,578.413732821056,562046,562.046
1343,578.49823719223,495602,495.602
1344,578.582741645518,426430,426.43
1345,578.667246181166,424455,424.455
1346,578.75175079942,417909,417.909
1347,578.836255500524,427038,427.038
1348,578.920760284723,506339,506.339
1349,579.005265152262,501535,501.535
1350,579.089770103388,439680,439.68
1351,579.174275138344,397666,397.666
1352,579.258780257375,368342,368.342
1353,579.343285460728,354440,354.44
1354,579.427790748647,350206,350.206
1355,579.512296121378,345256,345.256
1356,579.596801579165,338401,338.401
1357,579.681307122253,346387,346.387
1358,579.765812750888,348753,348.753
1359,579.850318465315,339911,339.911
1360,579.934824265779,336544,336.544
1361,580.019330152525,336075,336.075
1362,580.103836125799,543799,543.799
1363,580.188342185844,604406,604.406
1364,580.272848332908,530363,530.363
1365,580.357354567233,475324,475.324
1366,580.441860889067,416183,416.183
1367,580.526367298654,381966,381.966
1368,580.610873796238,440380,440.38
1369,580.695380382066,451072,451.072
1370,580.779887056382,406212,406.212
1371,580.864393819432,440882,440.882
1372,580.94890067146,445932,445.932
1373,581.033407612712,402734,402.734
1374,581.117914643433,377617,377.617
1375,581.202421763867,367855,367.855
1376,581.286928974261,364922,364.922
1377,581.371436274859,394149,394.149
1378,581.455943665907,399789,399.789
1379,581.540451147649,413192,413.192
1380,581.62495872033,405904,405.904
1381,581.709466384197,375120,375.12
1382,581.793974139493,359106,359.106
1383,581.878481986465,426559,426.559
1384,581.962989925357,443132,443.132
1385,582.047497956414,478806,478.806
1386,582.132006079881,518094,518.094
1387,582.216514296004,472047,472.047
1388,582.301022605028,417887,417.887
1389,582.385531007198,494975,494.975
1390,582.470039502758,510115,510.115
1391,582.554548091955,446503,446.503
1392,582.639056775033,406529,406.529
1393,582.723565552238,375976,375.976
1394,582.808074423814,362330,362.33
1395,582.892583390007,353920,353.92
1396,582.977092451061,426203,426.203
1397,583.061601607223,447375,447.375
1398,583.146110858736,423937,423.937
1399,583.230620205847,424394,424.394
1400,583.3151296488,402364,402.364
1401,583.399639187841,410740,410.74
1402,583.484148823214,403781,403.781
1403,583.568658555165,376540,376.54
1404,583.653168383939,361548,361.548
1405,583.73767830978,425371,425.371
1406,583.822188332935,443764,443.764
1407,583.906698453649,435759,435.759
1408,583.991208672165,417852,417.852
1409,584.075718988731,384483,384.483
1410,584.16022940359,400872,400.872
1411,584.244739916987,397806,397.806
1412,584.329250529169,370617,370.617
1413,584.41376124038,353731,353.731
1414,584.498272050865,348127,348.127
1415,584.58278296087,349650,349.65
1416,584.667293970638,451551,451.551
1417,584.751805080417,551177,551.177
1418,584.83631629045,518309,518.309
1419,584.920827600983,445492,445.492
1420,585.005339012262,402594,402.594
1421,585.08985052453,413398,413.398
1422,585.174362138034,442789,442.789
1423,585.258873853018,459419,459.419
1424,585.343385669727,433270,433.27
1425,585.427897588408,390272,390.272
1426,585.512409609304,363400,363.4
1427,585.596921732661,349428,349.428
1428,585.681433958724,369876,369.876
1429,585.765946287739,373352,373.352
1430,585.85045871995,397573,397.573
1431,585.934971255602,441323,441.323
1432,586.019483894941,508626,508.626
1433,586.103996638212,529860,529.86
1434,586.18850948566,471242,471.242
1435,586.27302243753,421832,421.832
1436,586.357535494067,389577,389.577
1437,586.442048655516,634898,634.898
1438,586.526561922122,924619,924.619
1439,586.611075294132,837608,837.608
1440,586.695588771789,630685,630.685
1441,586.780102355339,514373,514.373
1442,586.864616045027,481980,481.98
1443,586.949129841097,444900,444.9
1444,587.033643743797,395320,395.32
1445,587.118157753369,369263,369.263
1446,587.20267187006,355079,355.079
1447,587.287186094115,346244,346.244
1448,587.371700425779,342036,342.036
1449,587.456214865296,337436,337.436
1450,587.540729412912,335341,335.341
1451,587.625244068873,333863,333.863
1452,587.709758833423,370442,370.442
1453,587.794273706808,383417,383.417
1454,587.878788689272,369150,369.15
1455,587.963303781061,356829,356.829
1456,588.047818982419,349360,349.36
1457,588.132334293593,378147,378.147
1458,588.216849714827,427412,427.412
1459,588.301365246366,420891,420.891
1460,588.385880888455,387924,387.924
1461,588.47039664134,365451,365.451
1462,588.554912505266,352447,352.447
1463,588.639428480477,386243,386.243
1464,588.72394456722,453149,453.149
1465,588.808460765738,529242,529.242
1466,588.892977076278,507319,507.319
1467,588.977493499084,437688,437.688
1468,589.062010034401,394917,394.917
1469,589.146526682475,370443,370.443
1470,589.231043443551,355881,355.881
1471,589.315560317874,346439,346.439
1472,589.400077305689,340240,340.24
1473,589.48459440724,338718,338.718
1474,589.569111622774,373454,373.454
1475,589.653628952536,440300,440.3
1476,589.73814639677,439730,439.73
1477,589.822663955722,398133,398.133
1478,589.907181629636,1404525,1404.525
1479,589.991699418759,1758962,1758.962
1480,590.076217323334,1301397,1301.397
1481,590.160735343608,950080,950.08
1482,590.245253479825,688091,688.091
1483,590.329771732231,533922,533.922
1484,590.41429010107,808761,808.761
1485,590.498808586588,861434,861.434
1486,590.58332718903,644167,644.167
1487,590.667845908641,549564,549.564
1488,590.752364745666,482609,482.609
1489,590.83688370035,420978,420.978
1490,590.921402772939,421926,421.926
1491,591.005921963678,489731,489.731
1492,591.090441272811,478372,478.372
1493,591.174960700584,455331,455.331
1494,591.259480247241,465481,465.481
1495,591.343999913029,472928,472.928
1496,591.428519698192,443900,443.9
1497,591.513039602976,399900,399.9
1498,591.597559627625,376661,376.661
1499,591.682079772385,363325,363.325
1500,591.7666000375,349808,349.808
1501,591.851120423216,346281,346.281
1502,591.935640929779,344941,344.941
1503,592.020161557432,362997,362.997
1504,592.104682306422,365315,365.315
1505,592.189203176993,349716,349.716
1506,592.273724169391,339800,339.8
1507,592.35824528386,334177,334.177
1508,592.442766520647,334275,334.275
1509,592.527287879995,378664,378.664
1510,592.611809362151,392726,392.726
1511,592.696330967358,677355,677.355
1512,592.780852695863,748508,748.508
1513,592.865374547911,575834,575.834
1514,592.949896523746,474735,474.735
1515,593.034418623614,419271,419.271
1516,593.11894084776,791901,791.901
1517,593.203463196429,881885,881.885
1518,593.287985669866,656394,656.394
1519,593.372508268317,523312,523.312
1520,593.457030992026,447791,447.791
1521,593.541553841238,403134,403.134
1522,593.626076816199,386091,386.091
1523,593.710599917154,371023,371.023
1524,593.795123144348,357683,357.683
1525,593.879646498027,349115,349.115
1526,593.964169978434,421702,421.702
1527,594.048693585816,445139,445.139
1528,594.133217320417,399794,399.794
1529,594.217741182483,407606,407.606
1530,594.302265172259,402663,402.663
1531,594.38678928999,413538,413.538
1532,594.47131353592,406732,406.732
1533,594.555837910296,413417,413.417
1534,594.640362413363,405186,405.186
1535,594.724887045364,608936,608.936
1536,594.809411806547,656993,656.993
1537,594.893936697155,522013,522.013
1538,594.978461717434,519496,519.496
1539,595.062986867629,494055,494.055
1540,595.147512147985,431965,431.965
1541,595.232037558747,474943,474.943
1542,595.316563100161,548485,548.485
1543,595.401088772471,534938,534.938
1544,595.485614575923,470247,470.247
1545,595.570140510762,417819,417.819
1546,595.654666577233,386844,386.844
1547,595.73919277558,405718,405.718
1548,595.82371910605,420145,420.145
1549,595.908245568888,401998,401.998
1550,595.992772164338,454314,454.314
1551,596.077298892645,543922,543.922
1552,596.161825754055,516204,516.204
1553,596.246352748813,439549,439.549
1554,596.330879877164,400436,400.436
1555,596.415407139353,543522,543.522
1556,596.499934535626,577963,577.963
1557,596.584462066227,496201,496.201
1558,596.668989731401,482681,482.681
1559,596.753517531394,494114,494.114
1560,596.838045466451,497686,497.686
1561,596.922573536817,459996,459.996
1562,597.007101742737,415084,415.084
1563,597.091630084456,744829,744.829
1564,597.17615856222,1001819,1001.819
1565,597.260687176273,865741,865.741
1566,597.345215926861,693442,693.442
1567,597.429744814228,646759,646.759
1568,597.51427383862,568419,568.419
1569,597.598803000283,470717,470.717
1570,597.68333229946,493692,493.692
1571,597.767861736398,480988,480.988
1572,597.852391311341,493601,493.601
1573,597.936921024535,482105,482.105
1574,598.021450876224,461298,461.298
1575,598.105980866655,474402,474.402
1576,598.190510996071,442244,442.244
1577,598.275041264718,436522,436.522
1578,598.359571672842,458003,458.003
1579,598.444102220687,482087,482.087
1580,598.528632908498,454983,454.983
1581,598.613163736522,443507,443.507
1582,598.697694705001,512959,512.959
1583,598.782225814183,530375,530.375
1584,598.866757064312,508023,508.023
1585,598.951288455633,461881,461.881
1586,599.035819988391,445221,445.221
1587,599.120351662832,467938,467.938
1588,599.2048834792,441267,441.267
1589,599.289415437741,393383,393.383
1590,599.3739475387,373925,373.925
1591,599.458479782322,408303,408.303
1592,599.543012168852,448681,448.681
1593,599.627544698535,466101,466.101
1594,599.712077371617,436529,436.529
1595,599.796610188342,395218,395.218
1596,599.881143148956,415696,415.696
1597,599.965676253703,452082,452.082
1598,600.05020950283,435623,435.623
1599,600.13474289658,396317,396.317
1600,600.2192764352,373454,373.454
1601,600.303810118934,399608,399.608
1602,600.388343948028,400847,400.847
1603,600.472877922726,373835,373.835
1604,600.557412043273,397927,397.927
1605,600.641946309916,397304,397.304
1606,600.726480722899,374383,374.383
1607,600.811015282466,362827,362.827
1608,600.895549988864,352406,352.406
1609,600.980084842338,343941,343.941
1610,601.064619843132,370870,370.87
1611,601.149154991491,381156,381.156
1612,601.233690287662,409868,409.868
1613,601.318225731888,412419,412.419
1614,601.402761324415,382943,382.943
1615,601.487297065489,400445,400.445
1616,601.571832955354,404991,404.991
1617,601.656368994255,421401,421.401
1618,601.740905182438,412492,412.492
1619,601.825441520148,379300,379.3
1620,601.90997800763,409523,409.523
1621,601.994514645128,451065,451.065
1622,602.079051432889,462034,462.034
1623,602.163588371157,438912,438.912
1624,602.248125460177,435706,435.706
1625,602.332662700195,423924,423.924
1626,602.417200091456,430575,430.575
1627,602.501737634204,418273,418.273
1628,602.586275328686,385107,385.107
1629,602.670813175145,364577,364.577
1630,602.755351173828,466600,466.6
1631,602.839889324979,492655,492.655
1632,602.924427628843,464055,464.055
1633,603.008966085667,471471,471.471
1634,603.093504695693,442041,442.041
1635,603.178043459169,397574,397.574
1636,603.262582376339,418804,418.804
1637,603.347121447448,445267,445.267
1638,603.431660672741,434410,434.41
1639,603.516200052464,402206,402.206
1640,603.600739586861,372422,372.422
1641,603.685279276178,359349,359.349
1642,603.769819120659,363271,363.271
1643,603.854359120551,359126,359.126
1644,603.938899276098,401621,401.621
1645,604.023439587545,450628,450.628
1646,604.107980055137,433319,433.319
1647,604.19252067912,429365,429.365
1648,604.277061459738,415038,415.038
1649,604.361602397237,380200,380.2
1650,604.446143491862,358966,358.966
1651,604.530684743859,541265,541.265
1652,604.615226153471,721081,721.081
1653,604.699767720944,688632,688.632
1654,604.784309446525,571490,571.49
1655,604.868851330456,511872,511.872
1656,604.953393372984,545699,545.699
1657,605.037935574354,587000,587
1658,605.122477934812,530950,530.95
1659,605.207020454601,707877,707.877
1660,605.291563133967,731991,731.991
1661,605.376105973156,580456,580.456
1662,605.460648972412,486726,486.726
1663,605.545192131981,420431,420.431
1664,605.629735452108,381427,381.427
1665,605.714278933038,359761,359.761
1666,605.798822575015,432516,432.516
1667,605.883366378286,454179,454.179
1668,605.967910343095,405221,405.221
1669,606.052454469688,372273,372.273
1670,606.136998758309,360728,360.728
1671,606.221543209204,397989,397.989
1672,606.306087822618,404839,404.839
1673,606.390632598795,376523,376.523
1674,606.475177537982,397325,397.325
1675,606.559722640423,437423,437.423
1676,606.644267906364,456673,456.673
1677,606.728813336049,468415,468.415
1678,606.813358929724,438107,438.107
1679,606.897904687633,393184,393.184
1680,606.982450610022,366633,366.633
1681,607.066996697137,350657,350.657
1682,607.151542949221,380698,380.698
1683,607.236089366521,426013,426.013
1684,607.320635949282,411960,411.96
1685,607.405182697748,377257,377.257
1686,607.489729612165,408794,408.794
1687,607.574276692777,413397,413.397
1688,607.658823939831,380536,380.536
1689,607.74337135357,400188,400.188
1690,607.827918934241,436984,436.984
1691,607.912466682089,418172,418.172
1692,607.997014597358,380782,380.782
1693,608.081562680293,483170,483.17
1694,608.16611093114,503526,503.526
1695,608.250659350145,472788,472.788
1696,608.335207937551,473667,473.667
1697,608.419756693605,464598,464.598
1698,608.504305618551,427098,427.098
1699,608.588854712634,426054,426.054
1700,608.6734039761,414845,414.845
1701,608.757953409194,502285,502.285
1702,608.84250301216,564402,564.402
1703,608.927052785245,501487,501.487
1704,609.011602728693,440319,440.319
1705,609.096152842749,403791,403.791
1706,609.180703127658,374487,374.487
1707,609.265253583666,354761,354.761
1708,609.349804211018,350631,350.631
1709,609.434355009958,384310,384.31
1710,609.518905980733,387696,387.696
1711,609.603457123586,445936,445.936
1712,609.688008438764,832271,832.271
1713,609.772559926511,884497,884.497
1714,609.857111587073,652427,652.427
1715,609.941663420694,515124,515.124
1716,610.02621542762,436481,436.481
1717,610.110767608096,438198,438.198
1718,610.195319962366,424007,424.007
1719,610.279872490677,382892,382.892
1720,610.364425193274,359828,359.828
1721,610.4489780704,349704,349.704
1722,610.533531122303,346359,346.359
1723,610.618084349226,355053,355.053
1724,610.702637751414,396311,396.311
1725,610.787191329114,435912,435.912
1726,610.87174508257,417466,417.466
1727,610.956299012027,456866,456.866
1728,611.04085311773,457211,457.211
1729,611.125407399925,406898,406.898
1730,611.209961858857,374777,374.777
1731,611.29451649477,636444,636.444
1732,611.37907130791,797671,797.671
1733,611.463626298523,668638,668.638
1734,611.548181466852,564566,564.566
1735,611.632736813144,570802,570.802
1736,611.717292337643,532755,532.755
1737,611.801848040595,461323,461.323
1738,611.886403922244,417661,417.661
1739,611.970959982837,426706,426.706
1740,612.055516222617,447370,447.37
1741,612.14007264183,467021,467.021
1742,612.224629240722,484436,484.436
1743,612.309186019537,464527,464.527
1744,612.39374297852,589719,589.719
1745,612.478300117917,617631,617.631
1746,612.562857437973,710027,710.027
1747,612.647414938933,731783,731.783
1748,612.731972621042,591950,591.95
1749,612.816530484545,480852,480.852
1750,612.901088529688,618976,618.976
1751,612.985646756714,637363,637.363
1752,613.070205165871,546106,546.106
1753,613.154763757402,482547,482.547
1754,613.239322531553,422254,422.254
1755,613.323881488569,425749,425.749
1756,613.408440628695,413901,413.901
1757,613.492999952176,379013,379.013
1758,613.577559459258,400322,400.322
1759,613.662119150185,437258,437.258
1760,613.746679025203,416831,416.831
1761,613.831239084557,382190,382.19
1762,613.915799328492,403826,403.826
1763,614.000359757252,404416,404.416
1764,614.084920371084,379716,379.716
1765,614.169481170232,367553,367.553
1766,614.254042154942,369305,369.305
1767,614.338603325458,363063,363.063
1768,614.423164682026,395667,395.667
1769,614.507726224891,440229,440.229
1770,614.592287954298,421887,421.887
1771,614.676849870492,599286,599.286
1772,614.761411973718,636790,636.79
1773,614.845974264222,507604,507.604
1774,614.930536742248,438452,438.452
1775,615.015099408042,441506,441.506
1776,615.099662261849,428447,428.447
1777,615.184225303914,392437,392.437
1778,615.268788534481,411406,411.406
1779,615.353351953797,407470,407.47
1780,615.437915562106,457134,457.134
1781,615.522479359654,468814,468.814
1782,615.607043346685,416388,416.388
1783,615.691607523446,581724,581.724
1784,615.776171890179,616765,616.765
1785,615.860736447132,498928,498.928
1786,615.94530119455,432773,432.773
1787,616.029866132676,431416,431.416
1788,616.114431261757,422600,422.6
1789,616.198996582037,431677,431.677
1790,616.283562093762,455926,455.926
1791,616.368127797177,471443,471.443
1792,616.452693692527,443183,443.183
1793,616.537259780057,396237,396.237
1794,616.621826060012,412149,412.149
1795,616.706392532638,452502,452.502
1796,616.790959198179,434839,434.839
1797,616.87552605688,392226,392.226
1798,616.960093108988,625402,625.402
1799,617.044660354746,688482,688.482
1800,617.1292277944,648915,648.915
1801,617.213795428195,692241,692.241
1802,617.298363256377,617968,617.968
1803,617.38293127919,502389,502.389
1804,617.46749949688,431562,431.562
1805,617.552067909691,387974,387.974
1806,617.63663651787,362692,362.692
1807,617.72120532166,5341185,5341.185
1808,617.805774321307,6822618,6822.618
1809,617.890343517057,4145848,4145.848
1810,617.974912909154,2519399,2519.399
1811,618.059482497843,1583373,1583.373
1812,618.14405228337,1052834,1052.834
1813,618.22862226598,747877,747.877
1814,618.313192445918,567532,567.532
1815,618.397762823429,638010,638.01
1816,618.482333398757,672547,672.547
1817,618.56690417215,564042,564.042
1818,618.65147514385,510954,510.954
1819,618.736046314105,467095,467.095
1820,618.820617683158,417960,417.96
1821,618.905189251254,394794,394.794
1822,618.98976101864,384743,384.743
1823,619.07433298556,370701,370.701
1824,619.158905152259,414905,414.905
1825,619.243477518983,682019,682.019
1826,619.328050085976,717492,717.492
1827,619.412622853484,598874,598.874
1828,619.497195821751,556284,556.284
1829,619.581768991023,583014,583.014
1830,619.666342361546,540590,540.59
1831,619.750915933564,454525,454.525
1832,619.835489707321,406231,406.231
1833,619.920063683065,461026,461.026
1834,620.004637861039,502711,502.711
1835,620.089212241489,455642,455.642
1836,620.173786824659,402324,402.324
1837,620.258361610796,389060,389.06
1838,620.342936600144,378013,378.013
1839,620.427511792947,365573,365.573
1840,620.512087189453,433228,433.228
1841,620.596662789905,767810,767.81
1842,620.681238594548,928448,928.448
1843,620.765814603629,767844,767.844
1844,620.850390817391,591723,591.723
1845,620.93496723608,521974,521.974
1846,621.019543859942,551749,551.749
1847,621.104120689221,523646,523.646
1848,621.188697724162,472180,472.18
1849,621.273274965011,429967,429.967
1850,621.357852412012,386491,386.491
1851,621.442430065412,380158,380.158
1852,621.527007925454,371195,371.195
1853,621.611585992385,391334,391.334
1854,621.696164266449,406683,406.683
1855,621.780742747892,385027,385.027
1856,621.865321436958,361666,361.666
1857,621.949900333892,354691,354.691
1858,622.03447943894,386369,386.369
1859,622.119058752348,393282,393.282
1860,622.203638274359,370190,370.19
1861,622.28821800522,401066,401.066
1862,622.372797945175,409309,409.309
1863,622.457378094469,387898,387.898
1864,622.541958453348,369106,369.106
1865,622.626539022057,373749,373.749
1866,622.711119800841,376350,376.35
1867,622.795700789945,364913,364.913
1868,622.880281989613,507747,507.747
1869,622.964863400093,540158,540.158
1870,623.049445021627,452796,452.796
1871,623.134026854462,407003,407.003
1872,623.218608898843,377051,377.051
1873,623.303191155015,404332,404.332
1874,623.387773623222,419139,419.139
1875,623.472356303711,436447,436.447
1876,623.556939196726,463729,463.729
1877,623.641522302512,438373,438.373
1878,623.726105621315,394260,394.26
1879,623.810689153379,408510,408.51
1880,623.89527289895,404026,404.026
1881,623.979856858273,415787,415.787
1882,624.064441031593,479556,479.556
1883,624.149025419156,507014,507.014
1884,624.233610021205,536418,536.418
1885,624.318194837987,539190,539.19
1886,624.402779869747,516863,516.863
1887,624.487365116729,536662,536.662
1888,624.571950579179,537333,537.333
1889,624.656536257342,476318,476.318
1890,624.741122151463,413463,413.463
1891,624.825708261788,412440,412.44
1892,624.91029458856,485706,485.706
1893,624.994881132027,477308,477.308
1894,625.079467892432,451805,451.805
1895,625.16405487002,427086,427.086
1896,625.248642065038,391472,391.472
1897,625.33322947773,770762,770.762
1898,625.41781710834,907698,907.698
1899,625.502404957115,2281729,2281.729
1900,625.5869930243,2622504,2622.504
1901,625.671581310139,1696758,1696.758
1902,625.756169814878,5630407,5630.407
1903,625.840758538762,6575984,6575.984
1904,625.925347482035,3955123,3955.123
1905,626.009936644944,2526678,2526.678
1906,626.094526027733,1671511,1671.511
1907,626.179115630648,1099948,1099.948
1908,626.263705453933,782285,782.285
1909,626.348295497833,634756,634.756
1910,626.432885762595,532044,532.044
1911,626.517476248462,449066,449.066
1912,626.60206695568,569334,569.334
1913,626.686657884495,589195,589.195
1914,626.771249035151,482079,482.079
1915,626.855840407893,496968,496.968
1916,626.940432002967,481224,481.224
1917,627.025023820618,481961,481.961
1918,627.10961586109,650003,650.003
1919,627.19420812463,645153,645.153
1920,627.278800611482,640805,640.805
1921,627.363393321891,630355,630.355
1922,627.447986256102,935594,935.594
1923,627.532579414361,971485,971.485
1924,627.617172796912,711222,711.222
1925,627.701766404002,551633,551.633
1926,627.786360235874,460775,460.775
1927,627.870954292774,451330,451.33
1928,627.955548574948,429962,429.962
1929,628.04014308264,560290,560.29
1930,628.124737816095,587302,587.302
1931,628.209332775559,521004,521.004
1932,628.293927961276,469194,469.194
1933,628.378523373493,410527,410.527
1934,628.463119012454,374364,374.364
1935,628.547714878403,362308,362.308
1936,628.632310971587,403635,403.635
1937,628.716907292251,445884,445.884
1938,628.801503840639,463362,463.362
1939,628.886100616996,435403,435.403
1940,628.970697621569,392610,392.61
1941,629.055294854601,372642,372.642
1942,629.139892316339,402605,402.605
1943,629.224490007026,440956,440.956
1944,629.309087926909,427691,427.691
1945,629.393686076233,429292,429.292
1946,629.478284455242,414453,414.453
1947,629.562883064182,378795,378.795
1948,629.647481903298,360842,360.842
1949,629.732080972835,353448,353.448
1950,629.816680273037,381325,381.325
1951,629.901279804152,383796,383.796
1952,629.985879566422,400451,400.451
1953,630.070479560095,442758,442.758
1954,630.155079785414,460013,460.013
1955,630.239680242624,428325,428.325
1956,630.324280931972,387918,387.918
1957,630.408881853702,460077,460.077
1958,630.493483008059,498554,498.554
1959,630.578084395288,446923,446.923
1960,630.662686015635,398029,398.029
1961,630.747287869345,437770,437.77
1962,630.831889956662,445994,445.994
1963,630.916492277832,403178,403.178
1964,631.001094833101,374381,374.381
1965,631.085697622712,362158,362.158
1966,631.170300646912,397760,397.76
1967,631.254903905945,405037,405.037
1968,631.339507400056,457311,457.311
1969,631.424111129492,490321,490.321
1970,631.508715094496,531320,531.32
1971,631.593319295314,641480,641.48
1972,631.677923732192,638331,638.331
1973,631.762528405373,568037,568.037
1974,631.847133315104,521496,521.496
1975,631.93173846163,462359,462.359
1976,632.016343845195,445115,445.115
1977,632.100949466045,421992,421.992
1978,632.185555324425,382258,382.258
1979,632.270161420579,360368,360.368
1980,632.354767754754,355598,355.598
1981,632.439374327195,382093,382.093
1982,632.523981138146,382867,382.867
1983,632.608588187852,358911,358.911
1984,632.693195476559,368446,368.446
1985,632.777803004512,370442,370.442
1986,632.862410771956,368460,368.46
1987,632.947018779136,372091,372.091
1988,633.031627026297,374516,374.516
1989,633.116235513685,406755,406.755
1990,633.200844241544,485524,485.524
1991,633.28545321012,480263,480.263
1992,633.370062419658,418015,418.015
1993,633.454671870403,383192,383.192
1994,633.539281562599,364808,364.808
1995,633.623891496493,354611,354.611
1996,633.708501672329,350274,350.274
1997,633.793112090353,382754,382.754
1998,633.877722750809,385985,385.985
1999,633.962333653943,364238,364.238
2000,634.0469448,350075,350.075
2001,634.131556189225,343259,343.259
2002,634.216167821863,376095,376.095
2003,634.300779698159,383444,383.444
2004,634.385391818359,362957,362.957
2005,634.470004182707,355377,355.377
2006,634.554616791449,347764,347.764
2007,634.639229644829,378871,378.871
2008,634.723842743094,581482,581.482
2009,634.808456086488,652337,652.337
2010,634.893069675256,544115,544.115
2011,634.977683509643,492450,492.45
2012,635.062297589895,494099,494.099
2013,635.146911916256,492652,492.652
2014,635.231526488972,452464,452.464
2015,635.316141308288,3843160,3843.16
2016,635.400756374449,4780894,4780.894
2017,635.4853716877,2990378,2990.378
2018,635.569987248286,1944793,1944.793
2019,635.654603056453,1281710,1281.71
2020,635.739219112446,886309,886.309
2021,635.823835416509,667230,667.23
2022,635.908451968888,609076,609.076
2023,635.993068769827,788523,788.523
2024,636.077685819573,767942,767.942
2025,636.16230311837,844161,844.161
2026,636.246920666464,805641,805.641
2027,636.331538464099,2078847,2078.847
2028,636.41615651152,2374131,2374.131
2029,636.500774808974,1517042,1517.042
2030,636.585393356704,1008155,1008.155
2031,636.670012154956,1001882,1001.882
2032,636.754631203976,960359,960.359
2033,636.839250504007,726470,726.47
2034,636.923870055296,559883,559.883
2035,637.008489858088,494214,494.214
2036,637.093109912628,454139,454.139
2037,637.17773021916,407729,407.729
2038,637.26235077793,376700,376.7
2039,637.346971589183,473044,473.044
2040,637.431592653165,539708,539.708
2041,637.51621397012,488729,488.729
2042,637.600835540293,453151,453.151
2043,637.68545736393,455428,455.428
2044,637.770079441276,464417,464.417
2045,637.854701772576,434261,434.261
2046,637.939324358074,394024,394.024
2047,638.023947198017,372248,372.248
