0,464.9839,1321456,1321.456
1,465.068515076491,1318910,1318.91
2,465.153129906126,1319096,1319.096
3,465.237744489151,1318193,1318.193
4,465.322358825812,1316964,1316.964
5,465.406972916352,1316172,1316.172
6,465.491586761018,1316443,1316.443
7,465.576200360054,1316109,1316.109
8,465.660813713705,1315682,1315.682
9,465.745426822218,1316409,1316.409
10,465.830039685836,1317633,1317.633
11,465.914652304805,1318703,1318.703
12,465.99926467937,1319146,1319.146
13,466.083876809776,1319954,1319.954
14,466.168488696269,1320502,1320.502
15,466.253100339093,2152667,2152.667
16,466.337711738494,2390551,2390.551
17,466.422322894716,1950696,1950.696
18,466.506933808006,1688914,1688.914
19,466.591544478607,1538382,1538.382
20,466.676154906766,1451964,1451.964
21,466.760765092726,1401959,1401.959
22,466.845375036735,1395337,1395.337
23,466.929984739036,1388593,1388.593
24,467.014594199874,1372660,1372.66
25,467.099203419495,1360944,1360.944
26,467.183812398145,1350868,1350.868
27,467.268421136067,1346092,1346.092
28,467.353029633508,1528854,1528.854
29,467.437637890711,1591912,1591.912
30,467.522245907924,1519258,1519.258
31,467.60685368539,1459069,1459.069
32,467.691461223355,1406485,1406.485
33,467.776068522063,1378866,1378.866
34,467.860675581761,1362180,1362.18
35,467.945282402693,1379080,1379.08
36,468.029888985104,1420133,1420.133
37,468.11449532924,1414815,1414.815
38,468.199101435345,1404305,1404.305
39,468.283707303665,1389189,1389.189
40,468.368312934445,1365878,1365.878
41,468.45291832793,1374366,1374.366
42,468.537523484364,1393166,1393.166
43,468.622128403994,1542142,1542.142
44,468.706733087065,1610738,1610.738
45,468.791337533821,1528433,1528.433
46,468.875941744507,1447653,1447.653
47,468.96054571937,1404167,1404.167
48,469.045149458653,1381012,1381.012
49,469.129752962602,1365070,1365.07
50,469.214356231462,1353265,1353.265
51,469.298959265479,1346866,1346.866
52,469.383562064897,1344925,1344.925
53,469.468164629962,1343035,1343.035
54,469.552766960919,1342360,1342.36
55,469.637369058012,1364404,1364.404
56,469.721970921487,1369141,1369.141
57,469.80657255159,1359815,1359.815
58,469.891173948565,1371100,1371.1
59,469.975775112657,1368502,1368.502
60,470.060376044111,1354513,1354.513
61,470.144976743173,1347934,1347.934
62,470.229577210088,1365417,1365.417
63,470.314177445101,1369832,1369.832
64,470.398777448457,1380012,1380.012
65,470.483377220402,1529265,1529.265
66,470.567976761179,1575465,1575.465
67,470.652576071035,1500634,1500.634
68,470.737175150215,1437102,1437.102
69,470.821773998963,1395062,1395.062
70,470.906372617525,1392067,1392.067
71,470.990971006146,1383574,1383.574
72,471.075569165072,1579421,1579.421
73,471.160167094546,1630663,1630.663
74,471.244764794815,1533294,1533.294
75,471.329362266123,1466112,1466.112
76,471.413959508717,1433812,1433.812
77,471.498556522839,1450382,1450.382
78,471.583153308737,1454402,1454.402
79,471.667749866655,1431463,1431.463
80,471.752346196838,1424551,1424.551
81,471.836942299532,1425415,1425.415
82,471.921538174981,1447637,1447.637
83,472.00613382343,1433452,1433.452
84,472.090729245126,1393710,1393.71
85,472.175324440312,1369115,1369.115
86,472.259919409234,1375943,1375.943
87,472.344514152137,1373290,1373.29
88,472.429108669267,1356330,1356.33
89,472.513702960868,1353253,1353.253
90,472.598297027185,1364671,1364.671
91,472.682890868465,1363856,1363.856
92,472.767484484951,1351659,1351.659
93,472.852077876889,1342715,1342.715
94,472.936671044524,1360139,1360.139
95,473.021263988101,1364871,1364.871
96,473.105856707865,1355818,1355.818
97,473.190449204062,1386328,1386.328
98,473.275041476937,1484711,1484.711
99,473.359633526735,1526329,1526.329
100,473.4442253537,1472307,1472.307
101,473.528816958078,1433874,1433.874
102,473.613408340115,1426081,1426.081
103,473.697999500055,1403048,1403.048
104,473.782590438143,1375702,1375.702
105,473.867181154625,1361894,1361.894
106,473.951771649745,1379187,1379.187
107,474.03636192375,1379867,1379.867
108,474.120951976883,1363962,1363.962
109,474.20554180939,1355011,1355.011
110,474.290131421517,1348990,1348.99
111,474.374720813508,1368949,1368.949
112,474.459309985608,1372170,1372.17
113,474.543898938063,1356921,1356.921
114,474.628487671118,1348244,1348.244
115,474.713076185018,1344308,1344.308
116,474.797664480008,1366329,1366.329
117,474.882252556332,1569838,1569.838
118,474.966840414238,1630382,1630.382
119,475.051428053968,1748452,1748.452
120,475.13601547577,1734637,1734.637
121,475.220602679887,1567359,1567.359
122,475.305189666564,1466718,1466.718
123,475.389776436048,1409485,1409.485
124,475.474362988583,1376771,1376.771
125,475.558949324414,1357080,1357.08
126,475.643535443787,1347780,1347.78
127,475.728121346946,1344405,1344.405
128,475.812707034136,1340943,1340.943
129,475.897292505604,1493387,1493.387
130,475.981877761593,1563986,1563.986
131,476.066462802349,1507550,1507.55
132,476.151047628118,1467048,1467.048
133,476.235632239144,1423671,1423.671
134,476.320216635672,1384247,1384.247
135,476.404800817948,1384822,1384.822
136,476.489384786216,1381433,1381.433
137,476.573968540723,1391862,1391.862
138,476.658552081712,1517628,1517.628
139,476.74313540943,1534674,1534.674
140,476.827718524121,1456008,1456.008
141,476.91230142603,1406041,1406.041
142,476.996884115403,1396732,1396.732
143,477.081466592484,1386041,1386.041
144,477.166048857519,1363595,1363.595
145,477.250630910753,1373891,1373.891
146,477.335212752432,1374619,1374.619
147,477.419794382799,1360126,1360.126
148,477.504375802101,1370455,1370.455
149,477.588957010582,1373219,1373.219
150,477.673538008487,1360078,1360.078
151,477.758118796063,1627642,1627.642
152,477.842699373553,1700593,1700.593
153,477.927279741204,1548075,1548.075
154,478.011859899259,1455741,1455.741
155,478.096439847965,1401818,1401.818
156,478.181019587566,1376027,1376.027
157,478.265599118308,1362792,1362.792
158,478.350178440435,1351770,1351.77
159,478.434757554193,1347618,1347.618
160,478.519336459827,1425737,1425.737
161,478.603915157582,1443936,1443.936
162,478.688493647704,1396792,1396.792
163,478.773071930436,1764445,1764.445
164,478.857650006026,1860029,1860.029
165,478.942227874716,1645556,1645.556
166,479.026805536754,1591144,1591.144
167,479.111382992383,1549645,1549.645
168,479.19596024185,1488979,1488.979
169,479.280537285398,1437615,1437.615
170,479.365114123274,1393430,1393.43
171,479.449690755722,1366480,1366.48
172,479.534267182988,1350735,1350.735
173,479.618843405317,1342604,1342.604
174,479.703419422953,1360638,1360.638
175,479.787995236142,1390685,1390.685
176,479.87257084513,1385759,1385.759
177,479.95714625016,1366118,1366.118
178,480.041721451479,1353053,1353.053
179,480.126296449331,1346839,1346.839
180,480.210871243962,1360838,1360.838
181,480.295445835617,1364216,1364.216
182,480.380020224541,1372631,1372.631
183,480.464594410979,1370263,1370.263
184,480.549168395175,1377698,1377.698
185,480.633742177377,1376939,1376.939
186,480.718315757827,1359563,1359.563
187,480.802889136772,1349409,1349.409
188,480.887462314457,1343334,1343.334
189,480.972035291127,1338074,1338.074
190,481.056608067026,1361355,1361.355
191,481.141180642401,1446873,1446.873
192,481.225753017496,1453049,1453.049
193,481.310325192556,1400430,1400.43
194,481.394897167827,1391055,1391.055
195,481.479468943554,1382157,1382.157
196,481.564040519981,1364075,1364.075
197,481.648611897354,1352585,1352.585
198,481.733183075918,1343604,1343.604
199,481.817754055918,1360597,1360.597
200,481.9023248376,1363684,1363.684
201,481.986895421208,1370079,1370.079
202,482.071465806988,1599208,1599.208
203,482.156035995184,1649082,1649.082
204,482.240605986042,1536644,1536.644
205,482.325175779807,1463943,1463.943
206,482.409745376725,1409338,1409.338
207,482.494314777039,1376212,1376.212
208,482.578883980996,1358428,1358.428
209,482.663452988841,1350380,1350.38
210,482.748021800818,1343279,1343.279
211,482.832590417173,1340454,1340.454
212,482.91715883815,1363390,1363.39
213,483.001727063996,1387599,1387.599
214,483.086295094955,1380216,1380.216
215,483.170862931273,1361576,1361.576
216,483.255430573193,1354286,1354.286
217,483.339998020963,1371567,1371.567
218,483.424565274826,1375528,1375.528
219,483.509132335028,1359809,1359.809
220,483.593699201814,1348817,1348.817
221,483.678265875429,1363220,1363.22
222,483.762832356118,1364349,1364.349
223,483.847398644127,1349755,1349.755
224,483.9319647397,1363682,1363.682
225,484.016530643083,1437730,1437.73
226,484.101096354521,1445994,1445.994
227,484.185661874258,1403532,1403.532
228,484.270227202541,1375831,1375.831
229,484.354792339614,1358335,1358.335
230,484.439357285722,1351360,1351.36
231,484.523922041111,1367544,1367.544
232,484.608486606025,1387206,1387.206
233,484.69305098071,1379339,1379.339
234,484.777615165411,1372340,1372.34
235,484.862179160373,1385942,1385.942
236,484.946742965841,1378709,1378.709
237,485.03130658206,1376351,1376.351
238,485.115870009276,1394116,1394.116
239,485.200433247733,1386326,1386.326
240,485.284996297677,1366664,1366.664
241,485.369559159353,1508544,1508.544
242,485.454121833005,1564222,1564.222
243,485.53868431888,1482980,1482.98
244,485.623246617222,1428091,1428.091
245,485.707808728276,1393039,1393.039
246,485.792370652288,1366364,1366.364
247,485.876932389502,1372139,1372.139
248,485.961493940164,1370759,1370.759
249,486.046055304519,1355282,1355.282
250,486.130616482813,1350923,1350.923
251,486.215177475289,1350027,1350.027
252,486.299738282193,1388183,1388.183
253,486.384298903771,1398060,1398.06
254,486.468859340268,1372151,1372.151
255,486.553419591928,1354906,1354.906
256,486.637979658997,1348560,1348.56
257,486.722539541719,1344883,1344.883
258,486.807099240341,1358700,1358.7
259,486.891658755108,1361329,1361.329
260,486.976218086263,1348583,1348.583
261,487.060777234053,1341947,1341.947
262,487.145336198723,1337856,1337.856
263,487.229894980517,1334284,1334.284
264,487.314453579682,1336449,1336.449
265,487.399011996461,1337869,1337.869
266,487.483570231101,1335588,1335.588
267,487.568128283845,1334822,1334.822
268,487.652686154941,1333414,1333.414
269,487.737243844632,1334080,1334.08
270,487.821801353163,1363585,1363.585
271,487.906358680781,1371276,1371.276
272,487.990915827729,1355132,1355.132
273,488.075472794253,1346711,1346.711
274,488.160029580599,1372555,1372.555
275,488.244586187011,1378172,1378.172
276,488.329142613735,1362614,1362.614
277,488.413698861015,1394273,1394.273
278,488.498254929097,1399474,1399.474
279,488.582810818225,1396984,1396.984
280,488.667366528646,1394851,1394.851
281,488.751922060605,1373037,1373.037
282,488.836477414345,1359260,1359.26
283,488.921032590113,1354332,1354.332
284,489.005587588153,1360004,1360.004
285,489.090142408711,1546792,1546.792
286,489.174697052032,1611956,1611.956
287,489.259251518361,1531305,1531.305
288,489.343805807943,1460625,1460.625
289,489.428359921024,1405262,1405.262
290,489.512913857847,1373871,1373.871
291,489.597467618659,1358314,1358.314
292,489.682021203705,1425245,1425.245
293,489.76657461323,1440551,1440.551
294,489.851127847479,1395088,1395.088
295,489.935680906696,1379150,1379.15
296,490.020233791128,1367206,1367.206
297,490.104786501019,1351891,1351.891
298,490.189339036615,1366645,1366.645
299,490.27389139816,1368864,1368.864
300,490.3584435859,1352926,1352.926
301,490.44299560008,1342510,1342.51
302,490.527547440945,1336962,1336.962
303,490.612099108739,1332810,1332.81
304,490.69665060371,1330372,1330.372
305,490.7812019261,1331620,1331.62
306,490.865753076156,1353889,1353.889
307,490.950304054123,1361344,1361.344
308,491.034854860246,1351325,1351.325
309,491.119405494769,1345506,1345.506
310,491.203955957939,1342665,1342.665
311,491.288506249999,1341564,1341.564
312,491.373056371197,1337649,1337.649
313,491.457606321775,1360125,1360.125
314,491.54215610198,1372879,1372.879
315,491.626705712057,1359802,1359.802
316,491.711255152251,1346230,1346.23
317,491.795804422807,1338659,1338.659
318,491.88035352397,1334941,1334.941
319,491.964902455985,1336142,1336.142
320,492.049451219098,1360250,1360.25
321,492.133999813553,1364029,1364.029
322,492.218548239596,1350159,1350.159
323,492.303096497471,1362329,1362.329
324,492.387644587425,1377808,1377.808
325,492.472192509702,1388758,1388.758
326,492.556740264546,1433847,1433.847
327,492.641287852205,1429181,1429.181
328,492.725835272921,1387138,1387.138
329,492.810382526942,1367808,1367.808
330,492.894929614511,1417594,1417.594
331,492.979476535874,1425425,1425.425
332,493.064023291276,1387693,1387.693
333,493.148569880962,1379447,1379.447
334,493.233116305178,1369939,1369.939
335,493.317662564167,1353393,1353.393
336,493.402208658177,1349028,1349.028
337,493.486754587451,1344918,1344.918
338,493.571300352235,1339414,1339.414
339,493.655845952774,1335676,1335.676
340,493.740391389313,1355634,1355.634
341,493.824936662097,1360450,1360.45
342,493.909481771372,1365127,1365.127
343,493.994026717382,1362162,1362.162
344,494.078571500372,1347622,1347.622
345,494.163116120589,1341800,1341.8
346,494.247660578276,1339223,1339.223
347,494.33220487368,1510233,1510.233
348,494.416749007044,1559124,1559.124
349,494.501292978615,1467627,1467.627
350,494.585836788637,1411310,1411.31
351,494.670380437356,1378701,1378.701
352,494.754923925017,1362760,1362.76
353,494.839467251864,1376317,1376.317
354,494.924010418144,1374654,1374.654
355,495.0085534241,1357780,1357.78
356,495.093096269979,1441465,1441.465
357,495.177638956025,1460746,1460.746
358,495.262181482484,1428280,1428.28
359,495.3467238496,1420648,1420.648
360,495.431266057619,1394309,1394.309
361,495.515808106786,1390466,1390.466
362,495.600349997346,1382939,1382.939
363,495.684891729544,1362569,1362.569
364,495.769433303626,1358142,1358.142
365,495.853974719836,1352635,1352.635
366,495.938515978419,1342396,1342.396
367,496.023057079622,1337607,1337.607
368,496.107598023688,1336450,1336.45
369,496.192138810863,1356370,1356.37
370,496.276679441392,1359783,1359.783
371,496.361219915521,1356900,1356.9
372,496.445760233493,1557145,1557.145
373,496.530300395556,1607112,1607.112
374,496.614840401953,1493485,1493.485
375,496.69938025293,1460645,1460.645
376,496.783919948731,1431998,1431.998
377,496.868459489603,1412073,1412.073
378,496.95299887579,1393192,1393.192
379,497.037538107538,1413497,1413.497
380,497.12207718509,1411064,1411.064
381,497.206616108694,1399962,1399.962
382,497.291154878593,1387288,1387.288
383,497.375693495033,1366408,1366.408
384,497.460231958259,1352212,1352.212
385,497.544770268516,1345346,1345.346
386,497.629308426049,1344319,1344.319
387,497.713846431104,1340971,1340.971
388,497.798384283926,1356423,1356.423
389,497.882921984759,1359662,1359.662
390,497.967459533848,1349077,1349.077
391,498.05199693144,1364884,1364.884
392,498.136534177779,1391417,1391.417
393,498.22107127311,1385130,1385.13
394,498.305608217678,1362704,1362.704
395,498.390145011729,1349761,1349.761
396,498.474681655507,1341548,1341.548
397,498.559218149259,1338473,1338.473
398,498.643754493228,1339892,1339.892
399,498.72829068766,1337747,1337.747
400,498.8128267328,1333351,1333.351
401,498.897362628894,1331947,1331.947
402,498.981898376185,1333049,1333.049
403,499.066433974921,1336234,1336.234
404,499.150969425345,1359403,1359.403
405,499.235504727703,1458515,1458.515
406,499.32003988224,1471441,1471.441
407,499.404574889201,1432011,1432.011
408,499.489109748831,1407450,1407.45
409,499.573644461376,1378854,1378.854
410,499.65817902708,1359082,1359.082
411,499.742713446188,1348763,1348.763
412,499.827247718947,1343085,1343.085
413,499.9117818456,1339697,1339.697
414,499.996315826393,1335025,1335.025
415,500.080849661572,1332727,1332.727
416,500.165383351381,1333854,1333.854
417,500.249916896065,1332921,1332.921
418,500.33445029587,1334963,1334.963
419,500.41898355104,1450882,1450.882
420,500.503516661822,1482701,1482.701
421,500.588049628459,1419644,1419.644
422,500.672582451197,1386014,1386.014
423,500.757115130282,1366381,1366.381
424,500.841647665958,1353105,1353.105
425,500.92618005847,1344574,1344.574
426,501.010712308064,1505474,1505.474
427,501.095244414985,1568600,1568.6
428,501.179776379478,1504737,1504.737
429,501.264308201788,1445913,1445.913
430,501.34883988216,1420939,1420.939
431,501.433371420839,1398277,1398.277
432,501.517902818071,1367931,1367.931
433,501.6024340741,1377030,1377.03
434,501.686965189172,1390713,1390.713
435,501.771496163532,1376162,1376.162
436,501.856026997425,1355799,1355.799
437,501.940557691096,1344511,1344.511
438,502.02508824479,1338499,1338.499
439,502.109618658753,1360334,1360.334
440,502.194148933229,1364624,1364.624
441,502.278679068464,1348689,1348.689
442,502.363209064702,1342188,1342.188
443,502.44773892219,1337586,1337.586
444,502.532268641171,1355004,1355.004
445,502.616798221892,1360484,1360.484
446,502.701327664597,1351637,1351.637
447,502.785856969531,1344848,1344.848
448,502.87038613694,1360501,1360.501
449,502.954915167069,1383915,1383.915
450,503.039444060163,1375831,1375.831
451,503.123972816466,1356669,1356.669
452,503.208501436225,1369755,1369.755
453,503.293029919684,1374767,1374.767
454,503.377558267088,1381536,1381.536
455,503.462086478683,1398536,1398.536
456,503.546614554714,1414745,1414.745
457,503.631142495425,1399323,1399.323
458,503.715670301062,1370354,1370.354
459,503.800197971871,1353216,1353.216
460,503.884725508095,1343410,1343.41
461,503.969252909981,1356182,1356.182
462,504.053780177773,1380030,1380.03
463,504.138307311717,1377371,1377.371
464,504.222834312058,1382308,1382.308
465,504.307361179041,1379899,1379.899
466,504.39188791291,1383967,1383.967
467,504.476414513912,1389212,1389.212
468,504.560940982291,1475624,1475.624
469,504.645467318292,1486253,1486.253
470,504.729993522161,1420125,1420.125
471,504.814519594143,1401545,1401.545
472,504.899045534482,1399476,1399.476
473,504.983571343424,1407684,1407.684
474,505.068097021215,1414265,1414.265
475,505.152622568098,1414031,1414.031
476,505.23714798432,1483613,1483.613
477,505.321673270126,1481650,1481.65
478,505.40619842576,1419336,1419.336
479,505.490723451468,1381932,1381.932
480,505.575248347494,1380054,1380.054
481,505.659773114085,1373009,1373.009
482,505.744297751485,1533950,1533.95
483,505.828822259939,1595928,1595.928
484,505.913346639693,1500397,1500.397
485,505.997870890991,1429429,1429.429
486,506.082395014079,1387362,1387.362
487,506.166919009201,1365047,1365.047
488,506.251442876604,1350780,1350.78
489,506.335966616531,1361990,1361.99
490,506.420490229229,1361895,1361.895
491,506.505013714942,1349648,1349.648
492,506.589537073916,1344557,1344.557
493,506.674060306396,1359677,1359.677
494,506.758583412626,1366078,1366.078
495,506.843106392852,1354289,1354.289
496,506.927629247319,1345949,1345.949
497,507.012151976272,1340010,1340.01
498,507.096674579957,1357875,1357.875
499,507.181197058618,1368879,1368.879
500,507.2657194125,1358329,1358.329
501,507.350241641849,1534663,1534.663
502,507.43476374691,1604971,1604.971
503,507.519285727928,1507363,1507.363
504,507.603807585148,1431590,1431.59
505,507.688329318816,1390853,1390.853
506,507.772850929175,1387672,1387.672
507,507.857372416473,1400781,1400.781
508,507.941893780953,1386666,1386.666
509,508.02641502286,1365058,1365.058
510,508.110936142441,1351936,1351.936
511,508.195457139939,1361956,1361.956
512,508.279978015601,1362222,1362.222
513,508.364498769671,1352991,1352.991
514,508.449019402395,1345704,1345.704
515,508.533539914017,1339142,1339.142
516,508.618060304783,1354395,1354.395
517,508.702580574937,1356664,1356.664
518,508.787100724726,1346297,1346.297
519,508.871620754394,1350367,1350.367
520,508.956140664186,1441655,1441.655
521,509.040660454347,1489866,1489.866
522,509.125180125123,1535083,1535.083
523,509.209699676758,1514449,1514.449
524,509.294219109499,1550579,1550.579
525,509.378738423589,1535992,1535.992
526,509.463257619274,1472553,1472.553
527,509.5477766968,1428372,1428.372
528,509.632295656411,1386319,1386.319
529,509.716814498352,1361444,1361.444
530,509.801333222869,1346067,1346.067
531,509.885851830207,1338535,1338.535
532,509.97037032061,1337263,1337.263
533,510.054888694324,1335279,1335.279
534,510.139406951595,1353518,1353.518
535,510.223925092667,1358211,1358.211
536,510.308443117785,1346667,1346.667
537,510.392961027195,1343078,1343.078
538,510.477478821141,1362075,1362.075
539,510.56199649987,1385415,1385.415
540,510.646514063625,1401051,1401.051
541,510.731031512652,1411250,1411.25
542,510.815548847197,1393526,1393.526
543,510.900066067503,1371842,1371.842
544,510.984583173818,1356335,1356.335
545,511.069100166384,1363239,1363.239
546,511.153617045449,1361325,1361.325
547,511.238133811256,1369700,1369.7
548,511.322650464052,1368509,1368.509
549,511.407167004081,1351886,1351.886
550,511.491683431587,1387343,1387.343
551,511.576199746818,1394564,1394.564
552,511.660715950017,1389435,1389.435
553,511.745232041429,1380819,1380.819
554,511.829748021301,1359621,1359.621
555,511.914263889876,1348469,1348.469
556,511.9987796474,1347772,1347.772
557,512.083295294119,1345074,1345.074
558,512.167810830277,1342972,1342.972
559,512.252326256119,1356073,1356.073
560,512.336841571891,1375257,1375.257
561,512.421356777838,1457457,1457.457
562,512.505871874205,1467011,1467.011
563,512.590386861236,1434627,1434.627
564,512.674901739178,1406477,1406.477
565,512.759416508275,1375423,1375.423
566,512.843931168773,1357085,1357.085
567,512.928445720916,1367082,1367.082
568,513.01296016495,1387571,1387.571
569,513.097474501119,1378414,1378.414
570,513.18198872967,1359979,1359.979
571,513.266502850847,1350617,1350.617
572,513.351016864895,1365333,1365.333
573,513.435530772059,1368524,1368.524
574,513.520044572585,1352904,1352.904
575,513.604558266717,1342957,1342.957
576,513.689071854701,1380981,1380.981
577,513.773585336782,1404172,1404.172
578,513.858098713206,1407183,1407.183
579,513.942611984216,1414020,1414.02
580,514.027125150058,1434155,1434.155
581,514.111638210978,1442390,1442.39
582,514.196151167221,1412934,1412.934
583,514.280664019031,1378503,1378.503
584,514.365176766654,1360724,1360.724
585,514.449689410336,1368096,1368.096
586,514.53420195032,1387158,1387.158
587,514.618714386852,1379643,1379.643
588,514.703226720178,1359217,1359.217
589,514.787738950542,1347389,1347.389
590,514.87225107819,1340130,1340.13
591,514.956763103367,1335314,1335.314
592,515.041275026318,1333059,1333.059
593,515.125786847287,1380502,1380.502
594,515.210298566521,1393269,1393.269
595,515.294810184265,1366154,1366.154
596,515.379321700762,1351814,1351.814
597,515.463833116259,1346487,1346.487
598,515.548344431001,1341093,1341.093
599,515.632855645233,1358950,1358.95
600,515.7173667592,1363002,1363.002
601,515.801877773147,1359406,1359.406
602,515.886388687319,1374108,1374.108
603,515.970899501962,1369651,1369.651
604,516.05541021732,1352103,1352.103
605,516.139920833639,1342981,1342.981
606,516.224431351163,1338802,1338.802
607,516.308941770138,1338160,1338.16
608,516.39345209081,1335906,1335.906
609,516.477962313423,1332390,1332.39
610,516.562472438222,1348880,1348.88
611,516.646982465452,1375043,1375.043
612,516.731492395359,1404914,1404.914
613,516.816002228188,1401616,1401.616
614,516.900511964184,1375472,1375.472
615,516.985021603591,1398380,1398.38
616,517.069531146656,1440460,1440.46
617,517.154040593623,1488022,1488.022
618,517.238549944738,1466761,1466.761
619,517.323059200245,1429762,1429.762
620,517.40756836039,1403276,1403.276
621,517.492077425417,1373701,1373.701
622,517.576586395573,1355695,1355.695
623,517.661095271101,1526036,1526.036
624,517.745604052248,1570064,1570.064
625,517.830112739258,1469351,1469.351
626,517.914621332376,1454842,1454.842
627,517.999129831848,1435996,1435.996
628,518.083638237919,1395087,1395.087
629,518.168146550834,1370039,1370.039
630,518.252654770838,1354273,1354.273
631,518.337162898176,1345775,1345.775
632,518.421670933093,1340403,1340.403
633,518.506178875835,1336898,1336.898
634,518.590686726646,1333982,1333.982
635,518.675194485772,1336766,1336.766
636,518.759702153457,1357263,1357.263
637,518.844209729948,1361487,1361.487
638,518.928717215489,1349574,1349.574
639,519.013224610325,1363009,1363.009
640,519.097731914701,1368276,1368.276
641,519.182239128863,1356616,1356.616
642,519.266746253055,1349146,1349.146
643,519.351253287523,1345005,1345.005
644,519.435760232512,1341372,1341.372
645,519.520267088267,1339417,1339.417
646,519.604773855033,1337510,1337.51
647,519.689280533056,1335438,1335.438
648,519.77378712258,1335080,1335.08
649,519.85829362385,1333733,1333.733
650,519.942800037113,1356881,1356.881
651,520.027306362612,1362006,1362.006
652,520.111812600593,1348572,1348.572
653,520.196318751301,1340657,1340.657
654,520.280824814981,1335346,1335.346
655,520.365330791879,1331750,1331.75
656,520.449836682239,1334241,1334.241
657,520.534342486307,1337197,1337.197
658,520.618848204327,1336724,1336.724
659,520.703353836546,1354455,1354.455
660,520.787859383207,1357821,1357.821
661,520.872364844557,1386775,1386.775
662,520.95687022084,1507872,1507.872
663,521.041375512301,1516655,1516.655
664,521.125880719186,1439237,1439.237
665,521.21038584174,1393612,1393.612
666,521.294890880208,1447734,1447.734
667,521.379395834834,1454938,1454.938
668,521.463900705865,1423895,1423.895
669,521.548405493545,1400293,1400.293
670,521.632910198119,1372038,1372.038
671,521.717414819833,1356077,1356.077
672,521.801919358931,1346003,1346.003
673,521.88642381566,1339489,1339.489
674,521.970928190263,1359184,1359.184
675,522.055432482986,2404085,2404.085
676,522.139936694074,2683182,2683.182
677,522.224440823773,2137152,2137.152
678,522.308944872327,1809007,1809.007
679,522.393448839982,1609124,1609.124
680,522.477952726982,1514404,1514.404
681,522.562456533574,1557408,1557.408
682,522.646960260001,1534988,1534.988
683,522.731463906509,1476358,1476.358
684,522.815967473344,1455114,1455.114
685,522.90047096075,1417556,1417.556
686,522.984974368973,1381101,1381.101
687,523.069477698257,1359344,1359.344
688,523.153980948848,1348027,1348.027
689,523.238484120991,1341407,1341.407
690,523.322987214931,1338210,1338.21
691,523.407490230914,1358475,1358.475
692,523.491993169183,1387396,1387.396
693,523.576496029985,1604558,1604.558
694,523.660998813565,1646965,1646.965
695,523.745501520167,1697800,1697.8
696,523.830004150038,1670667,1670.667
697,523.914506703421,1530599,1530.599
698,523.999009180562,1448399,1448.399
699,524.083511581707,1399472,1399.472
700,524.1680139071,1370615,1370.615
701,524.252516156987,1353620,1353.62
702,524.337018331612,1344576,1344.576
703,524.421520431221,1361395,1361.395
704,524.506022456059,1366642,1366.642
705,524.590524406371,1354118,1354.118
706,524.675026282403,1475249,1475.249
707,524.759528084398,1510059,1510.059
708,524.844029812603,1438635,1438.635
709,524.928531467263,1395011,1395.011
710,525.013033048623,1476814,1476.814
711,525.097534556927,1496398,1496.398
712,525.182035992421,1432906,1432.906
713,525.266537355351,1392404,1392.404
714,525.351038645961,1370483,1370.483
715,525.435539864496,1382066,1382.066
716,525.520041011202,1380006,1380.006
717,525.604542086324,1364943,1364.943
718,525.689043090106,1404079,1404.079
719,525.773544022794,1409358,1409.358
720,525.858044884634,1404525,1404.525
721,525.942545675869,1396166,1396.166
722,526.027046396746,1371690,1371.69
723,526.11154704751,1357483,1357.483
724,526.196047628405,1350366,1350.366
725,526.280548139677,1370841,1370.841
726,526.36504858157,1374890,1374.89
727,526.449548954331,1359823,1359.823
728,526.534049258204,1354677,1354.677
729,526.618549493434,1372665,1372.665
730,526.703049660267,1374610,1374.61
731,526.787549758947,1361885,1361.885
732,526.87204978972,1371685,1371.685
733,526.956549752831,1374652,1374.652
734,527.041049648525,1362990,1362.99
735,527.125549477046,1353499,1353.499
736,527.210049238641,1460142,1460.142
737,527.294548933555,1501712,1501.712
738,527.379048562032,1444362,1444.362
739,527.463548124317,1402338,1402.338
740,527.548047620657,1384848,1384.848
741,527.632547051295,1372978,1372.978
742,527.717046416477,1364527,1364.527
743,527.801545716449,1390072,1390.072
744,527.886044951455,1395909,1395.909
745,527.97054412174,1437713,1437.713
746,528.05504322755,1439904,1439.904
747,528.139542269129,1399938,1399.938
748,528.224041246724,1389132,1389.132
749,528.308540160578,1397398,1397.398
750,528.393039010938,1389495,1389.495
751,528.477537798047,1370227,1370.227
752,528.562036522152,1377015,1377.015
753,528.646535183498,1397017,1397.017
754,528.731033782329,1407902,1407.902
755,528.815532318891,1394087,1394.087
756,528.900030793429,1375668,1375.668
757,528.984529206188,1363746,1363.746
758,529.069027557414,1356034,1356.034
759,529.15352584735,1351793,1351.793
760,529.238024076243,1348174,1348.174
761,529.322522244338,1344983,1344.983
762,529.407020351879,1346279,1346.279
763,529.491518399112,1348719,1348.719
764,529.576016386283,1348462,1348.462
765,529.660514313635,1347567,1347.567
766,529.745012181415,1346159,1346.159
767,529.829509989866,1344967,1344.967
768,529.914007739236,1345110,1345.11
769,529.998505429768,1365604,1365.604
770,530.083003061708,1373381,1373.381
771,530.167500635301,1363241,1363.241
772,530.251998150792,1356190,1356.19
773,530.336495608426,1356348,1356.348
774,530.420993008449,1375537,1375.537
775,530.505490351105,1398464,1398.464
776,530.589987636639,1411522,1411.522
777,530.674484865298,1419383,1419.383
778,530.758982037325,1404601,1404.601
779,530.843479152966,1380630,1380.63
780,530.927976212466,1366851,1366.851
781,531.012473216071,1362684,1362.684
782,531.096970164025,1652144,1652.144
783,531.181467056574,1750171,1750.171
784,531.265963893962,1595870,1595.87
785,531.350460676435,1490644,1490.644
786,531.434957404238,1431351,1431.351
787,531.519454077616,1398377,1398.377
788,531.603950696814,1391689,1391.689
789,531.688447262078,1388396,1388.396
790,531.772943773652,1377907,1377.907
791,531.857440231782,1366818,1366.818
792,531.941936636713,1357287,1357.287
793,532.026432988689,1371587,1371.587
794,532.110929287956,1375985,1375.985
795,532.19542553476,1383884,1383.884
796,532.279921729345,1380899,1380.899
797,532.364417871956,1363471,1363.471
798,532.448913962839,1352261,1352.261
799,532.533410002239,1347361,1347.361
800,532.6179059904,1345621,1345.621
801,532.702401927568,1341639,1341.639
802,532.786897813989,1339119,1339.119
803,532.871393649906,1381691,1381.691
804,532.955889435567,1414724,1414.724
805,533.040385171214,1398857,1398.857
806,533.124880857094,1557235,1557.235
807,533.209376493452,1591573,1591.573
808,533.293872080533,1484401,1484.401
809,533.378367618582,1419739,1419.739
810,533.462863107844,1517632,1517.632
811,533.547358548564,1534229,1534.229
812,533.631853940988,1470088,1470.088
813,533.71634928536,1428359,1428.359
814,533.800844581926,1456048,1456.048
815,533.885339830931,1449921,1449.921
816,533.96983503262,1403595,1403.595
817,534.054330187238,1374606,1374.606
818,534.13882529503,1375339,1375.339
819,534.223320356242,1370259,1370.259
820,534.307815371118,1353719,1353.719
821,534.392310339903,1343774,1343.774
822,534.476805262844,1337294,1337.294
823,534.561300140184,1334372,1334.372
824,534.64579497217,1372950,1372.95
825,534.730289759045,1383446,1383.446
826,534.814784501056,1383186,1383.186
827,534.899279198448,1379848,1379.848
828,534.983773851465,1361991,1361.991
829,535.068268460352,1370660,1370.66
830,535.152763025356,1430108,1430.108
831,535.23725754672,1545412,1545.412
832,535.321752024691,1542210,1542.21
833,535.406246459513,1460121,1460.121
834,535.490740851431,1406004,1406.004
835,535.575235200691,1374158,1374.158
836,535.659729507538,1357377,1357.377
837,535.744223772216,3655764,3655.764
838,535.828717994971,4306574,4306.574
839,535.913212176048,3065635,3065.635
840,535.997706315693,2325125,2325.125
841,536.08220041415,1962445,1962.445
842,536.166694471664,1738658,1738.658
843,536.251188488481,1569260,1569.26
844,536.335682464845,1471185,1471.185
845,536.420176401003,1417263,1417.263
846,536.504670297198,1385252,1385.252
847,536.589164153677,1364636,1364.636
848,536.673657970684,1353965,1353.965
849,536.758151748464,1353768,1353.768
850,536.842645487263,1351203,1351.203
851,536.927139187325,1346482,1346.482
852,537.011632848896,1365474,1365.474
853,537.096126472221,1373393,1373.393
854,537.180620057546,1388758,1388.758
855,537.265113605114,1407739,1407.739
856,537.349607115172,1394696,1394.696
857,537.434100587964,1379785,1379.785
858,537.518594023736,1371137,1371.137
859,537.603087422733,1365595,1365.595
860,537.687580785199,1365776,1365.776
861,537.772074111381,1386547,1386.547
862,537.856567401522,1462584,1462.584
863,537.941060655869,1559144,1559.144
864,538.025553874667,1611341,1611.341
865,538.11004705816,1748118,1748.118
866,538.194540206593,2122710,2122.71
867,538.279033320213,2812262,2812.262
868,538.363526399263,3790794,3790.794
869,538.44801944399,4862544,4862.544
870,538.532512454637,5788180,5788.18
871,538.617005431451,6408850,6408.85
872,538.701498374677,6603619,6603.619
873,538.785991284559,6371966,6371.966
874,538.870484161343,5842095,5842.095
875,538.954977005273,5226641,5226.641
876,539.039469816596,4637721,4637.721
877,539.123962595556,4143540,4143.54
878,539.208455342398,3815310,3815.31
879,539.292948057368,3572474,3572.474
880,539.37744074071,3345756,3345.756
881,539.46193339267,3177783,3177.783
882,539.546426013493,3048408,3048.408
883,539.630918603424,2952442,2952.442
884,539.715411162708,2836365,2836.365
885,539.79990369159,2719952,2719.952
886,539.884396190315,2596407,2596.407
887,539.968888659129,2600372,2600.372
888,540.053381098277,2517967,2517.967
889,540.137873508003,2277253,2277.253
890,540.222365888553,2041010,2041.01
891,540.306858240173,1842435,1842.435
892,540.391350563106,1682238,1682.238
893,540.475842857599,1605409,1605.409
894,540.560335123896,1536633,1536.633
895,540.644827362243,1481967,1481.967
896,540.729319572884,1461651,1461.651
897,540.813811756066,1427798,1427.798
898,540.898303912032,1392174,1392.174
899,540.982796041028,1370692,1370.692
900,541.0672881433,1358068,1358.068
901,541.151780219092,1352464,1352.464
902,541.23627226865,1348095,1348.095
903,541.320764292218,1343698,1343.698
904,541.405256290042,1343893,1343.893
905,541.489748262367,1358037,1358.037
906,541.574240209438,1388044,1388.044
907,541.6587321315,1386291,1386.291
908,541.743224028798,1387026,1387.026
909,541.827715901578,1379741,1379.741
910,541.912207750085,1360101,1360.101
911,541.996699574563,1352986,1352.986
912,542.081191375258,1349244,1349.244
913,542.165683152415,1367533,1367.533
914,542.250174906279,1370065,1370.065
915,542.334666637096,1354218,1354.218
916,542.41915834511,1345287,1345.287
917,542.503650030566,1475305,1475.305
918,542.58814169371,1530445,1530.445
919,542.672633334787,1506567,1506.567
920,542.757124954042,1466111,1466.111
921,542.841616551719,1412947,1412.947
922,542.926108128065,1402953,1402.953
923,543.010599683325,1392760,1392.76
924,543.095091217743,1376394,1376.394
925,543.179582731564,1536884,1536.884
926,543.264074225034,1578689,1578.689
927,543.348565698398,1486273,1486.273
928,543.433057151901,1434802,1434.802
929,543.517548585789,1408411,1408.411
930,543.602040000305,1435648,1435.648
931,543.686531395696,1463706,1463.706
932,543.771022772206,1448973,1448.973
933,543.855514130081,1450360,1450.36
934,543.940005469566,1466753,1466.753
935,544.024496790906,1456033,1456.033
936,544.108988094346,1480141,1480.141
937,544.193479380131,1500566,1500.566
938,544.277970648506,1481718,1481.718
939,544.362461899717,1462272,1462.272
940,544.446953134009,1473666,1473.666
941,544.531444351626,1475318,1475.318
942,544.615935552814,1475469,1475.469
943,544.700426737818,1478022,1478.022
944,544.784917906884,1468894,1468.894
945,544.869409060255,1479447,1479.447
946,544.953900198178,1480210,1480.21
947,545.038391320898,1464338,1464.338
948,545.122882428659,1453923,1453.923
949,545.207373521708,1447805,1447.805
950,545.291864600288,1444363,1444.363
951,545.376355664645,1442563,1442.563
952,545.460846715024,1641120,1641.12
953,545.545337751671,1698225,1698.225
954,545.62982877483,1592885,1592.885
955,545.714319784747,1548832,1548.832
956,545.798810781666,1541205,1541.205
957,545.883301765834,1515572,1515.572
958,545.967792737495,1502780,1502.78
959,546.052283696893,1491528,1491.528
960,546.136774644275,1490633,1490.633
961,546.221265579886,1481458,1481.458
962,546.30575650397,1462813,1462.813
963,546.390247416772,1451460,1451.46
964,546.474738318539,1443196,1443.196
965,546.559229209514,1442214,1442.214
966,546.643720089944,1441505,1441.505
967,546.728210960073,1438230,1438.23
968,546.812701820146,1452118,1452.118
969,546.897192670409,1485814,1485.814
970,546.981683511106,1487623,1487.623
971,547.066174342483,1469903,1469.903
972,547.150665164785,1470036,1470.036
973,547.235155978257,1487597,1487.597
974,547.319646783145,1483737,1483.737
975,547.404137579692,1471359,1471.359
976,547.488628368145,1463569,1463.569
977,547.573119148749,1455054,1455.054
978,547.657609921748,1451617,1451.617
979,547.742100687388,1471175,1471.175
980,547.826591445914,1474512,1474.512
981,547.911082197572,1465334,1465.334
982,547.995572942605,1461899,1461.899
983,548.08006368126,1455798,1455.798
984,548.164554413782,1451471,1451.471
985,548.249045140415,1450888,1450.888
986,548.333535861404,1453245,1453.245
987,548.418026576996,1554425,1554.425
988,548.502517287435,1581610,1581.61
989,548.587007992966,1529696,1529.696
990,548.671498693834,1498752,1498.752
991,548.755989390285,1517332,1517.332
992,548.840480082563,1538882,1538.882
993,548.924970770915,1518960,1518.96
994,549.009461455584,1494334,1494.334
995,549.093952136815,1499891,1499.891
996,549.178442814856,1495487,1495.487
997,549.262933489949,1478852,1478.852
998,549.347424162341,1516312,1516.312
999,549.431914832276,1523179,1523.179
1000,549.5164055,1494775,1494.775
1001,549.600896165758,1489817,1489.817
1002,549.685386829794,1484874,1484.874
1003,549.769877492355,1474769,1474.769
1004,549.854368153685,1471461,1471.461
1005,549.938858814029,1579656,1579.656
1006,550.023349473633,1628090,1628.09
1007,550.107840132742,1596458,1596.458
1008,550.1923307916,1555974,1555.974
1009,550.276821450453,1515648,1515.648
1010,550.361312109546,1493710,1493.71
1011,550.445802769124,1503950,1503.95
1012,550.530293429432,1505057,1505.057
1013,550.614784090716,1488996,1488.996
1014,550.69927475322,1479856,1479.856
1015,550.78376541719,1474770,1474.77
1016,550.868256082871,1470968,1470.968
1017,550.952746750508,1471169,1471.169
1018,551.037237420346,1489736,1489.736
1019,551.12172809263,1496420,1496.42
1020,551.206218767606,1487364,1487.364
1021,551.290709445518,1481288,1481.288
1022,551.375200126611,1476746,1476.746
1023,551.459690811131,1497098,1497.098
1024,551.544181499323,1503443,1503.443
1025,551.628672191433,1492158,1492.158
1026,551.713162887704,1483604,1483.604
1027,551.797653588383,1476811,1476.811
1028,551.882144293714,1473497,1473.497
1029,551.966635003943,1473656,1473.656
1030,552.051125719314,1496940,1496.94
1031,552.135616440073,1537121,1537.121
1032,552.220107166465,1533324,1533.324
1033,552.304597898735,1524894,1524.894
1034,552.389088637129,1516612,1516.612
1035,552.473579381891,1628344,1628.344
1036,552.558070133266,1654585,1654.585
1037,552.6425608915,1581826,1581.826
1038,552.727051656838,1541084,1541.084
1039,552.811542429524,1671340,1671.34
1040,552.896033209805,1698175,1698.175
1041,552.980523997925,1630769,1630.769
1042,553.065014794129,1583977,1583.977
1043,553.149505598662,1542894,1542.894
1044,553.23399641177,1521027,1521.027
1045,553.318487233698,1528855,1528.855
1046,553.402978064691,1608091,1608.091
1047,553.487468904993,1681133,1681.133
1048,553.571959754851,1646846,1646.846
1049,553.656450614509,1577369,1577.369
1050,553.740941484213,1535384,1535.384
1051,553.825432364206,1552325,1552.325
1052,553.909923254736,1552749,1552.749
1053,553.994414156046,1563328,1563.328
1054,554.078905068382,1556009,1556.009
1055,554.16339599199,1525263,1525.263
1056,554.247886927113,1510703,1510.703
1057,554.332377873998,1627468,1627.468
1058,554.416868832889,1657118,1657.118
1059,554.501359804032,1586867,1586.867
1060,554.585850787671,1546947,1546.947
1061,554.670341784053,1523046,1523.046
1062,554.754832793421,1508606,1508.606
1063,554.839323816021,1500785,1500.785
1064,554.923814852099,1495787,1495.787
1065,555.008305901899,1494760,1494.76
1066,555.092796965667,1538013,1538.013
1067,555.177288043647,1548805,1548.805
1068,555.261779136085,1684577,1684.577
1069,555.346270243226,1716213,1716.213
1070,555.430761365315,1644487,1644.487
1071,555.515252502597,1612214,1612.214
1072,555.599743655318,1579477,1579.477
1073,555.684234823722,1548389,1548.389
1074,555.768726008055,1550205,1550.205
1075,555.853217208561,1563703,1563.703
1076,555.937708425486,1546665,1546.665
1077,556.022199659075,1668709,1668.709
1078,556.106690909574,1697777,1697.777
1079,556.191182177226,1635351,1635.351
1080,556.275673462278,1589994,1589.994
1081,556.360164764975,1567895,1567.895
1082,556.444656085561,1578106,1578.106
1083,556.529147424282,1563613,1563.613
1084,556.613638781383,1540956,1540.956
1085,556.698130157109,1527463,1527.463
1086,556.782621551706,1537603,1537.603
1087,556.867112965417,1537406,1537.406
1088,556.951604398489,1554879,1554.879
1089,557.036095851167,1595345,1595.345
1090,557.120587323695,1583091,1583.091
1091,557.20507881632,1546149,1546.149
1092,557.289570329285,1524905,1524.905
1093,557.374061862836,1533999,1533.999
1094,557.458553417219,1540082,1540.082
1095,557.543044992678,1544314,1544.314
1096,557.627536589459,1539598,1539.598
1097,557.712028207806,1545686,1545.686
1098,557.796519847966,1542016,1542.016
1099,557.881011510182,1562206,1562.206
1100,557.9655031947,1585131,1585.131
1101,558.049994901765,1566421,1566.421
1102,558.134486631623,1538876,1538.876
1103,558.218978384519,1521672,1521.672
1104,558.303470160697,1532908,1532.908
1105,558.387961960402,1533635,1533.635
1106,558.472453783881,1532997,1532.997
1107,558.556945631378,1537627,1537.627
1108,558.641437503137,1709028,1709.028
1109,558.725929399405,1808009,1808.009
1110,558.810421320427,1723522,1723.522
1111,558.894913266447,1630523,1630.523
1112,558.97940523771,1579338,1579.338
1113,559.063897234463,1569975,1569.975
1114,559.14838925695,1578887,1578.887
1115,559.232881305415,1563949,1563.949
1116,559.317373380105,1539765,1539.765
1117,559.401865481264,1549369,1549.369
1118,559.486357609138,1548860,1548.86
1119,559.570849763971,1531928,1531.928
1120,559.65534194601,1525480,1525.48
1121,559.739834155498,1544860,1544.86
1122,559.824326392681,1547588,1547.588
1123,559.908818657804,1551273,1551.273
1124,559.993310951113,1546195,1546.195
1125,560.077803272852,1530786,1530.786
1126,560.162295623266,1523006,1523.006
1127,560.246788002602,1516574,1516.574
1128,560.331280411103,1534483,1534.483
1129,560.415772849015,1559194,1559.194
1130,560.500265316583,1575388,1575.388
1131,560.584757814052,1600954,1600.954
1132,560.669250341668,1587843,1587.843
1133,560.753742899676,1553876,1553.876
1134,560.83823548832,1556516,1556.516
1135,560.922728107845,1552564,1552.564
1136,561.007220758498,1535446,1535.446
1137,561.091713440523,1527400,1527.4
1138,561.176206154165,1521843,1521.843
1139,561.260698899669,1521164,1521.164
1140,561.345191677281,1521150,1521.15
1141,561.429684487245,1520566,1520.566
1142,561.514177329807,1523267,1523.267
1143,561.598670205212,1527989,1527.989
1144,561.683163113705,1539798,1539.798
1145,561.767656055531,1546818,1546.818
1146,561.852149030935,1568736,1568.736
1147,561.936642040163,1598844,1598.844
1148,562.021135083459,1595334,1595.334
1149,562.105628161069,1578870,1578.87
1150,562.190121273237,1589392,1589.392
1151,562.27461442021,1585844,1585.844
1152,562.359107602232,1634324,1634.324
1153,562.443600819547,1639098,1639.098
1154,562.528094072403,1613917,1613.917
1155,562.612587361042,1645278,1645.278
1156,562.697080685712,1653050,1653.05
1157,562.781574046656,1634121,1634.121
1158,562.866067444119,1716878,1716.878
1159,562.950560878348,1716548,1716.548
1160,563.035054349587,1635316,1635.316
1161,563.119547858082,1609106,1609.106
1162,563.204041404076,1590593,1590.593
1163,563.288534987816,1571053,1571.053
1164,563.373028609547,1553835,1553.835
1165,563.457522269514,1540009,1540.009
1166,563.542015967961,1532477,1532.477
1167,563.626509705135,1546969,1546.969
1168,563.71100348128,1569822,1569.822
1169,563.795497296641,1561846,1561.846
1170,563.879991151464,1541652,1541.652
1171,563.964485045993,1530366,1530.366
1172,564.048978980475,1523832,1523.832
1173,564.133472955153,1526852,1526.852
1174,564.217966970273,1526771,1526.771
1175,564.30246102608,1544130,1544.13
1176,564.386955122819,1566825,1566.825
1177,564.471449260736,1578032,1578.032
1178,564.555943440075,1564121,1564.121
1179,564.640437661083,1541930,1541.93
1180,564.724931924002,1942930,1942.93
1181,564.80942622908,2075154,2075.154
1182,564.893920576561,1854285,1854.285
1183,564.97841496669,1729905,1729.905
1184,565.062909399713,1654690,1654.69
1185,565.147403875874,1659137,1659.137
1186,565.231898395419,1641487,1641.487
1187,565.316392958592,1587730,1587.73
1188,565.400887565639,1555686,1555.686
1189,565.485382216806,1538606,1538.606
1190,565.569876912336,1527666,1527.666
1191,565.654371652476,1520599,1520.599
1192,565.73886643747,1533970,1533.97
1193,565.823361267564,1539839,1539.839
1194,565.907856143003,1652727,1652.727
1195,565.992351064031,1681997,1681.997
1196,566.076846030894,1614563,1614.563
1197,566.161341043838,1571744,1571.744
1198,566.245836103106,1546382,1546.382
1199,566.330331208945,1534242,1534.242
1200,566.4148263616,1528266,1528.266
1201,566.499321561315,1542780,1542.78
1202,566.583816808336,1544341,1544.341
1203,566.668312102908,1552219,1552.219
1204,566.752807445276,1548983,1548.983
1205,566.837302835685,1541782,1541.782
1206,566.92179827438,1548227,1548.227
1207,567.006293761607,1543388,1543.388
1208,567.090789297611,1531374,1531.374
1209,567.175284882636,1556607,1556.607
1210,567.259780516928,1562266,1562.266
1211,567.344276200732,1542495,1542.495
1212,567.428771934293,1530484,1530.484
1213,567.513267717856,1542458,1542.458
1214,567.597763551667,1542983,1542.983
1215,567.68225943597,1529884,1529.884
1216,567.766755371011,1647085,1647.085
1217,567.851251357034,1679552,1679.552
1218,567.935747394286,1609988,1609.988
1219,568.020243483011,1608515,1608.515
1220,568.104739623454,1595261,1595.261
1221,568.18923581586,1701808,1701.808
1222,568.273732060474,1722228,1722.228
1223,568.358228357543,1633067,1633.067
1224,568.442724707309,1580606,1580.606
1225,568.52722111002,1550846,1550.846
1226,568.61171756592,1533208,1533.208
1227,568.696214075254,1526728,1526.728
1228,568.780710638267,1522095,1522.095
1229,568.865207255205,1517631,1517.631
1230,568.949703926312,1519634,1519.634
1231,569.034200651834,1540271,1540.271
1232,569.118697432015,1542714,1542.714
1233,569.203194267102,1530249,1530.249
1234,569.287691157338,1542445,1542.445
1235,569.37218810297,1576570,1576.57
1236,569.456685104242,1634418,1634.418
1237,569.5411821614,1631275,1631.275
1238,569.625679274688,1587872,1587.872
1239,569.710176444352,1580735,1580.735
1240,569.794673670637,1567772,1567.772
1241,569.879170953788,1543980,1543.98
1242,569.96366829405,1550705,1550.705
1243,570.048165691668,1590756,1590.756
1244,570.132663146887,1586906,1586.906
1245,570.217160659954,1599137,1599.137
1246,570.301658231112,1593873,1593.873
1247,570.386155860606,1562531,1562.531
1248,570.470653548683,1544454,1544.454
1249,570.555151295587,1531822,1531.822
1250,570.639649101562,1522985,1522.985
1251,570.724146966856,1518565,1518.565
1252,570.808644891712,1537112,1537.112
1253,570.893142876375,1566555,1566.555
1254,570.977640921091,1565979,1565.979
1255,571.062139026105,1560639,1560.639
1256,571.146637191662,1664203,1664.203
1257,571.231135418007,1679410,1679.41
1258,571.315633705386,1606723,1606.723
1259,571.400132054043,1584546,1584.546
1260,571.484630464223,1588695,1588.695
1261,571.569128936172,1570776,1570.776
1262,571.653627470135,1544645,1544.645
1263,571.738126066357,1572013,1572.013
1264,571.822624725083,1597910,1597.91
1265,571.907123446559,1575713,1575.713
1266,571.991622231028,1586722,1586.722
1267,572.076121078737,1616799,1616.799
1268,572.160619989931,1600960,1600.96
1269,572.245118964855,1584725,1584.725
1270,572.329618003753,1568207,1568.207
1271,572.414117106872,1571082,1571.082
1272,572.498616274455,1600340,1600.34
1273,572.583115506749,1585508,1585.508
1274,572.667614803999,1548626,1548.626
1275,572.752114166448,1527305,1527.305
1276,572.836613594344,1520048,1520.048
1277,572.921113087931,1518212,1518.212
1278,573.005612647453,1513736,1513.736
1279,573.090112273157,1510212,1510.212
1280,573.174611965286,1531599,1531.599
1281,573.259111724088,1575073,1575.073
1282,573.343611549805,1618276,1618.276
1283,573.428111442685,1763820,1763.82
1284,573.512611402971,1787982,1787.982
1285,573.597111430909,1962906,1962.906
1286,573.681611526744,1985567,1985.567
1287,573.766111690721,1854707,1854.707
1288,573.850611923086,1745463,1745.463
1289,573.935112224083,1643410,1643.41
1290,574.019612593957,1584553,1584.553
1291,574.104113032955,1553874,1553.874
1292,574.18861354132,1555968,1555.968
1293,574.273114119298,1551746,1551.746
1294,574.357614767134,1555249,1555.249
1295,574.442115485074,1548172,1548.172
1296,574.526616273362,1816771,1816.771
1297,574.611117132243,1889016,1889.016
1298,574.695618061963,1828918,1828.918
1299,574.780119062767,1780435,1780.435
1300,574.8646201349,1681047,1681.047
1301,574.949121278607,1629851,1629.851
1302,575.033622494133,1607914,1607.914
1303,575.118123781723,1596365,1596.365
1304,575.202625141623,1571435,1571.435
1305,575.287126574078,1541919,1541.919
1306,575.371628079332,1527630,1527.63
1307,575.456129657631,1520799,1520.799
1308,575.54063130922,1517586,1517.586
1309,575.625133034344,1536207,1536.207
1310,575.709634833249,1573413,1573.413
1311,575.794136706179,1568407,1568.407
1312,575.878638653379,1542104,1542.104
1313,575.963140675095,1524829,1524.829
1314,576.047642771572,1513030,1513.03
1315,576.132144943055,1509150,1509.15
1316,576.216647189789,1532965,1532.965
1317,576.301149512019,1538097,1538.097
1318,576.38565190999,1521938,1521.938
1319,576.470154383948,1510597,1510.597
1320,576.554656934138,1506731,1506.731
1321,576.639159560804,1530974,1530.974
1322,576.723662264192,1538749,1538.749
1323,576.808165044547,1717802,1717.802
1324,576.892667902114,1780359,1780.359
1325,576.977170837139,1674279,1674.279
1326,577.061673849866,1597057,1597.057
1327,577.146176940541,1554950,1554.95
1328,577.230680109408,1533569,1533.569
1329,577.315183356713,1523075,1523.075
1330,577.399686682701,1532630,1532.63
1331,577.484190087617,1676895,1676.895
1332,577.568693571706,1703068,1703.068
1333,577.653197135214,1616162,1616.162
1334,577.737700778385,1588131,1588.131
1335,577.822204501465,1566300,1566.3
1336,577.906708304698,1536134,1536.134
1337,577.991212188331,1704827,1704.827
1338,578.075716152607,1747126,1747.126
1339,578.160220197773,1664912,1664.912
1340,578.244724324073,1610975,1610.975
1341,578.329228531752,1606442,1606.442
1342,578.413732821056,1613085,1613.085
1343,578.49823719223,1580465,1580.465
1344,578.582741645518,1544806,1544.806
1345,578.667246181166,1541090,1541.09
1346,578.75175079942,1535476,1535.476
1347,578.836255500524,1541792,1541.792
1348,578.920760284723,1584835,1584.835
1349,579.005265152262,1582339,1582.339
1350,579.089770103388,1549499,1549.499
1351,579.174275138344,1527633,1527.633
1352,579.258780257375,1512538,1512.538
1353,579.343285460728,1504846,1504.846
1354,579.427790748647,1501687,1501.687
1355,579.512296121378,1498920,1498.92
1356,579.596801579165,1495564,1495.564
1357,579.681307122253,1499918,1499.918
1358,579.765812750888,1500978,1500.978
1359,579.850318465315,1496537,1496.537
1360,579.934824265779,1493666,1493.666
1361,580.019330152525,1491574,1491.574
1362,580.103836125799,1602887,1602.887
1363,580.188342185844,1635444,1635.444
1364,580.272848332908,1594329,1594.329
1365,580.357354567233,1564740,1564.74
1366,580.441860889067,1534456,1534.456
1367,580.526367298654,1515693,1515.693
1368,580.610873796238,1545919,1545.919
1369,580.695380382066,1551132,1551.132
1370,580.779887056382,1526713,1526.713
1371,580.864393819432,1542389,1542.389
1372,580.94890067146,1543169,1543.169
1373,581.033407612712,1520650,1520.65
1374,581.117914643433,1508030,1508.03
1375,581.202421763867,1502996,1502.996
1376,581.286928974261,1500810,1500.81
1377,581.371436274859,1516541,1516.541
1378,581.455943665907,1519513,1519.513
1379,581.540451147649,1526937,1526.937
1380,581.62495872033,1523341,1523.341
1381,581.709466384197,1506893,1506.893
1382,581.793974139493,1498018,1498.018
1383,581.878481986465,1533592,1533.592
1384,581.962989925357,1542377,1542.377
1385,582.047497956414,1560101,1560.101
1386,582.132006079881,1579557,1579.557
1387,582.216514296004,1554813,1554.813
1388,582.301022605028,1526804,1526.804
1389,582.385531007198,1569404,1569.404
1390,582.470039502758,1576986,1576.986
1391,582.554548091955,1540957,1540.957
1392,582.639056775033,1519263,1519.263
1393,582.723565552238,1504151,1504.151
1394,582.808074423814,1497563,1497.563
1395,582.892583390007,1493064,1493.064
1396,582.977092451061,1530430,1530.43
1397,583.061601607223,1540653,1540.653
1398,583.146110858736,1527009,1527.009
1399,583.230620205847,1525630,1525.63
1400,583.3151296488,1514404,1514.404
1401,583.399639187841,1520252,1520.252
1402,583.484148823214,1518193,1518.193
1403,583.568658555165,1504459,1504.459
1404,583.653168383939,1496493,1496.493
1405,583.73767830978,1530710,1530.71
1406,583.822188332935,1539968,1539.968
1407,583.906698453649,1534300,1534.3
1408,583.991208672165,1523509,1523.509
1409,584.075718988731,1504858,1504.858
1410,584.16022940359,1514104,1514.104
1411,584.244739916987,1513619,1513.619
1412,584.329250529169,1498988,1498.988
1413,584.41376124038,1489926,1489.926
1414,584.498272050865,1486702,1486.702
1415,584.58278296087,1486802,1486.802
1416,584.667293970638,1540018,1540.018
1417,584.751805080417,1593511,1593.511
1418,584.83631629045,1576869,1576.869
1419,584.920827600983,1537726,1537.726
1420,585.005339012262,1514393,1514.393
1421,585.08985052453,1519611,1519.611
1422,585.174362138034,1534074,1534.074
1423,585.258873853018,1541785,1541.785
1424,585.343385669727,1527544,1527.544
1425,585.427897588408,1505768,1505.768
1426,585.512409609304,1492184,1492.184
1427,585.596921732661,1484086,1484.086
1428,585.681433958724,1493548,1493.548
1429,585.765946287739,1495335,1495.335
1430,585.85045871995,1508806,1508.806
1431,585.934971255602,1532658,1532.658
1432,586.019483894941,1568135,1568.135
1433,586.103996638212,1579548,1579.548
1434,586.18850948566,1549516,1549.516
1435,586.27302243753,1522099,1522.099
1436,586.357535494067,1503835,1503.835
1437,586.442048655516,1634499,1634.499
1438,586.526561922122,1791671,1791.671
1439,586.611075294132,1746048,1746.048
1440,586.695588771789,1633647,1633.647
1441,586.780102355339,1569985,1569.985
1442,586.864616045027,1552850,1552.85
1443,586.949129841097,1533682,1533.682
1444,587.033643743797,1507104,1507.104
1445,587.118157753369,1492619,1492.619
1446,587.20267187006,1484400,1484.4
1447,587.287186094115,1478912,1478.912
1448,587.371700425779,1476012,1476.012
1449,587.456214865296,1473653,1473.653
1450,587.540729412912,1472613,1472.613
1451,587.625244068873,1471933,1471.933
1452,587.709758833423,1490130,1490.13
1453,587.794273706808,1496665,1496.665
1454,587.878788689272,1488529,1488.529
1455,587.963303781061,1482072,1482.072
1456,588.047818982419,1479379,1479.379
1457,588.132334293593,1494579,1494.579
1458,588.216849714827,1520916,1520.916
1459,588.301365246366,1517024,1517.024
1460,588.385880888455,1498468,1498.468
1461,588.47039664134,1485813,1485.813
1462,588.554912505266,1477263,1477.263
1463,588.639428480477,1495023,1495.023
1464,588.72394456722,1525754,1525.754
1465,588.808460765738,1563978,1563.978
1466,588.892977076278,1555374,1555.374
1467,588.977493499084,1519428,1519.428
1468,589.062010034401,1497042,1497.042
1469,589.146526682475,1484506,1484.506
1470,589.231043443551,1477216,1477.216
1471,589.315560317874,1471530,1471.53
1472,589.400077305689,1468593,1468.593
1473,589.48459440724,1468461,1468.461
1474,589.569111622774,1487401,1487.401
1475,589.653628952536,1523121,1523.121
1476,589.73814639677,1522086,1522.086
1477,589.822663955722,1499839,1499.839
1478,589.907181629636,1978365,1978.365
1479,589.991699418759,2152642,2152.642
1480,590.076217323334,1939776,1939.776
1481,590.160735343608,1769701,1769.701
1482,590.245253479825,1640162,1640.162
1483,590.329771732231,1563527,1563.527
1484,590.41429010107,1717455,1717.455
1485,590.498808586588,1748540,1748.54
1486,590.58332718903,1630853,1630.853
1487,590.667845908641,1579021,1579.021
1488,590.752364745666,1543210,1543.21
1489,590.83688370035,1509818,1509.818
1490,590.921402772939,1509593,1509.593
1491,591.005921963678,1545457,1545.457
1492,591.090441272811,1539976,1539.976
1493,591.174960700584,1528274,1528.274
1494,591.259480247241,1533352,1533.352
1495,591.343999913029,1537284,1537.284
1496,591.428519698192,1520973,1520.973
1497,591.513039602976,1496762,1496.762
1498,591.597559627625,1483532,1483.532
1499,591.682079772385,1475590,1475.59
1500,591.7666000375,1468919,1468.919
1501,591.851120423216,1467591,1467.591
1502,591.935640929779,1467289,1467.289
1503,592.020161557432,1477569,1477.569
1504,592.104682306422,1478991,1478.991
1505,592.189203176993,1470362,1470.362
1506,592.273724169391,1464976,1464.976
1507,592.35824528386,1462220,1462.22
1508,592.442766520647,1462322,1462.322
1509,592.527287879995,1485837,1485.837
1510,592.611809362151,1493374,1493.374
1511,592.696330967358,1650635,1650.635
1512,592.780852695863,1690313,1690.313
1513,592.865374547911,1593944,1593.944
1514,592.949896523746,1538049,1538.049
1515,593.034418623614,1507563,1507.563
1516,593.11894084776,1716986,1716.986
1517,593.203463196429,1768312,1768.312
1518,593.287985669866,1641307,1641.307
1519,593.372508268317,1566259,1566.259
1520,593.457030992026,1524295,1524.295
1521,593.541553841238,1499732,1499.732
1522,593.626076816199,1489505,1489.505
1523,593.710599917154,1480839,1480.839
1524,593.795123144348,1472616,1472.616
1525,593.879646498027,1466757,1466.757
1526,593.964169978434,1505198,1505.198
1527,594.048693585816,1518125,1518.125
1528,594.133217320417,1493871,1493.871
1529,594.217741182483,1497930,1497.93
1530,594.302265172259,1494890,1494.89
1531,594.38678928999,1500500,1500.5
1532,594.47131353592,1496541,1496.541
1533,594.555837910296,1499217,1499.217
1534,594.640362413363,1495041,1495.041
1535,594.724887045364,1608242,1608.242
1536,594.809411806547,1635011,1635.011
1537,594.893936697155,1560010,1560.01
1538,594.978461717434,1556986,1556.986
1539,595.062986867629,1543484,1543.484
1540,595.147512147985,1510646,1510.646
1541,595.232037558747,1531687,1531.687
1542,595.316563100161,1571268,1571.268
1543,595.401088772471,1562358,1562.358
1544,595.485614575923,1527347,1527.347
1545,595.570140510762,1500059,1500.059
1546,595.654666577233,1483403,1483.403
1547,595.73919277558,1493549,1493.549
1548,595.82371910605,1502287,1502.287
1549,595.908245568888,1492786,1492.786
1550,595.992772164338,1520275,1520.275
1551,596.077298892645,1567771,1567.771
1552,596.161825754055,1552566,1552.566
1553,596.246352748813,1511613,1511.613
1554,596.330879877164,1490568,1490.568
1555,596.415407139353,1566491,1566.491
1556,596.499934535626,1585433,1585.433
1557,596.584462066227,1541484,1541.484
1558,596.668989731401,1531570,1531.57
1559,596.753517531394,1536757,1536.757
1560,596.838045466451,1540540,1540.54
1561,596.922573536817,1520727,1520.727
1562,597.007101742737,1496315,1496.315
1563,597.091630084456,1654430,1654.43
1564,597.17615856222,1785642,1785.642
1565,597.260687176273,1721534,1721.534
1566,597.345215926861,1636622,1636.622
1567,597.429744814228,1616534,1616.534
1568,597.51427383862,1576375,1576.375
1569,597.598803000283,1525402,1525.402
1570,597.68333229946,1536960,1536.96
1571,597.767861736398,1529575,1529.575
1572,597.852391311341,1537599,1537.599
1573,597.936921024535,1532473,1532.473
1574,598.021450876224,1520555,1520.555
1575,598.105980866655,1528245,1528.245
1576,598.190510996071,1510988,1510.988
1577,598.275041264718,1505016,1505.016
1578,598.359571672842,1516912,1516.912
1579,598.444102220687,1531998,1531.998
1580,598.528632908498,1518347,1518.347
1581,598.613163736522,1511348,1511.348
1582,598.697694705001,1548658,1548.658
1583,598.782225814183,1557764,1557.764
1584,598.866757064312,1545674,1545.674
1585,598.951288455633,1521398,1521.398
1586,599.035819988391,1511593,1511.593
1587,599.120351662832,1522380,1522.38
1588,599.2048834792,1507698,1507.698
1589,599.289415437741,1482935,1482.935
1590,599.3739475387,1472318,1472.318
1591,599.458479782322,1491258,1491.258
1592,599.543012168852,1514367,1514.367
1593,599.627544698535,1524365,1524.365
1594,599.712077371617,1508779,1508.779
1595,599.796610188342,1485651,1485.651
1596,599.881143148956,1495431,1495.431
1597,599.965676253703,1514692,1514.692
1598,600.05020950283,1505309,1505.309
1599,600.13474289658,1483925,1483.925
1600,600.2192764352,1471703,1471.703
1601,600.303810118934,1485077,1485.077
1602,600.388343948028,1485675,1485.675
1603,600.472877922726,1471936,1471.936
1604,600.557412043273,1484977,1484.977
1605,600.641946309916,1485114,1485.114
1606,600.726480722899,1472745,1472.745
1607,600.811015282466,1465785,1465.785
1608,600.895549988864,1460485,1460.485
1609,600.980084842338,1455284,1455.284
1610,601.064619843132,1469954,1469.954
1611,601.149154991491,1476363,1476.363
1612,601.233690287662,1490409,1490.409
1613,601.318225731888,1490544,1490.544
1614,601.402761324415,1474576,1474.576
1615,601.487297065489,1484338,1484.338
1616,601.571832955354,1487230,1487.23
1617,601.656368994255,1495135,1495.135
1618,601.740905182438,1490986,1490.986
1619,601.825441520148,1473295,1473.295
1620,601.90997800763,1488709,1488.709
1621,601.994514645128,1509133,1509.133
1622,602.079051432889,1515103,1515.103
1623,602.163588371157,1503039,1503.039
1624,602.248125460177,1501677,1501.677
1625,602.332662700195,1495537,1495.537
1626,602.417200091456,1499123,1499.123
1627,602.501737634204,1492408,1492.408
1628,602.586275328686,1474592,1474.592
1629,602.670813175145,1464567,1464.567
1630,602.755351173828,1517945,1517.945
1631,602.839889324979,1531797,1531.797
1632,602.924427628843,1517053,1517.053
1633,603.008966085667,1521085,1521.085
1634,603.093504695693,1505561,1505.561
1635,603.178043459169,1482570,1482.57
1636,603.262582376339,1494150,1494.15
1637,603.347121447448,1508394,1508.394
1638,603.431660672741,1501990,1501.99
1639,603.516200052464,1484409,1484.409
1640,603.600739586861,1468487,1468.487
1641,603.685279276178,1460781,1460.781
1642,603.769819120659,1462001,1462.001
1643,603.854359120551,1460031,1460.031
1644,603.938899276098,1481669,1481.669
1645,604.023439587545,1506845,1506.845
1646,604.107980055137,1498659,1498.659
1647,604.19252067912,1497671,1497.671
1648,604.277061459738,1491142,1491.142
1649,604.361602397237,1472741,1472.741
1650,604.446143491862,1460765,1460.765
1651,604.530684743859,1552037,1552.037
1652,604.615226153471,1645373,1645.373
1653,604.699767720944,1630788,1630.788
1654,604.784309446525,1569576,1569.576
1655,604.868851330456,1538963,1538.963
1656,604.953393372984,1558891,1558.891
1657,605.037935574354,1580994,1580.994
1658,605.122477934812,1551840,1551.84
1659,605.207020454601,1649238,1649.238
1660,605.291563133967,1663111,1663.111
1661,605.376105973156,1579165,1579.165
1662,605.460648972412,1528064,1528.064
1663,605.545192131981,1492900,1492.9
1664,605.629735452108,1471738,1471.738
1665,605.714278933038,1461007,1461.007
1666,605.798822575015,1500454,1500.454
1667,605.883366378286,1511705,1511.705
1668,605.967910343095,1485519,1485.519
1669,606.052454469688,1467880,1467.88
1670,606.136998758309,1461610,1461.61
1671,606.221543209204,1480795,1480.795
1672,606.306087822618,1483788,1483.788
1673,606.390632598795,1468492,1468.492
1674,606.475177537982,1479575,1479.575
1675,606.559722640423,1502384,1502.384
1676,606.644267906364,1513032,1513.032
1677,606.728813336049,1517824,1517.824
1678,606.813358929724,1501069,1501.069
1679,606.897904687633,1477597,1477.597
1680,606.982450610022,1463507,1463.507
1681,607.066996697137,1454913,1454.913
1682,607.151542949221,1470467,1470.467
1683,607.236089366521,1494509,1494.509
1684,607.320635949282,1487388,1487.388
1685,607.405182697748,1469503,1469.503
1686,607.489729612165,1485742,1485.742
1687,607.574276692777,1487126,1487.126
1688,607.658823939831,1469080,1469.08
1689,607.74337135357,1478999,1478.999
1690,607.827918934241,1498597,1498.597
1691,607.912466682089,1488962,1488.962
1692,607.997014597358,1469952,1469.952
1693,608.081562680293,1525067,1525.067
1694,608.16611093114,1536270,1536.27
1695,608.250659350145,1519800,1519.8
1696,608.335207937551,1519845,1519.845
1697,608.419756693605,1513956,1513.956
1698,608.504305618551,1492781,1492.781
1699,608.588854712634,1493107,1493.107
1700,608.6734039761,1487203,1487.203
1701,608.757953409194,1534113,1534.113
1702,608.84250301216,1566521,1566.521
1703,608.927052785245,1531126,1531.126
1704,609.011602728693,1497434,1497.434
1705,609.096152842749,1477461,1477.461
1706,609.180703127658,1462248,1462.248
1707,609.265253583666,1452424,1452.424
1708,609.349804211018,1450668,1450.668
1709,609.434355009958,1470075,1470.075
1710,609.518905980733,1472053,1472.053
1711,609.603457123586,1500827,1500.827
1712,609.688008438764,1715585,1715.585
1713,609.772559926511,1747512,1747.512
1714,609.857111587073,1619193,1619.193
1715,609.941663420694,1543349,1543.349
1716,610.02621542762,1498903,1498.903
1717,610.110767608096,1498146,1498.146
1718,610.195319962366,1490114,1490.114
1719,610.279872490677,1468950,1468.95
1720,610.364425193274,1456810,1456.81
1721,610.4489780704,1450709,1450.709
1722,610.533531122303,1448165,1448.165
1723,610.618084349226,1452398,1452.398
1724,610.702637751414,1474632,1474.632
1725,610.787191329114,1495705,1495.705
1726,610.87174508257,1485822,1485.822
1727,610.956299012027,1507015,1507.015
1728,611.04085311773,1507520,1507.52
1729,611.125407399925,1480427,1480.427
1730,611.209961858857,1464418,1464.418
1731,611.29451649477,1606268,1606.268
1732,611.37907130791,1691594,1691.594
1733,611.463626298523,1621017,1621.017
1734,611.548181466852,1563246,1563.246
1735,611.632736813144,1566738,1566.738
1736,611.717292337643,1546639,1546.639
1737,611.801848040595,1504693,1504.693
1738,611.886403922244,1479276,1479.276
1739,611.970959982837,1484476,1484.476
1740,612.055516222617,1497207,1497.207
1741,612.14007264183,1509289,1509.289
1742,612.224629240722,1517575,1517.575
1743,612.309186019537,1507103,1507.103
1744,612.39374297852,1575676,1575.676
1745,612.478300117917,1589798,1589.798
1746,612.562857437973,1636755,1636.755
1747,612.647414938933,1649038,1649.038
1748,612.731972621042,1575664,1575.664
1749,612.816530484545,1516489,1516.489
1750,612.901088529688,1592916,1592.916
1751,612.985646756714,1604095,1604.095
1752,613.070205165871,1553480,1553.48
1753,613.154763757402,1517894,1517.894
1754,613.239322531553,1484863,1484.863
1755,613.323881488569,1486276,1486.276
1756,613.408440628695,1479077,1479.077
1757,613.492999952176,1460626,1460.626
1758,613.577559459258,1472632,1472.632
1759,613.662119150185,1492153,1492.153
1760,613.746679025203,1480841,1480.841
1761,613.831239084557,1461836,1461.836
1762,613.915799328492,1472967,1472.967
1763,614.000359757252,1473059,1473.059
1764,614.084920371084,1458916,1458.916
1765,614.169481170232,1451865,1451.865
1766,614.254042154942,1452441,1452.441
1767,614.338603325458,1449310,1449.31
1768,614.423164682026,1467566,1467.566
1769,614.507726224891,1491300,1491.3
1770,614.592287954298,1481315,1481.315
1771,614.676849870492,1576957,1576.957
1772,614.761411973718,1596837,1596.837
1773,614.845974264222,1527107,1527.107
1774,614.930536742248,1489014,1489.014
1775,615.015099408042,1490972,1490.972
1776,615.099662261849,1484381,1484.381
1777,615.184225303914,1463987,1463.987
1778,615.268788534481,1473595,1473.595
1779,615.353351953797,1471964,1471.964
1780,615.437915562106,1499006,1499.006
1781,615.522479359654,1505786,1505.786
1782,615.607043346685,1478058,1478.058
1783,615.691607523446,1559284,1559.284
1784,615.776171890179,1575750,1575.75
1785,615.860736447132,1515891,1515.891
1786,615.94530119455,1482776,1482.776
1787,616.029866132676,1483223,1483.223
1788,616.114431261757,1478945,1478.945
1789,616.198996582037,1483533,1483.533
1790,616.283562093762,1495361,1495.361
1791,616.368127797177,1503321,1503.321
1792,616.452693692527,1488801,1488.801
1793,616.537259780057,1463511,1463.511
1794,616.621826060012,1472343,1472.343
1795,616.706392532638,1495773,1495.773
1796,616.790959198179,1487712,1487.712
1797,616.87552605688,1465081,1465.081
1798,616.960093108988,1593174,1593.174
1799,617.044660354746,1626347,1626.347
1800,617.1292277944,1602642,1602.642
1801,617.213795428195,1624829,1624.829
1802,617.298363256377,1583842,1583.842
1803,617.38293127919,1520719,1520.719
1804,617.46749949688,1481704,1481.704
1805,617.552067909691,1458413,1458.413
1806,617.63663651787,1445396,1445.396
1807,617.72120532166,3960792,3960.792
1808,617.805774321307,4706001,4706.001
1809,617.890343517057,3360059,3360.059
1810,617.974912909154,2535804,2535.804
1811,618.059482497843,2062149,2062.149
1812,618.14405228337,1793685,1793.685
1813,618.22862226598,1638668,1638.668
1814,618.313192445918,1547290,1547.29
1815,618.397762823429,1589507,1589.507
1816,618.482333398757,1610017,1610.017
1817,618.56690417215,1551712,1551.712
1818,618.65147514385,1522907,1522.907
1819,618.736046314105,1499169,1499.169
1820,618.820617683158,1472234,1472.234
1821,618.905189251254,1458675,1458.675
1822,618.98976101864,1452947,1452.947
1823,619.07433298556,1445648,1445.648
1824,619.158905152259,1469224,1469.224
1825,619.243477518983,1615413,1615.413
1826,619.328050085976,1636206,1636.206
1827,619.412622853484,1571667,1571.667
1828,619.497195821751,1548019,1548.019
1829,619.581768991023,1558732,1558.732
1830,619.666342361546,1534219,1534.219
1831,619.750915933564,1489127,1489.127
1832,619.835489707321,1464718,1464.718
1833,619.920063683065,1493639,1493.639
1834,620.004637861039,1515398,1515.398
1835,620.089212241489,1490767,1490.767
1836,620.173786824659,1462140,1462.14
1837,620.258361610796,1454012,1454.012
1838,620.342936600144,1448494,1448.494
1839,620.427511792947,1442387,1442.387
1840,620.512087189453,1478041,1478.041
1841,620.596662789905,1663562,1663.562
1842,620.681238594548,1751543,1751.543
1843,620.765814603629,1662161,1662.161
1844,620.850390817391,1564797,1564.797
1845,620.93496723608,1525391,1525.391
1846,621.019543859942,1540416,1540.416
1847,621.104120689221,1524716,1524.716
1848,621.188697724162,1496434,1496.434
1849,621.273274965011,1474045,1474.045
1850,621.357852412012,1451857,1451.857
1851,621.442430065412,1448207,1448.207
1852,621.527007925454,1442767,1442.767
1853,621.611585992385,1453334,1453.334
1854,621.696164266449,1461320,1461.32
1855,621.780742747892,1449950,1449.95
1856,621.865321436958,1437756,1437.756
1857,621.949900333892,1433908,1433.908
1858,622.03447943894,1450829,1450.829
1859,622.119058752348,1454825,1454.825
1860,622.203638274359,1442127,1442.127
1861,622.28821800522,1457553,1457.553
1862,622.372797945175,1461252,1461.252
1863,622.457378094469,1449131,1449.131
1864,622.541958453348,1439331,1439.331
1865,622.626539022057,1441059,1441.059
1866,622.711119800841,1442183,1442.183
1867,622.795700789945,1436510,1436.51
1868,622.880281989613,1513250,1513.25
1869,622.964863400093,1531975,1531.975
1870,623.049445021627,1484796,1484.796
1871,623.134026854462,1459130,1459.13
1872,623.218608898843,1442942,1442.942
1873,623.303191155015,1458148,1458.148
1874,623.387773623222,1464901,1464.901
1875,623.472356303711,1473248,1473.248
1876,623.556939196726,1488314,1488.314
1877,623.641522302512,1475113,1475.113
1878,623.726105621315,1451643,1451.643
1879,623.810689153379,1458804,1458.804
1880,623.89527289895,1456087,1456.087
1881,623.979856858273,1460909,1460.909
1882,624.064441031593,1493257,1493.257
1883,624.149025419156,1508943,1508.943
1884,624.233610021205,1526652,1526.652
1885,624.318194837987,1529308,1529.308
1886,624.402779869747,1517005,1517.005
1887,624.487365116729,1526470,1526.47
1888,624.571950579179,1525640,1525.64
1889,624.656536257342,1492524,1492.524
1890,624.741122151463,1459368,1459.368
1891,624.825708261788,1456683,1456.683
1892,624.91029458856,1494650,1494.65
1893,624.994881132027,1491001,1491.001
1894,625.079467892432,1477343,1477.343
1895,625.16405487002,1464248,1464.248
1896,625.248642065038,1445514,1445.514
1897,625.33322947773,1658496,1658.496
1898,625.41781710834,1734960,1734.96
1899,625.502404957115,2575752,2575.752
1900,625.5869930243,2787116,2787.116
1901,625.671581310139,2228925,2228.925
1902,625.756169814878,4330362,4330.362
1903,625.840758538762,4822597,4822.597
1904,625.925347482035,3394244,3394.244
1905,626.009936644944,2609868,2609.868
1906,626.094526027733,2141127,2141.127
1907,626.179115630648,1829491,1829.491
1908,626.263705453933,1657555,1657.555
1909,626.348295497833,1577164,1577.164
1910,626.432885762595,1520392,1520.392
1911,626.517476248462,1474944,1474.944
1912,626.60206695568,1538332,1538.332
1913,626.686657884495,1548036,1548.036
1914,626.771249035151,1491156,1491.156
1915,626.855840407893,1499451,1499.451
1916,626.940432002967,1490372,1490.372
1917,627.025023820618,1487809,1487.809
1918,627.10961586109,1577759,1577.759
1919,627.19420812463,1576551,1576.551
1920,627.278800611482,1568851,1568.851
1921,627.363393321891,1560306,1560.306
1922,627.447986256102,1736336,1736.336
1923,627.532579414361,1760599,1760.599
1924,627.617172796912,1616661,1616.661
1925,627.701766404002,1529021,1529.021
1926,627.786360235874,1477760,1477.76
1927,627.870954292774,1472141,1472.141
1928,627.955548574948,1460490,1460.49
1929,628.04014308264,1526430,1526.43
1930,628.124737816095,1539530,1539.53
1931,628.209332775559,1504316,1504.316
1932,628.293927961276,1477187,1477.187
1933,628.378523373493,1447206,1447.206
1934,628.463119012454,1427841,1427.841
1935,628.547714878403,1420262,1420.262
1936,628.632310971587,1439873,1439.873
1937,628.716907292251,1462077,1462.077
1938,628.801503840639,1472700,1472.7
1939,628.886100616996,1458418,1458.418
1940,628.970697621569,1435658,1435.658
1941,629.055294854601,1424788,1424.788
1942,629.139892316339,1440992,1440.992
1943,629.224490007026,1461217,1461.217
1944,629.309087926909,1452470,1452.47
1945,629.393686076233,1452410,1452.41
1946,629.478284455242,1444452,1444.452
1947,629.562883064182,1425548,1425.548
1948,629.647481903298,1415543,1415.543
1949,629.732080972835,1411197,1411.197
1950,629.816680273037,1424690,1424.69
1951,629.901279804152,1426124,1426.124
1952,629.985879566422,1435904,1435.904
1953,630.070479560095,1459168,1459.168
1954,630.155079785414,1468735,1468.735
1955,630.239680242624,1451556,1451.556
1956,630.324280931972,1428139,1428.139
1957,630.408881853702,1463967,1463.967
1958,630.493483008059,1482470,1482.47
1959,630.578084395288,1455712,1455.712
1960,630.662686015635,1430627,1430.627
1961,630.747287869345,1451820,1451.82
1962,630.831889956662,1456124,1456.124
1963,630.916492277832,1433689,1433.689
1964,631.001094833101,1418023,1418.023
1965,631.085697622712,1410365,1410.365
1966,631.170300646912,1430379,1430.379
1967,631.254903905945,1435026,1435.026
1968,631.339507400056,1463670,1463.67
1969,631.424111129492,1481446,1481.446
1970,631.508715094496,1503373,1503.373
1971,631.593319295314,1561272,1561.272
1972,631.677923732192,1558607,1558.607
1973,631.762528405373,1520754,1520.754
1974,631.847133315104,1495694,1495.694
1975,631.93173846163,1463847,1463.847
1976,632.016343845195,1453678,1453.678
1977,632.100949466045,1440776,1440.776
1978,632.185555324425,1419370,1419.37
1979,632.270161420579,1408256,1408.256
1980,632.354767754754,1406234,1406.234
1981,632.439374327195,1420192,1420.192
1982,632.523981138146,1420556,1420.556
1983,632.608588187852,1407554,1407.554
1984,632.693195476559,1409998,1409.998
1985,632.777803004512,1409896,1409.896
1986,632.862410771956,1408882,1408.882
1987,632.947018779136,1410822,1410.822
1988,633.031627026297,1412059,1412.059
1989,633.116235513685,1429540,1429.54
1990,633.200844241544,1469569,1469.569
1991,633.28545321012,1466212,1466.212
1992,633.370062419658,1434752,1434.752
1993,633.454671870403,1416116,1416.116
1994,633.539281562599,1406893,1406.893
1995,633.623891496493,1402029,1402.029
1996,633.708501672329,1398339,1398.339
1997,633.793112090353,1416086,1416.086
1998,633.877722750809,1418235,1418.235
1999,633.962333653943,1405894,1405.894
2000,634.0469448,1398443,1398.443
2001,634.131556189225,1393148,1393.148
2002,634.216167821863,1410091,1410.091
2003,634.300779698159,1414424,1414.424
2004,634.385391818359,1402972,1402.972
2005,634.470004182707,1398808,1398.808
2006,634.554616791449,1394532,1394.532
2007,634.639229644829,1410852,1410.852
2008,634.723842743094,1520190,1520.19
2009,634.808456086488,1559359,1559.359
2010,634.893069675256,1500052,1500.052
2011,634.977683509643,1470753,1470.753
2012,635.062297589895,1470977,1470.977
2013,635.146911916256,1469981,1469.981
2014,635.231526488972,1447557,1447.557
2015,635.316141308288,2928116,2928.116
2016,635.400756374449,3336790,3336.79
2017,635.4853716877,2558533,2558.533
2018,635.569987248286,2105076,2105.076
2019,635.654603056453,1811086,1811.086
2020,635.739219112446,1633571,1633.571
2021,635.823835416509,1534791,1534.791
2022,635.908451968888,1514338,1514.338
2023,635.993068769827,1616954,1616.954
2024,636.077685819573,1609434,1609.434
2025,636.16230311837,1654078,1654.078
2026,636.246920666464,1635502,1635.502
2027,636.331538464099,2252376,2252.376
2028,636.41615651152,2392662,2392.662
2029,636.500774808974,1967140,1967.14
2030,636.585393356704,1714942,1714.942
2031,636.670012154956,1728467,1728.467
2032,636.754631203976,1713714,1713.714
2033,636.839250504007,1588729,1588.729
2034,636.923870055296,1499476,1499.476
2035,637.008489858088,1463251,1463.251
2036,637.093109912628,1441346,1441.346
2037,637.17773021916,1417159,1417.159
2038,637.26235077793,1401345,1401.345
2039,637.346971589183,1448908,1448.908
2040,637.431592653165,1483245,1483.245
2041,637.51621397012,1456652,1456.652
2042,637.600835540293,1437922,1437.922
2043,637.68545736393,1439504,1439.504
2044,637.770079441276,1445454,1445.454
2045,637.854701772576,1430064,1430.064
2046,637.939324358074,1407450,1407.45
2047,638.023947198017,1395149,1395.149
