0,464.9839,61886,618.86
1,465.068515076491,60890,608.9
2,465.153129906126,61085,610.85
3,465.237744489151,61330,613.3
4,465.322358825812,61374,613.74
5,465.406972916352,61502,615.02
6,465.491586761018,61467,614.67
7,465.576200360054,61476,614.76
8,465.660813713705,61536,615.36
9,465.745426822218,61570,615.7
10,465.830039685836,61715,617.15
11,465.914652304805,62072,620.72
12,465.99926467937,62202,622.02
13,466.083876809776,62164,621.64
14,466.168488696269,62335,623.35
15,466.253100339093,195773,1957.73
16,466.337711738494,233374,2333.74
17,466.422322894716,162766,1627.66
18,466.506933808006,120592,1205.92
19,466.591544478607,96310,963.1
20,466.676154906766,82451,824.51
21,466.760765092726,74753,747.53
22,466.845375036735,73788,737.88
23,466.929984739036,72782,727.82
24,467.014594199874,70117,701.17
25,467.099203419495,68171,681.71
26,467.183812398145,66695,666.95
27,467.268421136067,65861,658.61
28,467.353029633508,93920,939.2
29,467.437637890711,103680,1036.8
30,467.522245907924,92443,924.43
31,467.60685368539,83081,830.81
32,467.691461223355,75327,753.27
33,467.776068522063,71348,713.48
34,467.860675581761,68937,689.37
35,467.945282402693,71714,717.14
36,468.029888985104,77741,777.41
37,468.11449532924,76636,766.36
38,468.199101435345,74881,748.81
39,468.283707303665,72495,724.95
40,468.368312934445,68847,688.47
41,468.45291832793,70167,701.67
42,468.537523484364,73077,730.77
43,468.622128403994,95548,955.48
44,468.706733087065,105874,1058.74
45,468.791337533821,93435,934.35
46,468.875941744507,81119,811.19
47,468.96054571937,74343,743.43
48,469.045149458653,70855,708.55
49,469.129752962602,68871,688.71
50,469.214356231462,67435,674.35
51,469.298959265479,66554,665.54
52,469.383562064897,66158,661.58
53,469.468164629962,65705,657.05
54,469.552766960919,68303,683.03
55,469.637369058012,72689,726.89
56,469.721970921487,71931,719.31
57,469.80657255159,69489,694.89
58,469.891173948565,70825,708.25
59,469.975775112657,70411,704.11
60,470.060376044111,68024,680.24
61,470.144976743173,66498,664.98
62,470.229577210088,68964,689.64
63,470.314177445101,69706,697.06
64,470.398777448457,71460,714.6
65,470.483377220402,94241,942.41
66,470.567976761179,100972,1009.72
67,470.652576071035,89727,897.27
68,470.737175150215,80144,801.44
69,470.821773998963,73652,736.52
70,470.906372617525,73251,732.51
71,470.990971006146,71940,719.4
72,471.075569165072,101448,1014.48
73,471.160167094546,109156,1091.56
74,471.244764794815,94722,947.22
75,471.329362266123,84853,848.53
76,471.413959508717,79900,799
77,471.498556522839,82258,822.58
78,471.583153308737,82775,827.75
79,471.667749866655,79575,795.75
80,471.752346196838,78402,784.02
81,471.836942299532,78420,784.2
82,471.921538174981,82197,821.97
83,472.00613382343,80115,801.15
84,472.090729245126,73905,739.05
85,472.175324440312,69812,698.12
86,472.259919409234,70923,709.23
87,472.344514152137,70748,707.48
88,472.429108669267,68020,680.2
89,472.513702960868,67448,674.48
90,472.598297027185,68887,688.87
91,472.682890868465,68665,686.65
92,472.767484484951,66828,668.28
93,472.852077876889,65418,654.18
94,472.936671044524,68327,683.27
95,473.021263988101,69228,692.28
96,473.105856707865,67818,678.18
97,473.190449204062,72532,725.32
98,473.275041476937,87718,877.18
99,473.359633526735,94437,944.37
100,473.4442253537,86038,860.38
101,473.528816958078,79722,797.22
102,473.613408340115,78381,783.81
103,473.697999500055,74989,749.89
104,473.782590438143,70802,708.02
105,473.867181154625,68646,686.46
106,473.951771649745,71358,713.58
107,474.03636192375,71436,714.36
108,474.120951976883,69086,690.86
109,474.20554180939,68026,680.26
110,474.290131421517,66966,669.66
111,474.374720813508,69787,697.87
112,474.459309985608,70180,701.8
113,474.543898938063,67788,677.88
114,474.628487671118,66718,667.18
115,474.713076185018,66217,662.17
116,474.797664480008,69503,695.03
117,474.882252556332,99846,998.46
118,474.966840414238,108606,1086.06
119,475.051428053968,125875,1258.75
120,475.13601547577,123588,1235.88
121,475.220602679887,99070,990.7
122,475.305189666564,84271,842.71
123,475.389776436048,75739,757.39
124,475.474362988583,71275,712.75
125,475.558949324414,68379,683.79
126,475.643535443787,67126,671.26
127,475.728121346946,66767,667.67
128,475.812707034136,65910,659.1
129,475.897292505604,88407,884.07
130,475.981877761593,99112,991.12
131,476.066462802349,90934,909.34
132,476.151047628118,84809,848.09
133,476.235632239144,78102,781.02
134,476.320216635672,72324,723.24
135,476.404800817948,72772,727.72
136,476.489384786216,72108,721.08
137,476.573968540723,73639,736.39
138,476.658552081712,92852,928.52
139,476.74313540943,95293,952.93
140,476.827718524121,83307,833.07
141,476.91230142603,75876,758.76
142,476.996884115403,74447,744.47
143,477.081466592484,72519,725.19
144,477.166048857519,69006,690.06
145,477.250630910753,70475,704.75
146,477.335212752432,70475,704.75
147,477.419794382799,68480,684.8
148,477.504375802101,70164,701.64
149,477.588957010582,70458,704.58
150,477.673538008487,68249,682.49
151,477.758118796063,109706,1097.06
152,477.842699373553,120952,1209.52
153,477.927279741204,97344,973.44
154,478.011859899259,83088,830.88
155,478.096439847965,74803,748.03
156,478.181019587566,70943,709.43
157,478.265599118308,68978,689.78
158,478.350178440435,67372,673.72
159,478.434757554193,66777,667.77
160,478.519336459827,78318,783.18
161,478.603915157582,80803,808.03
162,478.688493647704,73783,737.83
163,478.773071930436,130555,1305.55
164,478.857650006026,145119,1451.19
165,478.942227874716,112251,1122.51
166,479.026805536754,104056,1040.56
167,479.111382992383,97557,975.57
168,479.19596024185,87995,879.95
169,479.280537285398,80097,800.97
170,479.365114123274,73354,733.54
171,479.449690755722,69171,691.71
172,479.534267182988,66690,666.9
173,479.618843405317,65440,654.4
174,479.703419422953,68334,683.34
175,479.787995236142,73307,733.07
176,479.87257084513,72605,726.05
177,479.95714625016,69601,696.01
178,480.041721451479,67491,674.91
179,480.126296449331,66564,665.64
180,480.210871243962,69066,690.66
181,480.295445835617,69690,696.9
182,480.380020224541,70851,708.51
183,480.464594410979,70329,703.29
184,480.549168395175,71350,713.5
185,480.633742177377,71069,710.69
186,480.718315757827,68441,684.41
187,480.802889136772,66902,669.02
188,480.887462314457,66004,660.04
189,480.972035291127,65168,651.68
190,481.056608067026,68448,684.48
191,481.141180642401,81543,815.43
192,481.225753017496,82690,826.9
193,481.310325192556,74785,747.85
194,481.394897167827,73362,733.62
195,481.479468943554,71903,719.03
196,481.564040519981,69079,690.79
197,481.648611897354,67488,674.88
198,481.733183075918,65981,659.81
199,481.817754055918,68631,686.31
200,481.9023248376,68958,689.58
201,481.986895421208,69955,699.55
202,482.071465806988,104320,1043.2
203,482.156035995184,111743,1117.43
204,482.240605986042,95310,953.1
205,482.325175779807,84221,842.21
206,482.409745376725,75679,756.79
207,482.494314777039,70748,707.48
208,482.578883980996,68344,683.44
209,482.663452988841,67148,671.48
210,482.748021800818,65930,659.3
211,482.832590417173,65101,651.01
212,482.91715883815,68429,684.29
213,483.001727063996,72414,724.14
214,483.086295094955,71495,714.95
215,483.170862931273,68683,686.83
216,483.255430573193,67700,677
217,483.339998020963,70152,701.52
218,483.424565274826,70425,704.25
219,483.509132335028,67968,679.68
220,483.593699201814,66678,666.78
221,483.678265875429,69034,690.34
222,483.762832356118,69030,690.3
223,483.847398644127,66796,667.96
224,483.9319647397,68850,688.5
225,484.016530643083,80092,800.92
226,484.101096354521,81408,814.08
227,484.185661874258,75072,750.72
228,484.270227202541,70710,707.1
229,484.354792339614,68196,681.96
230,484.439357285722,67185,671.85
231,484.523922041111,69652,696.52
232,484.608486606025,73010,730.1
233,484.69305098071,71854,718.54
234,484.777615165411,70744,707.44
235,484.862179160373,72959,729.59
236,484.946742965841,71675,716.75
237,485.03130658206,71395,713.95
238,485.115870009276,73787,737.87
239,485.200433247733,72675,726.75
240,485.284996297677,69787,697.87
241,485.369559159353,92287,922.87
242,485.454121833005,101069,1010.69
243,485.53868431888,87934,879.34
244,485.623246617222,79177,791.77
245,485.707808728276,73849,738.49
246,485.792370652288,69859,698.59
247,485.876932389502,70626,706.26
248,485.961493940164,70252,702.52
249,486.046055304519,67855,678.55
250,486.130616482813,67085,670.85
251,486.215177475289,66686,666.86
252,486.299738282193,72722,727.22
253,486.384298903771,74341,743.41
254,486.468859340268,69816,698.16
255,486.553419591928,66987,669.87
256,486.637979658997,66295,662.95
257,486.722539541719,66029,660.29
258,486.807099240341,68326,683.26
259,486.891658755108,68816,688.16
260,486.976218086263,66887,668.87
261,487.060777234053,65507,655.07
262,487.145336198723,64755,647.55
263,487.229894980517,64233,642.33
264,487.314453579682,64879,648.79
265,487.399011996461,65090,650.9
266,487.483570231101,64616,646.16
267,487.568128283845,64626,646.26
268,487.652686154941,64207,642.07
269,487.737243844632,64218,642.18
270,487.821801353163,68721,687.21
271,487.906358680781,69764,697.64
272,487.990915827729,67253,672.53
273,488.075472794253,66201,662.01
274,488.160029580599,70364,703.64
275,488.244586187011,71128,711.28
276,488.329142613735,68808,688.08
277,488.413698861015,73700,737
278,488.498254929097,74499,744.99
279,488.582810818225,74046,740.46
280,488.667366528646,73869,738.69
281,488.751922060605,70649,706.49
282,488.836477414345,68385,683.85
283,488.921032590113,67663,676.63
284,489.005587588153,69013,690.13
285,489.090142408711,96896,968.96
286,489.174697052032,106183,1061.83
287,489.259251518361,93844,938.44
288,489.343805807943,83269,832.69
289,489.428359921024,75037,750.37
290,489.512913857847,69956,699.56
291,489.597467618659,67591,675.91
292,489.682021203705,78214,782.14
293,489.76657461323,80724,807.24
294,489.851127847479,73849,738.49
295,489.935680906696,71479,714.79
296,490.020233791128,69629,696.29
297,490.104786501019,67225,672.25
298,490.189339036615,69366,693.66
299,490.27389139816,69578,695.78
300,490.3584435859,67361,673.61
301,490.44299560008,66050,660.5
302,490.527547440945,65227,652.27
303,490.612099108739,64627,646.27
304,490.69665060371,64415,644.15
305,490.7812019261,64578,645.78
306,490.865753076156,67770,677.7
307,490.950304054123,68551,685.51
308,491.034854860246,66835,668.35
309,491.119405494769,66009,660.09
310,491.203955957939,65386,653.86
311,491.288506249999,65275,652.75
312,491.373056371197,64918,649.18
313,491.457606321775,68539,685.39
314,491.54215610198,70654,706.54
315,491.626705712057,68592,685.92
316,491.711255152251,66471,664.71
317,491.795804422807,65451,654.51
318,491.88035352397,65056,650.56
319,491.964902455985,65302,653.02
320,492.049451219098,68684,686.84
321,492.133999813553,69347,693.47
322,492.218548239596,67525,675.25
323,492.303096497471,69224,692.24
324,492.387644587425,71661,716.61
325,492.472192509702,73359,733.59
326,492.556740264546,79902,799.02
327,492.641287852205,79072,790.72
328,492.725835272921,72854,728.54
329,492.810382526942,70032,700.32
330,492.894929614511,78572,785.72
331,492.979476535874,80013,800.13
332,493.064023291276,73760,737.6
333,493.148569880962,72236,722.36
334,493.233116305178,70379,703.79
335,493.317662564167,67422,674.22
336,493.402208658177,66734,667.34
337,493.486754587451,66123,661.23
338,493.571300352235,65331,653.31
339,493.655845952774,64736,647.36
340,493.740391389313,67967,679.67
341,493.824936662097,68795,687.95
342,493.909481771372,69661,696.61
343,493.994026717382,69236,692.36
344,494.078571500372,67101,671.01
345,494.163116120589,66133,661.33
346,494.247660578276,65549,655.49
347,494.33220487368,94048,940.48
348,494.416749007044,102140,1021.4
349,494.501292978615,86817,868.17
350,494.585836788637,77372,773.72
351,494.670380437356,72004,720.04
352,494.754923925017,69390,693.9
353,494.839467251864,71495,714.95
354,494.924010418144,71165,711.65
355,495.0085534241,68399,683.99
356,495.093096269979,81597,815.97
357,495.177638956025,84901,849.01
358,495.262181482484,79648,796.48
359,495.3467238496,78028,780.28
360,495.431266057619,73745,737.45
361,495.515808106786,73076,730.76
362,495.600349997346,71975,719.75
363,495.684891729544,68900,689
364,495.769433303626,68444,684.44
365,495.853974719836,67608,676.08
366,495.938515978419,65701,657.01
367,496.023057079622,64537,645.37
368,496.107598023688,64281,642.81
369,496.192138810863,67890,678.9
370,496.276679441392,68579,685.79
371,496.361219915521,68288,682.88
372,496.445760233493,98242,982.42
373,496.530300395556,105496,1054.96
374,496.614840401953,88460,884.6
375,496.69938025293,83700,837
376,496.783919948731,79427,794.27
377,496.868459489603,76506,765.06
378,496.95299887579,73785,737.85
379,497.037538107538,76997,769.97
380,497.12207718509,76728,767.28
381,497.206616108694,74802,748.02
382,497.291154878593,72928,729.28
383,497.375693495033,69711,697.11
384,497.460231958259,67251,672.51
385,497.544770268516,66236,662.36
386,497.629308426049,66270,662.7
387,497.713846431104,65791,657.91
388,497.798384283926,68222,682.22
389,497.882921984759,68636,686.36
390,497.967459533848,67037,670.37
391,498.05199693144,69297,692.97
392,498.136534177779,73180,731.8
393,498.22107127311,72094,720.94
394,498.305608217678,68775,687.75
395,498.390145011729,66887,668.87
396,498.474681655507,65873,658.73
397,498.559218149259,65624,656.24
398,498.643754493228,65634,656.34
399,498.72829068766,65120,651.2
400,498.8128267328,64691,646.91
401,498.897362628894,64512,645.12
402,498.981898376185,64507,645.07
403,499.066433974921,64899,648.99
404,499.150969425345,68477,684.77
405,499.235504727703,83657,836.57
406,499.32003988224,85273,852.73
407,499.404574889201,79324,793.24
408,499.489109748831,75902,759.02
409,499.573644461376,71445,714.45
410,499.65817902708,68353,683.53
411,499.742713446188,66803,668.03
412,499.827247718947,65699,656.99
413,499.9117818456,65182,651.82
414,499.996315826393,64672,646.72
415,500.080849661572,64391,643.91
416,500.165383351381,64518,645.18
417,500.249916896065,64752,647.52
418,500.33445029587,65156,651.56
419,500.41898355104,82777,827.77
420,500.503516661822,87499,874.99
421,500.588049628459,77718,777.18
422,500.672582451197,72616,726.16
423,500.757115130282,69577,695.77
424,500.841647665958,67387,673.87
425,500.92618005847,66030,660.3
426,501.010712308064,90376,903.76
427,501.095244414985,100005,1000.05
428,501.179776379478,90369,903.69
429,501.264308201788,81448,814.48
430,501.34883988216,77938,779.38
431,501.433371420839,74837,748.37
432,501.517902818071,70027,700.27
433,501.6024340741,71083,710.83
434,501.686965189172,73224,732.24
435,501.771496163532,70857,708.57
436,501.856026997425,67558,675.58
437,501.940557691096,65795,657.95
438,502.02508824479,64701,647.01
439,502.109618658753,68149,681.49
440,502.194148933229,68983,689.83
441,502.278679068464,66720,667.2
442,502.363209064702,66003,660.03
443,502.44773892219,65690,656.9
444,502.532268641171,68357,683.57
445,502.616798221892,69171,691.71
446,502.701327664597,67664,676.64
447,502.785856969531,66542,665.42
448,502.87038613694,68980,689.8
449,502.954915167069,72082,720.82
450,503.039444060163,70741,707.41
451,503.123972816466,68052,680.52
452,503.208501436225,69997,699.97
453,503.293029919684,70744,707.44
454,503.377558267088,71816,718.16
455,503.462086478683,74570,745.7
456,503.546614554714,76968,769.68
457,503.631142495425,74497,744.97
458,503.715670301062,70175,701.75
459,503.800197971871,67547,675.47
460,503.884725508095,65906,659.06
461,503.969252909981,68061,680.61
462,504.053780177773,71990,719.9
463,504.138307311717,71352,713.52
464,504.222834312058,71969,719.69
465,504.307361179041,71740,717.4
466,504.39188791291,72363,723.63
467,504.476414513912,72984,729.84
468,504.560940982291,86183,861.83
469,504.645467318292,87949,879.49
470,504.729993522161,77786,777.86
471,504.814519594143,74842,748.42
472,504.899045534482,74737,747.37
473,504.983571343424,76544,765.44
474,505.068097021215,77806,778.06
475,505.152622568098,77356,773.56
476,505.23714798432,87807,878.07
477,505.321673270126,87571,875.71
478,505.40619842576,77865,778.65
479,505.490723451468,72184,721.84
480,505.575248347494,71987,719.87
481,505.659773114085,70714,707.14
482,505.744297751485,94655,946.55
483,505.828822259939,104153,1041.53
484,505.913346639693,89732,897.32
485,505.997870890991,78878,788.78
486,506.082395014079,72472,724.72
487,506.166919009201,68992,689.92
488,506.251442876604,66806,668.06
489,506.335966616531,68829,688.29
490,506.420490229229,68993,689.93
491,506.505013714942,67359,673.59
492,506.589537073916,66859,668.59
493,506.674060306396,69144,691.44
494,506.758583412626,69687,696.87
495,506.843106392852,67705,677.05
496,506.927629247319,66395,663.95
497,507.012151976272,65590,655.9
498,507.096674579957,68436,684.36
499,507.181197058618,70093,700.93
500,507.2657194125,68415,684.15
501,507.350241641849,94569,945.69
502,507.43476374691,104897,1048.97
503,507.519285727928,90458,904.58
504,507.603807585148,79188,791.88
505,507.688329318816,73260,732.6
506,507.772850929175,73014,730.14
507,507.857372416473,75151,751.51
508,507.941893780953,73036,730.36
509,508.02641502286,69670,696.7
510,508.110936142441,67581,675.81
511,508.195457139939,69336,693.36
512,508.279978015601,69049,690.49
513,508.364498769671,67103,671.03
514,508.449019402395,66206,662.06
515,508.533539914017,65450,654.5
516,508.618060304783,67812,678.12
517,508.702580574937,68208,682.08
518,508.787100724726,66625,666.25
519,508.871620754394,67388,673.88
520,508.956140664186,81485,814.85
521,509.040660454347,88664,886.64
522,509.125180125123,95661,956.61
523,509.209699676758,92597,925.97
524,509.294219109499,98915,989.15
525,509.378738423589,96682,966.82
526,509.463257619274,86322,863.22
527,509.5477766968,79134,791.34
528,509.632295656411,72479,724.79
529,509.716814498352,68902,689.02
530,509.801333222869,66824,668.24
531,509.885851830207,65345,653.45
532,509.97037032061,65234,652.34
533,510.054888694324,65218,652.18
534,510.139406951595,68693,686.93
535,510.223925092667,69384,693.84
536,510.308443117785,67256,672.56
537,510.392961027195,66633,666.33
538,510.477478821141,69360,693.6
539,510.56199649987,72679,726.79
540,510.646514063625,74940,749.4
541,510.731031512652,76551,765.51
542,510.815548847197,73773,737.73
543,510.900066067503,70112,701.12
544,510.984583173818,67823,678.23
545,511.069100166384,69105,691.05
546,511.153617045449,68934,689.34
547,511.238133811256,70239,702.39
548,511.322650464052,69893,698.93
549,511.407167004081,67175,671.75
550,511.491683431587,72671,726.71
551,511.576199746818,74029,740.29
552,511.660715950017,73342,733.42
553,511.745232041429,72074,720.74
554,511.829748021301,68849,688.49
555,511.914263889876,67086,670.86
556,511.9987796474,67223,672.23
557,512.083295294119,66610,666.1
558,512.167810830277,66018,660.18
559,512.252326256119,68077,680.77
560,512.336841571891,70765,707.65
561,512.421356777838,84083,840.83
562,512.505871874205,85772,857.72
563,512.590386861236,80536,805.36
564,512.674901739178,76006,760.06
565,512.759416508275,71146,711.46
566,512.843931168773,68346,683.46
567,512.928445720916,69856,698.56
568,513.01296016495,72949,729.49
569,513.097474501119,71505,715.05
570,513.18198872967,68505,685.05
571,513.266502850847,66704,667.04
572,513.351016864895,69042,690.42
573,513.435530772059,69621,696.21
574,513.520044572585,67588,675.88
575,513.604558266717,66141,661.41
576,513.689071854701,72049,720.49
577,513.773585336782,75763,757.63
578,513.858098713206,76348,763.48
579,513.942611984216,77129,771.29
580,514.027125150058,80063,800.63
581,514.111638210978,81206,812.06
582,514.196151167221,76795,767.95
583,514.280664019031,71558,715.58
584,514.365176766654,68710,687.1
585,514.449689410336,70015,700.15
586,514.53420195032,73016,730.16
587,514.618714386852,71780,717.8
588,514.703226720178,68350,683.5
589,514.787738950542,66464,664.64
590,514.87225107819,65405,654.05
591,514.956763103367,64634,646.34
592,515.041275026318,64339,643.39
593,515.125786847287,71754,717.54
594,515.210298566521,73539,735.39
595,515.294810184265,69674,696.74
596,515.379321700762,67699,676.99
597,515.463833116259,66867,668.67
598,515.548344431001,65992,659.92
599,515.632855645233,68668,686.68
600,515.7173667592,69298,692.98
601,515.801877773147,68899,688.99
602,515.886388687319,71263,712.63
603,515.970899501962,70446,704.46
604,516.05541021732,67669,676.69
605,516.139920833639,66132,661.32
606,516.224431351163,65490,654.9
607,516.308941770138,65413,654.13
608,516.39345209081,65106,651.06
609,516.477962313423,64420,644.2
610,516.562472438222,67168,671.68
611,516.646982465452,71119,711.19
612,516.731492395359,75363,753.63
613,516.816002228188,74632,746.32
614,516.900511964184,70612,706.12
615,516.985021603591,74472,744.72
616,517.069531146656,81049,810.49
617,517.154040593623,88241,882.41
618,517.238549944738,85125,851.25
619,517.323059200245,79465,794.65
620,517.40756836039,75451,754.51
621,517.492077425417,71227,712.27
622,517.576586395573,68668,686.68
623,517.661095271101,93953,939.53
624,517.745604052248,100447,1004.47
625,517.830112739258,85381,853.81
626,517.914621332376,83554,835.54
627,517.999129831848,80866,808.66
628,518.083638237919,74762,747.62
629,518.168146550834,70860,708.6
630,518.252654770838,68251,682.51
631,518.337162898176,67051,670.51
632,518.421670933093,66211,662.11
633,518.506178875835,65691,656.91
634,518.590686726646,65231,652.31
635,518.675194485772,65499,654.99
636,518.759702153457,68727,687.27
637,518.844209729948,69658,696.58
638,518.928717215489,67662,676.62
639,519.013224610325,69346,693.46
640,519.097731914701,70261,702.61
641,519.182239128863,68707,687.07
642,519.266746253055,67475,674.75
643,519.351253287523,66692,666.92
644,519.435760232512,66175,661.75
645,519.520267088267,66117,661.17
646,519.604773855033,65571,655.71
647,519.689280533056,65244,652.44
648,519.77378712258,65686,656.86
649,519.85829362385,65632,656.32
650,519.942800037113,68941,689.41
651,520.027306362612,69529,695.29
652,520.111812600593,67323,673.23
653,520.196318751301,66321,663.21
654,520.280824814981,65757,657.57
655,520.365330791879,65257,652.57
656,520.449836682239,65434,654.34
657,520.534342486307,65770,657.7
658,520.618848204327,65423,654.23
659,520.703353836546,68326,683.26
660,520.787859383207,69321,693.21
661,520.872364844557,73875,738.75
662,520.95687022084,92275,922.75
663,521.041375512301,93421,934.21
664,521.125880719186,81578,815.78
665,521.21038584174,74508,745.08
666,521.294890880208,82629,826.29
667,521.379395834834,83862,838.62
668,521.463900705865,79183,791.83
669,521.548405493545,75598,755.98
670,521.632910198119,71333,713.33
671,521.717414819833,68954,689.54
672,521.801919358931,67227,672.27
673,521.88642381566,66155,661.55
674,521.970928190263,69053,690.53
675,522.055432482986,252338,2523.38
676,522.139936694074,301707,3017.07
677,522.224440823773,205988,2059.88
678,522.308944872327,148718,1487.18
679,522.393448839982,113920,1139.2
680,522.477952726982,96999,969.99
681,522.562456533574,102320,1023.2
682,522.646960260001,97924,979.24
683,522.731463906509,88430,884.3
684,522.815967473344,85153,851.53
685,522.90047096075,79135,791.35
686,522.984974368973,73001,730.01
687,523.069477698257,69532,695.32
688,523.153980948848,67916,679.16
689,523.238484120991,67207,672.07
690,523.322987214931,66839,668.39
691,523.407490230914,70145,701.45
692,523.491993169183,74639,746.39
693,523.576496029985,106944,1069.44
694,523.660998813565,113050,1130.5
695,523.745501520167,121032,1210.32
696,523.830004150038,117080,1170.8
697,523.914506703421,95987,959.87
698,523.999009180562,83417,834.17
699,524.083511581707,75950,759.5
700,524.1680139071,71875,718.75
701,524.252516156987,69411,694.11
702,524.337018331612,68045,680.45
703,524.421520431221,70505,705.05
704,524.506022456059,71234,712.34
705,524.590524406371,69462,694.62
706,524.675026282403,88083,880.83
707,524.759528084398,93660,936.6
708,524.844029812603,82850,828.5
709,524.928531467263,76026,760.26
710,525.013033048623,88545,885.45
711,525.097534556927,91576,915.76
712,525.182035992421,81714,817.14
713,525.266537355351,75645,756.45
714,525.351038645961,72258,722.58
715,525.435539864496,73776,737.76
716,525.520041011202,73483,734.83
717,525.604542086324,71326,713.26
718,525.689043090106,77929,779.29
719,525.773544022794,78804,788.04
720,525.858044884634,77906,779.06
721,525.942545675869,76453,764.53
722,526.027046396746,72712,727.12
723,526.11154704751,70854,708.54
724,526.196047628405,70151,701.51
725,526.280548139677,73136,731.36
726,526.36504858157,73553,735.53
727,526.449548954331,71455,714.55
728,526.534049258204,70690,706.9
729,526.618549493434,73227,732.27
730,526.703049660267,73374,733.74
731,526.787549758947,71604,716.04
732,526.87204978972,73488,734.88
733,526.956549752831,74144,741.44
734,527.041049648525,72463,724.63
735,527.125549477046,71086,710.86
736,527.210049238641,87210,872.1
737,527.294548933555,93288,932.88
738,527.379048562032,84577,845.77
739,527.463548124317,78098,780.98
740,527.548047620657,75597,755.97
741,527.632547051295,74028,740.28
742,527.717046416477,72631,726.31
743,527.801545716449,76696,766.96
744,527.886044951455,77973,779.73
745,527.97054412174,83445,834.45
746,528.05504322755,83639,836.39
747,528.139542269129,78193,781.93
748,528.224041246724,76696,766.96
749,528.308540160578,78122,781.22
750,528.393039010938,77221,772.21
751,528.477537798047,74414,744.14
752,528.562036522152,75335,753.35
753,528.646535183498,78237,782.37
754,528.731033782329,79900,799
755,528.815532318891,77979,779.79
756,528.900030793429,75234,752.34
757,528.984529206188,73543,735.43
758,529.069027557414,72381,723.81
759,529.15352584735,71713,717.13
760,529.238024076243,71464,714.64
761,529.322522244338,71099,710.99
762,529.407020351879,71295,712.95
763,529.491518399112,71907,719.07
764,529.576016386283,71765,717.65
765,529.660514313635,71649,716.49
766,529.745012181415,71355,713.55
767,529.829509989866,71116,711.16
768,529.914007739236,71075,710.75
769,529.998505429768,74241,742.41
770,530.083003061708,75548,755.48
771,530.167500635301,73970,739.7
772,530.251998150792,72965,729.65
773,530.336495608426,73093,730.93
774,530.420993008449,76241,762.41
775,530.505490351105,79989,799.89
776,530.589987636639,81953,819.53
777,530.674484865298,82857,828.57
778,530.758982037325,80770,807.7
779,530.843479152966,77453,774.53
780,530.927976212466,75559,755.59
781,531.012473216071,75102,751.02
782,531.096970164025,121446,1214.46
783,531.181467056574,137137,1371.37
784,531.265963893962,112460,1124.6
785,531.350460676435,95752,957.52
786,531.434957404238,86057,860.57
787,531.519454077616,80725,807.25
788,531.603950696814,79862,798.62
789,531.688447262078,79321,793.21
790,531.772943773652,77060,770.6
791,531.857440231782,74656,746.56
792,531.941936636713,73054,730.54
793,532.026432988689,75153,751.53
794,532.110929287956,75432,754.32
795,532.19542553476,76202,762.02
796,532.279921729345,75710,757.1
797,532.364417871956,72800,728
798,532.448913962839,70849,708.49
799,532.533410002239,69926,699.26
800,532.6179059904,69194,691.94
801,532.702401927568,68443,684.43
802,532.786897813989,67912,679.12
803,532.871393649906,73860,738.6
804,532.955889435567,78446,784.46
805,533.040385171214,75928,759.28
806,533.124880857094,99225,992.25
807,533.209376493452,103977,1039.77
808,533.293872080533,87902,879.02
809,533.378367618582,78129,781.29
810,533.462863107844,93896,938.96
811,533.547358548564,96596,965.96
812,533.631853940988,86181,861.81
813,533.71634928536,79548,795.48
814,533.800844581926,84030,840.3
815,533.885339830931,83178,831.78
816,533.96983503262,75606,756.06
817,534.054330187238,70869,708.69
818,534.13882529503,71220,712.2
819,534.223320356242,70580,705.8
820,534.307815371118,67637,676.37
821,534.392310339903,65938,659.38
822,534.476805262844,65087,650.87
823,534.561300140184,64866,648.66
824,534.64579497217,71181,711.81
825,534.730289759045,72548,725.48
826,534.814784501056,72017,720.17
827,534.899279198448,71652,716.52
828,534.983773851465,69333,693.33
829,535.068268460352,70617,706.17
830,535.152763025356,79501,795.01
831,535.23725754672,97332,973.32
832,535.321752024691,97037,970.37
833,535.406246459513,84301,843.01
834,535.490740851431,75800,758
835,535.575235200691,70900,709
836,535.659729507538,68284,682.84
837,535.744223772216,460985,4609.85
838,535.828717994971,572316,5723.16
839,535.913212176048,359862,3598.62
840,535.997706315693,233709,2337.09
841,536.08220041415,170853,1708.53
842,536.166694471664,132412,1324.12
843,536.251188488481,104224,1042.24
844,536.335682464845,87693,876.93
845,536.420176401003,78505,785.05
846,536.504670297198,72999,729.99
847,536.589164153677,69458,694.58
848,536.673657970684,67618,676.18
849,536.758151748464,67473,674.73
850,536.842645487263,67032,670.32
851,536.927139187325,66175,661.75
852,537.011632848896,69105,691.05
853,537.096126472221,70247,702.47
854,537.180620057546,72499,724.99
855,537.265113605114,75367,753.67
856,537.349607115172,73572,735.72
857,537.434100587964,71235,712.35
858,537.518594023736,69548,695.48
859,537.603087422733,68258,682.58
860,537.687580785199,68063,680.63
861,537.772074111381,71135,711.35
862,537.856567401522,82151,821.51
863,537.941060655869,94011,940.11
864,538.025553874667,91426,914.26
865,538.11004705816,85814,858.14
866,538.194540206593,89997,899.97
867,538.279033320213,108259,1082.59
868,538.363526399263,146502,1465.02
869,538.44801944399,206782,2067.82
870,538.532512454637,281783,2817.83
871,538.617005431451,368606,3686.06
872,538.701498374677,455636,4556.36
873,538.785991284559,531977,5319.77
874,538.870484161343,585022,5850.22
875,538.954977005273,615393,6153.93
876,539.039469816596,620922,6209.22
877,539.123962595556,602084,6020.84
878,539.208455342398,570305,5703.05
879,539.292948057368,526552,5265.52
880,539.37744074071,476158,4761.58
881,539.46193339267,433782,4337.82
882,539.546426013493,398147,3981.47
883,539.630918603424,371479,3714.79
884,539.715411162708,346916,3469.16
885,539.79990369159,325979,3259.79
886,539.884396190315,308241,3082.41
887,539.968888659129,315691,3156.91
888,540.053381098277,313956,3139.56
889,540.137873508003,288958,2889.58
890,540.222365888553,263115,2631.15
891,540.306858240173,240068,2400.68
892,540.391350563106,217024,2170.24
893,540.475842857599,200261,2002.61
894,540.560335123896,180031,1800.31
895,540.644827362243,158737,1587.37
896,540.729319572884,141595,1415.95
897,540.813811756066,122326,1223.26
898,540.898303912032,104233,1042.33
899,540.982796041028,90975,909.75
900,541.0672881433,81714,817.14
901,541.151780219092,76020,760.2
902,541.23627226865,72046,720.46
903,541.320764292218,69335,693.35
904,541.405256290042,68259,682.59
905,541.489748262367,69639,696.39
906,541.574240209438,73577,735.77
907,541.6587321315,72981,729.81
908,541.743224028798,73153,731.53
909,541.827715901578,72309,723.09
910,541.912207750085,69044,690.44
911,541.996699574563,67676,676.76
912,542.081191375258,67163,671.63
913,542.165683152415,69996,699.96
914,542.250174906279,70510,705.1
915,542.334666637096,68373,683.73
916,542.41915834511,67172,671.72
917,542.503650030566,86798,867.98
918,542.58814169371,95393,953.93
919,542.672633334787,92003,920.03
920,542.757124954042,86349,863.49
921,542.841616551719,79206,792.06
922,542.926108128065,78529,785.29
923,543.010599683325,77866,778.66
924,543.095091217743,76396,763.96
925,543.179582731564,101887,1018.87
926,543.264074225034,109586,1095.86
927,543.348565698398,97407,974.07
928,543.433057151901,91498,914.98
929,543.517548585789,89398,893.98
930,543.602040000305,95239,952.39
931,543.686531395696,101373,1013.73
932,543.771022772206,100864,1008.64
933,543.855514130081,102627,1026.27
934,543.940005469566,106249,1062.49
935,544.024496790906,105542,1055.42
936,544.108988094346,110367,1103.67
937,544.193479380131,114578,1145.78
938,544.277970648506,112297,1122.97
939,544.362461899717,110203,1102.03
940,544.446953134009,113087,1130.87
941,544.531444351626,114577,1145.77
942,544.615935552814,115854,1158.54
943,544.700426737818,117777,1177.77
944,544.784917906884,117877,1178.77
945,544.869409060255,120505,1205.05
946,544.953900198178,121391,1213.91
947,545.038391320898,119316,1193.16
948,545.122882428659,117635,1176.35
949,545.207373521708,116644,1166.44
950,545.291864600288,116157,1161.57
951,545.376355664645,115292,1152.92
952,545.460846715024,144561,1445.61
953,545.545337751671,153269,1532.69
954,545.62982877483,137878,1378.78
955,545.714319784747,131177,1311.77
956,545.798810781666,129537,1295.37
957,545.883301765834,125312,1253.12
958,545.967792737495,123293,1232.93
959,546.052283696893,121570,1215.7
960,546.136774644275,121302,1213.02
961,546.221265579886,120128,1201.28
962,546.30575650397,117431,1174.31
963,546.390247416772,115661,1156.61
964,546.474738318539,114548,1145.48
965,546.559229209514,114703,1147.03
966,546.643720089944,114547,1145.47
967,546.728210960073,114069,1140.69
968,546.812701820146,116325,1163.25
969,546.897192670409,121572,1215.72
970,546.981683511106,122240,1222.4
971,547.066174342483,119708,1197.08
972,547.150665164785,119928,1199.28
973,547.235155978257,122779,1227.79
974,547.319646783145,122023,1220.23
975,547.404137579692,119918,1199.18
976,547.488628368145,118532,1185.32
977,547.573119148749,117336,1173.36
978,547.657609921748,116896,1168.96
979,547.742100687388,119427,1194.27
980,547.826591445914,119932,1199.32
981,547.911082197572,119018,1190.18
982,547.995572942605,119137,1191.37
983,548.08006368126,118463,1184.63
984,548.164554413782,117879,1178.79
985,548.249045140415,118005,1180.05
986,548.333535861404,118355,1183.55
987,548.418026576996,134387,1343.87
988,548.502517287435,138790,1387.9
989,548.587007992966,131030,1310.3
990,548.671498693834,126238,1262.38
991,548.755989390285,129248,1292.48
992,548.840480082563,132725,1327.25
993,548.924970770915,129749,1297.49
994,549.009461455584,126144,1261.44
995,549.093952136815,126814,1268.14
996,549.178442814856,125940,1259.4
997,549.262933489949,123543,1235.43
998,549.347424162341,129489,1294.89
999,549.431914832276,130627,1306.27
1000,549.5164055,126585,1265.85
1001,549.600896165758,125969,1259.69
1002,549.685386829794,125173,1251.73
1003,549.769877492355,123412,1234.12
1004,549.854368153685,122779,1227.79
1005,549.938858814029,139425,1394.25
1006,550.023349473633,146892,1468.92
1007,550.107840132742,142027,1420.27
1008,550.1923307916,135998,1359.98
1009,550.276821450453,129831,1298.31
1010,550.361312109546,126471,1264.71
1011,550.445802769124,128457,1284.57
1012,550.530293429432,128717,1287.17
1013,550.614784090716,126412,1264.12
1014,550.69927475322,125033,1250.33
1015,550.78376541719,124500,1245
1016,550.868256082871,124074,1240.74
1017,550.952746750508,124331,1243.31
1018,551.037237420346,127352,1273.52
1019,551.12172809263,128438,1284.38
1020,551.206218767606,126869,1268.69
1021,551.290709445518,125854,1258.54
1022,551.375200126611,125290,1252.9
1023,551.459690811131,128352,1283.52
1024,551.544181499323,129148,1291.48
1025,551.628672191433,127244,1272.44
1026,551.713162887704,126006,1260.06
1027,551.797653588383,125286,1252.86
1028,551.882144293714,125224,1252.24
1029,551.966635003943,125330,1253.3
1030,552.051125719314,128739,1287.39
1031,552.135616440073,135053,1350.53
1032,552.220107166465,134890,1348.9
1033,552.304597898735,133609,1336.09
1034,552.389088637129,132159,1321.59
1035,552.473579381891,149254,1492.54
1036,552.558070133266,153574,1535.74
1037,552.6425608915,142670,1426.7
1038,552.727051656838,136350,1363.5
1039,552.811542429524,156267,1562.67
1040,552.896033209805,160384,1603.84
1041,552.980523997925,150094,1500.94
1042,553.065014794129,142859,1428.59
1043,553.149505598662,136511,1365.11
1044,553.23399641177,133302,1333.02
1045,553.318487233698,134487,1344.87
1046,553.402978064691,146833,1468.33
1047,553.487468904993,158343,1583.43
1048,553.571959754851,152977,1529.77
1049,553.656450614509,142265,1422.65
1050,553.740941484213,136089,1360.89
1051,553.825432364206,139114,1391.14
1052,553.909923254736,139746,1397.46
1053,553.994414156046,141829,1418.29
1054,554.078905068382,140754,1407.54
1055,554.16339599199,135845,1358.45
1056,554.247886927113,133467,1334.67
1057,554.332377873998,153221,1532.21
1058,554.416868832889,158308,1583.08
1059,554.501359804032,146599,1465.99
1060,554.585850787671,140027,1400.27
1061,554.670341784053,136069,1360.69
1062,554.754832793421,133549,1335.49
1063,554.839323816021,132261,1322.61
1064,554.923814852099,131300,1313
1065,555.008305901899,131078,1310.78
1066,555.092796965667,137850,1378.5
1067,555.177288043647,139362,1393.62
1068,555.261779136085,160092,1600.92
1069,555.346270243226,164874,1648.74
1070,555.430761365315,153795,1537.95
1071,555.515252502597,149097,1490.97
1072,555.599743655318,144130,1441.3
1073,555.684234823722,139115,1391.15
1074,555.768726008055,139604,1396.04
1075,555.853217208561,141891,1418.91
1076,555.937708425486,139376,1393.76
1077,556.022199659075,157849,1578.49
1078,556.106690909574,162229,1622.29
1079,556.191182177226,152712,1527.12
1080,556.275673462278,146079,1460.79
1081,556.360164764975,143118,1431.18
1082,556.444656085561,145127,1451.27
1083,556.529147424282,142825,1428.25
1084,556.613638781383,139046,1390.46
1085,556.698130157109,137085,1370.85
1086,556.782621551706,138449,1384.49
1087,556.867112965417,138267,1382.67
1088,556.951604398489,141173,1411.73
1089,557.036095851167,147544,1475.44
1090,557.120587323695,145548,1455.48
1091,557.20507881632,140080,1400.8
1092,557.289570329285,136821,1368.21
1093,557.374061862836,138267,1382.67
1094,557.458553417219,139310,1393.1
1095,557.543044992678,140088,1400.88
1096,557.627536589459,139540,1395.4
1097,557.712028207806,140641,1406.41
1098,557.796519847966,139911,1399.11
1099,557.881011510182,143059,1430.59
1100,557.9655031947,146453,1464.53
1101,558.049994901765,143240,1432.4
1102,558.134486631623,138776,1387.76
1103,558.218978384519,136197,1361.97
1104,558.303470160697,137932,1379.32
1105,558.387961960402,137938,1379.38
1106,558.472453783881,138014,1380.14
1107,558.556945631378,139394,1393.94
1108,558.641437503137,165449,1654.49
1109,558.725929399405,180376,1803.76
1110,558.810421320427,167591,1675.91
1111,558.894913266447,153293,1532.93
1112,558.97940523771,145256,1452.56
1113,559.063897234463,143793,1437.93
1114,559.14838925695,145350,1453.5
1115,559.232881305415,143242,1432.42
1116,559.317373380105,139604,1396.04
1117,559.401865481264,141035,1410.35
1118,559.486357609138,140966,1409.66
1119,559.570849763971,138201,1382.01
1120,559.65534194601,137104,1371.04
1121,559.739834155498,140055,1400.55
1122,559.824326392681,140366,1403.66
1123,559.908818657804,141088,1410.88
1124,559.993310951113,140375,1403.75
1125,560.077803272852,137838,1378.38
1126,560.162295623266,136797,1367.97
1127,560.246788002602,136229,1362.29
1128,560.331280411103,138803,1388.03
1129,560.415772849015,142208,1422.08
1130,560.500265316583,144664,1446.64
1131,560.584757814052,148954,1489.54
1132,560.669250341668,146981,1469.81
1133,560.753742899676,141610,1416.1
1134,560.83823548832,141731,1417.31
1135,560.922728107845,141048,1410.48
1136,561.007220758498,138549,1385.49
1137,561.091713440523,137752,1377.52
1138,561.176206154165,137161,1371.61
1139,561.260698899669,137223,1372.23
1140,561.345191677281,137085,1370.85
1141,561.429684487245,136507,1365.07
1142,561.514177329807,136720,1367.2
1143,561.598670205212,137195,1371.95
1144,561.683163113705,138639,1386.39
1145,561.767656055531,139398,1393.98
1146,561.852149030935,142831,1428.31
1147,561.936642040163,147517,1475.17
1148,562.021135083459,147343,1473.43
1149,562.105628161069,145518,1455.18
1150,562.190121273237,148174,1481.74
1151,562.27461442021,148818,1488.18
1152,562.359107602232,157570,1575.7
1153,562.443600819547,159013,1590.13
1154,562.528094072403,155304,1553.04
1155,562.612587361042,160443,1604.43
1156,562.697080685712,161995,1619.95
1157,562.781574046656,158891,1588.91
1158,562.866067444119,170829,1708.29
1159,562.950560878348,170171,1701.71
1160,563.035054349587,157721,1577.21
1161,563.119547858082,153503,1535.03
1162,563.204041404076,150279,1502.79
1163,563.288534987816,147037,1470.37
1164,563.373028609547,144122,1441.22
1165,563.457522269514,141725,1417.25
1166,563.542015967961,140201,1402.01
1167,563.626509705135,142120,1421.2
1168,563.71100348128,145305,1453.05
1169,563.795497296641,143871,1438.71
1170,563.879991151464,140624,1406.24
1171,563.964485045993,138426,1384.26
1172,564.048978980475,137234,1372.34
1173,564.133472955153,137465,1374.65
1174,564.217966970273,137324,1373.24
1175,564.30246102608,139914,1399.14
1176,564.386955122819,143398,1433.98
1177,564.471449260736,145079,1450.79
1178,564.555943440075,143057,1430.57
1179,564.640437661083,139632,1396.32
1180,564.724931924002,206311,2063.11
1181,564.80942622908,227622,2276.22
1182,564.893920576561,190708,1907.08
1183,564.97841496669,169723,1697.23
1184,565.062909399713,157278,1572.78
1185,565.147403875874,157877,1578.77
1186,565.231898395419,155099,1550.99
1187,565.316392958592,146304,1463.04
1188,565.400887565639,140727,1407.27
1189,565.485382216806,138034,1380.34
1190,565.569876912336,136443,1364.43
1191,565.654371652476,135545,1355.45
1192,565.73886643747,137456,1374.56
1193,565.823361267564,138256,1382.56
1194,565.907856143003,155467,1554.67
1195,565.992351064031,160059,1600.59
1196,566.076846030894,150087,1500.87
1197,566.161341043838,143695,1436.95
1198,566.245836103106,139617,1396.17
1199,566.330331208945,137678,1376.78
1200,566.4148263616,136639,1366.39
1201,566.499321561315,138911,1389.11
1202,566.583816808336,139059,1390.59
1203,566.668312102908,140354,1403.54
1204,566.752807445276,139742,1397.42
1205,566.837302835685,138695,1386.95
1206,566.92179827438,139850,1398.5
1207,567.006293761607,138739,1387.39
1208,567.090789297611,136787,1367.87
1209,567.175284882636,140840,1408.4
1210,567.259780516928,141613,1416.13
1211,567.344276200732,138097,1380.97
1212,567.428771934293,136212,1362.12
1213,567.513267717856,138412,1384.12
1214,567.597763551667,138201,1382.01
1215,567.68225943597,135975,1359.75
1216,567.766755371011,154020,1540.2
1217,567.851251357034,158907,1589.07
1218,567.935747394286,148144,1481.44
1219,568.020243483011,147902,1479.02
1220,568.104739623454,146203,1462.03
1221,568.18923581586,162097,1620.97
1222,568.273732060474,164822,1648.22
1223,568.358228357543,151380,1513.8
1224,568.442724707309,143600,1436
1225,568.52722111002,139273,1392.73
1226,568.61171756592,136567,1365.67
1227,568.696214075254,135537,1355.37
1228,568.780710638267,134698,1346.98
1229,568.865207255205,133694,1336.94
1230,568.949703926312,133844,1338.44
1231,569.034200651834,136990,1369.9
1232,569.118697432015,137283,1372.83
1233,569.203194267102,135403,1354.03
1234,569.287691157338,137374,1373.74
1235,569.37218810297,142545,1425.45
1236,569.456685104242,151463,1514.63
1237,569.5411821614,150756,1507.56
1238,569.625679274688,143931,1439.31
1239,569.710176444352,142905,1429.05
1240,569.794673670637,140523,1405.23
1241,569.879170953788,136477,1364.77
1242,569.96366829405,137509,1375.09
1243,570.048165691668,143675,1436.75
1244,570.132663146887,143088,1430.88
1245,570.217160659954,144983,1449.83
1246,570.301658231112,144349,1443.49
1247,570.386155860606,139403,1394.03
1248,570.470653548683,136393,1363.93
1249,570.555151295587,134382,1343.82
1250,570.639649101562,132965,1329.65
1251,570.724146966856,132189,1321.89
1252,570.808644891712,134877,1348.77
1253,570.893142876375,139694,1396.94
1254,570.977640921091,140230,1402.3
1255,571.062139026105,139762,1397.62
1256,571.146637191662,155355,1553.55
1257,571.231135418007,157063,1570.63
1258,571.315633705386,145789,1457.89
1259,571.400132054043,142385,1423.85
1260,571.484630464223,143058,1430.58
1261,571.569128936172,140212,1402.12
1262,571.653627470135,136192,1361.92
1263,571.738126066357,140390,1403.9
1264,571.822624725083,143876,1438.76
1265,571.907123446559,140249,1402.49
1266,571.991622231028,142265,1422.65
1267,572.076121078737,147251,1472.51
1268,572.160619989931,144693,1446.93
1269,572.245118964855,141745,1417.45
1270,572.329618003753,138920,1389.2
1271,572.414117106872,139158,1391.58
1272,572.498616274455,143255,1432.55
1273,572.583115506749,140535,1405.35
1274,572.667614803999,135049,1350.49
1275,572.752114166448,131736,1317.36
1276,572.836613594344,130590,1305.9
1277,572.921113087931,130837,1308.37
1278,573.005612647453,130183,1301.83
1279,573.090112273157,129431,1294.31
1280,573.174611965286,132689,1326.89
1281,573.259111724088,139405,1394.05
1282,573.343611549805,146074,1460.74
1283,573.428111442685,167865,1678.65
1284,573.512611402971,171436,1714.36
1285,573.597111430909,196971,1969.71
1286,573.681611526744,199796,1997.96
1287,573.766111690721,180986,1809.86
1288,573.850611923086,164687,1646.87
1289,573.935112224083,148940,1489.4
1290,574.019612593957,140013,1400.13
1291,574.104113032955,135773,1357.73
1292,574.18861354132,136749,1367.49
1293,574.273114119298,136443,1364.43
1294,574.357614767134,136467,1364.67
1295,574.442115485074,134877,1348.77
1296,574.526616273362,176824,1768.24
1297,574.611117132243,188015,1880.15
1298,574.695618061963,178238,1782.38
1299,574.780119062767,170433,1704.33
1300,574.8646201349,155134,1551.34
1301,574.949121278607,147001,1470.01
1302,575.033622494133,143586,1435.86
1303,575.118123781723,141930,1419.3
1304,575.202625141623,137987,1379.87
1305,575.287126574078,133188,1331.88
1306,575.371628079332,130906,1309.06
1307,575.456129657631,129994,1299.94
1308,575.54063130922,129480,1294.8
1309,575.625133034344,132681,1326.81
1310,575.709634833249,138754,1387.54
1311,575.794136706179,137853,1378.53
1312,575.878638653379,133175,1331.75
1313,575.963140675095,129772,1297.72
1314,576.047642771572,127722,1277.22
1315,576.132144943055,127312,1273.12
1316,576.216647189789,130861,1308.61
1317,576.301149512019,131519,1315.19
1318,576.38565190999,129239,1292.39
1319,576.470154383948,127769,1277.69
1320,576.554656934138,127330,1273.3
1321,576.639159560804,130974,1309.74
1322,576.723662264192,131897,1318.97
1323,576.808165044547,158631,1586.31
1324,576.892667902114,168112,1681.12
1325,576.977170837139,151791,1517.91
1326,577.061673849866,139703,1397.03
1327,577.146176940541,133330,1333.3
1328,577.230680109408,129945,1299.45
1329,577.315183356713,128350,1283.5
1330,577.399686682701,130001,1300.01
1331,577.484190087617,151602,1516.02
1332,577.568693571706,155501,1555.01
1333,577.653197135214,142462,1424.62
1334,577.737700778385,138405,1384.05
1335,577.822204501465,135242,1352.42
1336,577.906708304698,130692,1306.92
1337,577.991212188331,158571,1585.71
1338,578.075716152607,165281,1652.81
1339,578.160220197773,151501,1515.01
1340,578.244724324073,142564,1425.64
1341,578.329228531752,141669,1416.69
1342,578.413732821056,142255,1422.55
1343,578.49823719223,136749,1367.49
1344,578.582741645518,131030,1310.3
1345,578.667246181166,130526,1305.26
1346,578.75175079942,129754,1297.54
1347,578.836255500524,130358,1303.58
1348,578.920760284723,136808,1368.08
1349,579.005265152262,136149,1361.49
1350,579.089770103388,130989,1309.89
1351,579.174275138344,127648,1276.48
1352,579.258780257375,125405,1254.05
1353,579.343285460728,124555,1245.55
1354,579.427790748647,124371,1243.71
1355,579.512296121378,123978,1239.78
1356,579.596801579165,123403,1234.03
1357,579.681307122253,124081,1240.81
1358,579.765812750888,124081,1240.81
1359,579.850318465315,123731,1237.31
1360,579.934824265779,123328,1233.28
1361,580.019330152525,122408,1224.08
1362,580.103836125799,139158,1391.58
1363,580.188342185844,144029,1440.29
1364,580.272848332908,137889,1378.89
1365,580.357354567233,133323,1333.23
1366,580.441860889067,128047,1280.47
1367,580.526367298654,124951,1249.51
1368,580.610873796238,129990,1299.9
1369,580.695380382066,130899,1308.99
1370,580.779887056382,126806,1268.06
1371,580.864393819432,128816,1288.16
1372,580.94890067146,129121,1291.21
1373,581.033407612712,125779,1257.79
1374,581.117914643433,123698,1236.98
1375,581.202421763867,122720,1227.2
1376,581.286928974261,122266,1222.66
1377,581.371436274859,124708,1247.08
1378,581.455943665907,125100,1251
1379,581.540451147649,126314,1263.14
1380,581.62495872033,126111,1261.11
1381,581.709466384197,123682,1236.82
1382,581.793974139493,122186,1221.86
1383,581.878481986465,127571,1275.71
1384,581.962989925357,128606,1286.06
1385,582.047497956414,131239,1312.39
1386,582.132006079881,134090,1340.9
1387,582.216514296004,130441,1304.41
1388,582.301022605028,125864,1258.64
1389,582.385531007198,132178,1321.78
1390,582.470039502758,133302,1333.02
1391,582.554548091955,127949,1279.49
1392,582.639056775033,124843,1248.43
1393,582.723565552238,122676,1226.76
1394,582.808074423814,121751,1217.51
1395,582.892583390007,121146,1211.46
1396,582.977092451061,126820,1268.2
1397,583.061601607223,128360,1283.6
1398,583.146110858736,126061,1260.61
1399,583.230620205847,125733,1257.33
1400,583.3151296488,123897,1238.97
1401,583.399639187841,124718,1247.18
1402,583.484148823214,124057,1240.57
1403,583.568658555165,121680,1216.8
1404,583.653168383939,120643,1206.43
1405,583.73767830978,125710,1257.1
1406,583.822188332935,126888,1268.88
1407,583.906698453649,126091,1260.91
1408,583.991208672165,124468,1244.68
1409,584.075718988731,121687,1216.87
1410,584.16022940359,123123,1231.23
1411,584.244739916987,122919,1229.19
1412,584.329250529169,120752,1207.52
1413,584.41376124038,119126,1191.26
1414,584.498272050865,118290,1182.9
1415,584.58278296087,118140,1181.4
1416,584.667293970638,126391,1263.91
1417,584.751805080417,134574,1345.74
1418,584.83631629045,131940,1319.4
1419,584.920827600983,125968,1259.68
1420,585.005339012262,122671,1226.71
1421,585.08985052453,123903,1239.03
1422,585.174362138034,126353,1263.53
1423,585.258873853018,127184,1271.84
1424,585.343385669727,124474,1244.74
1425,585.427897588408,120782,1207.82
1426,585.512409609304,118608,1186.08
1427,585.596921732661,117421,1174.21
1428,585.681433958724,118836,1188.36
1429,585.765946287739,119302,1193.02
1430,585.85045871995,121272,1212.72
1431,585.934971255602,125207,1252.07
1432,586.019483894941,130797,1307.97
1433,586.103996638212,132145,1321.45
1434,586.18850948566,127176,1271.76
1435,586.27302243753,123129,1231.29
1436,586.357535494067,120286,1202.86
1437,586.442048655516,140434,1404.34
1438,586.526561922122,164022,1640.22
1439,586.611075294132,156786,1567.86
1440,586.695588771789,139816,1398.16
1441,586.780102355339,130319,1303.19
1442,586.864616045027,127601,1276.01
1443,586.949129841097,124343,1243.43
1444,587.033643743797,119859,1198.59
1445,587.118157753369,117641,1176.41
1446,587.20267187006,116491,1164.91
1447,587.287186094115,115817,1158.17
1448,587.371700425779,115735,1157.35
1449,587.456214865296,115292,1152.92
1450,587.540729412912,115115,1151.15
1451,587.625244068873,115017,1150.17
1452,587.709758833423,117568,1175.68
1453,587.794273706808,118294,1182.94
1454,587.878788689272,116888,1168.88
1455,587.963303781061,115710,1157.1
1456,588.047818982419,114640,1146.4
1457,588.132334293593,116905,1169.05
1458,588.216849714827,121318,1213.18
1459,588.301365246366,120876,1208.76
1460,588.385880888455,118153,1181.53
1461,588.47039664134,116222,1162.22
1462,588.554912505266,114722,1147.22
1463,588.639428480477,117618,1176.18
1464,588.72394456722,122802,1228.02
1465,588.808460765738,128416,1284.16
1466,588.892977076278,126719,1267.19
1467,588.977493499084,120817,1208.17
1468,589.062010034401,117278,1172.78
1469,589.146526682475,115618,1156.18
1470,589.231043443551,114420,1144.2
1471,589.315560317874,113301,1133.01
1472,589.400077305689,112513,1125.13
1473,589.48459440724,112118,1121.18
1474,589.569111622774,115125,1151.25
1475,589.653628952536,120765,1207.65
1476,589.73814639677,120609,1206.09
1477,589.822663955722,117213,1172.13
1478,589.907181629636,198224,1982.24
1479,589.991699418759,227009,2270.09
1480,590.076217323334,190434,1904.34
1481,590.160735343608,162010,1620.1
1482,590.245253479825,140710,1407.1
1483,590.329771732231,128059,1280.59
1484,590.41429010107,150417,1504.17
1485,590.498808586588,154504,1545.04
1486,590.58332718903,136675,1366.75
1487,590.667845908641,128606,1286.06
1488,590.752364745666,123247,1232.47
1489,590.83688370035,118315,1183.15
1490,590.921402772939,118211,1182.11
1491,591.005921963678,123419,1234.19
1492,591.090441272811,122354,1223.54
1493,591.174960700584,120666,1206.66
1494,591.259480247241,121515,1215.15
1495,591.343999913029,122067,1220.67
1496,591.428519698192,119700,1197
1497,591.513039602976,116268,1162.68
1498,591.597559627625,114519,1145.19
1499,591.682079772385,113357,1133.57
1500,591.7666000375,112044,1120.44
1501,591.851120423216,111800,1118
1502,591.935640929779,111640,1116.4
1503,592.020161557432,113174,1131.74
1504,592.104682306422,113547,1135.47
1505,592.189203176993,112258,1122.58
1506,592.273724169391,111211,1112.11
1507,592.35824528386,110498,1104.98
1508,592.442766520647,110717,1107.17
1509,592.527287879995,114207,1142.07
1510,592.611809362151,115263,1152.63
1511,592.696330967358,139125,1391.25
1512,592.780852695863,144820,1448.2
1513,592.865374547911,130397,1303.97
1514,592.949896523746,121849,1218.49
1515,593.034418623614,116937,1169.37
1516,593.11894084776,148028,1480.28
1517,593.203463196429,155567,1555.67
1518,593.287985669866,136466,1364.66
1519,593.372508268317,125050,1250.5
1520,593.457030992026,118396,1183.96
1521,593.541553841238,114801,1148.01
1522,593.626076816199,113448,1134.48
1523,593.710599917154,112188,1121.88
1524,593.795123144348,110881,1108.81
1525,593.879646498027,110112,1101.12
1526,593.964169978434,116083,1160.83
1527,594.048693585816,117838,1178.38
1528,594.133217320417,114088,1140.88
1529,594.217741182483,114944,1149.44
1530,594.302265172259,114555,1145.55
1531,594.38678928999,115078,1150.78
1532,594.47131353592,114395,1143.95
1533,594.555837910296,115068,1150.68
1534,594.640362413363,114173,1141.73
1535,594.724887045364,131385,1313.85
1536,594.809411806547,135486,1354.86
1537,594.893936697155,124110,1241.1
1538,594.978461717434,123816,1238.16
1539,595.062986867629,121569,1215.69
1540,595.147512147985,116379,1163.79
1541,595.232037558747,119850,1198.5
1542,595.316563100161,125976,1259.76
1543,595.401088772471,123855,1238.55
1544,595.485614575923,118096,1180.96
1545,595.570140510762,114293,1142.93
1546,595.654666577233,111988,1119.88
1547,595.73919277558,113694,1136.94
1548,595.82371910605,115043,1150.43
1549,595.908245568888,113604,1136.04
1550,595.992772164338,117760,1177.6
1551,596.077298892645,124898,1248.98
1552,596.161825754055,122552,1225.52
1553,596.246352748813,116392,1163.92
1554,596.330879877164,113202,1132.02
1555,596.415407139353,124926,1249.26
1556,596.499934535626,127561,1275.61
1557,596.584462066227,120500,1205
1558,596.668989731401,119314,1193.14
1559,596.753517531394,120314,1203.14
1560,596.838045466451,120430,1204.3
1561,596.922573536817,117122,1171.22
1562,597.007101742737,113390,1133.9
1563,597.091630084456,139870,1398.7
1564,597.17615856222,160838,1608.38
1565,597.260687176273,150079,1500.79
1566,597.345215926861,136090,1360.9
1567,597.429744814228,132469,1324.69
1568,597.51427383862,125984,1259.84
1569,597.598803000283,117957,1179.57
1570,597.68333229946,120156,1201.56
1571,597.767861736398,119193,1191.93
1572,597.852391311341,120042,1200.42
1573,597.936921024535,118694,1186.94
1574,598.021450876224,116846,1168.46
1575,598.105980866655,118186,1181.86
1576,598.190510996071,115593,1155.93
1577,598.275041264718,115071,1150.71
1578,598.359571672842,116584,1165.84
1579,598.444102220687,118575,1185.75
1580,598.528632908498,116341,1163.41
1581,598.613163736522,115239,1152.39
1582,598.697694705001,120695,1206.95
1583,598.782225814183,122034,1220.34
1584,598.866757064312,120307,1203.07
1585,598.951288455633,116413,1164.13
1586,599.035819988391,115010,1150.1
1587,599.120351662832,116873,1168.73
1588,599.2048834792,114387,1143.87
1589,599.289415437741,110429,1104.29
1590,599.3739475387,108996,1089.96
1591,599.458479782322,111990,1119.9
1592,599.543012168852,115140,1151.4
1593,599.627544698535,116335,1163.35
1594,599.712077371617,113896,1138.96
1595,599.796610188342,110366,1103.66
1596,599.881143148956,111673,1116.73
1597,599.965676253703,114663,1146.63
1598,600.05020950283,113227,1132.27
1599,600.13474289658,109969,1099.69
1600,600.2192764352,108188,1081.88
1601,600.303810118934,110432,1104.32
1602,600.388343948028,110515,1105.15
1603,600.472877922726,108143,1081.43
1604,600.557412043273,110160,1101.6
1605,600.641946309916,110180,1101.8
1606,600.726480722899,108349,1083.49
1607,600.811015282466,107341,1073.41
1608,600.895549988864,106619,1066.19
1609,600.980084842338,106087,1060.87
1610,601.064619843132,108305,1083.05
1611,601.149154991491,109305,1093.05
1612,601.233690287662,111323,1113.23
1613,601.318225731888,111161,1111.61
1614,601.402761324415,108647,1086.47
1615,601.487297065489,110189,1101.89
1616,601.571832955354,110437,1104.37
1617,601.656368994255,111911,1119.11
1618,601.740905182438,111397,1113.97
1619,601.825441520148,108644,1086.44
1620,601.90997800763,110844,1108.44
1621,601.994514645128,114155,1141.55
1622,602.079051432889,114931,1149.31
1623,602.163588371157,113009,1130.09
1624,602.248125460177,112697,1126.97
1625,602.332662700195,111705,1117.05
1626,602.417200091456,112187,1121.87
1627,602.501737634204,110906,1109.06
1628,602.586275328686,108192,1081.92
1629,602.670813175145,106553,1065.53
1630,602.755351173828,115026,1150.26
1631,602.839889324979,117480,1174.8
1632,602.924427628843,115200,1152
1633,603.008966085667,115524,1155.24
1634,603.093504695693,112484,1124.84
1635,603.178043459169,108674,1086.74
1636,603.262582376339,110479,1104.79
1637,603.347121447448,112659,1126.59
1638,603.431660672741,111862,1118.62
1639,603.516200052464,109403,1094.03
1640,603.600739586861,106857,1068.57
1641,603.685279276178,105680,1056.8
1642,603.769819120659,105785,1057.85
1643,603.854359120551,105188,1051.88
1644,603.938899276098,108353,1083.53
1645,604.023439587545,112579,1125.79
1646,604.107980055137,111286,1112.86
1647,604.19252067912,111284,1112.84
1648,604.277061459738,110359,1103.59
1649,604.361602397237,107217,1072.17
1650,604.446143491862,105278,1052.78
1651,604.530684743859,118888,1188.88
1652,604.615226153471,133000,1330
1653,604.699767720944,131268,1312.68
1654,604.784309446525,122422,1224.22
1655,604.868851330456,117908,1179.08
1656,604.953393372984,120415,1204.15
1657,605.037935574354,123210,1232.1
1658,605.122477934812,118359,1183.59
1659,605.207020454601,133350,1333.5
1660,605.291563133967,135578,1355.78
1661,605.376105973156,123040,1230.4
1662,605.460648972412,115243,1152.43
1663,605.545192131981,109750,1097.5
1664,605.629735452108,106484,1064.84
1665,605.714278933038,104730,1047.3
1666,605.798822575015,110852,1108.52
1667,605.883366378286,112561,1125.61
1668,605.967910343095,108334,1083.34
1669,606.052454469688,105591,1055.91
1670,606.136998758309,104424,1044.24
1671,606.221543209204,107371,1073.71
1672,606.306087822618,108232,1082.32
1673,606.390632598795,106135,1061.35
1674,606.475177537982,107795,1077.95
1675,606.559722640423,110944,1109.44
1676,606.644267906364,112508,1125.08
1677,606.728813336049,113297,1132.97
1678,606.813358929724,110568,1105.68
1679,606.897904687633,106703,1067.03
1680,606.982450610022,104581,1045.81
1681,607.066996697137,103460,1034.6
1682,607.151542949221,105924,1059.24
1683,607.236089366521,109639,1096.39
1684,607.320635949282,108334,1083.34
1685,607.405182697748,105416,1054.16
1686,607.489729612165,107837,1078.37
1687,607.574276692777,108281,1082.81
1688,607.658823939831,105671,1056.71
1689,607.74337135357,107450,1074.5
1690,607.827918934241,110505,1105.05
1691,607.912466682089,108656,1086.56
1692,607.997014597358,105255,1052.55
1693,608.081562680293,113609,1136.09
1694,608.16611093114,115416,1154.16
1695,608.250659350145,112866,1128.66
1696,608.335207937551,112910,1129.1
1697,608.419756693605,112028,1120.28
1698,608.504305618551,108829,1088.29
1699,608.588854712634,108637,1086.37
1700,608.6734039761,107405,1074.05
1701,608.757953409194,114650,1146.5
1702,608.84250301216,120112,1201.12
1703,608.927052785245,114948,1149.48
1704,609.011602728693,109708,1097.08
1705,609.096152842749,106721,1067.21
1706,609.180703127658,104389,1043.89
1707,609.265253583666,102872,1028.72
1708,609.349804211018,102134,1021.34
1709,609.434355009958,104869,1048.69
1710,609.518905980733,105266,1052.66
1711,609.603457123586,109675,1096.75
1712,609.688008438764,141797,1417.97
1713,609.772559926511,146215,1462.15
1714,609.857111587073,127093,1270.93
1715,609.941663420694,115640,1156.4
1716,610.02621542762,108690,1086.9
1717,610.110767608096,108626,1086.26
1718,610.195319962366,107771,1077.71
1719,610.279872490677,104592,1045.92
1720,610.364425193274,102641,1026.41
1721,610.4489780704,101723,1017.23
1722,610.533531122303,101273,1012.73
1723,610.618084349226,101645,1016.45
1724,610.702637751414,105158,1051.58
1725,610.787191329114,108526,1085.26
1726,610.87174508257,106943,1069.43
1727,610.956299012027,110366,1103.66
1728,611.04085311773,110356,1103.56
1729,611.125407399925,106127,1061.27
1730,611.209961858857,103465,1034.65
1731,611.29451649477,124874,1248.74
1732,611.37907130791,138208,1382.08
1733,611.463626298523,127699,1276.99
1734,611.548181466852,118930,1189.3
1735,611.632736813144,119339,1193.39
1736,611.717292337643,116037,1160.37
1737,611.801848040595,109328,1093.28
1738,611.886403922244,105234,1052.34
1739,611.970959982837,106276,1062.76
1740,612.055516222617,108151,1081.51
1741,612.14007264183,109817,1098.17
1742,612.224629240722,111244,1112.44
1743,612.309186019537,109853,1098.53
1744,612.39374297852,120161,1201.61
1745,612.478300117917,122183,1221.83
1746,612.562857437973,129660,1296.6
1747,612.647414938933,131531,1315.31
1748,612.731972621042,120186,1201.86
1749,612.816530484545,111099,1110.99
1750,612.901088529688,122307,1223.07
1751,612.985646756714,123656,1236.56
1752,613.070205165871,116111,1161.11
1753,613.154763757402,110869,1108.69
1754,613.239322531553,105988,1059.88
1755,613.323881488569,106382,1063.82
1756,613.408440628695,105249,1052.49
1757,613.492999952176,101877,1018.77
1758,613.577559459258,103619,1036.19
1759,613.662119150185,106536,1065.36
1760,613.746679025203,104772,1047.72
1761,613.831239084557,102015,1020.15
1762,613.915799328492,103599,1035.99
1763,614.000359757252,103542,1035.42
1764,614.084920371084,101546,1015.46
1765,614.169481170232,100502,1005.02
1766,614.254042154942,100370,1003.7
1767,614.338603325458,99677,996.77
1768,614.423164682026,102428,1024.28
1769,614.507726224891,106399,1063.99
1770,614.592287954298,104853,1048.53
1771,614.676849870492,118684,1186.84
1772,614.761411973718,121323,1213.23
1773,614.845974264222,110997,1109.97
1774,614.930536742248,105310,1053.1
1775,615.015099408042,105715,1057.15
1776,615.099662261849,104798,1047.98
1777,615.184225303914,101518,1015.18
1778,615.268788534481,102815,1028.15
1779,615.353351953797,102632,1026.32
1780,615.437915562106,106946,1069.46
1781,615.522479359654,107903,1079.03
1782,615.607043346685,103356,1033.56
1783,615.691607523446,116460,1164.6
1784,615.776171890179,119377,1193.77
1785,615.860736447132,109791,1097.91
1786,615.94530119455,104348,1043.48
1787,616.029866132676,104142,1041.42
1788,616.114431261757,102990,1029.9
1789,616.198996582037,103497,1034.97
1790,616.283562093762,105635,1056.35
1791,616.368127797177,107390,1073.9
1792,616.452693692527,105261,1052.61
1793,616.537259780057,101272,1012.72
1794,616.621826060012,102393,1023.93
1795,616.706392532638,105452,1054.52
1796,616.790959198179,103868,1038.68
1797,616.87552605688,100288,1002.88
1798,616.960093108988,119916,1199.16
1799,617.044660354746,125093,1250.93
1800,617.1292277944,121565,1215.65
1801,617.213795428195,125036,1250.36
1802,617.298363256377,119008,1190.08
1803,617.38293127919,109403,1094.03
1804,617.46749949688,103260,1032.6
1805,617.552067909691,99786,997.86
1806,617.63663651787,97816,978.16
1807,617.72120532166,516927,5169.27
1808,617.805774321307,640809,6408.09
1809,617.890343517057,415753,4157.53
1810,617.974912909154,278841,2788.41
1811,618.059482497843,199944,1999.44
1812,618.14405228337,155097,1550.97
1813,618.22862226598,129398,1293.98
1814,618.313192445918,114099,1140.99
1815,618.397762823429,119800,1198
1816,618.482333398757,122377,1223.77
1817,618.56690417215,113205,1132.05
1818,618.65147514385,109042,1090.42
1819,618.736046314105,105529,1055.29
1820,618.820617683158,101444,1014.44
1821,618.905189251254,99157,991.57
1822,618.98976101864,98040,980.4
1823,619.07433298556,96924,969.24
1824,619.158905152259,100856,1008.56
1825,619.243477518983,123066,1230.66
1826,619.328050085976,125739,1257.39
1827,619.412622853484,115700,1157
1828,619.497195821751,112206,1122.06
1829,619.581768991023,114403,1144.03
1830,619.666342361546,110855,1108.55
1831,619.750915933564,103533,1035.33
1832,619.835489707321,99286,992.86
1833,619.920063683065,103437,1034.37
1834,620.004637861039,106820,1068.2
1835,620.089212241489,102932,1029.32
1836,620.173786824659,98706,987.06
1837,620.258361610796,97617,976.17
1838,620.342936600144,96712,967.12
1839,620.427511792947,95755,957.55
1840,620.512087189453,101357,1013.57
1841,620.596662789905,129265,1292.65
1842,620.681238594548,142617,1426.17
1843,620.765814603629,129297,1292.97
1844,620.850390817391,114214,1142.14
1845,620.93496723608,108142,1081.42
1846,621.019543859942,110845,1108.45
1847,621.104120689221,108226,1082.26
1848,621.188697724162,103734,1037.34
1849,621.273274965011,100272,1002.72
1850,621.357852412012,96605,966.05
1851,621.442430065412,95998,959.98
1852,621.527007925454,95395,953.95
1853,621.611585992385,97252,972.52
1854,621.696164266449,98757,987.57
1855,621.780742747892,96858,968.58
1856,621.865321436958,94651,946.51
1857,621.949900333892,93834,938.34
1858,622.03447943894,96536,965.36
1859,622.119058752348,97267,972.67
1860,622.203638274359,95221,952.21
1861,622.28821800522,97680,976.8
1862,622.372797945175,98196,981.96
1863,622.457378094469,96218,962.18
1864,622.541958453348,94518,945.18
1865,622.626539022057,95179,951.79
1866,622.711119800841,95778,957.78
1867,622.795700789945,94783,947.83
1868,622.880281989613,106178,1061.78
1869,622.964863400093,108703,1087.03
1870,623.049445021627,101538,1015.38
1871,623.134026854462,97536,975.36
1872,623.218608898843,94926,949.26
1873,623.303191155015,96866,968.66
1874,623.387773623222,97909,979.09
1875,623.472356303711,99355,993.55
1876,623.556939196726,101829,1018.29
1877,623.641522302512,99702,997.02
1878,623.726105621315,95881,958.81
1879,623.810689153379,97031,970.31
1880,623.89527289895,96918,969.18
1881,623.979856858273,98074,980.74
1882,624.064441031593,103066,1030.66
1883,624.149025419156,104887,1048.87
1884,624.233610021205,107245,1072.45
1885,624.318194837987,107728,1077.28
1886,624.402779869747,106058,1060.58
1887,624.487365116729,107682,1076.82
1888,624.571950579179,107427,1074.27
1889,624.656536257342,102330,1023.3
1890,624.741122151463,97338,973.38
1891,624.825708261788,96965,969.65
1892,624.91029458856,102675,1026.75
1893,624.994881132027,101716,1017.16
1894,625.079467892432,99364,993.64
1895,625.16405487002,97337,973.37
1896,625.248642065038,94646,946.46
1897,625.33322947773,126189,1261.89
1898,625.41781710834,137693,1376.93
1899,625.502404957115,259814,2598.14
1900,625.5869930243,290015,2900.15
1901,625.671581310139,208597,2085.97
1902,625.756169814878,560827,5608.27
1903,625.840758538762,645517,6455.17
1904,625.925347482035,412081,4120.81
1905,626.009936644944,284017,2840.17
1906,626.094526027733,207569,2075.69
1907,626.179115630648,157057,1570.57
1908,626.263705453933,128719,1287.19
1909,626.348295497833,115338,1153.38
1910,626.432885762595,106241,1062.41
1911,626.517476248462,99234,992.34
1912,626.60206695568,108815,1088.15
1913,626.686657884495,109845,1098.45
1914,626.771249035151,100789,1007.89
1915,626.855840407893,102019,1020.19
1916,626.940432002967,100586,1005.86
1917,627.025023820618,100054,1000.54
1918,627.10961586109,113621,1136.21
1919,627.19420812463,113090,1130.9
1920,627.278800611482,112478,1124.78
1921,627.363393321891,111783,1117.83
1922,627.447986256102,137791,1377.91
1923,627.532579414361,140733,1407.33
1924,627.617172796912,118879,1188.79
1925,627.701766404002,105694,1056.94
1926,627.786360235874,98146,981.46
1927,627.870954292774,97413,974.13
1928,627.955548574948,95476,954.76
1929,628.04014308264,105750,1057.5
1930,628.124737816095,107781,1077.81
1931,628.209332775559,102289,1022.89
1932,628.293927961276,98347,983.47
1933,628.378523373493,93505,935.05
1934,628.463119012454,90053,900.53
1935,628.547714878403,88857,888.57
1936,628.632310971587,92252,922.52
1937,628.716907292251,95770,957.7
1938,628.801503840639,97275,972.75
1939,628.886100616996,95031,950.31
1940,628.970697621569,91479,914.79
1941,629.055294854601,89932,899.32
1942,629.139892316339,92344,923.44
1943,629.224490007026,95126,951.26
1944,629.309087926909,93703,937.03
1945,629.393686076233,93941,939.41
1946,629.478284455242,93028,930.28
1947,629.562883064182,90184,901.84
1948,629.647481903298,88389,883.89
1949,629.732080972835,87571,875.71
1950,629.816680273037,89773,897.73
1951,629.901279804152,89837,898.37
1952,629.985879566422,91108,911.08
1953,630.070479560095,94461,944.61
1954,630.155079785414,95791,957.91
1955,630.239680242624,93320,933.2
1956,630.324280931972,90072,900.72
1957,630.408881853702,95803,958.03
1958,630.493483008059,98664,986.64
1959,630.578084395288,94244,942.44
1960,630.662686015635,90271,902.71
1961,630.747287869345,93655,936.55
1962,630.831889956662,94081,940.81
1963,630.916492277832,90282,902.82
1964,631.001094833101,87649,876.49
1965,631.085697622712,86571,865.71
1966,631.170300646912,89493,894.93
1967,631.254903905945,89930,899.3
1968,631.339507400056,94226,942.26
1969,631.424111129492,97146,971.46
1970,631.508715094496,100649,1006.49
1971,631.593319295314,109188,1091.88
1972,631.677923732192,108836,1088.36
1973,631.762528405373,103127,1031.27
1974,631.847133315104,99186,991.86
1975,631.93173846163,94327,943.27
1976,632.016343845195,93045,930.45
1977,632.100949466045,90867,908.67
1978,632.185555324425,87187,871.87
1979,632.270161420579,85460,854.6
1980,632.354767754754,85214,852.14
1981,632.439374327195,87425,874.25
1982,632.523981138146,87121,871.21
1983,632.608588187852,84860,848.6
1984,632.693195476559,85615,856.15
1985,632.777803004512,85815,858.15
1986,632.862410771956,85568,855.68
1987,632.947018779136,85866,858.66
1988,633.031627026297,86080,860.8
1989,633.116235513685,88662,886.62
1990,633.200844241544,94783,947.83
1991,633.28545321012,94163,941.63
1992,633.370062419658,89336,893.36
1993,633.454671870403,86629,866.29
1994,633.539281562599,84831,848.31
1995,633.623891496493,83519,835.19
1996,633.708501672329,82853,828.53
1997,633.793112090353,85428,854.28
1998,633.877722750809,85958,859.58
1999,633.962333653943,84331,843.31
2000,634.0469448,83083,830.83
2001,634.131556189225,82183,821.83
2002,634.216167821863,84851,848.51
2003,634.300779698159,85534,855.34
2004,634.385391818359,83810,838.1
2005,634.470004182707,82973,829.73
2006,634.554616791449,82183,821.83
2007,634.639229644829,84568,845.68
2008,634.723842743094,101167,1011.67
2009,634.808456086488,107172,1071.72
2010,634.893069675256,98328,983.28
2011,634.977683509643,93629,936.29
2012,635.062297589895,93413,934.13
2013,635.146911916256,93338,933.38
2014,635.231526488972,89894,898.94
2015,635.316141308288,330686,3306.86
2016,635.400756374449,397137,3971.37
2017,635.4853716877,270392,2703.92
2018,635.569987248286,196274,1962.74
2019,635.654603056453,148789,1487.89
2020,635.739219112446,120377,1203.77
2021,635.823835416509,104536,1045.36
2022,635.908451968888,100842,1008.42
2023,635.993068769827,116291,1162.91
2024,636.077685819573,114960,1149.6
2025,636.16230311837,121669,1216.69
2026,636.246920666464,118529,1185.29
2027,636.331538464099,218774,2187.74
2028,636.41615651152,241965,2419.65
2029,636.500774808974,173761,1737.61
2030,636.585393356704,133117,1331.17
2031,636.670012154956,133526,1335.26
2032,636.754631203976,130595,1305.95
2033,636.839250504007,111636,1116.36
2034,636.923870055296,97858,978.58
2035,637.008489858088,92200,922
2036,637.093109912628,88870,888.7
2037,637.17773021916,85248,852.48
2038,637.26235077793,82717,827.17
2039,637.346971589183,90474,904.74
2040,637.431592653165,95872,958.72
2041,637.51621397012,91286,912.86
2042,637.600835540293,87887,878.87
2043,637.68545736393,87876,878.76
2044,637.770079441276,88662,886.62
2045,637.854701772576,86461,864.61
2046,637.939324358074,83198,831.98
2047,638.023947198017,81541,815.41
