464.9839,58090
465.068515076491,57379
465.153129906126,57740
465.237744489151,57856
465.322358825812,57565
465.406972916352,57425
465.491586761018,57687
465.576200360054,57663
465.660813713705,57472
465.745426822218,57632
465.830039685836,57980
465.914652304805,58152
465.99926467937,58241
466.083876809776,58210
466.168488696269,58181
466.253100339093,195380
466.337711738494,234532
466.422322894716,162250
466.506933808006,119008
466.591544478607,94120
466.676154906766,79664
466.760765092726,71463
466.845375036735,70272
466.929984739036,69135
467.014594199874,66487
467.099203419495,64548
467.183812398145,63007
467.268421136067,62350
467.353029633508,90848
467.437637890711,100792
467.522245907924,89476
467.60685368539,79996
467.691461223355,72066
467.776068522063,67828
467.860675581761,65035
467.945282402693,67921
468.029888985104,74526
468.11449532924,73343
468.199101435345,71307
468.283707303665,68801
468.368312934445,65295
468.45291832793,66703
468.537523484364,69673
468.622128403994,92506
468.706733087065,102608
468.791337533821,89749
468.875941744507,77541
468.96054571937,70998
469.045149458653,67305
469.129752962602,65013
469.214356231462,63627
469.298959265479,62808
469.383562064897,62505
469.468164629962,62153
469.552766960919,64536
469.637369058012,68679
469.721970921487,67923
469.80657255159,65555
469.891173948565,67101
469.975775112657,66370
470.060376044111,64032
470.144976743173,62876
470.229577210088,65582
470.314177445101,66239
470.398777448457,67995
470.483377220402,91257
470.567976761179,98275
470.652576071035,86781
470.737175150215,77020
470.821773998963,70478
470.906372617525,69976
470.990971006146,68224
471.075569165072,98290
471.160167094546,106169
471.244764794815,91312
471.329362266123,81039
471.413959508717,75981
471.498556522839,78466
471.583153308737,79057
471.667749866655,75771
471.752346196838,74901
471.836942299532,75168
471.921538174981,78942
472.00613382343,76648
472.090729245126,70081
472.175324440312,65842
472.259919409234,66815
472.344514152137,66414
472.429108669267,63556
472.513702960868,63197
472.598297027185,65137
472.682890868465,64792
472.767484484951,62985
472.852077876889,61811
472.936671044524,64735
473.021263988101,65455
473.105856707865,64039
473.190449204062,69243
473.275041476937,84939
473.359633526735,91501
473.4442253537,82875
473.528816958078,76773
473.613408340115,75313
473.697999500055,71368
473.782590438143,66893
473.867181154625,64750
473.951771649745,67574
474.03636192375,67664
474.120951976883,65327
474.20554180939,63958
474.290131421517,62783
474.374720813508,65713
474.459309985608,66247
474.543898938063,63987
474.628487671118,62736
474.713076185018,62191
474.797664480008,65556
474.882252556332,96588
474.966840414238,105948
475.051428053968,123597
475.13601547577,121444
475.220602679887,96136
475.305189666564,80817
475.389776436048,72168
475.474362988583,67114
475.558949324414,64096
475.643535443787,62708
475.728121346946,62403
475.812707034136,62034
475.897292505604,85585
475.981877761593,96547
476.066462802349,87692
476.151047628118,81247
476.235632239144,74497
476.320216635672,68116
476.404800817948,68301
476.489384786216,67870
476.573968540723,69631
476.658552081712,89668
476.74313540943,92503
476.827718524121,79838
476.91230142603,71710
476.996884115403,70172
477.081466592484,68386
477.166048857519,64937
477.250630910753,66779
477.335212752432,67098
477.419794382799,64711
477.504375802101,66422
477.588957010582,66784
477.673538008487,64622
477.758118796063,107290
477.842699373553,118796
477.927279741204,94617
478.011859899259,79924
478.096439847965,71426
478.181019587566,67409
478.265599118308,65612
478.350178440435,63755
478.434757554193,62682
478.519336459827,74672
478.603915157582,77224
478.688493647704,69993
478.773071930436,127999
478.857650006026,142851
478.942227874716,109190
479.026805536754,100703
479.111382992383,94270
479.19596024185,84705
479.280537285398,76535
479.365114123274,69575
479.449690755722,65434
479.534267182988,62978
479.618843405317,61717
479.703419422953,64503
479.787995236142,69098
479.87257084513,68379
479.95714625016,65629
480.041721451479,63718
480.126296449331,62887
480.210871243962,65229
480.295445835617,65707
480.380020224541,66793
480.464594410979,66302
480.549168395175,67170
480.633742177377,67130
480.718315757827,64597
480.802889136772,63042
480.887462314457,62197
480.972035291127,61152
481.056608067026,64647
481.141180642401,77855
481.225753017496,78983
481.310325192556,71063
481.394897167827,69754
481.479468943554,68223
481.564040519981,65534
481.648611897354,63767
481.733183075918,62182
481.817754055918,64865
481.9023248376,65381
481.986895421208,66353
482.071465806988,100948
482.156035995184,108361
482.240605986042,91594
482.325175779807,80482
482.409745376725,72088
482.494314777039,67371
482.578883980996,64799
482.663452988841,63194
482.748021800818,61907
482.832590417173,61875
482.91715883815,65550
483.001727063996,69239
483.086295094955,68117
483.170862931273,65306
483.255430573193,64280
483.339998020963,66994
483.424565274826,67517
483.509132335028,65025
483.593699201814,63190
483.678265875429,65378
483.762832356118,65559
483.847398644127,63329
483.9319647397,65504
484.016530643083,77373
484.101096354521,78432
484.185661874258,71470
484.270227202541,67068
484.354792339614,64498
484.439357285722,63351
484.523922041111,65662
484.608486606025,68907
484.69305098071,67846
484.777615165411,66955
484.862179160373,69007
484.946742965841,67574
485.03130658206,67201
485.115870009276,70084
485.200433247733,68892
485.284996297677,65552
485.369559159353,88911
485.454121833005,98199
485.53868431888,84831
485.623246617222,75754
485.707808728276,70256
485.792370652288,66342
485.876932389502,67063
485.961493940164,66646
486.046055304519,64156
486.130616482813,63400
486.215177475289,63156
486.299738282193,69208
486.384298903771,70774
486.468859340268,66385
486.553419591928,63518
486.637979658997,62555
486.722539541719,61802
486.807099240341,63961
486.891658755108,64625
486.976218086263,63014
487.060777234053,61982
487.145336198723,61322
487.229894980517,60736
487.314453579682,61116
487.399011996461,61336
487.483570231101,61052
487.568128283845,60782
487.652686154941,60661
487.737243844632,60882
487.821801353163,65389
487.906358680781,66369
487.990915827729,63817
488.075472794253,62386
488.160029580599,66465
488.244586187011,67578
488.329142613735,65074
488.413698861015,70098
488.498254929097,70740
488.582810818225,70009
488.667366528646,69585
488.751922060605,66343
488.836477414345,64316
488.921032590113,63635
489.005587588153,64805
489.090142408711,93371
489.174697052032,103019
489.259251518361,90774
489.343805807943,80200
489.428359921024,71536
489.512913857847,66350
489.597467618659,63885
489.682021203705,74883
489.76657461323,77572
489.851127847479,70403
489.935680906696,68003
490.020233791128,66210
490.104786501019,63434
490.189339036615,65484
490.27389139816,65834
490.3584435859,63356
490.44299560008,61883
490.527547440945,60979
490.612099108739,60607
490.69665060371,60480
490.7812019261,60443
490.865753076156,63643
490.950304054123,64742
491.034854860246,63237
491.119405494769,62166
491.203955957939,61728
491.288506249999,61873
491.373056371197,61301
491.457606321775,64724
491.54215610198,66782
491.626705712057,64824
491.711255152251,62772
491.795804422807,61558
491.88035352397,60790
491.964902455985,60896
492.049451219098,64604
492.133999813553,65360
492.218548239596,63416
492.303096497471,65276
492.387644587425,67715
492.472192509702,69523
492.556740264546,76633
492.641287852205,75842
492.725835272921,69217
492.810382526942,66363
492.894929614511,75206
492.979476535874,76508
493.064023291276,69841
493.148569880962,68308
493.233116305178,67148
493.317662564167,64299
493.402208658177,63313
493.486754587451,62387
493.571300352235,61497
493.655845952774,61013
493.740391389313,64154
493.824936662097,64890
493.909481771372,65660
493.994026717382,65223
494.078571500372,62979
494.163116120589,61935
494.247660578276,61735
494.33220487368,89952
494.416749007044,97878
494.501292978615,82709
494.585836788637,73312
494.670380437356,67929
494.754923925017,65480
494.839467251864,67531
494.924010418144,67306
495.0085534241,64553
495.093096269979,78135
495.177638956025,81201
495.262181482484,75736
495.3467238496,74300
495.431266057619,70196
495.515808106786,69664
495.600349997346,68363
495.684891729544,65010
495.769433303626,64468
495.853974719836,63465
495.938515978419,61959
496.023057079622,61296
496.107598023688,61163
496.192138810863,64427
496.276679441392,64834
496.361219915521,64548
496.445760233493,94999
496.530300395556,102347
496.614840401953,85172
496.69938025293,80100
496.783919948731,75691
496.868459489603,72443
496.95299887579,69282
497.037538107538,72833
497.12207718509,72636
497.206616108694,70732
497.291154878593,68747
497.375693495033,65684
497.460231958259,63568
497.544770268516,62383
497.629308426049,61855
497.713846431104,61253
497.798384283926,63881
497.882921984759,64697
497.967459533848,63177
498.05199693144,65376
498.136534177779,69266
498.22107127311,68309
498.305608217678,65009
498.390145011729,62905
498.474681655507,61918
498.559218149259,61571
498.643754493228,61650
498.72829068766,61186
498.8128267328,60670
498.897362628894,60482
498.981898376185,60762
499.066433974921,61042
499.150969425345,64394
499.235504727703,79438
499.32003988224,81561
499.404574889201,75951
499.489109748831,72376
499.573644461376,67743
499.65817902708,64534
499.742713446188,62844
499.827247718947,62106
499.9117818456,61746
499.996315826393,60902
500.080849661572,60351
500.165383351381,60567
500.249916896065,60612
500.33445029587,60763
500.41898355104,78821
500.503516661822,83907
500.588049628459,73864
500.672582451197,68221
500.757115130282,65069
500.841647665958,63491
500.92618005847,62308
501.010712308064,87094
501.095244414985,96948
501.179776379478,86905
501.264308201788,77510
501.34883988216,73921
501.433371420839,70657
501.517902818071,65918
501.6024340741,67234
501.686965189172,69556
501.771496163532,67696
501.856026997425,64569
501.940557691096,62555
502.02508824479,61400
502.109618658753,64735
502.194148933229,65398
502.278679068464,62877
502.363209064702,62046
502.44773892219,61355
502.532268641171,63945
502.616798221892,64937
502.701327664597,63441
502.785856969531,62388
502.87038613694,64946
502.954915167069,68750
503.039444060163,67350
503.123972816466,64413
503.208501436225,66420
503.293029919684,67059
503.377558267088,68319
503.462086478683,71229
503.546614554714,73705
503.631142495425,71192
503.715670301062,66543
503.800197971871,63485
503.884725508095,62072
503.969252909981,64767
504.053780177773,68679
504.138307311717,67887
504.222834312058,68430
504.307361179041,68082
504.39188791291,68615
504.476414513912,69194
504.560940982291,82802
504.645467318292,84462
504.729993522161,73785
504.814519594143,70874
504.899045534482,70771
504.983571343424,72575
505.068097021215,73655
505.152622568098,73162
505.23714798432,83858
505.321673270126,83878
505.40619842576,74487
505.490723451468,68571
505.575248347494,68091
505.659773114085,66893
505.744297751485,91772
505.828822259939,101263
505.913346639693,86165
505.997870890991,75087
506.082395014079,68653
506.166919009201,65153
506.251442876604,63131
506.335966616531,64862
506.420490229229,64596
506.505013714942,62939
506.589537073916,62507
506.674060306396,64827
506.758583412626,65923
506.843106392852,64171
506.927629247319,62627
507.012151976272,61598
507.096674579957,64613
507.181197058618,66272
507.2657194125,64467
507.350241641849,91210
507.43476374691,101773
507.519285727928,87076
507.603807585148,75640
507.688329318816,69603
507.772850929175,69465
507.857372416473,71546
507.941893780953,69405
508.02641502286,66201
508.110936142441,63702
508.195457139939,64737
508.279978015601,64612
508.364498769671,63038
508.449019402395,62029
508.533539914017,61361
508.618060304783,64131
508.702580574937,64357
508.787100724726,62694
508.871620754394,63624
508.956140664186,78225
509.040660454347,85760
509.125180125123,93000
509.209699676758,89627
509.294219109499,95898
509.378738423589,93571
509.463257619274,82980
509.5477766968,75465
509.632295656411,68675
509.716814498352,64924
509.801333222869,62566
509.885851830207,61458
509.97037032061,61509
510.054888694324,61203
510.139406951595,64419
510.223925092667,65172
510.308443117785,63202
510.392961027195,62531
510.477478821141,65594
510.56199649987,69286
510.646514063625,71653
510.731031512652,73104
510.815548847197,70221
510.900066067503,66897
510.984583173818,64439
511.069100166384,65617
511.153617045449,65649
511.238133811256,66630
511.322650464052,66106
511.407167004081,63426
511.491683431587,68905
511.576199746818,69951
511.660715950017,69253
511.745232041429,67876
511.829748021301,64861
511.914263889876,63399
511.9987796474,63587
512.083295294119,62762
512.167810830277,62122
512.252326256119,64320
512.336841571891,67302
512.421356777838,80965
512.505871874205,82750
512.590386861236,77064
512.674901739178,72393
512.759416508275,67416
512.843931168773,64346
512.928445720916,65922
513.01296016495,69035
513.097474501119,67228
513.18198872967,64248
513.266502850847,62627
513.351016864895,65244
513.435530772059,66083
513.520044572585,63836
513.604558266717,62234
513.689071854701,67902
513.773585336782,71310
513.858098713206,72026
513.942611984216,73374
514.027125150058,76458
514.111638210978,77526
514.196151167221,73036
514.280664019031,67423
514.365176766654,64491
514.449689410336,65580
514.53420195032,68492
514.618714386852,67272
514.703226720178,64240
514.787738950542,62804
514.87225107819,61718
514.956763103367,60746
515.041275026318,60106
515.125786847287,67641
515.210298566521,69759
515.294810184265,65794
515.379321700762,63759
515.463833116259,63126
515.548344431001,62295
515.632855645233,64966
515.7173667592,65581
515.801877773147,64888
515.886388687319,67036
515.970899501962,66471
516.05541021732,63770
516.139920833639,62149
516.224431351163,61447
516.308941770138,61167
516.39345209081,61018
516.477962313423,60695
516.562472438222,63585
516.646982465452,67755
516.731492395359,72122
516.816002228188,71172
516.900511964184,66951
516.985021603591,70842
517.069531146656,77523
517.154040593623,85083
517.238549944738,81829
517.323059200245,76204
517.40756836039,72100
517.492077425417,67177
517.576586395573,64222
517.661095271101,90106
517.745604052248,96992
517.830112739258,81775
517.914621332376,79691
517.999129831848,76865
518.083638237919,70481
518.168146550834,66457
518.252654770838,63895
518.337162898176,62493
518.421670933093,61781
518.506178875835,61465
518.590686726646,60909
518.675194485772,60998
518.759702153457,64118
518.844209729948,64982
518.928717215489,63359
519.013224610325,65521
519.097731914701,66607
519.182239128863,64808
519.266746253055,63563
519.351253287523,62697
519.435760232512,61730
519.520267088267,61832
519.604773855033,61705
519.689280533056,61148
519.77378712258,61080
519.85829362385,60873
519.942800037113,64611
520.027306362612,65864
520.111812600593,63733
520.196318751301,62384
520.280824814981,61499
520.365330791879,60972
520.449836682239,61210
520.534342486307,61523
520.618848204327,61310
520.703353836546,64246
520.787859383207,65051
520.872364844557,69572
520.95687022084,88616
521.041375512301,89912
521.125880719186,77631
521.21038584174,70622
521.294890880208,79300
521.379395834834,80212
521.463900705865,75158
521.548405493545,71508
521.632910198119,67063
521.717414819833,64385
521.801919358931,62819
521.88642381566,62009
521.970928190263,65195
522.055432482986,218753
522.139936694074,259623
522.224440823773,179738
522.308944872327,131544
522.393448839982,102124
522.477952726982,88627
522.562456533574,96042
522.646960260001,92889
522.731463906509,83622
522.815967473344,80226
522.90047096075,74365
522.984974368973,68849
523.069477698257,65459
523.153980948848,63708
523.238484120991,62933
523.322987214931,62523
523.407490230914,65698
523.491993169183,69987
523.576496029985,102908
523.660998813565,109390
523.745501520167,117450
523.830004150038,113218
523.914506703421,91838
523.999009180562,79002
524.083511581707,71228
524.1680139071,66914
524.252516156987,64575
524.337018331612,63435
524.421520431221,66322
524.506022456059,66976
524.590524406371,64895
524.675026282403,83609
524.759528084398,89207
524.844029812603,78365
524.928531467263,71727
525.013033048623,84512
525.097534556927,87397
525.182035992421,77138
525.266537355351,70717
525.351038645961,67520
525.435539864496,69574
525.520041011202,69330
525.604542086324,67042
525.689043090106,73396
525.773544022794,74415
525.858044884634,73482
525.942545675869,72260
526.027046396746,68718
526.11154704751,66385
526.196047628405,65137
526.280548139677,68207
526.36504858157,68911
526.449548954331,66677
526.534049258204,65800
526.618549493434,68503
526.703049660267,68770
526.787549758947,66717
526.87204978972,68506
526.956549752831,69098
527.041049648525,67166
527.125549477046,66014
527.210049238641,82805
527.294548933555,89292
527.379048562032,80304
527.463548124317,73557
527.548047620657,70666
527.632547051295,68555
527.717046416477,67080
527.801545716449,71189
527.886044951455,72324
527.97054412174,78064
528.05504322755,78207
528.139542269129,72615
528.224041246724,71463
528.308540160578,73215
528.393039010938,72406
528.477537798047,69584
528.562036522152,70322
528.646535183498,73099
528.731033782329,74760
528.815532318891,72750
528.900030793429,69919
528.984529206188,68105
529.069027557414,67157
529.15352584735,66445
529.238024076243,65556
529.322522244338,65043
529.407020351879,65284
529.491518399112,65649
529.576016386283,65622
529.660514313635,65494
529.745012181415,65376
529.829509989866,65130
529.914007739236,65079
529.998505429768,68586
530.083003061708,69850
530.167500635301,68334
530.251998150792,67422
530.336495608426,67325
530.420993008449,70191
530.505490351105,73763
530.589987636639,76051
530.674484865298,77192
530.758982037325,75011
530.843479152966,71450
530.927976212466,69296
531.012473216071,68879
531.096970164025,117370
531.181467056574,133411
531.265963893962,107378
531.350460676435,89936
531.434957404238,80116
531.519454077616,74521
531.603950696814,73177
531.688447262078,72421
531.772943773652,70626
531.857440231782,68824
531.941936636713,67394
532.026432988689,69321
532.110929287956,69580
532.19542553476,70690
532.279921729345,70016
532.364417871956,67050
532.448913962839,65079
532.533410002239,64021
532.6179059904,63676
532.702401927568,63119
532.786897813989,62762
532.871393649906,69309
532.955889435567,74408
533.040385171214,71968
533.124880857094,95922
533.209376493452,101013
533.293872080533,84607
533.378367618582,74674
533.462863107844,90547
533.547358548564,93318
533.631853940988,82986
533.71634928536,76240
533.800844581926,80678
533.885339830931,79627
533.96983503262,72012
534.054330187238,67095
534.13882529503,67210
534.223320356242,66753
534.307815371118,64130
534.392310339903,62476
534.476805262844,61625
534.561300140184,60890
534.64579497217,67108
534.730289759045,68837
534.814784501056,68557
534.899279198448,68079
534.983773851465,65393
535.068268460352,66909
535.152763025356,75986
535.23725754672,94131
535.321752024691,93955
535.406246459513,80895
535.490740851431,72318
535.575235200691,67202
535.659729507538,64503
535.744223772216,478660
535.828717994971,596335
535.913212176048,372145
535.997706315693,239149
536.08220041415,172509
536.166694471664,131447
536.251188488481,101654
536.335682464845,84412
536.420176401003,74834
536.504670297198,69155
536.589164153677,65687
536.673657970684,64000
536.758151748464,63821
536.842645487263,63428
536.927139187325,62406
537.011632848896,64928
537.096126472221,66245
537.180620057546,68814
537.265113605114,71913
537.349607115172,69874
537.434100587964,67303
537.518594023736,65685
537.603087422733,64638
537.687580785199,64377
537.772074111381,67180
537.856567401522,78408
537.941060655869,90937
538.025553874667,88393
538.11004705816,83639
538.194540206593,90365
538.279033320213,112297
538.363526399263,158296
538.44801944399,229260
538.532512454637,315112
538.617005431451,409749
538.701498374677,504338
538.785991284559,589958
538.870484161343,652577
538.954977005273,685396
539.039469816596,683027
539.123962595556,657000
539.208455342398,620660
539.292948057368,569931
539.37744074071,513481
539.46193339267,467819
539.546426013493,430544
539.630918603424,402858
539.715411162708,376539
539.79990369159,355513
539.884396190315,338803
539.968888659129,346029
540.053381098277,343519
540.137873508003,317792
540.222365888553,291114
540.306858240173,267785
540.391350563106,244150
540.475842857599,225739
540.560335123896,202286
540.644827362243,177416
540.729319572884,156586
540.813811756066,133655
540.898303912032,112095
540.982796041028,95889
541.0672881433,84281
541.151780219092,76483
541.23627226865,70837
541.320764292218,67019
541.405256290042,65388
541.489748262367,66469
541.574240209438,70631
541.6587321315,69902
541.743224028798,69800
541.827715901578,68674
541.912207750085,65698
541.996699574563,64380
542.081191375258,63574
542.165683152415,66502
542.250174906279,66787
542.334666637096,64173
542.41915834511,63036
542.503650030566,83290
542.58814169371,92053
542.672633334787,88441
542.757124954042,82084
542.841616551719,74191
542.926108128065,73274
543.010599683325,72350
543.095091217743,70564
543.179582731564,95708
543.264074225034,102806
543.348565698398,89475
543.433057151901,82600
543.517548585789,79566
543.602040000305,84701
543.686531395696,90129
543.771022772206,88832
543.855514130081,89711
543.940005469566,93021
544.024496790906,91661
544.108988094346,95825
544.193479380131,99806
544.277970648506,97414
544.362461899717,94792
544.446953134009,97598
544.531444351626,99298
544.615935552814,100359
544.700426737818,101958
544.784917906884,101819
544.869409060255,104576
544.953900198178,105553
545.038391320898,103479
545.122882428659,101445
545.207373521708,100146
545.291864600288,99573
545.376355664645,98710
545.460846715024,128549
545.545337751671,136920
545.62982877483,120527
545.714319784747,113678
545.798810781666,112252
545.883301765834,108056
545.967792737495,106257
546.052283696893,104702
546.136774644275,104301
546.221265579886,102819
546.30575650397,99987
546.390247416772,98366
546.474738318539,96796
546.559229209514,96320
546.643720089944,96118
546.728210960073,95819
546.812701820146,98423
546.897192670409,103978
546.981683511106,104355
547.066174342483,101243
547.150665164785,101100
547.235155978257,103627
547.319646783145,102916
547.404137579692,100948
547.488628368145,99800
547.573119148749,98564
547.657609921748,97927
547.742100687388,101186
547.826591445914,101996
547.911082197572,100619
547.995572942605,100226
548.08006368126,99364
548.164554413782,98597
548.249045140415,97971
548.333535861404,98168
548.418026576996,114908
548.502517287435,119581
548.587007992966,111246
548.671498693834,106238
548.755989390285,109027
548.840480082563,112375
548.924970770915,109234
549.009461455584,105471
549.093952136815,106620
549.178442814856,105981
549.262933489949,103291
549.347424162341,109296
549.431914832276,110948
549.5164055,106783
549.600896165758,105868
549.685386829794,105025
549.769877492355,103234
549.854368153685,102768
549.938858814029,119909
550.023349473633,127533
550.107840132742,122756
550.1923307916,116601
550.276821450453,110523
550.361312109546,107414
550.445802769124,109353
550.530293429432,109190
550.614784090716,106461
550.69927475322,104819
550.78376541719,103880
550.868256082871,103232
550.952746750508,103462
551.037237420346,106540
551.12172809263,107650
551.206218767606,106248
551.290709445518,105017
551.375200126611,104294
551.459690811131,107933
551.544181499323,109068
551.628672191433,107277
551.713162887704,105969
551.797653588383,104937
551.882144293714,104389
551.966635003943,104429
552.051125719314,108188
552.135616440073,114880
552.220107166465,114611
552.304597898735,113023
552.389088637129,111530
552.473579381891,129063
552.558070133266,133337
552.6425608915,122195
552.727051656838,115757
552.811542429524,136051
552.896033209805,140375
552.980523997925,129670
553.065014794129,122189
553.149505598662,115775
553.23399641177,112194
553.318487233698,113404
553.402978064691,126441
553.487468904993,138185
553.571959754851,132873
553.656450614509,122240
553.740941484213,115713
553.825432364206,118544
553.909923254736,118721
553.994414156046,120525
554.078905068382,119490
554.16339599199,114729
554.247886927113,112310
554.332377873998,132522
554.416868832889,137562
554.501359804032,125532
554.585850787671,118657
554.670341784053,114503
554.754832793421,112095
554.839323816021,110756
554.923814852099,109893
555.008305901899,109789
555.092796965667,116543
555.177288043647,117962
555.261779136085,138738
555.346270243226,143665
555.430761365315,132935
555.515252502597,128155
555.599743655318,122847
555.684234823722,117598
555.768726008055,118057
555.853217208561,119986
555.937708425486,117355
556.022199659075,136521
556.106690909574,140906
556.191182177226,131473
556.275673462278,124536
556.360164764975,121243
556.444656085561,123206
556.529147424282,121037
556.613638781383,117289
556.698130157109,115098
556.782621551706,116713
556.867112965417,116594
556.951604398489,119598
557.036095851167,126163
557.120587323695,124027
557.20507881632,118379
557.289570329285,114934
557.374061862836,116279
557.458553417219,117299
557.543044992678,118090
557.627536589459,117320
557.712028207806,118281
557.796519847966,117806
557.881011510182,121584
557.9655031947,125245
558.049994901765,121719
558.134486631623,116881
558.218978384519,113908
558.303470160697,115719
558.387961960402,116204
558.472453783881,116300
558.556945631378,117244
558.641437503137,144081
558.725929399405,159587
558.810421320427,146475
558.894913266447,132072
558.97940523771,124210
559.063897234463,122649
559.14838925695,124204
559.232881305415,121815
559.317373380105,117772
559.401865481264,119142
559.486357609138,118953
559.570849763971,116088
559.65534194601,114983
559.739834155498,117675
559.824326392681,117842
559.908818657804,118837
559.993310951113,118374
560.077803272852,115732
560.162295623266,114423
560.246788002602,113722
560.331280411103,116689
560.415772849015,120689
560.500265316583,123491
560.584757814052,128083
560.669250341668,125816
560.753742899676,119981
560.83823548832,120301
560.922728107845,119420
561.007220758498,116555
561.091713440523,115260
561.176206154165,114481
561.260698899669,114611
561.345191677281,114614
561.429684487245,114555
561.514177329807,114887
561.598670205212,115479
561.683163113705,117067
561.767656055531,118144
561.852149030935,122074
561.936642040163,127192
562.021135083459,126943
562.105628161069,125167
562.190121273237,128303
562.27461442021,129053
562.359107602232,138076
562.443600819547,139922
562.528094072403,136772
562.612587361042,142151
562.697080685712,143260
562.781574046656,139907
562.866067444119,152125
562.950560878348,151455
563.035054349587,138201
563.119547858082,133684
563.204041404076,130295
563.288534987816,126754
563.373028609547,123689
563.457522269514,121036
563.542015967961,119462
563.626509705135,121322
563.71100348128,124448
563.795497296641,123056
563.879991151464,119768
563.964485045993,117728
564.048978980475,116500
564.133472955153,116445
564.217966970273,116143
564.30246102608,118923
564.386955122819,122346
564.471449260736,123974
564.555943440075,121870
564.640437661083,118197
564.724931924002,186650
564.80942622908,208834
564.893920576561,171235
564.97841496669,149857
565.062909399713,137113
565.147403875874,137476
565.231898395419,134377
565.316392958592,125496
565.400887565639,120213
565.485382216806,117471
565.569876912336,115593
565.654371652476,114343
565.73886643747,116511
565.823361267564,117693
565.907856143003,135732
565.992351064031,140262
566.076846030894,129609
566.161341043838,122951
566.245836103106,118648
566.330331208945,116430
566.4148263616,115331
566.499321561315,117661
566.583816808336,118171
566.668312102908,119536
566.752807445276,118857
566.837302835685,117741
566.92179827438,118562
567.006293761607,117703
567.090789297611,116032
567.175284882636,118929
567.259780516928,119541
567.344276200732,116768
567.428771934293,115157
567.513267717856,117546
567.597763551667,117808
567.68225943597,115512
567.766755371011,133975
567.851251357034,139054
567.935747394286,128130
568.020243483011,128160
568.104739623454,125850
568.18923581586,141987
568.273732060474,144886
568.358228357543,131056
568.442724707309,123281
568.52722111002,118916
568.61171756592,116207
568.696214075254,115160
568.780710638267,114194
568.865207255205,113480
568.949703926312,113713
569.034200651834,116817
569.118697432015,117211
569.203194267102,115183
569.287691157338,117117
569.37218810297,122431
569.456685104242,131644
569.5411821614,131224
569.625679274688,124385
569.710176444352,122998
569.794673670637,120719
569.879170953788,116941
569.96366829405,118044
570.048165691668,124485
570.132663146887,123747
570.217160659954,125544
570.301658231112,124799
570.386155860606,119929
570.470653548683,117083
570.555151295587,115317
570.639649101562,113896
570.724146966856,113041
570.808644891712,115902
570.893142876375,120690
570.977640921091,121010
571.062139026105,120211
571.146637191662,136342
571.231135418007,138638
571.315633705386,127061
571.400132054043,123784
571.484630464223,124479
571.569128936172,121163
571.653627470135,116541
571.738126066357,120838
571.822624725083,125182
571.907123446559,121892
571.991622231028,123940
572.076121078737,128790
572.160619989931,126045
572.245118964855,123031
572.329618003753,120320
572.414117106872,120612
572.498616274455,125045
572.583115506749,122567
572.667614803999,116690
572.752114166448,113576
572.836613594344,112017
572.921113087931,111284
573.005612647453,110453
573.090112273157,109986
573.174611965286,112936
573.259111724088,119583
573.343611549805,127024
573.428111442685,149823
573.512611402971,153531
573.597111430909,179468
573.681611526744,182412
573.766111690721,163140
573.850611923086,146641
573.935112224083,130639
574.019612593957,121458
574.104113032955,116988
574.18861354132,117663
574.273114119298,116825
574.357614767134,117265
574.442115485074,116270
574.526616273362,159050
574.611117132243,170333
574.695618061963,160448
574.780119062767,152590
574.8646201349,136796
574.949121278607,128990
575.033622494133,125997
575.118123781723,124482
575.202625141623,120019
575.287126574078,114616
575.371628079332,112477
575.456129657631,111819
575.54063130922,111375
575.625133034344,114339
575.709634833249,120020
575.794136706179,119072
575.878638653379,114974
575.963140675095,112137
576.047642771572,110140
576.132144943055,109286
576.216647189789,113323
576.301149512019,114460
576.38565190999,111645
576.470154383948,109647
576.554656934138,109265
576.639159560804,113087
576.723662264192,114050
576.808165044547,141440
576.892667902114,150895
576.977170837139,134782
577.061673849866,122821
577.146176940541,116032
577.230680109408,112689
577.315183356713,111061
577.399686682701,112985
577.484190087617,135563
577.568693571706,139284
577.653197135214,125514
577.737700778385,121147
577.822204501465,117868
577.906708304698,113169
577.991212188331,142523
578.075716152607,149677
578.160220197773,135032
578.244724324073,125824
578.329228531752,124552
578.413732821056,125105
578.49823719223,119733
578.582741645518,114252
578.667246181166,114061
578.75175079942,113213
578.836255500524,113804
578.920760284723,120674
579.005265152262,120176
579.089770103388,114646
579.174275138344,111212
579.258780257375,108981
579.343285460728,107535
579.427790748647,107254
579.512296121378,106902
579.596801579165,106225
579.681307122253,107063
579.765812750888,107260
579.850318465315,106558
579.934824265779,106343
580.019330152525,106034
580.103836125799,123560
580.188342185844,128671
580.272848332908,122257
580.357354567233,117657
580.441860889067,112378
580.526367298654,109222
580.610873796238,113986
580.695380382066,114848
580.779887056382,110990
580.864393819432,113273
580.94890067146,113563
581.033407612712,110161
581.117914643433,108026
581.202421763867,107253
581.286928974261,106526
581.371436274859,108831
581.455943665907,109647
581.540451147649,111195
581.62495872033,110584
581.709466384197,107709
581.793974139493,106422
581.878481986465,112142
581.962989925357,113247
582.047497956414,115946
582.132006079881,118636
582.216514296004,114463
582.301022605028,110092
582.385531007198,116896
582.470039502758,118132
582.554548091955,112598
582.639056775033,109465
582.723565552238,106982
582.808074423814,105789
582.892583390007,105279
582.977092451061,111505
583.061601607223,113107
583.146110858736,110797
583.230620205847,110711
583.3151296488,108866
583.399639187841,109554
583.484148823214,109030
583.568658555165,106514
583.653168383939,104927
583.73767830978,110395
583.822188332935,111931
583.906698453649,111142
583.991208672165,109770
584.075718988731,106870
584.16022940359,108164
584.244739916987,107702
584.329250529169,105215
584.41376124038,103906
584.498272050865,103379
584.58278296087,103265
584.667293970638,111843
584.751805080417,120446
584.83631629045,117629
584.920827600983,111516
585.005339012262,108022
585.08985052453,109067
585.174362138034,111377
585.258873853018,112652
585.343385669727,110431
585.427897588408,106846
585.512409609304,104453
585.596921732661,103171
585.681433958724,104710
585.765946287739,104777
585.85045871995,106731
585.934971255602,110669
586.019483894941,116419
586.103996638212,118356
586.18850948566,113434
586.27302243753,109086
586.357535494067,106173
586.442048655516,127022
586.526561922122,151335
586.611075294132,143791
586.695588771789,126182
586.780102355339,115918
586.864616045027,113130
586.949129841097,110115
587.033643743797,105865
587.118157753369,103513
587.20267187006,102313
587.287186094115,101548
587.371700425779,101163
587.456214865296,100904
587.540729412912,100776
587.625244068873,100762
587.709758833423,103866
587.794273706808,104951
587.878788689272,103677
587.963303781061,102537
588.047818982419,101901
588.132334293593,104227
588.216849714827,108380
588.301365246366,107631
588.385880888455,104713
588.47039664134,102350
588.554912505266,101026
588.639428480477,104073
588.72394456722,109396
588.808460765738,115588
588.892977076278,113766
588.977493499084,107783
589.062010034401,104276
589.146526682475,102315
589.231043443551,101131
589.315560317874,100024
589.400077305689,99380
589.48459440724,99366
589.569111622774,102421
589.653628952536,108023
589.73814639677,107639
589.822663955722,104030
589.907181629636,187454
589.991699418759,217072
590.076217323334,179201
590.160735343608,149975
590.245253479825,128126
590.329771732231,115281
590.41429010107,138569
590.498808586588,143229
590.58332718903,124889
590.667845908641,116634
590.752364745666,110884
590.83688370035,105674
590.921402772939,105805
591.005921963678,111335
591.090441272811,110291
591.174960700584,108237
591.259480247241,109035
591.343999913029,109691
591.428519698192,107221
591.513039602976,103496
591.597559627625,101646
591.682079772385,100695
591.7666000375,99665
591.851120423216,99333
591.935640929779,99249
592.020161557432,100761
592.104682306422,100886
592.189203176993,99506
592.273724169391,98712
592.35824528386,98264
592.442766520647,98049
592.527287879995,101497
592.611809362151,102888
592.696330967358,127240
592.780852695863,132873
592.865374547911,118177
592.949896523746,109984
593.034418623614,105387
593.11894084776,137564
593.203463196429,145343
593.287985669866,125644
593.372508268317,113991
593.457030992026,107332
593.541553841238,103188
593.626076816199,101591
593.710599917154,100440
593.795123144348,99408
593.879646498027,98679
593.964169978434,104672
594.048693585816,106747
594.133217320417,103122
594.217741182483,103876
594.302265172259,103384
594.38678928999,104079
594.47131353592,103476
594.555837910296,103832
594.640362413363,102799
594.724887045364,119990
594.809411806547,124335
594.893936697155,112966
594.978461717434,112437
595.062986867629,110099
595.147512147985,104989
595.232037558747,108271
595.316563100161,114320
595.401088772471,112580
595.485614575923,107237
595.570140510762,103405
595.654666577233,101026
595.73919277558,102853
595.82371910605,104040
595.908245568888,102404
595.992772164338,106737
596.077298892645,114076
596.161825754055,111520
596.246352748813,105297
596.330879877164,102160
596.415407139353,114056
596.499934535626,116692
596.584462066227,109692
596.668989731401,108537
596.753517531394,109502
596.838045466451,109796
596.922573536817,106541
597.007101742737,102459
597.091630084456,129405
597.17615856222,150832
597.260687176273,139780
597.345215926861,125691
597.429744814228,122128
597.51427383862,115617
597.598803000283,107134
597.68333229946,108863
597.767861736398,108035
597.852391311341,109318
597.936921024535,108449
598.021450876224,106964
598.105980866655,108151
598.190510996071,105061
598.275041264718,104087
598.359571672842,105848
598.444102220687,108190
598.528632908498,105812
598.613163736522,104486
598.697694705001,110297
598.782225814183,111604
598.866757064312,109592
598.951288455633,105827
599.035819988391,104453
599.120351662832,106131
599.2048834792,104020
599.289415437741,100147
599.3739475387,98542
599.458479782322,101597
599.543012168852,105127
599.627544698535,106288
599.712077371617,103724
599.796610188342,100294
599.881143148956,102078
599.965676253703,105123
600.05020950283,103597
600.13474289658,100205
600.2192764352,98132
600.303810118934,100398
600.388343948028,100376
600.472877922726,98214
600.557412043273,100422
600.641946309916,100599
600.726480722899,98651
600.811015282466,97873
600.895549988864,97043
600.980084842338,96270
601.064619843132,98515
601.149154991491,98957
601.233690287662,100904
601.318225731888,101099
601.402761324415,98626
601.487297065489,100265
601.571832955354,100528
601.656368994255,101769
601.740905182438,101108
601.825441520148,98347
601.90997800763,101187
601.994514645128,104647
602.079051432889,105426
602.163588371157,103181
602.248125460177,102687
602.332662700195,101951
602.417200091456,102667
602.501737634204,101587
602.586275328686,98571
602.670813175145,96795
602.755351173828,105350
602.839889324979,107740
602.924427628843,105551
603.008966085667,106038
603.093504695693,103357
603.178043459169,99604
603.262582376339,101199
603.347121447448,103476
603.431660672741,102515
603.516200052464,99514
603.600739586861,96874
603.685279276178,95699
603.769819120659,96155
603.854359120551,95807
603.938899276098,99004
604.023439587545,103099
604.107980055137,101951
604.19252067912,101575
604.277061459738,100507
604.361602397237,97856
604.446143491862,96336
604.530684743859,110421
604.615226153471,124937
604.699767720944,122649
604.784309446525,113199
604.868851330456,108407
604.953393372984,111356
605.037935574354,115275
605.122477934812,110799
605.207020454601,125776
605.291563133967,127881
605.376105973156,114841
605.460648972412,106927
605.545192131981,101298
605.629735452108,98244
605.714278933038,96453
605.798822575015,102358
605.883366378286,103952
605.967910343095,99780
606.052454469688,96655
606.136998758309,95411
606.221543209204,98593
606.306087822618,99524
606.390632598795,97134
606.475177537982,98897
606.559722640423,102375
606.644267906364,103770
606.728813336049,104513
606.813358929724,101777
606.897904687633,97912
606.982450610022,95728
607.066996697137,94392
607.151542949221,96828
607.236089366521,100775
607.320635949282,99858
607.405182697748,96929
607.489729612165,99122
607.574276692777,99440
607.658823939831,96865
607.74337135357,98502
607.827918934241,101444
607.912466682089,99936
607.997014597358,96850
608.081562680293,105644
608.16611093114,107323
608.250659350145,104576
608.335207937551,104678
608.419756693605,103979
608.504305618551,100847
608.588854712634,100785
608.6734039761,99572
608.757953409194,106748
608.84250301216,112012
608.927052785245,106482
609.011602728693,100994
609.096152842749,97725
609.180703127658,95259
609.265253583666,93854
609.349804211018,93871
609.434355009958,96921
609.518905980733,97167
609.603457123586,101693
609.688008438764,134465
609.772559926511,139187
609.857111587073,119585
609.941663420694,108019
610.02621542762,101500
610.110767608096,101461
610.195319962366,100182
610.279872490677,96715
610.364425193274,94630
610.4489780704,93831
610.533531122303,93553
610.618084349226,94020
610.702637751414,97479
610.787191329114,100776
610.87174508257,99121
610.956299012027,102512
611.04085311773,102674
611.125407399925,98521
611.209961858857,95753
611.29451649477,117985
611.37907130791,131339
611.463626298523,120436
611.548181466852,111449
611.632736813144,111703
611.717292337643,108750
611.801848040595,102278
611.886403922244,98386
611.970959982837,99273
612.055516222617,100764
612.14007264183,102399
612.224629240722,103968
612.309186019537,102345
612.39374297852,112639
612.478300117917,114982
612.562857437973,122896
612.647414938933,124798
612.731972621042,112944
612.816530484545,103509
612.901088529688,115328
612.985646756714,116794
613.070205165871,109134
613.154763757402,103948
613.239322531553,98570
613.323881488569,98763
613.408440628695,97794
613.492999952176,94828
613.577559459258,96915
613.662119150185,100040
613.746679025203,98002
613.831239084557,94636
613.915799328492,96315
614.000359757252,96592
614.084920371084,94367
614.169481170232,93018
614.254042154942,93106
614.338603325458,92610
614.423164682026,95242
614.507726224891,99033
614.592287954298,97598
614.676849870492,112531
614.761411973718,115654
614.845974264222,104423
614.930536742248,98461
615.015099408042,98926
615.099662261849,97783
615.184225303914,94524
615.268788534481,95835
615.353351953797,95318
615.437915562106,99423
615.522479359654,100625
615.607043346685,96443
615.691607523446,110015
615.776171890179,113114
615.860736447132,103345
615.94530119455,97680
616.029866132676,97669
616.114431261757,96709
616.198996582037,97318
616.283562093762,99339
616.368127797177,100563
616.452693692527,97884
616.537259780057,93925
616.621826060012,95389
616.706392532638,98576
616.790959198179,97230
616.87552605688,93720
616.960093108988,113405
617.044660354746,118691
617.1292277944,115434
617.213795428195,119018
617.298363256377,112580
617.38293127919,102477
617.46749949688,96230
617.552067909691,92816
617.63663651787,90819
617.72120532166,466700
617.805774321307,578186
617.890343517057,376679
617.974912909154,253566
618.059482497843,182624
618.14405228337,142500
618.22862226598,119419
618.313192445918,105647
618.397762823429,112215
618.482333398757,115690
618.56690417215,106983
618.65147514385,102737
618.736046314105,99303
618.820617683158,95036
618.905189251254,92514
618.98976101864,91650
619.07433298556,90601
619.158905152259,94553
619.243477518983,117369
619.328050085976,120094
619.412622853484,109769
619.497195821751,106001
619.581768991023,108190
619.666342361546,104620
619.750915933564,97312
619.835489707321,93148
619.920063683065,97608
620.004637861039,101208
620.089212241489,97326
620.173786824659,92837
620.258361610796,91961
620.342936600144,91168
620.427511792947,90177
620.512087189453,95724
620.596662789905,123607
620.681238594548,136824
620.765814603629,123166
620.850390817391,108348
620.93496723608,102570
621.019543859942,104894
621.104120689221,102406
621.188697724162,98185
621.273274965011,94282
621.357852412012,90544
621.442430065412,90317
621.527007925454,89483
621.611585992385,90937
621.696164266449,92132
621.780742747892,90074
621.865321436958,88216
621.949900333892,87593
622.03447943894,90744
622.119058752348,91401
622.203638274359,89114
622.28821800522,91625
622.372797945175,92457
622.457378094469,90853
622.541958453348,89034
622.626539022057,89247
622.711119800841,89394
622.795700789945,88407
622.880281989613,100418
622.964863400093,103267
623.049445021627,96080
623.134026854462,92058
623.218608898843,89036
623.303191155015,91314
623.387773623222,92519
623.472356303711,94038
623.556939196726,96121
623.641522302512,93668
623.726105621315,89799
623.810689153379,91036
623.89527289895,91172
623.979856858273,91982
624.064441031593,97079
624.149025419156,99471
624.233610021205,102201
624.318194837987,102364
624.402779869747,100316
624.487365116729,102008
624.571950579179,102069
624.656536257342,96752
624.741122151463,91166
624.825708261788,90634
624.91029458856,96701
624.994881132027,96115
625.079467892432,93909
625.16405487002,91828
625.248642065038,88932
625.33322947773,121417
625.41781710834,133035
625.502404957115,256971
625.5869930243,287640
625.671581310139,204567
625.756169814878,599718
625.840758538762,696573
625.925347482035,438892
626.009936644944,297098
626.094526027733,212616
626.179115630648,157382
626.263705453933,126670
626.348295497833,111810
626.432885762595,101869
626.517476248462,94113
626.60206695568,103573
626.686657884495,104815
626.771249035151,95647
626.855840407893,97056
626.940432002967,96038
627.025023820618,95434
627.10961586109,109262
627.19420812463,108910
627.278800611482,108296
627.363393321891,106971
627.447986256102,132884
627.532579414361,136094
627.617172796912,113961
627.701766404002,100202
627.786360235874,92413
627.870954292774,92079
627.955548574948,90422
628.04014308264,100902
628.124737816095,102868
628.209332775559,97181
628.293927961276,92866
628.378523373493,88012
628.463119012454,85186
628.547714878403,83822
628.632310971587,87078
628.716907292251,90644
628.801503840639,92354
628.886100616996,90075
628.970697621569,86004
629.055294854601,84045
629.139892316339,86676
629.224490007026,89918
629.309087926909,88385
629.393686076233,88295
629.478284455242,87121
629.562883064182,84076
629.647481903298,82394
629.732080972835,81892
629.816680273037,84344
629.901279804152,84487
629.985879566422,86152
630.070479560095,89651
630.155079785414,90633
630.239680242624,87956
630.324280931972,84511
630.408881853702,90627
630.493483008059,94022
630.578084395288,89708
630.662686015635,85457
630.747287869345,88759
630.831889956662,89178
630.916492277832,85349
631.001094833101,82913
631.085697622712,81602
631.170300646912,84313
631.254903905945,84856
631.339507400056,89197
631.424111129492,92020
631.508715094496,95494
631.593319295314,104659
631.677923732192,104405
631.762528405373,98174
631.847133315104,94130
631.93173846163,89117
632.016343845195,87714
632.100949466045,85815
632.185555324425,82604
632.270161420579,80834
632.354767754754,80170
632.439374327195,82052
632.523981138146,81900
632.608588187852,79697
632.693195476559,80425
632.777803004512,80892
632.862410771956,80675
632.947018779136,80888
633.031627026297,81403
633.116235513685,83922
633.200844241544,89923
633.28545321012,89223
633.370062419658,84099
633.454671870403,81421
633.539281562599,79838
633.623891496493,79101
633.708501672329,78672
633.793112090353,80895
633.877722750809,81108
633.962333653943,79576
634.0469448,78650
634.131556189225,77918
634.216167821863,80492
634.300779698159,81146
634.385391818359,79223
634.470004182707,78448
634.554616791449,77541
634.639229644829,79916
634.723842743094,97072
634.808456086488,103078
634.893069675256,94205
634.977683509643,89828
635.062297589895,89711
635.146911916256,89409
635.231526488972,85876
635.316141308288,328441
635.400756374449,395133
635.4853716877,267594
635.569987248286,193141
635.654603056453,144874
635.739219112446,116084
635.823835416509,100141
635.908451968888,96239
635.993068769827,112253
636.077685819573,110922
636.16230311837,117661
636.246920666464,114654
636.331538464099,217759
636.41615651152,241362
636.500774808974,171374
636.585393356704,129994
636.670012154956,130494
636.754631203976,127162
636.839250504007,107255
636.923870055296,93242
637.008489858088,87686
637.093109912628,84285
637.17773021916,80360
637.26235077793,77743
637.346971589183,85869
637.431592653165,91654
637.51621397012,86976
637.600835540293,83432
637.68545736393,83127
637.770079441276,83863
637.854701772576,81516
637.939324358074,78197
638.023947198017,76227
