464.9839,24044
465.068515076491,23320
465.153129906126,23388
465.237744489151,23431
465.322358825812,23457
465.406972916352,23464
465.491586761018,23216
465.576200360054,23259
465.660813713705,23370
465.745426822218,23612
465.830039685836,24017
465.914652304805,23985
465.99926467937,23895
466.083876809776,24044
466.168488696269,23891
466.253100339093,198246
466.337711738494,248142
466.422322894716,156039
466.506933808006,101046
466.591544478607,69307
466.676154906766,51098
466.760765092726,40830
466.845375036735,38896
466.929984739036,37246
467.014594199874,34176
467.099203419495,32014
467.183812398145,30183
467.268421136067,29041
467.353029633508,64384
467.437637890711,76831
467.522245907924,62389
467.60685368539,50346
467.691461223355,40380
467.776068522063,35582
467.860675581761,32573
467.945282402693,36451
468.029888985104,44375
468.11449532924,42734
468.199101435345,40241
468.283707303665,37297
468.368312934445,32936
468.45291832793,34600
468.537523484364,38067
468.622128403994,66023
468.706733087065,78830
468.791337533821,63175
468.875941744507,47846
468.96054571937,39682
469.045149458653,35288
469.129752962602,32466
469.214356231462,30237
469.298959265479,28994
469.383562064897,28700
469.468164629962,28454
469.552766960919,32155
469.637369058012,37521
469.721970921487,36247
469.80657255159,33322
469.891173948565,35641
469.975775112657,34753
470.060376044111,30985
470.144976743173,29271
470.229577210088,32580
470.314177445101,33240
470.398777448457,35317
470.483377220402,63774
470.567976761179,72657
470.652576071035,59152
470.737175150215,47536
470.821773998963,39295
470.906372617525,38261
470.990971006146,36182
471.075569165072,73475
471.160167094546,83401
471.244764794815,65300
471.329362266123,52653
471.413959508717,46292
471.498556522839,49171
471.583153308737,49923
471.667749866655,46166
471.752346196838,44859
471.836942299532,44784
471.921538174981,49495
472.00613382343,46882
472.090729245126,38969
472.175324440312,33928
472.259919409234,35077
472.344514152137,34167
472.429108669267,30805
472.513702960868,30381
472.598297027185,32709
472.682890868465,32767
472.767484484951,30258
472.852077876889,28319
472.936671044524,31598
473.021263988101,32750
473.105856707865,31230
473.190449204062,37336
473.275041476937,56944
473.359633526735,65575
473.4442253537,54880
473.528816958078,46978
473.613408340115,45317
473.697999500055,40507
473.782590438143,35246
473.867181154625,32776
473.951771649745,36028
474.03636192375,35845
474.120951976883,32952
474.20554180939,31360
474.290131421517,30071
474.374720813508,33830
474.459309985608,34255
474.543898938063,31403
474.628487671118,29889
474.713076185018,28834
474.797664480008,33010
474.882252556332,70990
474.966840414238,82201
475.051428053968,103752
475.13601547577,100798
475.220602679887,69825
475.305189666564,51244
475.389776436048,40814
475.474362988583,35080
475.558949324414,31484
475.643535443787,29827
475.728121346946,29095
475.812707034136,28113
475.897292505604,56738
475.981877761593,70695
476.066462802349,60581
476.151047628118,52612
476.235632239144,44274
476.320216635672,36973
476.404800817948,37058
476.489384786216,36418
476.573968540723,38408
476.658552081712,62753
476.74313540943,66289
476.827718524121,51183
476.91230142603,41146
476.996884115403,39109
477.081466592484,37010
477.166048857519,32875
477.250630910753,34872
477.335212752432,34821
477.419794382799,31977
477.504375802101,34009
477.588957010582,34622
477.673538008487,31897
477.758118796063,84724
477.842699373553,98912
477.927279741204,68926
478.011859899259,50767
478.096439847965,40331
478.181019587566,35577
478.265599118308,33278
478.350178440435,31027
478.434757554193,29642
478.519336459827,44125
478.603915157582,47710
478.688493647704,38993
478.773071930436,110759
478.857650006026,129504
478.942227874716,87925
479.026805536754,78315
479.111382992383,70578
479.19596024185,58009
479.280537285398,47500
479.365114123274,38560
479.449690755722,33263
479.534267182988,30109
479.618843405317,28137
479.703419422953,31671
479.787995236142,37910
479.87257084513,37010
479.95714625016,33223
480.041721451479,30564
480.126296449331,29340
480.210871243962,32324
480.295445835617,32924
480.380020224541,34550
480.464594410979,34059
480.549168395175,35438
480.633742177377,35082
480.718315757827,31716
480.802889136772,29622
480.887462314457,28529
480.972035291127,27745
481.056608067026,32307
481.141180642401,48779
481.225753017496,49975
481.310325192556,39950
481.394897167827,37962
481.479468943554,36151
481.564040519981,32760
481.648611897354,30715
481.733183075918,29111
481.817754055918,32336
481.9023248376,32874
481.986895421208,34149
482.071465806988,76227
482.156035995184,85486
482.240605986042,64869
482.325175779807,51302
482.409745376725,41293
482.494314777039,35389
482.578883980996,31881
482.663452988841,29984
482.748021800818,28558
482.832590417173,28038
482.91715883815,32744
483.001727063996,37559
483.086295094955,35909
483.170862931273,32495
483.255430573193,31459
483.339998020963,34625
483.424565274826,35016
483.509132335028,32209
483.593699201814,30168
483.678265875429,32697
483.762832356118,32905
483.847398644127,29963
483.9319647397,32359
484.016530643083,46918
484.101096354521,49022
484.185661874258,41194
484.270227202541,35623
484.354792339614,31970
484.439357285722,30299
484.523922041111,33281
484.608486606025,37603
484.69305098071,36136
484.777615165411,34770
484.862179160373,37426
484.946742965841,35674
485.03130658206,35395
485.115870009276,38818
485.200433247733,37314
485.284996297677,33513
485.369559159353,62830
485.454121833005,74192
485.53868431888,57254
485.623246617222,46179
485.707808728276,39417
485.792370652288,34090
485.876932389502,34815
485.961493940164,34158
486.046055304519,31099
486.130616482813,30545
486.215177475289,30371
486.299738282193,38061
486.384298903771,39981
486.468859340268,34552
486.553419591928,30641
486.637979658997,29519
486.722539541719,28927
486.807099240341,31676
486.891658755108,32328
486.976218086263,29773
487.060777234053,28584
487.145336198723,28079
487.229894980517,27357
487.314453579682,27669
487.399011996461,27743
487.483570231101,27309
487.568128283845,27155
487.652686154941,26744
487.737243844632,26815
487.821801353163,31995
487.906358680781,33214
487.990915827729,30430
488.075472794253,29265
488.160029580599,34398
488.244586187011,35692
488.329142613735,32621
488.413698861015,38793
488.498254929097,39757
488.582810818225,39129
488.667366528646,38668
488.751922060605,34626
488.836477414345,33086
488.921032590113,32532
489.005587588153,33332
489.090142408711,67802
489.174697052032,79713
489.259251518361,64776
489.343805807943,51452
489.428359921024,40981
489.512913857847,34928
489.597467618659,32036
489.682021203705,45303
489.76657461323,48187
489.851127847479,38713
489.935680906696,35437
490.020233791128,33322
490.104786501019,30223
490.189339036615,32922
490.27389139816,33628
490.3584435859,30768
490.44299560008,28885
490.527547440945,27684
490.612099108739,26832
490.69665060371,26468
490.7812019261,27002
490.865753076156,31381
490.950304054123,32756
491.034854860246,30823
491.119405494769,29415
491.203955957939,28535
491.288506249999,28456
491.373056371197,27719
491.457606321775,31728
491.54215610198,34249
491.626705712057,31747
491.711255152251,29224
491.795804422807,27896
491.88035352397,27374
491.964902455985,27574
492.049451219098,32201
492.133999813553,32880
492.218548239596,29998
492.303096497471,32303
492.387644587425,35758
492.472192509702,38220
492.556740264546,46556
492.641287852205,45145
492.725835272921,36819
492.810382526942,33747
492.894929614511,45280
492.979476535874,47185
493.064023291276,39129
493.148569880962,37006
493.233116305178,34755
493.317662564167,31009
493.402208658177,30171
493.486754587451,29335
493.571300352235,28038
493.655845952774,27264
493.740391389313,31508
493.824936662097,32422
493.909481771372,33194
493.994026717382,32464
494.078571500372,29775
494.163116120589,28839
494.247660578276,28130
494.33220487368,63339
494.416749007044,73185
494.501292978615,54307
494.585836788637,42604
494.670380437356,35978
494.754923925017,32799
494.839467251864,35110
494.924010418144,34762
495.0085534241,31582
495.093096269979,49157
495.177638956025,53154
495.262181482484,46120
495.3467238496,44292
495.431266057619,38939
495.515808106786,38245
495.600349997346,36594
495.684891729544,32358
495.769433303626,31818
495.853974719836,30751
495.938515978419,28650
496.023057079622,27621
496.107598023688,27374
496.192138810863,31330
496.276679441392,32028
496.361219915521,32009
496.445760233493,69561
496.530300395556,78583
496.614840401953,57365
496.69938025293,51058
496.783919948731,45448
496.868459489603,41868
496.95299887579,38587
497.037538107538,42810
497.12207718509,42169
497.206616108694,39643
497.291154878593,37275
497.375693495033,33570
497.460231958259,30817
497.544770268516,29253
497.629308426049,28772
497.713846431104,27900
497.798384283926,31195
497.882921984759,31962
497.967459533848,29984
498.05199693144,33208
498.136534177779,38556
498.22107127311,37273
498.305608217678,32884
498.390145011729,30235
498.474681655507,28491
498.559218149259,28049
498.643754493228,28401
498.72829068766,27815
498.8128267328,26928
498.897362628894,26858
498.981898376185,27041
499.066433974921,27359
499.150969425345,31833
499.235504727703,50650
499.32003988224,52864
499.404574889201,45791
499.489109748831,41232
499.573644461376,35492
499.65817902708,31586
499.742713446188,29658
499.827247718947,28605
499.9117818456,28044
499.996315826393,27317
500.080849661572,26938
500.165383351381,27187
500.249916896065,27063
500.33445029587,27467
500.41898355104,50329
500.503516661822,56555
500.588049628459,44099
500.672582451197,37463
500.757115130282,33538
500.841647665958,30830
500.92618005847,29066
501.010712308064,59180
501.095244414985,71112
501.179776379478,59113
501.264308201788,48074
501.34883988216,43620
501.433371420839,39469
501.517902818071,33249
501.6024340741,35291
501.686965189172,38305
501.771496163532,35536
501.856026997425,31396
501.940557691096,29157
502.02508824479,27917
502.109618658753,32140
502.194148933229,33079
502.278679068464,30083
502.363209064702,28947
502.44773892219,28098
502.532268641171,31536
502.616798221892,32596
502.701327664597,30721
502.785856969531,29302
502.87038613694,32083
502.954915167069,36494
503.039444060163,35039
503.123972816466,31467
503.208501436225,33960
503.293029919684,34965
503.377558267088,36464
503.462086478683,39920
503.546614554714,42552
503.631142495425,39280
503.715670301062,33562
503.800197971871,30208
503.884725508095,28613
503.969252909981,31730
504.053780177773,36643
504.138307311717,35747
504.222834312058,36250
504.307361179041,35870
504.39188791291,36984
504.476414513912,38038
504.560940982291,54565
504.645467318292,56543
504.729993522161,43692
504.814519594143,40164
504.899045534482,39963
504.983571343424,42658
505.068097021215,44312
505.152622568098,43333
505.23714798432,56162
505.321673270126,55735
505.40619842576,43756
505.490723451468,36703
505.575248347494,36190
505.659773114085,34391
505.744297751485,65073
505.828822259939,77065
505.913346639693,58818
505.997870890991,45131
506.082395014079,37114
506.166919009201,32822
506.251442876604,30160
506.335966616531,32547
506.420490229229,32863
506.505013714942,30634
506.589537073916,29624
506.674060306396,32585
506.758583412626,33935
506.843106392852,31704
506.927629247319,29801
507.012151976272,28400
507.096674579957,31739
507.181197058618,33629
507.2657194125,31595
507.350241641849,64317
507.43476374691,77266
507.519285727928,59380
507.603807585148,45369
507.688329318816,37903
507.772850929175,37439
507.857372416473,39838
507.941893780953,37349
508.02641502286,33318
508.110936142441,30550
508.195457139939,32587
508.279978015601,32397
508.364498769671,30726
508.449019402395,29434
508.533539914017,28111
508.618060304783,31180
508.702580574937,31831
508.787100724726,29907
508.871620754394,30669
508.956140664186,48305
509.040660454347,57663
509.125180125123,67244
509.209699676758,63262
509.294219109499,71594
509.378738423589,69051
509.463257619274,55511
509.5477766968,46237
509.632295656411,37580
509.716814498352,32586
509.801333222869,29743
509.885851830207,28435
509.97037032061,28095
510.054888694324,27556
510.139406951595,31944
510.223925092667,33094
510.308443117785,30498
510.392961027195,29622
510.477478821141,33168
510.56199649987,37600
510.646514063625,40509
510.731031512652,42480
510.815548847197,38936
510.900066067503,34650
510.984583173818,31648
511.069100166384,33311
511.153617045449,32896
511.238133811256,34405
511.322650464052,34260
511.407167004081,30982
511.491683431587,37729
511.576199746818,39013
511.660715950017,37736
511.745232041429,35905
511.829748021301,32214
511.914263889876,30429
511.9987796474,30664
512.083295294119,30021
512.167810830277,29260
512.252326256119,32211
512.336841571891,36002
512.421356777838,52985
512.505871874205,55149
512.590386861236,48184
512.674901739178,42101
512.759416508275,35602
512.843931168773,31783
512.928445720916,33561
513.01296016495,37341
513.097474501119,35536
513.18198872967,31901
513.266502850847,29929
513.351016864895,32938
513.435530772059,33843
513.520044572585,31124
513.604558266717,28959
513.689071854701,36225
513.773585336782,40469
513.858098713206,41325
513.942611984216,42768
514.027125150058,46465
514.111638210978,47988
514.196151167221,42661
514.280664019031,35957
514.365176766654,32435
514.449689410336,33901
514.53420195032,37556
514.618714386852,35572
514.703226720178,31460
514.787738950542,29608
514.87225107819,28485
514.956763103367,27682
515.041275026318,27103
515.125786847287,36128
515.210298566521,38727
515.294810184265,33668
515.379321700762,31165
515.463833116259,30154
515.548344431001,28991
515.632855645233,32154
515.7173667592,32690
515.801877773147,32074
515.886388687319,35068
515.970899501962,33967
516.05541021732,30697
516.139920833639,28887
516.224431351163,28160
516.308941770138,27930
516.39345209081,27301
516.477962313423,26493
516.562472438222,30242
516.646982465452,35624
516.731492395359,40941
516.816002228188,40007
516.900511964184,34920
516.985021603591,39514
517.069531146656,47669
517.154040593623,56860
517.238549944738,52613
517.323059200245,45664
517.40756836039,40565
517.492077425417,35058
517.576586395573,31674
517.661095271101,63265
517.745604052248,71435
517.830112739258,52695
517.914621332376,50431
517.999129831848,47229
518.083638237919,39392
518.168146550834,34343
518.252654770838,30960
518.337162898176,29345
518.421670933093,28033
518.506178875835,27362
518.590686726646,26963
518.675194485772,27494
518.759702153457,31674
518.844209729948,32542
518.928717215489,30258
519.013224610325,32729
519.097731914701,33849
519.182239128863,31489
519.266746253055,29922
519.351253287523,28953
519.435760232512,28170
519.520267088267,28082
519.604773855033,27805
519.689280533056,27414
519.77378712258,27455
519.85829362385,27041
519.942800037113,31220
520.027306362612,32350
520.111812600593,30015
520.196318751301,28797
520.280824814981,27635
520.365330791879,26963
520.449836682239,27567
520.534342486307,28008
520.618848204327,27723
520.703353836546,31393
520.787859383207,32293
520.872364844557,37956
520.95687022084,61363
521.041375512301,62798
521.125880719186,47596
521.21038584174,38544
521.294890880208,49082
521.379395834834,50356
521.463900705865,44133
521.548405493545,39740
521.632910198119,34425
521.717414819833,31092
521.801919358931,29192
521.88642381566,28235
521.970928190263,31959
522.055432482986,240781
522.139936694074,296658
522.224440823773,188119
522.308944872327,122738
522.393448839982,82340
522.477952726982,63086
522.562456533574,70931
522.646960260001,66311
522.731463906509,54888
522.815967473344,50642
522.90047096075,43213
522.984974368973,35833
523.069477698257,31543
523.153980948848,29445
523.238484120991,28531
523.322987214931,28421
523.407490230914,32307
523.491993169183,37807
523.576496029985,78001
523.660998813565,85518
523.745501520167,95402
523.830004150038,90736
523.914506703421,64846
523.999009180562,49569
524.083511581707,39946
524.1680139071,34188
524.252516156987,31097
524.337018331612,29287
524.421520431221,32523
524.506022456059,33616
524.590524406371,31114
524.675026282403,54151
524.759528084398,60806
524.844029812603,47203
524.928531467263,38603
525.013033048623,54509
525.097534556927,58600
525.182035992421,46131
525.266537355351,38262
525.351038645961,33856
525.435539864496,35777
525.520041011202,35295
525.604542086324,32361
525.689043090106,40498
525.773544022794,41949
525.858044884634,41025
525.942545675869,39069
526.027046396746,34335
526.11154704751,31971
526.196047628405,30744
526.280548139677,34498
526.36504858157,34995
526.449548954331,31964
526.534049258204,31123
526.618549493434,34581
526.703049660267,34850
526.787549758947,32377
526.87204978972,34163
526.956549752831,34759
527.041049648525,32641
527.125549477046,30989
527.210049238641,51501
527.294548933555,59542
527.379048562032,48383
527.463548124317,40219
527.548047620657,37032
527.632547051295,34739
527.717046416477,32660
527.801545716449,37414
527.886044951455,38718
527.97054412174,45887
528.05504322755,46153
528.139542269129,38903
528.224041246724,37328
528.308540160578,39212
528.393039010938,38016
528.477537798047,34171
528.562036522152,34968
528.646535183498,38592
528.731033782329,41162
528.815532318891,38865
528.900030793429,35116
528.984529206188,32570
529.069027557414,31271
529.15352584735,30592
529.238024076243,29944
529.322522244338,29289
529.407020351879,29215
529.491518399112,29439
529.576016386283,29120
529.660514313635,28836
529.745012181415,28432
529.829509989866,28047
529.914007739236,28128
529.998505429768,32406
530.083003061708,33975
530.167500635301,31987
530.251998150792,30752
530.336495608426,30626
530.420993008449,34183
530.505490351105,38608
530.589987636639,40976
530.674484865298,42352
530.758982037325,39530
530.843479152966,35088
530.927976212466,32304
531.012473216071,31333
531.096970164025,91738
531.181467056574,111939
531.265963893962,79706
531.350460676435,57897
531.434957404238,45873
531.519454077616,38927
531.603950696814,37270
531.688447262078,36503
531.772943773652,33981
531.857440231782,31453
531.941936636713,29463
532.026432988689,32503
532.110929287956,33742
532.19542553476,35230
532.279921729345,34743
532.364417871956,31684
532.448913962839,29786
532.533410002239,28801
532.6179059904,28464
532.702401927568,27821
532.786897813989,27351
532.871393649906,35568
532.955889435567,42065
533.040385171214,38877
533.124880857094,68036
533.209376493452,74399
533.293872080533,54558
533.378367618582,42983
533.462863107844,64009
533.547358548564,67464
533.631853940988,54031
533.71634928536,45661
533.800844581926,51283
533.885339830931,50124
533.96983503262,40659
534.054330187238,34694
534.13882529503,34828
534.223320356242,33886
534.307815371118,30578
534.392310339903,28508
534.476805262844,27418
534.561300140184,27083
534.64579497217,35085
534.730289759045,37117
534.814784501056,36541
534.899279198448,35645
534.983773851465,32285
535.068268460352,33737
535.152763025356,45065
535.23725754672,67637
535.321752024691,67652
535.406246459513,51728
535.490740851431,40917
535.575235200691,34643
535.659729507538,31390
535.744223772216,523965
535.828717994971,664404
535.913212176048,396924
535.997706315693,238523
536.08220041415,159724
536.166694471664,111213
536.251188488481,75583
536.335682464845,54629
536.420176401003,42889
536.504670297198,36077
536.589164153677,31663
536.673657970684,29232
536.758151748464,29370
536.842645487263,29099
536.927139187325,28216
537.011632848896,31538
537.096126472221,32653
537.180620057546,35378
537.265113605114,38857
537.349607115172,36314
537.434100587964,33487
537.518594023736,31173
537.603087422733,29268
537.687580785199,28721
537.772074111381,31898
537.856567401522,45365
537.941060655869,60159
538.025553874667,55875
538.11004705816,44395
538.194540206593,38051
538.279033320213,35426
538.363526399263,35936
538.44801944399,39465
538.532512454637,45361
538.617005431451,56812
538.701498374677,67298
538.785991284559,76941
538.870484161343,86821
538.954977005273,99654
539.039469816596,108355
539.123962595556,112122
539.208455342398,120740
539.292948057368,124235
539.37744074071,116440
539.46193339267,110657
539.546426013493,106042
539.630918603424,103337
539.715411162708,95204
539.79990369159,87319
539.884396190315,79904
539.968888659129,103188
540.053381098277,113225
540.137873508003,93855
540.222365888553,76669
540.306858240173,65805
540.391350563106,58267
540.475842857599,60645
540.560335123896,58417
540.644827362243,54607
540.729319572884,54551
540.813811756066,49645
540.898303912032,42679
540.982796041028,37533
541.0672881433,33902
541.151780219092,31910
541.23627226865,30393
541.320764292218,28949
541.405256290042,28457
541.489748262367,31372
541.574240209438,37274
541.6587321315,36509
541.743224028798,36610
541.827715901578,35385
541.912207750085,31478
541.996699574563,30100
542.081191375258,29555
542.165683152415,33090
542.250174906279,33546
542.334666637096,30999
542.41915834511,30000
542.503650030566,54854
542.58814169371,65590
542.672633334787,61552
542.757124954042,54416
542.841616551719,45172
542.926108128065,44183
543.010599683325,42986
543.095091217743,40318
543.179582731564,70601
543.264074225034,78052
543.348565698398,60708
543.433057151901,50854
543.517548585789,45342
543.602040000305,50537
543.686531395696,55519
543.771022772206,52147
543.855514130081,52151
543.940005469566,54775
544.024496790906,51652
544.108988094346,55047
544.193479380131,57999
544.277970648506,53281
544.362461899717,48670
544.446953134009,51297
544.531444351626,51352
544.615935552814,50766
544.700426737818,51321
544.784917906884,49511
544.869409060255,51491
544.953900198178,51919
545.038391320898,49024
545.122882428659,47129
545.207373521708,46072
545.291864600288,45326
545.376355664645,44851
545.460846715024,82036
545.545337751671,93055
545.62982877483,73584
545.714319784747,65132
545.798810781666,63670
545.883301765834,59200
545.967792737495,57113
546.052283696893,55345
546.136774644275,55675
546.221265579886,54382
546.30575650397,51090
546.390247416772,49220
546.474738318539,47675
546.559229209514,47482
546.643720089944,47381
546.728210960073,46663
546.812701820146,49302
546.897192670409,55668
546.981683511106,55481
547.066174342483,51580
547.150665164785,51720
547.235155978257,55011
547.319646783145,54237
547.404137579692,51944
547.488628368145,50378
547.573119148749,48921
547.657609921748,48390
547.742100687388,52061
547.826591445914,52834
547.911082197572,51353
547.995572942605,50788
548.08006368126,49871
548.164554413782,48940
548.249045140415,48334
548.333535861404,48552
548.418026576996,68699
548.502517287435,74221
548.587007992966,63925
548.671498693834,57596
548.755989390285,60728
548.840480082563,65027
548.924970770915,61387
549.009461455584,56570
549.093952136815,57505
549.178442814856,56433
549.262933489949,53186
549.347424162341,60582
549.431914832276,62335
549.5164055,57160
549.600896165758,56482
549.685386829794,55532
549.769877492355,53232
549.854368153685,52234
549.938858814029,72993
550.023349473633,82574
550.107840132742,76715
550.1923307916,68886
550.276821450453,60999
550.361312109546,56870
550.445802769124,58890
550.530293429432,58627
550.614784090716,55294
550.69927475322,53427
550.78376541719,52577
550.868256082871,51853
550.952746750508,51918
551.037237420346,55597
551.12172809263,56734
551.206218767606,54903
551.290709445518,53703
551.375200126611,52875
551.459690811131,57154
551.544181499323,58566
551.628672191433,56442
551.713162887704,54678
551.797653588383,53606
551.882144293714,53049
551.966635003943,52912
552.051125719314,57424
552.135616440073,65604
552.220107166465,64717
552.304597898735,62235
552.389088637129,60299
552.473579381891,81551
552.558070133266,86472
552.6425608915,72896
552.727051656838,65142
552.811542429524,89616
552.896033209805,94776
552.980523997925,81835
553.065014794129,72733
553.149505598662,64562
553.23399641177,59959
553.318487233698,61121
553.402978064691,76563
553.487468904993,91544
553.571959754851,85304
553.656450614509,72266
553.740941484213,64459
553.825432364206,67536
553.909923254736,67467
553.994414156046,69893
554.078905068382,68541
554.16339599199,62532
554.247886927113,59782
554.332377873998,85654
554.416868832889,92106
554.501359804032,76495
554.585850787671,67449
554.670341784053,61994
554.754832793421,58686
554.839323816021,57097
554.923814852099,56019
555.008305901899,55738
555.092796965667,64062
555.177288043647,65907
555.261779136085,91681
555.346270243226,97865
555.430761365315,84346
555.515252502597,79046
555.599743655318,73343
555.684234823722,66645
555.768726008055,67028
555.853217208561,69809
555.937708425486,66521
556.022199659075,89665
556.106690909574,94954
556.191182177226,83070
556.275673462278,74282
556.360164764975,70023
556.444656085561,72199
556.529147424282,69015
556.613638781383,64426
556.698130157109,61829
556.782621551706,63649
556.867112965417,63628
556.951604398489,67149
557.036095851167,75007
557.120587323695,72375
557.20507881632,65084
557.289570329285,60855
557.374061862836,62702
557.458553417219,63690
557.543044992678,64882
557.627536589459,64329
557.712028207806,65654
557.796519847966,64546
557.881011510182,68941
557.9655031947,73582
558.049994901765,69254
558.134486631623,63425
558.218978384519,60044
558.303470160697,62236
558.387961960402,62328
558.472453783881,62547
558.556945631378,63847
558.641437503137,96114
558.725929399405,114558
558.810421320427,98487
558.894913266447,80827
558.97940523771,71077
559.063897234463,69261
559.14838925695,70808
559.232881305415,67858
559.317373380105,62967
559.401865481264,64645
559.486357609138,64598
559.570849763971,61200
559.65534194601,59898
559.739834155498,63839
559.824326392681,64176
559.908818657804,64953
559.993310951113,64281
560.077803272852,61304
560.162295623266,59763
560.246788002602,58691
560.331280411103,61826
560.415772849015,66453
560.500265316583,69791
560.584757814052,75603
560.669250341668,73253
560.753742899676,66258
560.83823548832,66309
560.922728107845,65195
561.007220758498,61810
561.091713440523,60021
561.176206154165,58937
561.260698899669,58711
561.345191677281,58249
561.429684487245,57375
561.514177329807,57415
561.598670205212,57674
561.683163113705,58659
561.767656055531,58510
561.852149030935,61531
561.936642040163,66630
562.021135083459,65397
562.105628161069,62150
562.190121273237,64736
562.27461442021,64572
562.359107602232,74820
562.443600819547,76610
562.528094072403,72268
562.612587361042,79241
562.697080685712,81222
562.781574046656,77485
562.866067444119,93590
562.950560878348,93628
563.035054349587,78340
563.119547858082,73705
563.204041404076,70470
563.288534987816,66801
563.373028609547,63681
563.457522269514,61112
563.542015967961,59776
563.626509705135,62798
563.71100348128,67374
563.795497296641,66049
563.879991151464,62213
563.964485045993,60304
564.048978980475,59357
564.133472955153,59755
564.217966970273,59408
564.30246102608,62757
564.386955122819,67213
564.471449260736,69501
564.555943440075,66912
564.640437661083,62498
564.724931924002,147695
564.80942622908,175096
564.893920576561,128443
564.97841496669,101898
565.062909399713,86078
565.147403875874,86402
565.231898395419,82399
565.316392958592,71600
565.400887565639,65242
565.485382216806,61763
565.569876912336,59831
565.654371652476,58742
565.73886643747,61367
565.823361267564,62545
565.907856143003,84624
565.992351064031,90574
566.076846030894,77421
566.161341043838,69138
566.245836103106,64127
566.330331208945,61622
566.4148263616,60272
566.499321561315,63060
566.583816808336,63573
566.668312102908,64981
566.752807445276,64287
566.837302835685,62726
566.92179827438,63820
567.006293761607,62847
567.090789297611,60310
567.175284882636,65575
567.259780516928,66995
567.344276200732,62802
567.428771934293,60571
567.513267717856,63147
567.597763551667,63072
567.68225943597,60342
567.766755371011,83316
567.851251357034,89784
567.935747394286,76085
568.020243483011,75752
568.104739623454,73244
568.18923581586,93117
568.273732060474,97026
568.358228357543,80334
568.442724707309,70881
568.52722111002,65511
568.61171756592,62039
568.696214075254,60569
568.780710638267,59451
568.865207255205,58617
568.949703926312,58995
569.034200651834,63040
569.118697432015,63417
569.203194267102,60822
569.287691157338,63293
569.37218810297,70230
569.456685104242,81502
569.5411821614,80868
569.625679274688,72342
569.710176444352,70707
569.794673670637,67819
569.879170953788,62879
569.96366829405,64196
570.048165691668,72411
570.132663146887,71753
570.217160659954,74096
570.301658231112,73128
570.386155860606,67074
570.470653548683,63984
570.555151295587,61797
570.639649101562,60203
570.724146966856,59158
570.808644891712,62447
570.893142876375,67990
570.977640921091,68107
571.062139026105,67509
571.146637191662,87249
571.231135418007,89864
571.315633705386,75924
571.400132054043,71714
571.484630464223,72843
571.569128936172,69348
571.653627470135,63828
571.738126066357,69526
571.822624725083,74714
571.907123446559,70246
571.991622231028,73519
572.076121078737,80167
572.160619989931,76678
572.245118964855,73167
572.329618003753,69808
572.414117106872,70290
572.498616274455,76036
572.583115506749,73098
572.667614803999,65840
572.752114166448,61505
572.836613594344,60230
572.921113087931,59884
573.005612647453,58740
573.090112273157,57766
573.174611965286,61762
573.259111724088,69998
573.343611549805,78641
573.428111442685,106220
573.512611402971,110781
573.597111430909,142119
573.681611526744,145977
573.766111690721,122585
573.850611923086,102637
573.935112224083,83474
574.019612593957,72209
574.104113032955,66534
574.18861354132,67224
574.273114119298,66280
574.357614767134,66517
574.442115485074,64838
574.526616273362,118004
574.611117132243,132423
574.695618061963,120339
574.780119062767,110542
574.8646201349,91450
574.949121278607,81617
575.033622494133,77468
575.118123781723,75362
575.202625141623,70383
575.287126574078,64458
575.371628079332,61737
575.456129657631,60799
575.54063130922,60547
575.625133034344,64218
575.709634833249,71486
575.794136706179,70287
575.878638653379,64932
575.963140675095,61402
576.047642771572,59075
576.132144943055,58424
576.216647189789,63308
576.301149512019,64362
576.38565190999,61301
576.470154383948,59177
576.554656934138,58457
576.639159560804,62926
576.723662264192,64306
576.808165044547,97782
576.892667902114,109543
576.977170837139,89739
577.061673849866,75010
577.146176940541,66696
577.230680109408,62492
577.315183356713,60632
577.399686682701,63102
577.484190087617,90456
577.568693571706,95221
577.653197135214,79084
577.737700778385,73983
577.822204501465,69717
577.906708304698,63980
577.991212188331,101300
578.075716152607,110623
578.160220197773,92383
578.244724324073,80379
578.329228531752,79009
578.413732821056,80137
578.49823719223,73283
578.582741645518,65899
578.667246181166,65506
578.75175079942,64982
578.836255500524,65998
578.920760284723,74227
579.005265152262,73612
579.089770103388,67273
579.174275138344,62928
579.258780257375,59669
579.343285460728,58140
579.427790748647,57877
579.512296121378,57092
579.596801579165,56285
579.681307122253,57448
579.765812750888,57731
579.850318465315,56900
579.934824265779,56720
580.019330152525,56445
580.103836125799,77755
580.188342185844,83942
580.272848332908,76242
580.357354567233,70433
580.441860889067,64314
580.526367298654,60955
580.610873796238,67006
580.695380382066,67924
580.779887056382,63285
580.864393819432,66455
580.94890067146,66649
581.033407612712,62111
581.117914643433,59443
581.202421763867,58444
581.286928974261,58324
581.371436274859,61834
581.455943665907,62506
581.540451147649,63655
581.62495872033,62801
581.709466384197,59487
581.793974139493,57674
581.878481986465,64353
581.962989925357,66101
582.047497956414,70059
582.132006079881,73776
582.216514296004,68892
582.301022605028,63636
582.385531007198,71890
582.470039502758,73348
582.554548091955,66675
582.639056775033,62424
582.723565552238,59467
582.808074423814,58128
582.892583390007,57346
582.977092451061,64967
583.061601607223,67021
583.146110858736,64291
583.230620205847,64236
583.3151296488,61843
583.399639187841,62560
583.484148823214,62144
583.568658555165,59596
583.653168383939,58123
583.73767830978,64737
583.822188332935,66288
583.906698453649,65223
583.991208672165,63306
584.075718988731,59807
584.16022940359,61671
584.244739916987,61449
584.329250529169,58675
584.41376124038,56946
584.498272050865,56129
584.58278296087,56315
584.667293970638,66935
584.751805080417,77170
584.83631629045,73722
584.920827600983,66252
585.005339012262,61815
585.08985052453,62716
585.174362138034,65396
585.258873853018,66819
585.343385669727,64140
585.427897588408,59766
585.512409609304,57191
585.596921732661,56142
585.681433958724,58344
585.765946287739,58627
585.85045871995,61074
585.934971255602,65615
586.019483894941,72646
586.103996638212,74937
586.18850948566,68810
586.27302243753,63516
586.357535494067,60030
586.442048655516,85502
586.526561922122,115492
586.611075294132,106176
586.695588771789,84516
586.780102355339,72560
586.864616045027,69310
586.949129841097,65415
587.033643743797,60439
587.118157753369,57761
587.20267187006,56020
587.287186094115,55071
587.371700425779,54738
587.456214865296,54209
587.540729412912,54037
587.625244068873,54016
587.709758833423,57796
587.794273706808,58808
587.878788689272,57316
587.963303781061,56134
588.047818982419,55136
588.132334293593,58119
588.216849714827,63535
588.301365246366,62862
588.385880888455,59360
588.47039664134,56917
588.554912505266,55352
588.639428480477,58688
588.72394456722,65714
588.808460765738,73700
588.892977076278,71304
588.977493499084,63941
589.062010034401,59486
589.146526682475,56913
589.231043443551,55605
589.315560317874,54700
589.400077305689,54084
589.48459440724,53800
589.569111622774,57282
589.653628952536,64437
589.73814639677,64431
589.822663955722,59909
589.907181629636,166384
589.991699418759,203676
590.076217323334,155077
590.160735343608,117942
590.245253479825,90407
590.329771732231,74254
590.41429010107,102549
590.498808586588,107677
590.58332718903,85212
590.667845908641,75282
590.752364745666,68307
590.83688370035,62229
590.921402772939,62250
591.005921963678,69150
591.090441272811,67681
591.174960700584,64946
591.259480247241,65847
591.343999913029,66551
591.428519698192,63674
591.513039602976,59223
591.597559627625,56759
591.682079772385,55216
591.7666000375,53746
591.851120423216,53350
591.935640929779,53173
592.020161557432,55190
592.104682306422,55552
592.189203176993,53794
592.273724169391,52730
592.35824528386,52099
592.442766520647,52123
592.527287879995,56713
592.611809362151,58118
592.696330967358,87867
592.780852695863,95163
592.865374547911,77125
592.949896523746,66708
593.034418623614,60662
593.11894084776,99274
593.203463196429,108785
593.287985669866,85225
593.372508268317,71309
593.457030992026,63593
593.541553841238,59055
593.626076816199,57070
593.710599917154,55683
593.795123144348,54608
593.879646498027,53541
593.964169978434,61157
594.048693585816,63707
594.133217320417,59081
594.217741182483,60047
594.302265172259,59427
594.38678928999,60205
594.47131353592,59367
594.555837910296,59985
594.640362413363,59046
594.724887045364,80481
594.809411806547,85408
594.893936697155,71017
594.978461717434,70681
595.062986867629,68115
595.147512147985,61677
595.232037558747,66031
595.316563100161,73641
595.401088772471,71560
595.485614575923,64725
595.570140510762,59562
595.654666577233,56578
595.73919277558,58359
595.82371910605,59947
595.908245568888,58070
595.992772164338,63693
596.077298892645,73338
596.161825754055,70287
596.246352748813,62116
596.330879877164,58007
596.415407139353,72940
596.499934535626,76703
596.584462066227,68313
596.668989731401,66757
596.753517531394,67892
596.838045466451,68022
596.922573536817,63864
597.007101742737,58844
597.091630084456,93325
597.17615856222,120348
597.260687176273,106113
597.345215926861,88386
597.429744814228,83605
597.51427383862,75375
597.598803000283,64844
597.68333229946,66999
597.767861736398,65584
597.852391311341,66894
597.936921024535,65760
598.021450876224,63731
598.105980866655,65377
598.190510996071,61865
598.275041264718,61223
598.359571672842,63629
598.444102220687,65969
598.528632908498,62949
598.613163736522,61823
598.697694705001,69070
598.782225814183,70906
598.866757064312,68464
598.951288455633,63492
599.035819988391,61829
599.120351662832,64395
599.2048834792,61691
599.289415437741,56882
599.3739475387,54912
599.458479782322,58169
599.543012168852,62255
599.627544698535,63985
599.712077371617,60464
599.796610188342,55983
599.881143148956,58514
599.965676253703,62465
600.05020950283,60764
600.13474289658,56729
600.2192764352,54148
600.303810118934,56753
600.388343948028,56913
600.472877922726,53986
600.557412043273,56643
600.641946309916,56573
600.726480722899,53880
600.811015282466,52479
600.895549988864,51361
600.980084842338,50383
601.064619843132,53246
601.149154991491,54641
601.233690287662,57705
601.318225731888,57609
601.402761324415,54522
601.487297065489,56701
601.571832955354,57177
601.656368994255,58664
601.740905182438,57565
601.825441520148,54039
601.90997800763,57233
601.994514645128,61707
602.079051432889,63171
602.163588371157,60695
602.248125460177,60540
602.332662700195,59325
602.417200091456,59802
602.501737634204,58368
602.586275328686,54706
602.670813175145,52517
602.755351173828,63260
602.839889324979,66085
602.924427628843,62967
603.008966085667,63649
603.093504695693,60461
603.178043459169,55667
603.262582376339,58147
603.347121447448,61030
603.431660672741,59231
603.516200052464,55593
603.600739586861,52765
603.685279276178,51403
603.769819120659,51696
603.854359120551,51288
603.938899276098,55196
604.023439587545,60248
604.107980055137,58604
604.19252067912,58677
604.277061459738,60847
604.361602397237,58076
604.446143491862,54120
604.530684743859,70969
604.615226153471,88426
604.699767720944,84989
604.784309446525,72864
604.868851330456,66992
604.953393372984,70605
605.037935574354,74878
605.122477934812,69108
605.207020454601,87269
605.291563133967,89649
605.376105973156,73953
605.460648972412,64007
605.545192131981,57006
605.629735452108,53060
605.714278933038,50726
605.798822575015,58499
605.883366378286,60954
605.967910343095,55484
606.052454469688,51865
606.136998758309,50782
606.221543209204,54594
606.306087822618,55260
606.390632598795,52449
606.475177537982,54421
606.559722640423,58631
606.644267906364,60664
606.728813336049,61724
606.813358929724,58551
606.897904687633,53940
606.982450610022,51340
607.066996697137,49699
607.151542949221,52589
607.236089366521,57146
607.320635949282,55748
607.405182697748,52211
607.489729612165,55061
607.574276692777,55274
607.658823939831,51856
607.74337135357,53670
607.827918934241,57396
607.912466682089,55554
607.997014597358,51793
608.081562680293,62628
608.16611093114,65196
608.250659350145,62264
608.335207937551,62391
608.419756693605,61158
608.504305618551,57288
608.588854712634,57288
608.6734039761,55980
608.757953409194,65122
608.84250301216,71800
608.927052785245,65281
609.011602728693,58586
609.096152842749,54256
609.180703127658,50985
609.265253583666,48756
609.349804211018,48542
609.434355009958,52419
609.518905980733,52630
609.603457123586,58431
609.688008438764,98265
609.772559926511,103673
609.857111587073,79757
609.941663420694,65501
610.02621542762,57266
610.110767608096,57640
610.195319962366,56199
610.279872490677,51827
610.364425193274,48933
610.4489780704,47619
610.533531122303,47419
610.618084349226,48596
610.702637751414,52744
610.787191329114,56693
610.87174508257,54706
610.956299012027,58776
611.04085311773,59023
611.125407399925,53995
611.209961858857,50756
611.29451649477,77789
611.37907130791,94541
611.463626298523,80838
611.548181466852,70236
611.632736813144,71085
611.717292337643,66929
611.801848040595,58614
611.886403922244,53897
611.970959982837,55007
612.055516222617,57155
612.14007264183,59489
612.224629240722,61152
612.309186019537,58920
612.39374297852,71915
612.478300117917,74823
612.562857437973,84881
612.647414938933,87144
612.731972621042,72336
612.816530484545,60710
612.901088529688,75147
612.985646756714,77148
613.070205165871,67782
613.154763757402,60780
613.239322531553,54333
613.323881488569,54767
613.408440628695,53593
613.492999952176,49987
613.577559459258,52351
613.662119150185,56205
613.746679025203,53889
613.831239084557,49929
613.915799328492,51984
614.000359757252,52004
614.084920371084,49637
614.169481170232,48345
614.254042154942,48300
614.338603325458,47604
614.423164682026,51093
614.507726224891,55738
614.592287954298,53717
614.676849870492,72039
614.761411973718,76056
614.845974264222,62624
614.930536742248,55496
615.015099408042,55721
615.099662261849,54232
615.184225303914,50378
615.268788534481,52523
615.353351953797,52167
615.437915562106,57102
615.522479359654,58295
615.607043346685,52857
615.691607523446,69989
615.776171890179,73600
615.860736447132,61118
615.94530119455,54077
616.029866132676,54033
616.114431261757,53075
616.198996582037,54031
616.283562093762,56422
616.368127797177,57659
616.452693692527,54516
616.537259780057,49907
616.621826060012,51826
616.706392532638,56087
616.790959198179,54156
616.87552605688,49655
616.960093108988,73712
617.044660354746,80246
617.1292277944,76186
617.213795428195,80861
617.298363256377,73371
617.38293127919,61095
617.46749949688,53489
617.552067909691,49136
617.63663651787,46470
617.72120532166,532956
617.805774321307,677863
617.890343517057,416208
617.974912909154,256918
618.059482497843,165213
618.14405228337,113500
618.22862226598,83556
618.313192445918,65631
618.397762823429,73744
618.482333398757,77787
618.56690417215,66521
618.65147514385,61019
618.736046314105,56436
618.820617683158,50933
618.905189251254,48253
618.98976101864,47375
619.07433298556,45994
619.158905152259,50696
619.243477518983,78660
619.328050085976,82499
619.412622853484,70286
619.497195821751,65855
619.581768991023,68828
619.666342361546,64366
619.750915933564,55360
619.835489707321,50370
619.920063683065,56017
620.004637861039,60145
620.089212241489,54999
620.173786824659,49433
620.258361610796,48021
620.342936600144,46777
620.427511792947,45579
620.512087189453,52532
620.596662789905,86943
620.681238594548,103604
620.765814603629,87038
620.850390817391,68839
620.93496723608,61628
621.019543859942,64853
621.104120689221,62074
621.188697724162,56702
621.273274965011,52444
621.357852412012,47907
621.442430065412,46867
621.527007925454,45636
621.611585992385,47620
621.696164266449,49065
621.780742747892,46662
621.865321436958,44387
621.949900333892,43881
622.03447943894,47053
622.119058752348,47700
622.203638274359,45280
622.28821800522,48732
622.372797945175,49534
622.457378094469,46963
622.541958453348,45011
622.626539022057,45295
622.711119800841,45469
622.795700789945,44300
622.880281989613,58959
622.964863400093,62333
623.049445021627,52950
623.134026854462,48166
623.218608898843,45272
623.303191155015,47974
623.387773623222,49597
623.472356303711,51370
623.556939196726,54256
623.641522302512,51732
623.726105621315,47161
623.810689153379,48387
623.89527289895,47914
623.979856858273,49281
624.064441031593,55967
624.149025419156,58847
624.233610021205,61939
624.318194837987,62408
624.402779869747,60006
624.487365116729,61907
624.571950579179,61889
624.656536257342,55481
624.741122151463,48871
624.825708261788,48642
624.91029458856,55936
624.994881132027,54878
625.079467892432,52333
625.16405487002,49856
625.248642065038,46046
625.33322947773,85897
625.41781710834,100437
625.502404957115,231824
625.5869930243,263733
625.671581310139,173347
625.756169814878,707813
625.840758538762,844480
625.925347482035,505581
626.009936644944,318667
626.094526027733,207881
626.179115630648,136224
626.263705453933,95986
626.348295497833,76223
626.432885762595,63012
626.517476248462,54102
626.60206695568,66294
626.686657884495,67068
626.771249035151,55295
626.855840407893,56575
626.940432002967,54423
627.025023820618,53965
627.10961586109,71334
627.19420812463,70690
627.278800611482,70639
627.363393321891,70021
627.447986256102,101706
627.532579414361,105068
627.617172796912,78060
627.701766404002,61437
627.786360235874,51672
627.870954292774,50660
627.955548574948,48485
628.04014308264,61979
628.124737816095,64554
628.209332775559,57419
628.293927961276,52081
628.378523373493,45706
628.463119012454,41899
628.547714878403,40652
628.632310971587,45016
628.716907292251,49726
628.801503840639,51849
628.886100616996,48853
628.970697621569,44286
629.055294854601,42018
629.139892316339,44858
629.224490007026,48624
629.309087926909,46921
629.393686076233,47098
629.478284455242,45847
629.562883064182,42068
629.647481903298,40107
629.732080972835,39277
629.816680273037,42595
629.901279804152,43073
629.985879566422,44679
630.070479560095,48877
630.155079785414,50396
630.239680242624,46837
630.324280931972,42308
630.408881853702,49930
630.493483008059,54149
630.578084395288,48832
630.662686015635,43877
630.747287869345,47897
630.831889956662,48493
630.916492277832,44118
631.001094833101,41049
631.085697622712,39462
631.170300646912,42820
631.254903905945,43643
631.339507400056,49228
631.424111129492,52688
631.508715094496,57185
631.593319295314,68452
631.677923732192,67962
631.762528405373,60770
631.847133315104,55993
631.93173846163,49746
632.016343845195,47855
632.100949466045,45352
632.185555324425,41105
632.270161420579,38774
632.354767754754,38105
632.439374327195,41157
632.523981138146,41278
632.608588187852,38544
632.693195476559,39108
632.777803004512,39327
632.862410771956,39202
632.947018779136,39641
633.031627026297,39738
633.116235513685,43094
633.200844241544,51481
633.28545321012,50709
633.370062419658,44183
633.454671870403,40822
633.539281562599,38922
633.623891496493,37830
633.708501672329,37268
633.793112090353,40695
633.877722750809,41185
633.962333653943,38500
634.0469448,36580
634.131556189225,35636
634.216167821863,39091
634.300779698159,39925
634.385391818359,37799
634.470004182707,36894
634.554616791449,35859
634.639229644829,39060
634.723842743094,60004
634.808456086488,67526
634.893069675256,56401
634.977683509643,50940
635.062297589895,51246
635.146911916256,51091
635.231526488972,46701
635.316141308288,260109
635.400756374449,318172
635.4853716877,206894
635.569987248286,142341
635.654603056453,98872
635.739219112446,72213
635.823835416509,57570
635.908451968888,57068
635.993068769827,78643
636.077685819573,77610
636.16230311837,86071
636.246920666464,82529
636.331538464099,213019
636.41615651152,243010
636.500774808974,155249
636.585393356704,103233
636.670012154956,102898
636.754631203976,98512
636.839250504007,74378
636.923870055296,57030
637.008489858088,50092
637.093109912628,46147
637.17773021916,41482
637.26235077793,38227
637.346971589183,47905
637.431592653165,54814
637.51621397012,49552
637.600835540293,45830
637.68545736393,45927
637.770079441276,46937
637.854701772576,43649
637.939324358074,39411
638.023947198017,36969
