Scan Date:,2025-05-24 15:09:06Z
Integration Time:,1000
Number of Averages:,100

Pixel Number,Wavelength (nm),Sum Spectrum,Averaged Spectrum
0,464.9839,103848,1038.48
1,465.068515076491,103797,1037.97
2,465.153129906126,103608,1036.08
3,465.237744489151,103261,1032.61
4,465.322358825812,102973,1029.73
5,465.406972916352,102909,1029.09
6,465.491586761018,103009,1030.09
7,465.576200360054,102958,1029.58
8,465.660813713705,102791,1027.91
9,465.745426822218,102813,1028.13
10,465.830039685836,102972,1029.72
11,465.914652304805,103044,1030.44
12,465.99926467937,102802,1028.02
13,466.083876809776,102631,1026.31
14,466.168488696269,102759,1027.59
15,466.253100339093,203918,2039.18
16,466.337711738494,232970,2329.7
17,466.422322894716,179497,1794.97
18,466.506933808006,147686,1476.86
19,466.591544478607,129639,1296.39
20,466.676154906766,119323,1193.23
21,466.760765092726,113426,1134.26
22,466.845375036735,112586,1125.86
23,466.929984739036,111749,1117.49
24,467.014594199874,109665,1096.65
25,467.099203419495,108123,1081.23
26,467.183812398145,106942,1069.42
27,467.268421136067,106286,1062.86
28,467.353029633508,128225,1282.25
29,467.437637890711,135980,1359.8
30,467.522245907924,127247,1272.47
31,467.60685368539,120006,1200.06
32,467.691461223355,113573,1135.73
33,467.776068522063,110149,1101.49
34,467.860675581761,108223,1082.23
35,467.945282402693,110451,1104.51
36,468.029888985104,115496,1154.96
37,468.11449532924,114934,1149.34
38,468.199101435345,113700,1137
39,468.283707303665,111846,1118.46
40,468.368312934445,109397,1093.97
41,468.45291832793,110499,1104.99
42,468.537523484364,112610,1126.1
43,468.622128403994,130274,1302.74
44,468.706733087065,138196,1381.96
45,468.791337533821,128515,1285.15
46,468.875941744507,119017,1190.17
47,468.96054571937,113825,1138.25
48,469.045149458653,110848,1108.48
49,469.129752962602,108655,1086.55
50,469.214356231462,107064,1070.64
51,469.298959265479,106375,1063.75
52,469.383562064897,106385,1063.85
53,469.468164629962,106311,1063.11
54,469.552766960919,108208,1082.08
55,469.637369058012,111290,1112.9
56,469.721970921487,110919,1109.19
57,469.80657255159,109222,1092.22
58,469.891173948565,110389,1103.89
59,469.975775112657,110065,1100.65
60,470.060376044111,108220,1082.2
61,470.144976743173,107244,1072.44
62,470.229577210088,109249,1092.49
63,470.314177445101,109507,1095.07
64,470.398777448457,110428,1104.28
65,470.483377220402,128179,1281.79
66,470.567976761179,133671,1336.71
67,470.652576071035,125335,1253.35
68,470.737175150215,118043,1180.43
69,470.821773998963,112977,1129.77
70,470.906372617525,112676,1126.76
71,470.990971006146,111535,1115.35
72,471.075569165072,134518,1345.18
73,471.160167094546,140654,1406.54
74,471.244764794815,129238,1292.38
75,471.329362266123,121377,1213.77
76,471.413959508717,117467,1174.67
77,471.498556522839,119181,1191.81
78,471.583153308737,119677,1196.77
79,471.667749866655,117122,1171.22
80,471.752346196838,116455,1164.55
81,471.836942299532,116391,1163.91
82,471.921538174981,119142,1191.42
83,472.00613382343,117533,1175.33
84,472.090729245126,112689,1126.89
85,472.175324440312,109554,1095.54
86,472.259919409234,110136,1101.36
87,472.344514152137,109849,1098.49
88,472.429108669267,107756,1077.56
89,472.513702960868,107459,1074.59
90,472.598297027185,108746,1087.46
91,472.682890868465,108492,1084.92
92,472.767484484951,107109,1071.09
93,472.852077876889,106176,1061.76
94,472.936671044524,108370,1083.7
95,473.021263988101,108868,1088.68
96,473.105856707865,107745,1077.45
97,473.190449204062,111316,1113.16
98,473.275041476937,123066,1230.66
99,473.359633526735,128462,1284.62
100,473.4442253537,122145,1221.45
101,473.528816958078,117527,1175.27
102,473.613408340115,116717,1167.17
103,473.697999500055,113950,1139.5
104,473.782590438143,110612,1106.12
105,473.867181154625,109029,1090.29
106,473.951771649745,110886,1108.86
107,474.03636192375,110768,1107.68
108,474.120951976883,108649,1086.49
109,474.20554180939,107944,1079.44
110,474.290131421517,107421,1074.21
111,474.374720813508,109787,1097.87
112,474.459309985608,110172,1101.72
113,474.543898938063,108426,1084.26
114,474.628487671118,107734,1077.34
115,474.713076185018,107236,1072.36
116,474.797664480008,109740,1097.4
117,474.882252556332,133372,1333.72
118,474.966840414238,140257,1402.57
119,475.051428053968,154083,1540.83
120,475.13601547577,152348,1523.48
121,475.220602679887,132790,1327.9
122,475.305189666564,121111,1211.11
123,475.389776436048,114292,1142.92
124,475.474362988583,110556,1105.56
125,475.558949324414,108227,1082.27
126,475.643535443787,107080,1070.8
127,475.728121346946,106560,1065.6
128,475.812707034136,105880,1058.8
129,475.897292505604,123757,1237.57
130,475.981877761593,132392,1323.92
131,476.066462802349,126216,1262.16
132,476.151047628118,121404,1214.04
133,476.235632239144,116085,1160.85
134,476.320216635672,111573,1115.73
135,476.404800817948,111712,1117.12
136,476.489384786216,111096,1110.96
137,476.573968540723,112143,1121.43
138,476.658552081712,127223,1272.23
139,476.74313540943,129529,1295.29
140,476.827718524121,120344,1203.44
141,476.91230142603,114337,1143.37
142,476.996884115403,113131,1131.31
143,477.081466592484,111841,1118.41
144,477.166048857519,109252,1092.52
145,477.250630910753,110465,1104.65
146,477.335212752432,110516,1105.16
147,477.419794382799,108954,1089.54
148,477.504375802101,110172,1101.72
149,477.588957010582,110483,1104.83
150,477.673538008487,108939,1089.39
151,477.758118796063,140568,1405.68
152,477.842699373553,149115,1491.15
153,477.927279741204,131061,1310.61
154,478.011859899259,120126,1201.26
155,478.096439847965,113662,1136.62
156,478.181019587566,110498,1104.98
157,478.265599118308,109030,1090.3
158,478.350178440435,107738,1077.38
159,478.434757554193,107147,1071.47
160,478.519336459827,116284,1162.84
161,478.603915157582,118331,1183.31
162,478.688493647704,112525,1125.25
163,478.773071930436,155672,1556.72
164,478.857650006026,167125,1671.25
165,478.942227874716,142251,1422.51
166,479.026805536754,136143,1361.43
167,479.111382992383,131189,1311.89
168,479.19596024185,124085,1240.85
169,479.280537285398,117808,1178.08
170,479.365114123274,112563,1125.63
171,479.449690755722,109730,1097.3
172,479.534267182988,107872,1078.72
173,479.618843405317,106582,1065.82
174,479.703419422953,108492,1084.92
175,479.787995236142,111997,1119.97
176,479.87257084513,111527,1115.27
177,479.95714625016,109028,1090.28
178,480.041721451479,107605,1076.05
179,480.126296449331,106989,1069.89
180,480.210871243962,108885,1088.85
181,480.295445835617,109349,1093.49
182,480.380020224541,110201,1102.01
183,480.464594410979,109932,1099.32
184,480.549168395175,110715,1107.15
185,480.633742177377,110277,1102.77
186,480.718315757827,108165,1081.65
187,480.802889136772,107208,1072.08
188,480.887462314457,106565,1065.65
189,480.972035291127,106014,1060.14
190,481.056608067026,108704,1087.04
191,481.141180642401,118675,1186.75
192,481.225753017496,119537,1195.37
193,481.310325192556,113615,1136.15
194,481.394897167827,112477,1124.77
195,481.479468943554,111293,1112.93
196,481.564040519981,109237,1092.37
197,481.648611897354,107864,1078.64
198,481.733183075918,106849,1068.49
199,481.817754055918,109015,1090.15
200,481.9023248376,109160,1091.6
201,481.986895421208,109737,1097.37
202,482.071465806988,136619,1366.19
203,482.156035995184,142559,1425.59
204,482.240605986042,129442,1294.42
205,482.325175779807,120717,1207.17
206,482.409745376725,114354,1143.54
207,482.494314777039,110672,1106.72
208,482.578883980996,108660,1086.6
209,482.663452988841,107839,1078.39
210,482.748021800818,106979,1069.79
211,482.832590417173,106283,1062.83
212,482.91715883815,109037,1090.37
213,483.001727063996,112189,1121.89
214,483.086295094955,111362,1113.62
215,483.170862931273,109149,1091.49
216,483.255430573193,108199,1081.99
217,483.339998020963,109967,1099.67
218,483.424565274826,110412,1104.12
219,483.509132335028,108283,1082.83
220,483.593699201814,106968,1069.68
221,483.678265875429,109050,1090.5
222,483.762832356118,109209,1092.09
223,483.847398644127,107418,1074.18
224,483.9319647397,109201,1092.01
225,484.016530643083,118146,1181.46
226,484.101096354521,119207,1192.07
227,484.185661874258,114205,1142.05
228,484.270227202541,110957,1109.57
229,484.354792339614,108943,1089.43
230,484.439357285722,108074,1080.74
231,484.523922041111,109858,1098.58
232,484.608486606025,112215,1122.15
233,484.69305098071,111369,1113.69
234,484.777615165411,110465,1104.65
235,484.862179160373,111886,1118.86
236,484.946742965841,111226,1112.26
237,485.03130658206,111100,1111
238,485.115870009276,112999,1129.99
239,485.200433247733,111830,1118.3
240,485.284996297677,109567,1095.67
241,485.369559159353,126510,1265.1
242,485.454121833005,132964,1329.64
243,485.53868431888,123141,1231.41
244,485.623246617222,116580,1165.8
245,485.707808728276,112585,1125.85
246,485.792370652288,109275,1092.75
247,485.876932389502,109774,1097.74
248,485.961493940164,109789,1097.89
249,486.046055304519,108109,1081.09
250,486.130616482813,107430,1074.3
251,486.215177475289,107348,1073.48
252,486.299738282193,112106,1121.06
253,486.384298903771,113462,1134.62
254,486.468859340268,110393,1103.93
255,486.553419591928,108111,1081.11
256,486.637979658997,107272,1072.72
257,486.722539541719,106835,1068.35
258,486.807099240341,108446,1084.46
259,486.891658755108,108803,1088.03
260,486.976218086263,107146,1071.46
261,487.060777234053,106350,1063.5
262,487.145336198723,105968,1059.68
263,487.229894980517,105748,1057.48
264,487.314453579682,106204,1062.04
265,487.399011996461,106215,1062.15
266,487.483570231101,105808,1058.08
267,487.568128283845,105702,1057.02
268,487.652686154941,105495,1054.95
269,487.737243844632,105493,1054.93
270,487.821801353163,108838,1088.38
271,487.906358680781,109527,1095.27
272,487.990915827729,107848,1078.48
273,488.075472794253,107067,1070.67
274,488.160029580599,110186,1101.86
275,488.244586187011,110757,1107.57
276,488.329142613735,108631,1086.31
277,488.413698861015,112508,1125.08
278,488.498254929097,113050,1130.5
279,488.582810818225,112542,1125.42
280,488.667366528646,112101,1121.01
281,488.751922060605,109651,1096.51
282,488.836477414345,108229,1082.29
283,488.921032590113,107760,1077.6
284,489.005587588153,108564,1085.64
285,489.090142408711,130532,1305.32
286,489.174697052032,138009,1380.09
287,489.259251518361,128572,1285.72
288,489.343805807943,120479,1204.79
289,489.428359921024,113977,1139.77
290,489.512913857847,110135,1101.35
291,489.597467618659,108350,1083.5
292,489.682021203705,116274,1162.74
293,489.76657461323,118239,1182.39
294,489.851127847479,112688,1126.88
295,489.935680906696,110854,1108.54
296,490.020233791128,109448,1094.48
297,490.104786501019,107352,1073.52
298,490.189339036615,109090,1090.9
299,490.27389139816,109710,1097.1
300,490.3584435859,108059,1080.59
301,490.44299560008,106758,1067.58
302,490.527547440945,105978,1059.78
303,490.612099108739,105339,1053.39
304,490.69665060371,104853,1048.53
305,490.7812019261,104984,1049.84
306,490.865753076156,107749,1077.49
307,490.950304054123,108724,1087.24
308,491.034854860246,107506,1075.06
309,491.119405494769,107020,1070.2
310,491.203955957939,106781,1067.81
311,491.288506249999,106730,1067.3
312,491.373056371197,106171,1061.71
313,491.457606321775,108831,1088.31
314,491.54215610198,110331,1103.31
315,491.626705712057,108732,1087.32
316,491.711255152251,107229,1072.29
317,491.795804422807,106345,1063.45
318,491.88035352397,105806,1058.06
319,491.964902455985,105741,1057.41
320,492.049451219098,108410,1084.1
321,492.133999813553,108836,1088.36
322,492.218548239596,107154,1071.54
323,492.303096497471,108520,1085.2
324,492.387644587425,110673,1106.73
325,492.472192509702,112088,1120.88
326,492.556740264546,117274,1172.74
327,492.641287852205,116559,1165.59
328,492.725835272921,111646,1116.46
329,492.810382526942,109353,1093.53
330,492.894929614511,115639,1156.39
331,492.979476535874,116881,1168.81
332,493.064023291276,112095,1120.95
333,493.148569880962,110989,1109.89
334,493.233116305178,109992,1099.92
335,493.317662564167,107948,1079.48
336,493.402208658177,107365,1073.65
337,493.486754587451,107036,1070.36
338,493.571300352235,106330,1063.3
339,493.655845952774,105900,1059
340,493.740391389313,108497,1084.97
341,493.824936662097,109216,1092.16
342,493.909481771372,109494,1094.94
343,493.994026717382,108893,1088.93
344,494.078571500372,107207,1072.07
345,494.163116120589,106704,1067.04
346,494.247660578276,106585,1065.85
347,494.33220487368,127814,1278.14
348,494.416749007044,133663,1336.63
349,494.501292978615,122372,1223.72
350,494.585836788637,115388,1153.88
351,494.670380437356,111349,1113.49
352,494.754923925017,109110,1091.1
353,494.839467251864,110682,1106.82
354,494.924010418144,110437,1104.37
355,495.0085534241,108454,1084.54
356,495.093096269979,118844,1188.44
357,495.177638956025,121158,1211.58
358,495.262181482484,116838,1168.38
359,495.3467238496,116042,1160.42
360,495.431266057619,113148,1131.48
361,495.515808106786,112715,1127.15
362,495.600349997346,111804,1118.04
363,495.684891729544,109411,1094.11
364,495.769433303626,108846,1088.46
365,495.853974719836,108003,1080.03
366,495.938515978419,106557,1065.57
367,496.023057079622,105923,1059.23
368,496.107598023688,105832,1058.32
369,496.192138810863,108257,1082.57
370,496.276679441392,108775,1087.75
371,496.361219915521,108451,1084.51
372,496.445760233493,131702,1317.02
373,496.530300395556,137384,1373.84
374,496.614840401953,124417,1244.17
375,496.69938025293,120842,1208.42
376,496.783919948731,117480,1174.8
377,496.868459489603,115167,1151.67
378,496.95299887579,112710,1127.1
379,497.037538107538,115132,1151.32
380,497.12207718509,114816,1148.16
381,497.206616108694,113536,1135.36
382,497.291154878593,112030,1120.3
383,497.375693495033,109440,1094.4
384,497.460231958259,107723,1077.23
385,497.544770268516,106971,1069.71
386,497.629308426049,106805,1068.05
387,497.713846431104,106285,1062.85
388,497.798384283926,108234,1082.34
389,497.882921984759,108547,1085.47
390,497.967459533848,107195,1071.95
391,498.05199693144,109137,1091.37
392,498.136534177779,112282,1122.82
393,498.22107127311,111546,1115.46
394,498.305608217678,109143,1091.43
395,498.390145011729,107431,1074.31
396,498.474681655507,106242,1062.42
397,498.559218149259,105966,1059.66
398,498.643754493228,106133,1061.33
399,498.72829068766,105775,1057.75
400,498.8128267328,105322,1053.22
401,498.897362628894,105159,1051.59
402,498.981898376185,105375,1053.75
403,499.066433974921,105822,1058.22
404,499.150969425345,108847,1088.47
405,499.235504727703,120578,1205.78
406,499.32003988224,121928,1219.28
407,499.404574889201,117326,1173.26
408,499.489109748831,114357,1143.57
409,499.573644461376,110924,1109.24
410,499.65817902708,108541,1085.41
411,499.742713446188,107258,1072.58
412,499.827247718947,106690,1066.9
413,499.9117818456,106417,1064.17
414,499.996315826393,105882,1058.82
415,500.080849661572,105487,1054.87
416,500.165383351381,105751,1057.51
417,500.249916896065,105440,1054.4
418,500.33445029587,105786,1057.86
419,500.41898355104,120018,1200.18
420,500.503516661822,123616,1236.16
421,500.588049628459,115729,1157.29
422,500.672582451197,111763,1117.63
423,500.757115130282,109380,1093.8
424,500.841647665958,107808,1078.08
425,500.92618005847,106875,1068.75
426,501.010712308064,125811,1258.11
427,501.095244414985,133126,1331.26
428,501.179776379478,125645,1256.45
429,501.264308201788,118851,1188.51
430,501.34883988216,116155,1161.55
431,501.433371420839,113376,1133.76
432,501.517902818071,109680,1096.8
433,501.6024340741,110698,1106.98
434,501.686965189172,112251,1122.51
435,501.771496163532,110530,1105.3
436,501.856026997425,108257,1082.57
437,501.940557691096,107030,1070.3
438,502.02508824479,106341,1063.41
439,502.109618658753,108838,1088.38
440,502.194148933229,109360,1093.6
441,502.278679068464,107434,1074.34
442,502.363209064702,106562,1065.62
443,502.44773892219,106074,1060.74
444,502.532268641171,108125,1081.25
445,502.616798221892,108957,1089.57
446,502.701327664597,107930,1079.3
447,502.785856969531,106917,1069.17
448,502.87038613694,108679,1086.79
449,502.954915167069,111485,1114.85
450,503.039444060163,110475,1104.75
451,503.123972816466,108058,1080.58
452,503.208501436225,109867,1098.67
453,503.293029919684,110494,1104.94
454,503.377558267088,111207,1112.07
455,503.462086478683,113272,1132.72
456,503.546614554714,115224,1152.24
457,503.631142495425,113521,1135.21
458,503.715670301062,110164,1101.64
459,503.800197971871,107923,1079.23
460,503.884725508095,106914,1069.14
461,503.969252909981,108698,1086.98
462,504.053780177773,111387,1113.87
463,504.138307311717,110813,1108.13
464,504.222834312058,111278,1112.78
465,504.307361179041,111067,1110.67
466,504.39188791291,111590,1115.9
467,504.476414513912,112404,1124.04
468,504.560940982291,122792,1227.92
469,504.645467318292,123832,1238.32
470,504.729993522161,115748,1157.48
471,504.814519594143,113311,1133.11
472,504.899045534482,113380,1133.8
473,504.983571343424,114613,1146.13
474,505.068097021215,115415,1154.15
475,505.152622568098,115276,1152.76
476,505.23714798432,123353,1233.53
477,505.321673270126,122949,1229.49
478,505.40619842576,115636,1156.36
479,505.490723451468,111547,1115.47
480,505.575248347494,111266,1112.66
481,505.659773114085,110405,1104.05
482,505.744297751485,129241,1292.41
483,505.828822259939,136461,1364.61
484,505.913346639693,125379,1253.79
485,505.997870890991,117152,1171.52
486,506.082395014079,112198,1121.98
487,506.166919009201,109390,1093.9
488,506.251442876604,107761,1077.61
489,506.335966616531,109143,1091.43
490,506.420490229229,108923,1089.23
491,506.505013714942,107606,1076.06
492,506.589537073916,107126,1071.26
493,506.674060306396,108877,1088.77
494,506.758583412626,109844,1098.44
495,506.843106392852,108594,1085.94
496,506.927629247319,107406,1074.06
497,507.012151976272,106608,1066.08
498,507.096674579957,108649,1086.49
499,507.181197058618,109770,1097.7
500,507.2657194125,108738,1087.38
501,507.350241641849,129375,1293.75
502,507.43476374691,137386,1373.86
503,507.519285727928,126017,1260.17
504,507.603807585148,117365,1173.65
505,507.688329318816,112820,1128.2
506,507.772850929175,112412,1124.12
507,507.857372416473,113770,1137.7
508,507.941893780953,112170,1121.7
509,508.02641502286,109545,1095.45
510,508.110936142441,107832,1078.32
511,508.195457139939,109159,1091.59
512,508.279978015601,109143,1091.43
513,508.364498769671,107872,1078.72
514,508.449019402395,107036,1070.36
515,508.533539914017,106631,1066.31
516,508.618060304783,108585,1085.85
517,508.702580574937,108707,1087.07
518,508.787100724726,107445,1074.45
519,508.871620754394,108092,1080.92
520,508.956140664186,119014,1190.14
521,509.040660454347,124802,1248.02
522,509.125180125123,130023,1300.23
523,509.209699676758,127602,1276.02
524,509.294219109499,132280,1322.8
525,509.378738423589,130474,1304.74
526,509.463257619274,122622,1226.22
527,509.5477766968,117011,1170.11
528,509.632295656411,111883,1118.83
529,509.716814498352,109194,1091.94
530,509.801333222869,107626,1076.26
531,509.885851830207,106888,1068.88
532,509.97037032061,106906,1069.06
533,510.054888694324,106700,1067
534,510.139406951595,108720,1087.2
535,510.223925092667,109097,1090.97
536,510.308443117785,107726,1077.26
537,510.392961027195,107500,1075
538,510.477478821141,109712,1097.12
539,510.56199649987,112393,1123.93
540,510.646514063625,114254,1142.54
541,510.731031512652,115553,1155.53
542,510.815548847197,113431,1134.31
543,510.900066067503,110583,1105.83
544,510.984583173818,108749,1087.49
545,511.069100166384,109935,1099.35
546,511.153617045449,109763,1097.63
547,511.238133811256,110562,1105.62
548,511.322650464052,110102,1101.02
549,511.407167004081,107957,1079.57
550,511.491683431587,112309,1123.09
551,511.576199746818,113242,1132.42
552,511.660715950017,112907,1129.07
553,511.745232041429,112086,1120.86
554,511.829748021301,109529,1095.29
555,511.914263889876,107996,1079.96
556,511.9987796474,107767,1077.67
557,512.083295294119,107370,1073.7
558,512.167810830277,107246,1072.46
559,512.252326256119,108729,1087.29
560,512.336841571891,110926,1109.26
561,512.421356777838,121056,1210.56
562,512.505871874205,122531,1225.31
563,512.590386861236,118541,1185.41
564,512.674901739178,115054,1150.54
565,512.759416508275,111282,1112.82
566,512.843931168773,109259,1092.59
567,512.928445720916,110574,1105.74
568,513.01296016495,113050,1130.5
569,513.097474501119,111906,1119.06
570,513.18198872967,109660,1096.6
571,513.266502850847,108287,1082.87
572,513.351016864895,109960,1099.6
573,513.435530772059,110478,1104.78
574,513.520044572585,108605,1086.05
575,513.604558266717,107744,1077.44
576,513.689071854701,112591,1125.91
577,513.773585336782,114995,1149.95
578,513.858098713206,115357,1153.57
579,513.942611984216,116386,1163.86
580,514.027125150058,118545,1185.45
581,514.111638210978,119109,1191.09
582,514.196151167221,115350,1153.5
583,514.280664019031,111303,1113.03
584,514.365176766654,109316,1093.16
585,514.449689410336,110341,1103.41
586,514.53420195032,112705,1127.05
587,514.618714386852,111915,1119.15
588,514.703226720178,109365,1093.65
589,514.787738950542,107781,1077.81
590,514.87225107819,106825,1068.25
591,514.956763103367,106430,1064.3
592,515.041275026318,106253,1062.53
593,515.125786847287,112100,1121
594,515.210298566521,113882,1138.82
595,515.294810184265,110608,1106.08
596,515.379321700762,108939,1089.39
597,515.463833116259,108510,1085.1
598,515.548344431001,107856,1078.56
599,515.632855645233,109914,1099.14
600,515.7173667592,110516,1105.16
601,515.801877773147,109912,1099.12
602,515.886388687319,111505,1115.05
603,515.970899501962,110849,1108.49
604,516.05541021732,108659,1086.59
605,516.139920833639,107713,1077.13
606,516.224431351163,107473,1074.73
607,516.308941770138,107365,1073.65
608,516.39345209081,107219,1072.19
609,516.477962313423,107056,1070.56
610,516.562472438222,109044,1090.44
611,516.646982465452,112190,1121.9
612,516.731492395359,115770,1157.7
613,516.816002228188,115166,1151.66
614,516.900511964184,111896,1118.96
615,516.985021603591,114771,1147.71
616,517.069531146656,119799,1197.99
617,517.154040593623,125257,1252.57
618,517.238549944738,122910,1229.1
619,517.323059200245,118469,1184.69
620,517.40756836039,115212,1152.12
621,517.492077425417,111839,1118.39
622,517.576586395573,109983,1099.83
623,517.661095271101,130227,1302.27
624,517.745604052248,135436,1354.36
625,517.830112739258,123608,1236.08
626,517.914621332376,122261,1222.61
627,517.999129831848,120139,1201.39
628,518.083638237919,115103,1151.03
629,518.168146550834,112196,1121.96
630,518.252654770838,110278,1102.78
631,518.337162898176,109130,1091.3
632,518.421670933093,108606,1086.06
633,518.506178875835,108229,1082.29
634,518.590686726646,107988,1079.88
635,518.675194485772,108310,1083.1
636,518.759702153457,110598,1105.98
637,518.844209729948,111332,1113.32
638,518.928717215489,110188,1101.88
639,519.013224610325,111809,1118.09
640,519.097731914701,112437,1124.37
641,519.182239128863,111140,1111.4
642,519.266746253055,110376,1103.76
643,519.351253287523,109942,1099.42
644,519.435760232512,109365,1093.65
645,519.520267088267,108956,1089.56
646,519.604773855033,108864,1088.64
647,519.689280533056,108870,1088.7
648,519.77378712258,108872,1088.72
649,519.85829362385,108636,1086.36
650,519.942800037113,111324,1113.24
651,520.027306362612,112107,1121.07
652,520.111812600593,110605,1106.05
653,520.196318751301,109732,1097.32
654,520.280824814981,109163,1091.63
655,520.365330791879,108784,1087.84
656,520.449836682239,109135,1091.35
657,520.534342486307,109550,1095.5
658,520.618848204327,109400,1094
659,520.703353836546,111751,1117.51
660,520.787859383207,112726,1127.26
661,520.872364844557,116144,1161.44
662,520.95687022084,130577,1305.77
663,521.041375512301,131477,1314.77
664,521.125880719186,122223,1222.23
665,521.21038584174,116985,1169.85
666,521.294890880208,123424,1234.24
667,521.379395834834,124473,1244.73
668,521.463900705865,120757,1207.57
669,521.548405493545,118128,1181.28
670,521.632910198119,114945,1149.45
671,521.717414819833,112962,1129.62
672,521.801919358931,111930,1119.3
673,521.88642381566,111278,1112.78
674,521.970928190263,113635,1136.35
675,522.055432482986,201539,2015.39
676,522.139936694074,224499,2244.99
677,522.224440823773,179336,1793.36
678,522.308944872327,152288,1522.88
679,522.393448839982,135627,1356.27
680,522.477952726982,128452,1284.52
681,522.562456533574,135608,1356.08
682,522.646960260001,134242,1342.42
683,522.731463906509,128117,1281.17
684,522.815967473344,126141,1261.41
685,522.90047096075,122135,1221.35
686,522.984974368973,118005,1180.05
687,523.069477698257,115634,1156.34
688,523.153980948848,114520,1145.2
689,523.238484120991,113724,1137.24
690,523.322987214931,113497,1134.97
691,523.407490230914,115962,1159.62
692,523.491993169183,119551,1195.51
693,523.576496029985,145302,1453.02
694,523.660998813565,150419,1504.19
695,523.745501520167,156649,1566.49
696,523.830004150038,153602,1536.02
697,523.914506703421,137181,1371.81
698,523.999009180562,127668,1276.68
699,524.083511581707,122202,1222.02
700,524.1680139071,119081,1190.81
701,524.252516156987,117516,1175.16
702,524.337018331612,116524,1165.24
703,524.421520431221,118440,1184.4
704,524.506022456059,119051,1190.51
705,524.590524406371,117612,1176.12
706,524.675026282403,131934,1319.34
707,524.759528084398,136132,1361.32
708,524.844029812603,127995,1279.95
709,524.928531467263,122909,1229.09
710,525.013033048623,132601,1326.01
711,525.097534556927,135131,1351.31
712,525.182035992421,128011,1280.11
713,525.266537355351,123610,1236.1
714,525.351038645961,121326,1213.26
715,525.435539864496,122836,1228.36
716,525.520041011202,122985,1229.85
717,525.604542086324,121593,1215.93
718,525.689043090106,126719,1267.19
719,525.773544022794,127719,1277.19
720,525.858044884634,127377,1273.77
721,525.942545675869,126595,1265.95
722,526.027046396746,123781,1237.81
723,526.11154704751,122178,1221.78
724,526.196047628405,121557,1215.57
725,526.280548139677,124030,1240.3
726,526.36504858157,124966,1249.66
727,526.449548954331,123918,1239.18
728,526.534049258204,123753,1237.53
729,526.618549493434,125931,1259.31
730,526.703049660267,126336,1263.36
731,526.787549758947,125270,1252.7
732,526.87204978972,127182,1271.82
733,526.956549752831,127806,1278.06
734,527.041049648525,126839,1268.39
735,527.125549477046,125938,1259.38
736,527.210049238641,138958,1389.58
737,527.294548933555,144328,1443.28
738,527.379048562032,137634,1376.34
739,527.463548124317,132810,1328.1
740,527.548047620657,131038,1310.38
741,527.632547051295,129940,1299.4
742,527.717046416477,129318,1293.18
743,527.801545716449,132075,1320.75
744,527.886044951455,133158,1331.58
745,527.97054412174,137645,1376.45
746,528.05504322755,138084,1380.84
747,528.139542269129,134769,1347.69
748,528.224041246724,134615,1346.15
749,528.308540160578,136280,1362.8
750,528.393039010938,136126,1361.26
751,528.477537798047,134550,1345.5
752,528.562036522152,135686,1356.86
753,528.646535183498,138134,1381.34
754,528.731033782329,139573,1395.73
755,528.815532318891,138683,1386.83
756,528.900030793429,137375,1373.75
757,528.984529206188,136566,1365.66
758,529.069027557414,136268,1362.68
759,529.15352584735,136436,1364.36
760,529.238024076243,136732,1367.32
761,529.322522244338,137221,1372.21
762,529.407020351879,137934,1379.34
763,529.491518399112,138866,1388.66
764,529.576016386283,139387,1393.87
765,529.660514313635,139515,1395.15
766,529.745012181415,139765,1397.65
767,529.829509989866,140304,1403.04
768,529.914007739236,140787,1407.87
769,529.998505429768,144188,1441.88
770,530.083003061708,145881,1458.81
771,530.167500635301,145347,1453.47
772,530.251998150792,145149,1451.49
773,530.336495608426,145694,1456.94
774,530.420993008449,148507,1485.07
775,530.505490351105,151783,1517.83
776,530.589987636639,153967,1539.67
777,530.674484865298,155494,1554.94
778,530.758982037325,154263,1542.63
779,530.843479152966,151794,1517.94
780,530.927976212466,150312,1503.12
781,531.012473216071,149560,1495.6
782,531.096970164025,184745,1847.45
783,531.181467056574,196266,1962.66
784,531.265963893962,176612,1766.12
785,531.350460676435,162683,1626.83
786,531.434957404238,153976,1539.76
787,531.519454077616,148053,1480.53
788,531.603950696814,145081,1450.81
789,531.688447262078,142593,1425.93
790,531.772943773652,138573,1385.73
791,531.857440231782,134366,1343.66
792,531.941936636713,130645,1306.45
793,532.026432988689,129989,1299.89
794,532.110929287956,128503,1285.03
795,532.19542553476,127714,1277.14
796,532.279921729345,125606,1256.06
797,532.364417871956,121923,1219.23
798,532.448913962839,119178,1191.78
799,532.533410002239,117604,1176.04
800,532.6179059904,116188,1161.88
801,532.702401927568,114871,1148.71
802,532.786897813989,113872,1138.72
803,532.871393649906,118185,1181.85
804,532.955889435567,121247,1212.47
805,533.040385171214,118525,1185.25
806,533.124880857094,136372,1363.72
807,533.209376493452,139879,1398.79
808,533.293872080533,126860,1268.6
809,533.378367618582,118997,1189.97
810,533.462863107844,130468,1304.68
811,533.547358548564,132246,1322.46
812,533.631853940988,124546,1245.46
813,533.71634928536,119452,1194.52
814,533.800844581926,122607,1226.07
815,533.885339830931,121556,1215.56
816,533.96983503262,115867,1158.67
817,534.054330187238,112526,1125.26
818,534.13882529503,112539,1125.39
819,534.223320356242,111760,1117.6
820,534.307815371118,109786,1097.86
821,534.392310339903,108642,1086.42
822,534.476805262844,108245,1082.45
823,534.561300140184,108101,1081.01
824,534.64579497217,112707,1127.07
825,534.730289759045,113685,1136.85
826,534.814784501056,113480,1134.8
827,534.899279198448,113086,1130.86
828,534.983773851465,111199,1111.99
829,535.068268460352,112270,1122.7
830,535.152763025356,119177,1191.77
831,535.23725754672,132858,1328.58
832,535.321752024691,132518,1325.18
833,535.406246459513,122520,1225.2
834,535.490740851431,116040,1160.4
835,535.575235200691,112107,1121.07
836,535.659729507538,110074,1100.74
837,535.744223772216,397603,3976.03
838,535.828717994971,478848,4788.48
839,535.913212176048,323651,3236.51
840,535.997706315693,231199,2311.99
841,536.08220041415,185489,1854.89
842,536.166694471664,157283,1572.83
843,536.251188488481,136157,1361.57
844,536.335682464845,124057,1240.57
845,536.420176401003,117443,1174.43
846,536.504670297198,113405,1134.05
847,536.589164153677,110998,1109.98
848,536.673657970684,109709,1097.09
849,536.758151748464,109630,1096.3
850,536.842645487263,109188,1091.88
851,536.927139187325,108486,1084.86
852,537.011632848896,110795,1107.95
853,537.096126472221,111636,1116.36
854,537.180620057546,113591,1135.91
855,537.265113605114,115907,1159.07
856,537.349607115172,114314,1143.14
857,537.434100587964,112384,1123.84
858,537.518594023736,111052,1110.52
859,537.603087422733,110102,1101.02
860,537.687580785199,110107,1101.07
861,537.772074111381,112414,1124.14
862,537.856567401522,120685,1206.85
863,537.941060655869,129599,1295.99
864,538.025553874667,127642,1276.42
865,538.11004705816,124157,1241.57
866,538.194540206593,129829,1298.29
867,538.279033320213,151589,1515.89
868,538.363526399263,192726,1927.26
869,538.44801944399,245671,2456.71
870,538.532512454637,297761,2977.61
871,538.617005431451,344185,3441.85
872,538.701498374677,373285,3732.85
873,538.785991284559,379121,3791.21
874,538.870484161343,365019,3650.19
875,538.954977005273,341104,3411.04
876,539.039469816596,311308,3113.08
877,539.123962595556,282217,2822.17
878,539.208455342398,264241,2642.41
879,539.292948057368,251472,2514.72
880,539.37744074071,236541,2365.41
881,539.46193339267,225880,2258.8
882,539.546426013493,218007,2180.07
883,539.630918603424,212020,2120.2
884,539.715411162708,202036,2020.36
885,539.79990369159,191361,1913.61
886,539.884396190315,181461,1814.61
887,539.968888659129,189278,1892.78
888,540.053381098277,188321,1883.21
889,540.137873508003,169695,1696.95
890,540.222365888553,152906,1529.06
891,540.306858240173,140444,1404.44
892,540.391350563106,130481,1304.81
893,540.475842857599,128028,1280.28
894,540.560335123896,124356,1243.56
895,540.644827362243,120997,1209.97
896,540.729319572884,120887,1208.87
897,540.813811756066,118212,1182.12
898,540.898303912032,114677,1146.77
899,540.982796041028,112582,1125.82
900,541.0672881433,111360,1113.6
901,541.151780219092,111125,1111.25
902,541.23627226865,110899,1108.99
903,541.320764292218,110899,1108.99
904,541.405256290042,111513,1115.13
905,541.489748262367,113711,1137.11
906,541.574240209438,118086,1180.86
907,541.6587321315,119061,1190.61
908,541.743224028798,120859,1208.59
909,541.827715901578,122463,1224.63
910,541.912207750085,123101,1231.01
911,541.996699574563,126102,1261.02
912,542.081191375258,130537,1305.37
913,542.165683152415,139052,1390.52
914,542.250174906279,147877,1478.77
915,542.334666637096,156914,1569.14
916,542.41915834511,169136,1691.36
917,542.503650030566,200343,2003.43
918,542.58814169371,225775,2257.75
919,542.672633334787,244913,2449.13
920,542.757124954042,266812,2668.12
921,542.841616551719,291013,2910.13
922,542.926108128065,323307,3233.07
923,543.010599683325,357523,3575.23
924,543.095091217743,392092,3920.92
925,543.179582731564,448095,4480.95
926,543.264074225034,487686,4876.86
927,543.348565698398,509590,5095.9
928,543.433057151901,534445,5344.45
929,543.517548585789,559549,5595.49
930,543.602040000305,588202,5882.02
931,543.686531395696,613228,6132.28
932,543.771022772206,631430,6314.3
933,543.855514130081,650113,6501.13
934,543.940005469566,668912,6689.12
935,544.024496790906,682834,6828.34
936,544.108988094346,700671,7006.71
937,544.193479380131,716601,7166.01
938,544.277970648506,726424,7264.24
939,544.362461899717,736009,7360.09
940,544.446953134009,749670,7496.7
941,544.531444351626,759838,7598.38
942,544.615935552814,768828,7688.28
943,544.700426737818,778416,7784.16
944,544.784917906884,785474,7854.74
945,544.869409060255,794705,7947.05
946,544.953900198178,801756,8017.56
947,545.038391320898,805427,8054.27
948,545.122882428659,807674,8076.74
949,545.207373521708,808866,8088.66
950,545.291864600288,811365,8113.65
951,545.376355664645,813565,8135.65
952,545.460846715024,839668,8396.68
953,545.545337751671,847306,8473.06
954,545.62982877483,836063,8360.63
955,545.714319784747,834063,8340.63
956,545.798810781666,836886,8368.86
957,545.883301765834,837542,8375.42
958,545.967792737495,839966,8399.66
959,546.052283696893,844017,8440.17
960,546.136774644275,850817,8508.17
961,546.221265579886,857011,8570.11
962,546.30575650397,861059,8610.59
963,546.390247416772,866052,8660.52
964,546.474738318539,870785,8707.85
965,546.559229209514,875272,8752.72
966,546.643720089944,879874,8798.74
967,546.728210960073,883551,8835.51
968,546.812701820146,887928,8879.28
969,546.897192670409,894060,8940.6
970,546.981683511106,896576,8965.76
971,547.066174342483,897027,8970.27
972,547.150665164785,898789,8987.89
973,547.235155978257,902848,9028.48
974,547.319646783145,904697,9046.97
975,547.404137579692,905092,9050.92
976,547.488628368145,906396,9063.96
977,547.573119148749,908094,9080.94
978,547.657609921748,910041,9100.41
979,547.742100687388,915531,9155.31
980,547.826591445914,919757,9197.57
981,547.911082197572,923377,9233.77
982,547.995572942605,927926,9279.26
983,548.08006368126,931109,9311.09
984,548.164554413782,933884,9338.84
985,548.249045140415,937313,9373.13
986,548.333535861404,940616,9406.16
987,548.418026576996,955821,9558.21
988,548.502517287435,961393,9613.93
989,548.587007992966,957546,9575.46
990,548.671498693834,955827,9558.27
991,548.755989390285,958891,9588.91
992,548.840480082563,961283,9612.83
993,548.924970770915,959254,9592.54
994,549.009461455584,957358,9573.58
995,549.093952136815,958336,9583.36
996,549.178442814856,959028,9590.28
997,549.262933489949,958211,9582.11
998,549.347424162341,964246,9642.46
999,549.431914832276,967169,9671.69
1000,549.5164055,965023,9650.23
1001,549.600896165758,966386,9663.86
1002,549.685386829794,969204,9692.04
1003,549.769877492355,970010,9700.1
1004,549.854368153685,971656,9716.56
1005,549.938858814029,987334,9873.34
1006,550.023349473633,993412,9934.12
1007,550.107840132742,990340,9903.4
1008,550.1923307916,988418,9884.18
1009,550.276821450453,985146,9851.46
1010,550.361312109546,983589,9835.89
1011,550.445802769124,984482,9844.82
1012,550.530293429432,984599,9845.99
1013,550.614784090716,983067,9830.67
1014,550.69927475322,981524,9815.24
1015,550.78376541719,980841,9808.41
1016,550.868256082871,980148,9801.48
1017,550.952746750508,980118,9801.18
1018,551.037237420346,981567,9815.67
1019,551.12172809263,982439,9824.39
1020,551.206218767606,982518,9825.18
1021,551.290709445518,981492,9814.92
1022,551.375200126611,981221,9812.21
1023,551.459690811131,984811,9848.11
1024,551.544181499323,986010,9860.1
1025,551.628672191433,985745,9857.45
1026,551.713162887704,985839,9858.39
1027,551.797653588383,985867,9858.67
1028,551.882144293714,986628,9866.28
1029,551.966635003943,986777,9867.77
1030,552.051125719314,989455,9894.55
1031,552.135616440073,994584,9945.84
1032,552.220107166465,994732,9947.32
1033,552.304597898735,992894,9928.94
1034,552.389088637129,991399,9913.99
1035,552.473579381891,1005544,10055.44
1036,552.558070133266,1006645,10066.45
1037,552.6425608915,996221,9962.21
1038,552.727051656838,990773,9907.73
1039,552.811542429524,1005535,10055.35
1040,552.896033209805,1006472,10064.72
1041,552.980523997925,995847,9958.47
1042,553.065014794129,988522,9885.22
1043,553.149505598662,981816,9818.16
1044,553.23399641177,978185,9781.85
1045,553.318487233698,977988,9779.88
1046,553.402978064691,986866,9868.66
1047,553.487468904993,995179,9951.79
1048,553.571959754851,991543,9915.43
1049,553.656450614509,983999,9839.99
1050,553.740941484213,979042,9790.42
1051,553.825432364206,981169,9811.69
1052,553.909923254736,981536,9815.36
1053,553.994414156046,983079,9830.79
1054,554.078905068382,982694,9826.94
1055,554.16339599199,979447,9794.47
1056,554.247886927113,976761,9767.61
1057,554.332377873998,990606,9906.06
1058,554.416868832889,992215,9922.15
1059,554.501359804032,981415,9814.15
1060,554.585850787671,974103,9741.03
1061,554.670341784053,969291,9692.91
1062,554.754832793421,967089,9670.89
1063,554.839323816021,964706,9647.06
1064,554.923814852099,961762,9617.62
1065,555.008305901899,958681,9586.81
1066,555.092796965667,961366,9613.66
1067,555.177288043647,960238,9602.38
1068,555.261779136085,976539,9765.39
1069,555.346270243226,979761,9797.61
1070,555.430761365315,968406,9684.06
1071,555.515252502597,962802,9628.02
1072,555.599743655318,957321,9573.21
1073,555.684234823722,952419,9524.19
1074,555.768726008055,951340,9513.4
1075,555.853217208561,951951,9519.51
1076,555.937708425486,949521,9495.21
1077,556.022199659075,963619,9636.19
1078,556.106690909574,966092,9660.92
1079,556.191182177226,956593,9565.93
1080,556.275673462278,948891,9488.91
1081,556.360164764975,944172,9441.72
1082,556.444656085561,944325,9443.25
1083,556.529147424282,940880,9408.8
1084,556.613638781383,936202,9362.02
1085,556.698130157109,931598,9315.98
1086,556.782621551706,930261,9302.61
1087,556.867112965417,928767,9287.67
1088,556.951604398489,929253,9292.53
1089,557.036095851167,930260,9302.6
1090,557.120587323695,924996,9249.96
1091,557.20507881632,917615,9176.15
1092,557.289570329285,912628,9126.28
1093,557.374061862836,912252,9122.52
1094,557.458553417219,910292,9102.92
1095,557.543044992678,907796,9077.96
1096,557.627536589459,905267,9052.67
1097,557.712028207806,903642,9036.42
1098,557.796519847966,901405,9014.05
1099,557.881011510182,902683,9026.83
1100,557.9655031947,903821,9038.21
1101,558.049994901765,900016,9000.16
1102,558.134486631623,895034,8950.34
1103,558.218978384519,892025,8920.25
1104,558.303470160697,892494,8924.94
1105,558.387961960402,890613,8906.13
1106,558.472453783881,888465,8884.65
1107,558.556945631378,887356,8873.56
1108,558.641437503137,908302,9083.02
1109,558.725929399405,919805,9198.05
1110,558.810421320427,906779,9067.79
1111,558.894913266447,892415,8924.15
1112,558.97940523771,883671,8836.71
1113,559.063897234463,879825,8798.25
1114,559.14838925695,878089,8780.89
1115,559.232881305415,873841,8738.41
1116,559.317373380105,868207,8682.07
1117,559.401865481264,867403,8674.03
1118,559.486357609138,865720,8657.2
1119,559.570849763971,861378,8613.78
1120,559.65534194601,857927,8579.27
1121,559.739834155498,857572,8575.72
1122,559.824326392681,855096,8550.96
1123,559.908818657804,853135,8531.35
1124,559.993310951113,850589,8505.89
1125,560.077803272852,846680,8466.8
1126,560.162295623266,843349,8433.49
1127,560.246788002602,840739,8407.39
1128,560.331280411103,840242,8402.42
1129,560.415772849015,841301,8413.01
1130,560.500265316583,840787,8407.87
1131,560.584757814052,841650,8416.5
1132,560.669250341668,838921,8389.21
1133,560.753742899676,832890,8328.9
1134,560.83823548832,831051,8310.51
1135,560.922728107845,828783,8287.83
1136,561.007220758498,825263,8252.63
1137,561.091713440523,822354,8223.54
1138,561.176206154165,818417,8184.17
1139,561.260698899669,815618,8156.18
1140,561.345191677281,812393,8123.93
1141,561.429684487245,808669,8086.69
1142,561.514177329807,805606,8056.06
1143,561.598670205212,802756,8027.56
1144,561.683163113705,800328,8003.28
1145,561.767656055531,796841,7968.41
1146,561.852149030935,796873,7968.73
1147,561.936642040163,799038,7990.38
1148,562.021135083459,796071,7960.71
1149,562.105628161069,791243,7912.43
1150,562.190121273237,790183,7901.83
1151,562.27461442021,787331,7873.31
1152,562.359107602232,791573,7915.73
1153,562.443600819547,790196,7901.96
1154,562.528094072403,785968,7859.68
1155,562.612587361042,788928,7889.28
1156,562.697080685712,788439,7884.39
1157,562.781574046656,784648,7846.48
1158,562.866067444119,793160,7931.6
1159,562.950560878348,791298,7912.98
1160,563.035054349587,779532,7795.32
1161,563.119547858082,775366,7753.66
1162,563.204041404076,772304,7723.04
1163,563.288534987816,768009,7680.09
1164,563.373028609547,763164,7631.64
1165,563.457522269514,758992,7589.92
1166,563.542015967961,756044,7560.44
1167,563.626509705135,756138,7561.38
1168,563.71100348128,757927,7579.27
1169,563.795497296641,755106,7551.06
1170,563.879991151464,749946,7499.46
1171,563.964485045993,746470,7464.7
1172,564.048978980475,744038,7440.38
1173,564.133472955153,741647,7416.47
1174,564.217966970273,738952,7389.52
1175,564.30246102608,738707,7387.07
1176,564.386955122819,739860,7398.6
1177,564.471449260736,738937,7389.37
1178,564.555943440075,734775,7347.75
1179,564.640437661083,730362,7303.62
1180,564.724931924002,778919,7789.19
1181,564.80942622908,792866,7928.66
1182,564.893920576561,763779,7637.79
1183,564.97841496669,746717,7467.17
1184,565.062909399713,735363,7353.63
1185,565.147403875874,734836,7348.36
1186,565.231898395419,731533,7315.33
1187,565.316392958592,722571,7225.71
1188,565.400887565639,716895,7168.95
1189,565.485382216806,713569,7135.69
1190,565.569876912336,711171,7111.71
1191,565.654371652476,709355,7093.55
1192,565.73886643747,709976,7099.76
1193,565.823361267564,709483,7094.83
1194,565.907856143003,721142,7211.42
1195,565.992351064031,722236,7222.36
1196,566.076846030894,712161,7121.61
1197,566.161341043838,705030,7050.3
1198,566.245836103106,699341,6993.41
1199,566.330331208945,696287,6962.87
1200,566.4148263616,693551,6935.51
1201,566.499321561315,692774,6927.74
1202,566.583816808336,691265,6912.65
1203,566.668312102908,690926,6909.26
1204,566.752807445276,689024,6890.24
1205,566.837302835685,687165,6871.65
1206,566.92179827438,687007,6870.07
1207,567.006293761607,684864,6848.64
1208,567.090789297611,681761,6817.61
1209,567.175284882636,682917,6829.17
1210,567.259780516928,681494,6814.94
1211,567.344276200732,677346,6773.46
1212,567.428771934293,675556,6755.56
1213,567.513267717856,676012,6760.12
1214,567.597763551667,674443,6744.43
1215,567.68225943597,671007,6710.07
1216,567.766755371011,683592,6835.92
1217,567.851251357034,686371,6863.71
1218,567.935747394286,676964,6769.64
1219,568.020243483011,676257,6762.57
1220,568.104739623454,673833,6738.33
1221,568.18923581586,684853,6848.53
1222,568.273732060474,686112,6861.12
1223,568.358228357543,674252,6742.52
1224,568.442724707309,666758,6667.58
1225,568.52722111002,662404,6624.04
1226,568.61171756592,658543,6585.43
1227,568.696214075254,655834,6558.34
1228,568.780710638267,652860,6528.6
1229,568.865207255205,650621,6506.21
1230,568.949703926312,649775,6497.75
1231,569.034200651834,650272,6502.72
1232,569.118697432015,649395,6493.95
1233,569.203194267102,646693,6466.93
1234,569.287691157338,647381,6473.81
1235,569.37218810297,650850,6508.5
1236,569.456685104242,656897,6568.97
1237,569.5411821614,655088,6550.88
1238,569.625679274688,648306,6483.06
1239,569.710176444352,646285,6462.85
1240,569.794673670637,642937,6429.37
1241,569.879170953788,638626,6386.26
1242,569.96366829405,638373,6383.73
1243,570.048165691668,642312,6423.12
1244,570.132663146887,640999,6409.99
1245,570.217160659954,642154,6421.54
1246,570.301658231112,640844,6408.44
1247,570.386155860606,636097,6360.97
1248,570.470653548683,633185,6331.85
1249,570.555151295587,631358,6313.58
1250,570.639649101562,629778,6297.78
1251,570.724146966856,628101,6281.01
1252,570.808644891712,628861,6288.61
1253,570.893142876375,631881,6318.81
1254,570.977640921091,631748,6317.48
1255,571.062139026105,629984,6299.84
1256,571.146637191662,640882,6408.82
1257,571.231135418007,640405,6404.05
1258,571.315633705386,629594,6295.94
1259,571.400132054043,625499,6254.99
1260,571.484630464223,624257,6242.57
1261,571.569128936172,620184,6201.84
1262,571.653627470135,615333,6153.33
1263,571.738126066357,616823,6168.23
1264,571.822624725083,618172,6181.72
1265,571.907123446559,614697,6146.97
1266,571.991622231028,615186,6151.86
1267,572.076121078737,617730,6177.3
1268,572.160619989931,614207,6142.07
1269,572.245118964855,610355,6103.55
1270,572.329618003753,606244,6062.44
1271,572.414117106872,603328,6033.28
1272,572.498616274455,604697,6046.97
1273,572.583115506749,600968,6009.68
1274,572.667614803999,594439,5944.39
1275,572.752114166448,590965,5909.65
1276,572.836613594344,589936,5899.36
1277,572.921113087931,590375,5903.75
1278,573.005612647453,591254,5912.54
1279,573.090112273157,591908,5919.08
1280,573.174611965286,594770,5947.7
1281,573.259111724088,599907,5999.07
1282,573.343611549805,605115,6051.15
1283,573.428111442685,622269,6222.69
1284,573.512611402971,624025,6240.25
1285,573.597111430909,644196,6441.96
1286,573.681611526744,644668,6446.68
1287,573.766111690721,628102,6281.02
1288,573.850611923086,614601,6146.01
1289,573.935112224083,601950,6019.5
1290,574.019612593957,595090,5950.9
1291,574.104113032955,592183,5921.83
1292,574.18861354132,592896,5928.96
1293,574.273114119298,592123,5921.23
1294,574.357614767134,591904,5919.04
1295,574.442115485074,590382,5903.82
1296,574.526616273362,622090,6220.9
1297,574.611117132243,629212,6292.12
1298,574.695618061963,620219,6202.19
1299,574.780119062767,612617,6126.17
1300,574.8646201349,599371,5993.71
1301,574.949121278607,592487,5924.87
1302,575.033622494133,589858,5898.58
1303,575.118123781723,588252,5882.52
1304,575.202625141623,584006,5840.06
1305,575.287126574078,579284,5792.84
1306,575.371628079332,576686,5766.86
1307,575.456129657631,575665,5756.65
1308,575.54063130922,574564,5745.64
1309,575.625133034344,576139,5761.39
1310,575.709634833249,580711,5807.11
1311,575.794136706179,579720,5797.2
1312,575.878638653379,575622,5756.22
1313,575.963140675095,572742,5727.42
1314,576.047642771572,570795,5707.95
1315,576.132144943055,569725,5697.25
1316,576.216647189789,572140,5721.4
1317,576.301149512019,572012,5720.12
1318,576.38565190999,568845,5688.45
1319,576.470154383948,566673,5666.73
1320,576.554656934138,566156,5661.56
1321,576.639159560804,568091,5680.91
1322,576.723662264192,567272,5672.72
1323,576.808165044547,588170,5881.7
1324,576.892667902114,595122,5951.22
1325,576.977170837139,581640,5816.4
1326,577.061673849866,570262,5702.62
1327,577.146176940541,563475,5634.75
1328,577.230680109408,560325,5603.25
1329,577.315183356713,558172,5581.72
1330,577.399686682701,559111,5591.11
1331,577.484190087617,576497,5764.97
1332,577.568693571706,578521,5785.21
1333,577.653197135214,567101,5671.01
1334,577.737700778385,562924,5629.24
1335,577.822204501465,558668,5586.68
1336,577.906708304698,554099,5540.99
1337,577.991212188331,574322,5743.22
1338,578.075716152607,579389,5793.89
1339,578.160220197773,569677,5696.77
1340,578.244724324073,562499,5624.99
1341,578.329228531752,561582,5615.82
1342,578.413732821056,562057,5620.57
1343,578.49823719223,557132,5571.32
1344,578.582741645518,552088,5520.88
1345,578.667246181166,551318,5513.18
1346,578.75175079942,550637,5506.37
1347,578.836255500524,551002,5510.02
1348,578.920760284723,555139,5551.39
1349,579.005265152262,553640,5536.4
1350,579.089770103388,549302,5493.02
1351,579.174275138344,546549,5465.49
1352,579.258780257375,544654,5446.54
1353,579.343285460728,543726,5437.26
1354,579.427790748647,542061,5420.61
1355,579.512296121378,540251,5402.51
1356,579.596801579165,539008,5390.08
1357,579.681307122253,539196,5391.96
1358,579.765812750888,538973,5389.73
1359,579.850318465315,537503,5375.03
1360,579.934824265779,536071,5360.71
1361,580.019330152525,534781,5347.81
1362,580.103836125799,547572,5475.72
1363,580.188342185844,549873,5498.73
1364,580.272848332908,543423,5434.23
1365,580.357354567233,539299,5392.99
1366,580.441860889067,535383,5353.83
1367,580.526367298654,532549,5325.49
1368,580.610873796238,535120,5351.2
1369,580.695380382066,534610,5346.1
1370,580.779887056382,530514,5305.14
1371,580.864393819432,531355,5313.55
1372,580.94890067146,530875,5308.75
1373,581.033407612712,527268,5272.68
1374,581.117914643433,525851,5258.51
1375,581.202421763867,525548,5255.48
1376,581.286928974261,524737,5247.37
1377,581.371436274859,526486,5264.86
1378,581.455943665907,526057,5260.57
1379,581.540451147649,526090,5260.9
1380,581.62495872033,525251,5252.51
1381,581.709466384197,522605,5226.05
1382,581.793974139493,521243,5212.43
1383,581.878481986465,525705,5257.05
1384,581.962989925357,525579,5255.79
1385,582.047497956414,526974,5269.74
1386,582.132006079881,528296,5282.96
1387,582.216514296004,525237,5252.37
1388,582.301022605028,521695,5216.95
1389,582.385531007198,526311,5263.11
1390,582.470039502758,526811,5268.11
1391,582.554548091955,522265,5222.65
1392,582.639056775033,519468,5194.68
1393,582.723565552238,516887,5168.87
1394,582.808074423814,515439,5154.39
1395,582.892583390007,514282,5142.82
1396,582.977092451061,517734,5177.34
1397,583.061601607223,518271,5182.71
1398,583.146110858736,515810,5158.1
1399,583.230620205847,515021,5150.21
1400,583.3151296488,512500,5125
1401,583.399639187841,512288,5122.88
1402,583.484148823214,511527,5115.27
1403,583.568658555165,508937,5089.37
1404,583.653168383939,506949,5069.49
1405,583.73767830978,510470,5104.7
1406,583.822188332935,511178,5111.78
1407,583.906698453649,509729,5097.29
1408,583.991208672165,507814,5078.14
1409,584.075718988731,504200,5042
1410,584.16022940359,504462,5044.62
1411,584.244739916987,503941,5039.41
1412,584.329250529169,501567,5015.67
1413,584.41376124038,499745,4997.45
1414,584.498272050865,498836,4988.36
1415,584.58278296087,498662,4986.62
1416,584.667293970638,504824,5048.24
1417,584.751805080417,511581,5115.81
1418,584.83631629045,508560,5085.6
1419,584.920827600983,503266,5032.66
1420,585.005339012262,500200,5002
1421,585.08985052453,500340,5003.4
1422,585.174362138034,502161,5021.61
1423,585.258873853018,502536,5025.36
1424,585.343385669727,499825,4998.25
1425,585.427897588408,496305,4963.05
1426,585.512409609304,493761,4937.61
1427,585.596921732661,492225,4922.25
1428,585.681433958724,493223,4932.23
1429,585.765946287739,492940,4929.4
1430,585.85045871995,494296,4942.96
1431,585.934971255602,496483,4964.83
1432,586.019483894941,499749,4997.49
1433,586.103996638212,499832,4998.32
1434,586.18850948566,495031,4950.31
1435,586.27302243753,491507,4915.07
1436,586.357535494067,488692,4886.92
1437,586.442048655516,503802,5038.02
1438,586.526561922122,522363,5223.63
1439,586.611075294132,515380,5153.8
1440,586.695588771789,501455,5014.55
1441,586.780102355339,493589,4935.89
1442,586.864616045027,490905,4909.05
1443,586.949129841097,488106,4881.06
1444,587.033643743797,484033,4840.33
1445,587.118157753369,481837,4818.37
1446,587.20267187006,480371,4803.71
1447,587.287186094115,478712,4787.12
1448,587.371700425779,478115,4781.15
1449,587.456214865296,477237,4772.37
1450,587.540729412912,476497,4764.97
1451,587.625244068873,475911,4759.11
1452,587.709758833423,477733,4777.33
1453,587.794273706808,478626,4786.26
1454,587.878788689272,478033,4780.33
1455,587.963303781061,477239,4772.39
1456,588.047818982419,476079,4760.79
1457,588.132334293593,477184,4771.84
1458,588.216849714827,478893,4788.93
1459,588.301365246366,476604,4766.04
1460,588.385880888455,473175,4731.75
1461,588.47039664134,470402,4704.02
1462,588.554912505266,468647,4686.47
1463,588.639428480477,470867,4708.67
1464,588.72394456722,473399,4733.99
1465,588.808460765738,476746,4767.46
1466,588.892977076278,474846,4748.46
1467,588.977493499084,469831,4698.31
1468,589.062010034401,465465,4654.65
1469,589.146526682475,461927,4619.27
1470,589.231043443551,459545,4595.45
1471,589.315560317874,457533,4575.33
1472,589.400077305689,457013,4570.13
1473,589.48459440724,457094,4570.94
1474,589.569111622774,459102,4591.02
1475,589.653628952536,463077,4630.77
1476,589.73814639677,462459,4624.59
1477,589.822663955722,459221,4592.21
1478,589.907181629636,518537,5185.37
1479,589.991699418759,538916,5389.16
1480,590.076217323334,511694,5116.94
1481,590.160735343608,490505,4905.05
1482,590.245253479825,474342,4743.42
1483,590.329771732231,464295,4642.95
1484,590.41429010107,481309,4813.09
1485,590.498808586588,484060,4840.6
1486,590.58332718903,469655,4696.55
1487,590.667845908641,462496,4624.96
1488,590.752364745666,457625,4576.25
1489,590.83688370035,452991,4529.91
1490,590.921402772939,452698,4526.98
1491,591.005921963678,456163,4561.63
1492,591.090441272811,454787,4547.87
1493,591.174960700584,453228,4532.28
1494,591.259480247241,453705,4537.05
1495,591.343999913029,453800,4538
1496,591.428519698192,451604,4516.04
1497,591.513039602976,448744,4487.44
1498,591.597559627625,446791,4467.91
1499,591.682079772385,445257,4452.57
1500,591.7666000375,443440,4434.4
1501,591.851120423216,442499,4424.99
1502,591.935640929779,441576,4415.76
1503,592.020161557432,442427,4424.27
1504,592.104682306422,442724,4427.24
1505,592.189203176993,441413,4414.13
1506,592.273724169391,440157,4401.57
1507,592.35824528386,438794,4387.94
1508,592.442766520647,437438,4374.38
1509,592.527287879995,439091,4390.91
1510,592.611809362151,439704,4397.04
1511,592.696330967358,458551,4585.51
1512,592.780852695863,462149,4621.49
1513,592.865374547911,449737,4497.37
1514,592.949896523746,442562,4425.62
1515,593.034418623614,438048,4380.48
1516,593.11894084776,462646,4626.46
1517,593.203463196429,468012,4680.12
1518,593.287985669866,451844,4518.44
1519,593.372508268317,442144,4421.44
1520,593.457030992026,436328,4363.28
1521,593.541553841238,432925,4329.25
1522,593.626076816199,431210,4312.1
1523,593.710599917154,429799,4297.99
1524,593.795123144348,428363,4283.63
1525,593.879646498027,426951,4269.51
1526,593.964169978434,430798,4307.98
1527,594.048693585816,431655,4316.55
1528,594.133217320417,428632,4286.32
1529,594.217741182483,428481,4284.81
1530,594.302265172259,427106,4271.06
1531,594.38678928999,426720,4267.2
1532,594.47131353592,426088,4260.88
1533,594.555837910296,425856,4258.56
1534,594.640362413363,424782,4247.82
1535,594.724887045364,438458,4384.58
1536,594.809411806547,440998,4409.98
1537,594.893936697155,431587,4315.87
1538,594.978461717434,430706,4307.06
1539,595.062986867629,428520,4285.2
1540,595.147512147985,423843,4238.43
1541,595.232037558747,425831,4258.31
1542,595.316563100161,430349,4303.49
1543,595.401088772471,427742,4277.42
1544,595.485614575923,422265,4222.65
1545,595.570140510762,418922,4189.22
1546,595.654666577233,416669,4166.69
1547,595.73919277558,417341,4173.41
1548,595.82371910605,418045,4180.45
1549,595.908245568888,416519,4165.19
1550,595.992772164338,419004,4190.04
1551,596.077298892645,423712,4237.12
1552,596.161825754055,420655,4206.55
1553,596.246352748813,414885,4148.85
1554,596.330879877164,411890,4118.9
1555,596.415407139353,421070,4210.7
1556,596.499934535626,422607,4226.07
1557,596.584462066227,416013,4160.13
1558,596.668989731401,413526,4135.26
1559,596.753517531394,412760,4127.6
1560,596.838045466451,412359,4123.59
1561,596.922573536817,409411,4094.11
1562,597.007101742737,406371,4063.71
1563,597.091630084456,426309,4263.09
1564,597.17615856222,442231,4422.31
1565,597.260687176273,433313,4333.13
1566,597.345215926861,422265,4222.65
1567,597.429744814228,419734,4197.34
1568,597.51427383862,414297,4142.97
1569,597.598803000283,407291,4072.91
1570,597.68333229946,408237,4082.37
1571,597.767861736398,407181,4071.81
1572,597.852391311341,407712,4077.12
1573,597.936921024535,406409,4064.09
1574,598.021450876224,404920,4049.2
1575,598.105980866655,405720,4057.2
1576,598.190510996071,402826,4028.26
1577,598.275041264718,401450,4014.5
1578,598.359571672842,401501,4015.01
1579,598.444102220687,402630,4026.3
1580,598.528632908498,400558,4005.58
1581,598.613163736522,399398,3993.98
1582,598.697694705001,403385,4033.85
1583,598.782225814183,403803,4038.03
1584,598.866757064312,401355,4013.55
1585,598.951288455633,397651,3976.51
1586,599.035819988391,396223,3962.23
1587,599.120351662832,397416,3974.16
1588,599.2048834792,395117,3951.17
1589,599.289415437741,391964,3919.64
1590,599.3739475387,390192,3901.92
1591,599.458479782322,391546,3915.46
1592,599.543012168852,393527,3935.27
1593,599.627544698535,394178,3941.78
1594,599.712077371617,391332,3913.32
1595,599.796610188342,387881,3878.81
1596,599.881143148956,388694,3886.94
1597,599.965676253703,390469,3904.69
1598,600.05020950283,388130,3881.3
1599,600.13474289658,384321,3843.21
1600,600.2192764352,382319,3823.19
1601,600.303810118934,383889,3838.89
1602,600.388343948028,384051,3840.51
1603,600.472877922726,381692,3816.92
1604,600.557412043273,382147,3821.47
1605,600.641946309916,381314,3813.14
1606,600.726480722899,379528,3795.28
1607,600.811015282466,378405,3784.05
1608,600.895549988864,377673,3776.73
1609,600.980084842338,376238,3762.38
1610,601.064619843132,376745,3767.45
1611,601.149154991491,377213,3772.13
1612,601.233690287662,379306,3793.06
1613,601.318225731888,379478,3794.78
1614,601.402761324415,377690,3776.9
1615,601.487297065489,378447,3784.47
1616,601.571832955354,378014,3780.14
1617,601.656368994255,378735,3787.35
1618,601.740905182438,377612,3776.12
1619,601.825441520148,374774,3747.74
1620,601.90997800763,376134,3761.34
1621,601.994514645128,378159,3781.59
1622,602.079051432889,378950,3789.5
1623,602.163588371157,376649,3766.49
1624,602.248125460177,375558,3755.58
1625,602.332662700195,374620,3746.2
1626,602.417200091456,374198,3741.98
1627,602.501737634204,371923,3719.23
1628,602.586275328686,368993,3689.93
1629,602.670813175145,367417,3674.17
1630,602.755351173828,373093,3730.93
1631,602.839889324979,374204,3742.04
1632,602.924427628843,372100,3721
1633,603.008966085667,371989,3719.89
1634,603.093504695693,369449,3694.49
1635,603.178043459169,365535,3655.35
1636,603.262582376339,366161,3661.61
1637,603.347121447448,368057,3680.57
1638,603.431660672741,367276,3672.76
1639,603.516200052464,364684,3646.84
1640,603.600739586861,361995,3619.95
1641,603.685279276178,360705,3607.05
1642,603.769819120659,360160,3601.6
1643,603.854359120551,359097,3590.97
1644,603.938899276098,360162,3601.62
1645,604.023439587545,362607,3626.07
1646,604.107980055137,361488,3614.88
1647,604.19252067912,361067,3610.67
1648,604.277061459738,361973,3619.73
1649,604.361602397237,359736,3597.36
1650,604.446143491862,356577,3565.77
1651,604.530684743859,362806,3628.06
1652,604.615226153471,372019,3720.19
1653,604.699767720944,371337,3713.37
1654,604.784309446525,364899,3648.99
1655,604.868851330456,361527,3615.27
1656,604.953393372984,363790,3637.9
1657,605.037935574354,366526,3665.26
1658,605.122477934812,362578,3625.78
1659,605.207020454601,373788,3737.88
1660,605.291563133967,374767,3747.67
1661,605.376105973156,364230,3642.3
1662,605.460648972412,357691,3576.91
1663,605.545192131981,353072,3530.72
1664,605.629735452108,350154,3501.54
1665,605.714278933038,347789,3477.89
1666,605.798822575015,351687,3516.87
1667,605.883366378286,352618,3526.18
1668,605.967910343095,349099,3490.99
1669,606.052454469688,346633,3466.33
1670,606.136998758309,345500,3455
1671,606.221543209204,347325,3473.25
1672,606.306087822618,347020,3470.2
1673,606.390632598795,344627,3446.27
1674,606.475177537982,345481,3454.81
1675,606.559722640423,347718,3477.18
1676,606.644267906364,348685,3486.85
1677,606.728813336049,348616,3486.16
1678,606.813358929724,345959,3459.59
1679,606.897904687633,342529,3425.29
1680,606.982450610022,339920,3399.2
1681,607.066996697137,337954,3379.54
1682,607.151542949221,339795,3397.95
1683,607.236089366521,342579,3425.79
1684,607.320635949282,341300,3413
1685,607.405182697748,338538,3385.38
1686,607.489729612165,339566,3395.66
1687,607.574276692777,339245,3392.45
1688,607.658823939831,336321,3363.21
1689,607.74337135357,336928,3369.28
1690,607.827918934241,338693,3386.93
1691,607.912466682089,336739,3367.39
1692,607.997014597358,334603,3346.03
1693,608.081562680293,340932,3409.32
1694,608.16611093114,341606,3416.06
1695,608.250659350145,339074,3390.74
1696,608.335207937551,338513,3385.13
1697,608.419756693605,337620,3376.2
1698,608.504305618551,334717,3347.17
1699,608.588854712634,333867,3338.67
1700,608.6734039761,332206,3322.06
1701,608.757953409194,337089,3370.89
1702,608.84250301216,340668,3406.68
1703,608.927052785245,335939,3359.39
1704,609.011602728693,331306,3313.06
1705,609.096152842749,328460,3284.6
1706,609.180703127658,326311,3263.11
1707,609.265253583666,324671,3246.71
1708,609.349804211018,323746,3237.46
1709,609.434355009958,325047,3250.47
1710,609.518905980733,324531,3245.31
1711,609.603457123586,327249,3272.49
1712,609.688008438764,352767,3527.67
1713,609.772559926511,356427,3564.27
1714,609.857111587073,340676,3406.76
1715,609.941663420694,331109,3311.09
1716,610.02621542762,325344,3253.44
1717,610.110767608096,325243,3252.43
1718,610.195319962366,323964,3239.64
1719,610.279872490677,320787,3207.87
1720,610.364425193274,318407,3184.07
1721,610.4489780704,316838,3168.38
1722,610.533531122303,316314,3163.14
1723,610.618084349226,316638,3166.38
1724,610.702637751414,318597,3185.97
1725,610.787191329114,320707,3207.07
1726,610.87174508257,319199,3191.99
1727,610.956299012027,321069,3210.69
1728,611.04085311773,320889,3208.89
1729,611.125407399925,317339,3173.39
1730,611.209961858857,314976,3149.76
1731,611.29451649477,331764,3317.64
1732,611.37907130791,341758,3417.58
1733,611.463626298523,332855,3328.55
1734,611.548181466852,325588,3255.88
1735,611.632736813144,325566,3255.66
1736,611.717292337643,322578,3225.78
1737,611.801848040595,316775,3167.75
1738,611.886403922244,313411,3134.11
1739,611.970959982837,313819,3138.19
1740,612.055516222617,314731,3147.31
1741,612.14007264183,315569,3155.69
1742,612.224629240722,316081,3160.81
1743,612.309186019537,313853,3138.53
1744,612.39374297852,320525,3205.25
1745,612.478300117917,320857,3208.57
1746,612.562857437973,325975,3259.75
1747,612.647414938933,327043,3270.43
1748,612.731972621042,317860,3178.6
1749,612.816530484545,310653,3106.53
1750,612.901088529688,319467,3194.67
1751,612.985646756714,320393,3203.93
1752,613.070205165871,313518,3135.18
1753,613.154763757402,308460,3084.6
1754,613.239322531553,304221,3042.21
1755,613.323881488569,304148,3041.48
1756,613.408440628695,302669,3026.69
1757,613.492999952176,300064,3000.64
1758,613.577559459258,300796,3007.96
1759,613.662119150185,302670,3026.7
1760,613.746679025203,300989,3009.89
1761,613.831239084557,297954,2979.54
1762,613.915799328492,298452,2984.52
1763,614.000359757252,297760,2977.6
1764,614.084920371084,295851,2958.51
1765,614.169481170232,295093,2950.93
1766,614.254042154942,294679,2946.79
1767,614.338603325458,293583,2935.83
1768,614.423164682026,294864,2948.64
1769,614.507726224891,297030,2970.3
1770,614.592287954298,295213,2952.13
1771,614.676849870492,305390,3053.9
1772,614.761411973718,307333,3073.33
1773,614.845974264222,299115,2991.15
1774,614.930536742248,294354,2943.54
1775,615.015099408042,294105,2941.05
1776,615.099662261849,292695,2926.95
1777,615.184225303914,289680,2896.8
1778,615.268788534481,290224,2902.24
1779,615.353351953797,289879,2898.79
1780,615.437915562106,292667,2926.67
1781,615.522479359654,292783,2927.83
1782,615.607043346685,289083,2890.83
1783,615.691607523446,298688,2986.88
1784,615.776171890179,300290,3002.9
1785,615.860736447132,292590,2925.9
1786,615.94530119455,287795,2877.95
1787,616.029866132676,287178,2871.78
1788,616.114431261757,286180,2861.8
1789,616.198996582037,286643,2866.43
1790,616.283562093762,287775,2877.75
1791,616.368127797177,287717,2877.17
1792,616.452693692527,285319,2853.19
1793,616.537259780057,281901,2819.01
1794,616.621826060012,282720,2827.2
1795,616.706392532638,284697,2846.97
1796,616.790959198179,282905,2829.05
1797,616.87552605688,279664,2796.64
1798,616.960093108988,294479,2944.79
1799,617.044660354746,298087,2980.87
1800,617.1292277944,295068,2950.68
1801,617.213795428195,297135,2971.35
1802,617.298363256377,291834,2918.34
1803,617.38293127919,284194,2841.94
1804,617.46749949688,279574,2795.74
1805,617.552067909691,276631,2766.31
1806,617.63663651787,274475,2744.75
1807,617.72120532166,557520,5575.2
1808,617.805774321307,640223,6402.23
1809,617.890343517057,487599,4875.99
1810,617.974912909154,394712,3947.12
1811,618.059482497843,340908,3409.08
1812,618.14405228337,310421,3104.21
1813,618.22862226598,292750,2927.5
1814,618.313192445918,281866,2818.66
1815,618.397762823429,286983,2869.83
1816,618.482333398757,289576,2895.76
1817,618.56690417215,281989,2819.89
1818,618.65147514385,277874,2778.74
1819,618.736046314105,274787,2747.87
1820,618.820617683158,271372,2713.72
1821,618.905189251254,269611,2696.11
1822,618.98976101864,268399,2683.99
1823,619.07433298556,267141,2671.41
1824,619.158905152259,269884,2698.84
1825,619.243477518983,286939,2869.39
1826,619.328050085976,289132,2891.32
1827,619.412622853484,280764,2807.64
1828,619.497195821751,277596,2775.96
1829,619.581768991023,278958,2789.58
1830,619.666342361546,275797,2757.97
1831,619.750915933564,270147,2701.47
1832,619.835489707321,266661,2666.61
1833,619.920063683065,269590,2695.9
1834,620.004637861039,271699,2716.99
1835,620.089212241489,268342,2683.42
1836,620.173786824659,264790,2647.9
1837,620.258361610796,263664,2636.64
1838,620.342936600144,262661,2626.61
1839,620.427511792947,261515,2615.15
1840,620.512087189453,265529,2655.29
1841,620.596662789905,286924,2869.24
1842,620.681238594548,296652,2966.52
1843,620.765814603629,285535,2855.35
1844,620.850390817391,273651,2736.51
1845,620.93496723608,268853,2688.53
1846,621.019543859942,270231,2702.31
1847,621.104120689221,267753,2677.53
1848,621.188697724162,264227,2642.27
1849,621.273274965011,261176,2611.76
1850,621.357852412012,257662,2576.62
1851,621.442430065412,256575,2565.75
1852,621.527007925454,255496,2554.96
1853,621.611585992385,256500,2565
1854,621.696164266449,257279,2572.79
1855,621.780742747892,255648,2556.48
1856,621.865321436958,253997,2539.97
1857,621.949900333892,253498,2534.98
1858,622.03447943894,255901,2559.01
1859,622.119058752348,256038,2560.38
1860,622.203638274359,253973,2539.73
1861,622.28821800522,255862,2558.62
1862,622.372797945175,255889,2558.89
1863,622.457378094469,253738,2537.38
1864,622.541958453348,252129,2521.29
1865,622.626539022057,252300,2523
1866,622.711119800841,252287,2522.87
1867,622.795700789945,251156,2511.56
1868,622.880281989613,259011,2590.11
1869,622.964863400093,260613,2606.13
1870,623.049445021627,254651,2546.51
1871,623.134026854462,251045,2510.45
1872,623.218608898843,248826,2488.26
1873,623.303191155015,250129,2501.29
1874,623.387773623222,250492,2504.92
1875,623.472356303711,250893,2508.93
1876,623.556939196726,252323,2523.23
1877,623.641522302512,250715,2507.15
1878,623.726105621315,247521,2475.21
1879,623.810689153379,247569,2475.69
1880,623.89527289895,246757,2467.57
1881,623.979856858273,247492,2474.92
1882,624.064441031593,251203,2512.03
1883,624.149025419156,252459,2524.59
1884,624.233610021205,254329,2543.29
1885,624.318194837987,254076,2540.76
1886,624.402779869747,251573,2515.73
1887,624.487365116729,252472,2524.72
1888,624.571950579179,252064,2520.64
1889,624.656536257342,247620,2476.2
1890,624.741122151463,243090,2430.9
1891,624.825708261788,242610,2426.1
1892,624.91029458856,246728,2467.28
1893,624.994881132027,245720,2457.2
1894,625.079467892432,243519,2435.19
1895,625.16405487002,241295,2412.95
1896,625.248642065038,238299,2382.99
1897,625.33322947773,262444,2624.44
1898,625.41781710834,270779,2707.79
1899,625.502404957115,364014,3640.14
1900,625.5869930243,386485,3864.85
1901,625.671581310139,323180,3231.8
1902,625.756169814878,650537,6505.37
1903,625.840758538762,730442,7304.42
1904,625.925347482035,519201,5192.01
1905,626.009936644944,402467,4024.67
1906,626.094526027733,333386,3333.86
1907,626.179115630648,288362,2883.62
1908,626.263705453933,262898,2628.98
1909,626.348295497833,250380,2503.8
1910,626.432885762595,241548,2415.48
1911,626.517476248462,235144,2351.44
1912,626.60206695568,241967,2419.67
1913,626.686657884495,242111,2421.11
1914,626.771249035151,234252,2342.52
1915,626.855840407893,234365,2343.65
1916,626.940432002967,232707,2327.07
1917,627.025023820618,231182,2311.82
1918,627.10961586109,241075,2410.75
1919,627.19420812463,241006,2410.06
1920,627.278800611482,240167,2401.67
1921,627.363393321891,238934,2389.34
1922,627.447986256102,259298,2592.98
1923,627.532579414361,261636,2616.36
1924,627.617172796912,244277,2442.77
1925,627.701766404002,233598,2335.98
1926,627.786360235874,226847,2268.47
1927,627.870954292774,225279,2252.79
1928,627.955548574948,223479,2234.79
1929,628.04014308264,231149,2311.49
1930,628.124737816095,232380,2323.8
1931,628.209332775559,227772,2277.72
1932,628.293927961276,223915,2239.15
1933,628.378523373493,219236,2192.36
1934,628.463119012454,216187,2161.87
1935,628.547714878403,214969,2149.69
1936,628.632310971587,216748,2167.48
1937,628.716907292251,218571,2185.71
1938,628.801503840639,219253,2192.53
1939,628.886100616996,216977,2169.77
1940,628.970697621569,214004,2140.04
1941,629.055294854601,212181,2121.81
1942,629.139892316339,213294,2132.94
1943,629.224490007026,215211,2152.11
1944,629.309087926909,213735,2137.35
1945,629.393686076233,213406,2134.06
1946,629.478284455242,212286,2122.86
1947,629.562883064182,209521,2095.21
1948,629.647481903298,207526,2075.26
1949,629.732080972835,206657,2066.57
1950,629.816680273037,207833,2078.33
1951,629.901279804152,207446,2074.46
1952,629.985879566422,207953,2079.53
1953,630.070479560095,210046,2100.46
1954,630.155079785414,210433,2104.33
1955,630.239680242624,207583,2075.83
1956,630.324280931972,203877,2038.77
1957,630.408881853702,207164,2071.64
1958,630.493483008059,209050,2090.5
1959,630.578084395288,205610,2056.1
1960,630.662686015635,202426,2024.26
1961,630.747287869345,204471,2044.71
1962,630.831889956662,204421,2044.21
1963,630.916492277832,201108,2011.08
1964,631.001094833101,198142,1981.42
1965,631.085697622712,196812,1968.12
1966,631.170300646912,198973,1989.73
1967,631.254903905945,199437,1994.37
1968,631.339507400056,202759,2027.59
1969,631.424111129492,204547,2045.47
1970,631.508715094496,206749,2067.49
1971,631.593319295314,213182,2131.82
1972,631.677923732192,212442,2124.42
1973,631.762528405373,207437,2074.37
1974,631.847133315104,204071,2040.71
1975,631.93173846163,199486,1994.86
1976,632.016343845195,197856,1978.56
1977,632.100949466045,196229,1962.29
1978,632.185555324425,193128,1931.28
1979,632.270161420579,191071,1910.71
1980,632.354767754754,190562,1905.62
1981,632.439374327195,192006,1920.06
1982,632.523981138146,191269,1912.69
1983,632.608588187852,189134,1891.34
1984,632.693195476559,189222,1892.22
1985,632.777803004512,188949,1889.49
1986,632.862410771956,188458,1884.58
1987,632.947018779136,188405,1884.05
1988,633.031627026297,188018,1880.18
1989,633.116235513685,188973,1889.73
1990,633.200844241544,193192,1931.92
1991,633.28545321012,192619,1926.19
1992,633.370062419658,188673,1886.73
1993,633.454671870403,186347,1863.47
1994,633.539281562599,184776,1847.76
1995,633.623891496493,183630,1836.3
1996,633.708501672329,182940,1829.4
1997,633.793112090353,184969,1849.69
1998,633.877722750809,184917,1849.17
1999,633.962333653943,182963,1829.63
2000,634.0469448,181436,1814.36
2001,634.131556189225,180584,1805.84
2002,634.216167821863,182024,1820.24
2003,634.300779698159,182110,1821.1
2004,634.385391818359,180444,1804.44
2005,634.470004182707,179293,1792.93
2006,634.554616791449,178313,1783.13
2007,634.639229644829,179996,1799.96
2008,634.723842743094,192586,1925.86
2009,634.808456086488,196545,1965.45
2010,634.893069675256,189229,1892.29
2011,634.977683509643,185577,1855.77
2012,635.062297589895,185267,1852.67
2013,635.146911916256,184908,1849.08
2014,635.231526488972,181989,1819.89
2015,635.316141308288,298987,2989.87
2016,635.400756374449,330530,3305.3
2017,635.4853716877,269074,2690.74
2018,635.569987248286,233675,2336.75
2019,635.654603056453,209217,2092.17
2020,635.739219112446,194002,1940.02
2021,635.823835416509,185458,1854.58
2022,635.908451968888,184567,1845.67
2023,635.993068769827,197914,1979.14
2024,636.077685819573,197079,1970.79
2025,636.16230311837,201945,2019.45
2026,636.246920666464,199489,1994.89
2027,636.331538464099,274509,2745.09
2028,636.41615651152,291460,2914.6
2029,636.500774808974,239536,2395.36
2030,636.585393356704,208615,2086.15
2031,636.670012154956,209308,2093.08
2032,636.754631203976,207054,2070.54
2033,636.839250504007,191952,1919.52
2034,636.923870055296,180852,1808.52
2035,637.008489858088,175992,1759.92
2036,637.093109912628,172982,1729.82
2037,637.17773021916,169875,1698.75
2038,637.26235077793,167728,1677.28
2039,637.346971589183,173300,1733
2040,637.431592653165,177383,1773.83
2041,637.51621397012,173498,1734.98
2042,637.600835540293,170417,1704.17
2043,637.68545736393,169794,1697.94
2044,637.770079441276,170204,1702.04
2045,637.854701772576,168447,1684.47
2046,637.939324358074,165733,1657.33
2047,638.023947198017,164000,1640
