464.9839,83365
465.068515076491,82587
465.153129906126,82733
465.237744489151,82953
465.322358825812,82902
465.406972916352,82617
465.491586761018,82461
465.576200360054,82849
465.660813713705,83029
465.745426822218,82937
465.830039685836,82814
465.914652304805,82974
465.99926467937,83210
466.083876809776,83277
466.168488696269,83083
466.253100339093,198787
466.337711738494,231692
466.422322894716,170463
466.506933808006,134227
466.591544478607,113402
466.676154906766,101351
466.760765092726,94230
466.845375036735,92787
466.929984739036,91894
467.014594199874,89959
467.099203419495,88407
467.183812398145,87129
467.268421136067,86621
467.353029633508,111374
467.437637890711,119687
467.522245907924,109637
467.60685368539,101642
467.691461223355,94725
467.776068522063,91025
467.860675581761,88716
467.945282402693,91121
468.029888985104,96378
468.11449532924,95574
468.199101435345,94559
468.283707303665,92735
468.368312934445,89651
468.45291832793,90749
468.537523484364,93192
468.622128403994,113009
468.706733087065,122169
468.791337533821,111265
468.875941744507,100498
468.96054571937,94473
469.045149458653,90845
469.129752962602,88968
469.214356231462,87722
469.298959265479,86880
469.383562064897,86609
469.468164629962,86311
469.552766960919,88394
469.637369058012,92207
469.721970921487,91714
469.80657255159,89789
469.891173948565,91062
469.975775112657,90649
470.060376044111,88659
470.144976743173,87461
470.229577210088,89625
470.314177445101,89922
470.398777448457,91109
470.483377220402,110992
470.567976761179,116831
470.652576071035,107019
470.737175150215,98951
470.821773998963,93461
470.906372617525,93083
470.990971006146,91829
471.075569165072,117974
471.160167094546,125091
471.244764794815,112316
471.329362266123,103222
471.413959508717,98709
471.498556522839,100820
471.583153308737,101348
471.667749866655,98441
471.752346196838,97771
471.836942299532,97832
471.921538174981,101148
472.00613382343,99258
472.090729245126,93451
472.175324440312,90056
472.259919409234,90969
472.344514152137,90554
472.429108669267,88220
472.513702960868,87947
472.598297027185,89625
472.682890868465,89325
472.767484484951,87824
472.852077876889,86772
472.936671044524,89049
473.021263988101,89759
473.105856707865,88738
473.190449204062,92869
473.275041476937,105779
473.359633526735,111399
473.4442253537,103938
473.528816958078,98512
473.613408340115,97734
473.697999500055,94773
473.782590438143,91079
473.867181154625,89110
473.951771649745,91551
474.03636192375,91746
474.120951976883,89485
474.20554180939,88358
474.290131421517,87491
474.374720813508,89988
474.459309985608,90382
474.543898938063,88735
474.628487671118,87663
474.713076185018,87101
474.797664480008,90128
474.882252556332,116682
474.966840414238,124383
475.051428053968,140116
475.13601547577,138300
475.220602679887,116310
475.305189666564,103106
475.389776436048,95650
475.474362988583,91630
475.558949324414,89017
475.643535443787,87632
475.728121346946,86985
475.812707034136,86347
475.897292505604,106557
475.981877761593,116186
476.066462802349,109059
476.151047628118,103642
476.235632239144,97632
476.320216635672,92062
476.404800817948,92151
476.489384786216,91829
476.573968540723,93419
476.658552081712,110171
476.74313540943,112409
476.827718524121,102025
476.91230142603,95288
476.996884115403,93959
477.081466592484,92645
477.166048857519,89576
477.250630910753,91097
477.335212752432,91169
477.419794382799,88951
477.504375802101,90255
477.588957010582,90637
477.673538008487,88869
477.758118796063,125345
477.842699373553,135336
477.927279741204,114845
478.011859899259,102249
478.096439847965,94824
478.181019587566,91529
478.265599118308,89769
478.350178440435,87940
478.434757554193,87379
478.519336459827,97984
478.603915157582,100416
478.688493647704,93703
478.773071930436,143090
478.857650006026,156086
478.942227874716,127461
479.026805536754,120032
479.111382992383,114453
479.19596024185,106060
479.280537285398,99040
479.365114123274,93047
479.449690755722,89688
479.534267182988,87774
479.618843405317,86516
479.703419422953,88727
479.787995236142,92895
479.87257084513,92401
479.95714625016,89809
480.041721451479,87938
480.126296449331,87160
480.210871243962,89382
480.295445835617,89761
480.380020224541,90656
480.464594410979,90178
480.549168395175,91265
480.633742177377,91259
480.718315757827,88988
480.802889136772,87553
480.887462314457,86617
480.972035291127,86092
481.056608067026,89281
481.141180642401,100795
481.225753017496,101722
481.310325192556,94744
481.394897167827,93427
481.479468943554,92074
481.564040519981,89538
481.648611897354,87910
481.733183075918,86528
481.817754055918,89005
481.9023248376,89578
481.986895421208,90281
482.071465806988,120306
482.156035995184,126911
482.240605986042,112156
482.325175779807,102823
482.409745376725,95774
482.494314777039,91197
482.578883980996,88764
482.663452988841,87711
482.748021800818,86918
482.832590417173,86443
482.91715883815,88980
483.001727063996,92310
483.086295094955,91522
483.170862931273,89080
483.255430573193,88297
483.339998020963,90627
483.424565274826,90885
483.509132335028,88902
483.593699201814,87650
483.678265875429,89674
483.762832356118,89925
483.847398644127,88008
483.9319647397,89628
484.016530643083,99650
484.101096354521,100695
484.185661874258,94884
484.270227202541,91325
484.354792339614,89134
484.439357285722,88206
484.523922041111,90317
484.608486606025,92829
484.69305098071,91588
484.777615165411,90683
484.862179160373,92646
484.946742965841,91558
485.03130658206,91136
485.115870009276,93411
485.200433247733,92347
485.284996297677,89553
485.369559159353,109270
485.454121833005,117299
485.53868431888,106059
485.623246617222,98311
485.707808728276,93721
485.792370652288,90234
485.876932389502,90655
485.961493940164,90389
486.046055304519,88475
486.130616482813,88067
486.215177475289,87839
486.299738282193,93025
486.384298903771,94226
486.468859340268,90536
486.553419591928,88083
486.637979658997,87205
486.722539541719,86866
486.807099240341,88652
486.891658755108,89025
486.976218086263,87322
487.060777234053,86422
487.145336198723,85825
487.229894980517,85276
487.314453579682,85693
487.399011996461,86047
487.483570231101,85603
487.568128283845,85370
487.652686154941,85047
487.737243844632,85276
487.821801353163,89563
487.906358680781,90437
487.990915827729,88212
488.075472794253,87033
488.160029580599,90495
488.244586187011,91514
488.329142613735,89574
488.413698861015,93662
488.498254929097,94195
488.582810818225,93876
488.667366528646,93669
488.751922060605,90755
488.836477414345,88839
488.921032590113,88283
489.005587588153,89157
489.090142408711,113630
489.174697052032,122101
489.259251518361,111640
489.343805807943,102553
489.428359921024,94971
489.512913857847,90604
489.597467618659,88946
489.682021203705,97960
489.76657461323,99904
489.851127847479,93710
489.935680906696,91459
490.020233791128,89916
490.104786501019,88050
490.189339036615,90234
490.27389139816,90324
490.3584435859,88111
490.44299560008,86743
490.527547440945,85961
490.612099108739,85613
490.69665060371,85128
490.7812019261,85131
490.865753076156,88055
490.950304054123,89291
491.034854860246,88186
491.119405494769,87233
491.203955957939,86803
491.288506249999,86587
491.373056371197,85961
491.457606321775,88673
491.54215610198,90270
491.626705712057,88701
491.711255152251,87195
491.795804422807,86206
491.88035352397,85755
491.964902455985,85721
492.049451219098,88776
492.133999813553,89228
492.218548239596,87656
492.303096497471,89360
492.387644587425,91165
492.472192509702,92522
492.556740264546,98796
492.641287852205,98350
492.725835272921,92684
492.810382526942,90214
492.894929614511,97547
492.979476535874,98520
493.064023291276,93122
493.148569880962,92027
493.233116305178,90724
493.317662564167,88449
493.402208658177,87703
493.486754587451,87292
493.571300352235,86670
493.655845952774,86034
493.740391389313,88667
493.824936662097,89370
493.909481771372,89820
493.994026717382,89475
494.078571500372,87695
494.163116120589,86831
494.247660578276,86512
494.33220487368,109496
494.416749007044,115982
494.501292978615,103779
494.585836788637,96207
494.670380437356,91399
494.754923925017,89128
494.839467251864,91146
494.924010418144,90849
495.0085534241,88465
495.093096269979,100031
495.177638956025,102890
495.262181482484,98393
495.3467238496,97311
495.431266057619,93692
495.515808106786,93278
495.600349997346,92156
495.684891729544,89308
495.769433303626,88933
495.853974719836,88031
495.938515978419,86559
496.023057079622,86124
496.107598023688,85993
496.192138810863,88644
496.276679441392,89300
496.361219915521,89283
496.445760233493,115707
496.530300395556,122264
496.614840401953,107246
496.69938025293,102776
496.783919948731,98961
496.868459489603,96286
496.95299887579,93477
497.037538107538,96330
497.12207718509,96105
497.206616108694,94467
497.291154878593,92776
497.375693495033,90005
497.460231958259,87994
497.544770268516,86860
497.629308426049,86776
497.713846431104,86348
497.798384283926,88443
497.882921984759,88898
497.967459533848,87697
498.05199693144,90127
498.136534177779,93656
498.22107127311,92325
498.305608217678,89213
498.390145011729,87621
498.474681655507,86459
498.559218149259,85938
498.643754493228,86341
498.72829068766,85979
498.8128267328,85316
498.897362628894,85187
498.981898376185,85619
499.066433974921,86025
499.150969425345,88983
499.235504727703,102153
499.32003988224,103947
499.404574889201,98756
499.489109748831,95488
499.573644461376,91487
499.65817902708,88759
499.742713446188,87332
499.827247718947,86834
499.9117818456,86562
499.996315826393,85782
500.080849661572,85597
500.165383351381,85725
500.249916896065,85633
500.33445029587,85855
500.41898355104,101643
500.503516661822,106025
500.588049628459,97066
500.672582451197,92476
500.757115130282,89956
500.841647665958,88268
500.92618005847,87252
501.010712308064,108502
501.095244414985,117003
501.179776379478,108620
501.264308201788,100730
501.34883988216,97477
501.433371420839,94503
501.517902818071,90452
501.6024340741,91544
501.686965189172,93456
501.771496163532,91663
501.856026997425,89017
501.940557691096,87329
502.02508824479,86563
502.109618658753,89341
502.194148933229,89631
502.278679068464,87762
502.363209064702,87150
502.44773892219,86384
502.532268641171,88959
502.616798221892,89881
502.701327664597,88251
502.785856969531,87026
502.87038613694,89243
502.954915167069,92478
503.039444060163,91255
503.123972816466,88663
503.208501436225,90637
503.293029919684,91511
503.377558267088,92278
503.462086478683,94631
503.546614554714,96572
503.631142495425,94249
503.715670301062,90259
503.800197971871,88091
503.884725508095,86890
503.969252909981,88710
504.053780177773,92010
504.138307311717,91492
504.222834312058,92197
504.307361179041,92080
504.39188791291,92493
504.476414513912,93054
504.560940982291,104870
504.645467318292,106300
504.729993522161,97114
504.814519594143,94334
504.899045534482,94137
504.983571343424,96075
505.068097021215,97114
505.152622568098,96835
505.23714798432,105935
505.321673270126,105333
505.40619842576,96820
505.490723451468,92055
505.575248347494,91853
505.659773114085,90919
505.744297751485,112305
505.828822259939,120432
505.913346639693,107734
505.997870890991,98352
506.082395014079,92908
506.166919009201,89797
506.251442876604,88033
506.335966616531,89575
506.420490229229,89733
506.505013714942,88388
506.589537073916,87795
506.674060306396,89743
506.758583412626,90518
506.843106392852,88879
506.927629247319,87839
507.012151976272,87015
507.096674579957,89171
507.181197058618,90340
507.2657194125,88772
507.350241641849,111854
507.43476374691,121072
507.519285727928,108371
507.603807585148,98558
507.688329318816,93313
507.772850929175,92889
507.857372416473,94435
507.941893780953,92648
508.02641502286,90098
508.110936142441,88157
508.195457139939,89255
508.279978015601,89276
508.364498769671,88307
508.449019402395,87639
508.533539914017,86829
508.618060304783,88653
508.702580574937,88943
508.787100724726,87430
508.871620754394,88184
508.956140664186,100495
509.040660454347,106781
509.125180125123,113056
509.209699676758,110439
509.294219109499,115425
509.378738423589,113369
509.463257619274,104731
509.5477766968,98729
509.632295656411,92968
509.716814498352,89769
509.801333222869,87930
509.885851830207,86905
509.97037032061,86671
510.054888694324,86504
510.139406951595,89256
510.223925092667,89573
510.308443117785,87623
510.392961027195,87471
510.477478821141,89927
510.56199649987,92859
510.646514063625,94944
510.731031512652,96516
510.815548847197,94257
510.900066067503,91054
510.984583173818,88812
511.069100166384,89877
511.153617045449,89685
511.238133811256,90726
511.322650464052,90454
511.407167004081,88231
511.491683431587,93051
511.576199746818,94161
511.660715950017,93562
511.745232041429,92410
511.829748021301,89723
511.914263889876,87997
511.9987796474,87835
512.083295294119,87375
512.167810830277,87077
512.252326256119,88926
512.336841571891,91331
512.421356777838,103157
512.505871874205,104683
512.590386861236,100175
512.674901739178,96454
512.759416508275,92126
512.843931168773,89597
512.928445720916,90884
513.01296016495,93638
513.097474501119,92398
513.18198872967,89706
513.266502850847,88198
513.351016864895,90079
513.435530772059,90604
513.520044572585,88833
513.604558266717,87507
513.689071854701,92382
513.773585336782,95543
513.858098713206,96253
513.942611984216,97302
514.027125150058,99950
514.111638210978,101229
514.196151167221,97437
514.280664019031,92578
514.365176766654,89939
514.449689410336,90807
514.53420195032,93211
514.618714386852,92125
514.703226720178,89658
514.787738950542,88279
514.87225107819,87287
514.956763103367,86612
515.041275026318,86243
515.125786847287,92622
515.210298566521,94343
515.294810184265,90819
515.379321700762,89267
515.463833116259,88816
515.548344431001,88001
515.632855645233,90116
515.7173667592,90428
515.801877773147,89799
515.886388687319,91605
515.970899501962,91106
516.05541021732,89022
516.139920833639,87870
516.224431351163,87383
516.308941770138,87247
516.39345209081,86828
516.477962313423,86550
516.562472438222,89012
516.646982465452,92424
516.731492395359,96417
516.816002228188,95942
516.900511964184,92181
516.985021603591,95327
517.069531146656,100998
517.154040593623,107519
517.238549944738,104734
517.323059200245,99650
517.40756836039,96181
517.492077425417,92504
517.576586395573,90179
517.661095271101,112667
517.745604052248,118385
517.830112739258,104802
517.914621332376,102908
517.999129831848,100497
518.083638237919,95219
518.168146550834,91948
518.252654770838,89630
518.337162898176,88562
518.421670933093,88296
518.506178875835,87991
518.590686726646,87482
518.675194485772,87955
518.759702153457,90884
518.844209729948,91352
518.928717215489,89510
519.013224610325,91279
519.097731914701,92188
519.182239128863,90727
519.266746253055,89811
519.351253287523,89133
519.435760232512,88714
519.520267088267,88555
519.604773855033,88201
519.689280533056,87732
519.77378712258,87821
519.85829362385,87656
519.942800037113,90842
520.027306362612,91556
520.111812600593,89862
520.196318751301,88970
520.280824814981,88440
520.365330791879,88150
520.449836682239,88546
520.534342486307,89186
520.618848204327,89056
520.703353836546,91276
520.787859383207,91620
520.872364844557,95727
520.95687022084,112012
521.041375512301,113250
521.125880719186,102904
521.21038584174,96531
521.294890880208,103876
521.379395834834,105131
521.463900705865,101023
521.548405493545,98080
521.632910198119,94581
521.717414819833,92427
521.801919358931,90995
521.88642381566,90268
521.970928190263,92911
522.055432482986,217947
522.139936694074,251148
522.224440823773,186212
522.308944872327,147196
522.393448839982,123333
522.477952726982,112403
522.562456533574,119277
522.646960260001,116902
522.731463906509,109416
522.815967473344,106808
522.90047096075,101834
522.984974368973,96995
523.069477698257,94255
523.153980948848,92848
523.238484120991,92089
523.322987214931,91638
523.407490230914,94478
523.491993169183,98611
523.576496029985,127370
523.660998813565,133103
523.745501520167,140061
523.830004150038,136670
523.914506703421,118296
523.999009180562,107307
524.083511581707,100904
524.1680139071,97311
524.252516156987,95237
524.337018331612,94480
524.421520431221,96958
524.506022456059,97504
524.590524406371,95875
524.675026282403,112193
524.759528084398,117042
524.844029812603,107838
524.928531467263,102187
525.013033048623,113205
525.097534556927,116161
525.182035992421,107736
525.266537355351,102462
525.351038645961,99596
525.435539864496,101199
525.520041011202,100832
525.604542086324,99043
525.689043090106,104917
525.773544022794,105924
525.858044884634,105402
525.942545675869,104507
526.027046396746,101526
526.11154704751,99883
526.196047628405,99216
526.280548139677,101994
526.36504858157,102751
526.449548954331,100894
526.534049258204,100276
526.618549493434,102879
526.703049660267,103593
526.787549758947,102217
526.87204978972,103742
526.956549752831,104552
527.041049648525,103311
527.125549477046,102125
527.210049238641,116831
527.294548933555,122676
527.379048562032,115055
527.463548124317,109698
527.548047620657,107876
527.632547051295,106752
527.717046416477,105845
527.801545716449,109872
527.886044951455,111140
527.97054412174,115690
528.05504322755,115730
528.139542269129,111494
528.224041246724,110866
528.308540160578,112397
528.393039010938,112210
528.477537798047,110316
528.562036522152,111685
528.646535183498,114704
528.731033782329,116519
528.815532318891,115076
528.900030793429,112828
528.984529206188,111537
529.069027557414,110903
529.15352584735,111112
529.238024076243,111188
529.322522244338,111096
529.407020351879,111620
529.491518399112,112559
529.576016386283,113224
529.660514313635,113533
529.745012181415,113852
529.829509989866,114338
529.914007739236,114713
529.998505429768,117854
530.083003061708,119340
530.167500635301,118336
530.251998150792,118096
530.336495608426,118793
530.420993008449,121561
530.505490351105,125307
530.589987636639,127904
530.674484865298,129020
530.758982037325,126936
530.843479152966,124125
530.927976212466,122619
531.012473216071,121982
531.096970164025,162086
531.181467056574,175089
531.265963893962,152826
531.350460676435,137394
531.434957404238,128162
531.519454077616,121982
531.603950696814,119220
531.688447262078,116656
531.772943773652,112720
531.857440231782,109082
531.941936636713,105783
532.026432988689,105764
532.110929287956,104668
532.19542553476,104429
532.279921729345,102816
532.364417871956,99600
532.448913962839,97288
532.533410002239,95803
532.6179059904,94494
532.702401927568,93105
532.786897813989,92072
532.871393649906,97396
532.955889435567,101443
533.040385171214,98638
533.124880857094,118688
533.209376493452,122824
533.293872080533,108308
533.378367618582,99639
533.462863107844,112910
533.547358548564,114864
533.631853940988,105704
533.71634928536,99991
533.800844581926,103779
533.885339830931,102691
533.96983503262,96186
534.054330187238,92319
534.13882529503,92476
534.223320356242,91959
534.307815371118,89818
534.392310339903,88335
534.476805262844,87857
534.561300140184,87866
534.64579497217,92970
534.730289759045,94133
534.814784501056,94047
534.899279198448,93610
534.983773851465,91123
535.068268460352,92082
535.152763025356,99998
535.23725754672,115698
535.321752024691,115493
535.406246459513,104360
535.490740851431,97116
535.575235200691,92950
535.659729507538,90657
535.744223772216,415133
535.828717994971,506777
535.913212176048,331044
535.997706315693,226649
536.08220041415,175192
536.166694471664,143275
536.251188488481,119527
536.335682464845,105532
536.420176401003,98066
536.504670297198,93652
536.589164153677,90673
536.673657970684,88979
536.758151748464,88974
536.842645487263,88866
536.927139187325,87846
537.011632848896,90217
537.096126472221,91379
537.180620057546,93428
537.265113605114,96117
537.349607115172,94385
537.434100587964,92128
537.518594023736,90693
537.603087422733,89762
537.687580785199,89569
537.772074111381,91977
537.856567401522,101516
537.941060655869,111771
538.025553874667,108668
538.11004705816,102600
538.194540206593,104539
538.279033320213,117292
538.363526399263,145009
538.44801944399,182112
538.532512454637,222361
538.617005431451,262319
538.701498374677,288504
538.785991284559,298238
538.870484161343,291913
538.954977005273,276791
539.039469816596,254505
539.123962595556,231060
539.208455342398,218166
539.292948057368,207798
539.37744074071,194676
539.46193339267,186223
539.546426013493,180236
539.630918603424,176164
539.715411162708,168125
539.79990369159,159390
539.884396190315,151181
539.968888659129,163765
540.053381098277,166746
540.137873508003,149002
540.222365888553,132419
540.306858240173,120624
540.391350563106,111368
540.475842857599,109613
540.560335123896,105977
540.644827362243,102091
540.729319572884,101700
540.813811756066,98504
540.898303912032,94357
540.982796041028,92047
541.0672881433,90913
541.151780219092,90637
541.23627226865,90343
541.320764292218,90188
541.405256290042,90869
541.489748262367,93390
541.574240209438,97923
541.6587321315,98869
541.743224028798,100600
541.827715901578,101879
541.912207750085,102480
541.996699574563,105674
542.081191375258,110181
542.165683152415,119235
542.250174906279,127902
542.334666637096,136062
542.41915834511,147659
542.503650030566,180501
542.58814169371,205703
542.672633334787,222766
542.757124954042,242069
542.841616551719,263303
542.926108128065,292174
543.010599683325,322324
543.095091217743,352300
543.179582731564,405780
543.264074225034,440804
543.348565698398,456707
543.433057151901,475517
543.517548585789,495237
543.602040000305,520340
543.686531395696,543133
543.771022772206,558656
543.855514130081,574741
543.940005469566,591369
544.024496790906,602803
544.108988094346,619413
544.193479380131,634595
544.277970648506,642567
544.362461899717,650240
544.446953134009,662708
544.531444351626,672395
544.615935552814,680198
544.700426737818,688594
544.784917906884,694713
544.869409060255,702763
544.953900198178,708820
545.038391320898,711342
545.122882428659,712829
545.207373521708,713716
545.291864600288,716003
545.376355664645,718588
545.460846715024,747782
545.545337751671,756072
545.62982877483,743473
545.714319784747,740423
545.798810781666,742651
545.883301765834,742769
545.967792737495,745362
546.052283696893,749350
546.136774644275,755253
546.221265579886,760531
546.30575650397,763395
546.390247416772,767433
546.474738318539,771273
546.559229209514,774693
546.643720089944,778169
546.728210960073,781247
546.812701820146,786438
546.897192670409,793132
546.981683511106,794969
547.066174342483,794785
547.150665164785,797376
547.235155978257,802051
547.319646783145,803124
547.404137579692,801799
547.488628368145,801980
547.573119148749,803252
547.657609921748,805884
547.742100687388,812063
547.826591445914,815904
547.911082197572,818276
547.995572942605,822632
548.08006368126,825419
548.164554413782,827732
548.249045140415,830221
548.333535861404,833015
548.418026576996,850011
548.502517287435,856066
548.587007992966,850938
548.671498693834,847216
548.755989390285,849271
548.840480082563,853186
548.924970770915,851284
549.009461455584,848821
549.093952136815,850372
549.178442814856,850365
549.262933489949,848860
549.347424162341,855020
549.431914832276,857803
549.5164055,854954
549.600896165758,855330
549.685386829794,857355
549.769877492355,858641
549.854368153685,860897
549.938858814029,878572
550.023349473633,885664
550.107840132742,880823
550.1923307916,876790
550.276821450453,872841
550.361312109546,871000
550.445802769124,872212
550.530293429432,872118
550.614784090716,869719
550.69927475322,868311
550.78376541719,868184
550.868256082871,866584
550.952746750508,865661
551.037237420346,867904
551.12172809263,869738
551.206218767606,869207
551.290709445518,867892
551.375200126611,867583
551.459690811131,871933
551.544181499323,873482
551.628672191433,872952
551.713162887704,872891
551.797653588383,872978
551.882144293714,872265
551.966635003943,872007
552.051125719314,875010
552.135616440073,880183
552.220107166465,880455
552.304597898735,878918
552.389088637129,877746
552.473579381891,893863
552.558070133266,895814
552.6425608915,884478
552.727051656838,878035
552.811542429524,893651
552.896033209805,894916
552.980523997925,884327
553.065014794129,876938
553.149505598662,869805
553.23399641177,864885
553.318487233698,864014
553.402978064691,874758
553.487468904993,884950
553.571959754851,879683
553.656450614509,870705
553.740941484213,865616
553.825432364206,868202
553.909923254736,868498
553.994414156046,870226
554.078905068382,869158
554.16339599199,864127
554.247886927113,860774
554.332377873998,877080
554.416868832889,879320
554.501359804032,867090
554.585850787671,859941
554.670341784053,855228
554.754832793421,852185
554.839323816021,848883
554.923814852099,846065
555.008305901899,843463
555.092796965667,846404
555.177288043647,844908
555.261779136085,863621
555.346270243226,867206
555.430761365315,854490
555.515252502597,848492
555.599743655318,842500
555.684234823722,836283
555.768726008055,835825
555.853217208561,837177
555.937708425486,833998
556.022199659075,850398
556.106690909574,853266
556.191182177226,842835
556.275673462278,835509
556.360164764975,830426
556.444656085561,830251
556.529147424282,826314
556.613638781383,821451
556.698130157109,817256
556.782621551706,816041
556.867112965417,814325
556.951604398489,815036
557.036095851167,817941
557.120587323695,813487
557.20507881632,805770
557.289570329285,799751
557.374061862836,798742
557.458553417219,797041
557.543044992678,795156
557.627536589459,792705
557.712028207806,791624
557.796519847966,789447
557.881011510182,790861
557.9655031947,792797
558.049994901765,788925
558.134486631623,782943
558.218978384519,779646
558.303470160697,780668
558.387961960402,779021
558.472453783881,776525
558.556945631378,775054
558.641437503137,797729
558.725929399405,810049
558.810421320427,796563
558.894913266447,782329
558.97940523771,773425
559.063897234463,769175
559.14838925695,767362
559.232881305415,762902
559.317373380105,757250
559.401865481264,756680
559.486357609138,755256
559.570849763971,750390
559.65534194601,746848
559.739834155498,747127
559.824326392681,744758
559.908818657804,743792
559.993310951113,741727
560.077803272852,736737
560.162295623266,732488
560.246788002602,729713
560.331280411103,730302
560.415772849015,732596
560.500265316583,733116
560.584757814052,734564
560.669250341668,730673
560.753742899676,723473
560.83823548832,721555
560.922728107845,719186
561.007220758498,715216
561.091713440523,712475
561.176206154165,709001
561.260698899669,706315
561.345191677281,703548
561.429684487245,700661
561.514177329807,698254
561.598670205212,695612
561.683163113705,693386
561.767656055531,690396
561.852149030935,690576
561.936642040163,692302
562.021135083459,689245
562.105628161069,684300
562.190121273237,683470
562.27461442021,681031
562.359107602232,686259
562.443600819547,685219
562.528094072403,681186
562.612587361042,685138
562.697080685712,684770
562.781574046656,680390
562.866067444119,689873
562.950560878348,688585
563.035054349587,675695
563.119547858082,670406
563.204041404076,667529
563.288534987816,663645
563.373028609547,658723
563.457522269514,654868
563.542015967961,652591
563.626509705135,653075
563.71100348128,654419
563.795497296641,651889
563.879991151464,647570
563.964485045993,643508
564.048978980475,640026
564.133472955153,638297
564.217966970273,636419
564.30246102608,637048
564.386955122819,638613
564.471449260736,638192
564.555943440075,633999
564.640437661083,629230
564.724931924002,685681
564.80942622908,702179
564.893920576561,669209
564.97841496669,649661
565.062909399713,636986
565.147403875874,636297
565.231898395419,632269
565.316392958592,622899
565.400887565639,616924
565.485382216806,612963
565.569876912336,610290
565.654371652476,608422
565.73886643747,608842
565.823361267564,608318
565.907856143003,622972
565.992351064031,625391
566.076846030894,614219
566.161341043838,606129
566.245836103106,600090
566.330331208945,596947
566.4148263616,594896
566.499321561315,594786
566.583816808336,593743
566.668312102908,593713
566.752807445276,591213
566.837302835685,588360
566.92179827438,587605
567.006293761607,585341
567.090789297611,582771
567.175284882636,585701
567.259780516928,585387
567.344276200732,580781
567.428771934293,578089
567.513267717856,578880
567.597763551667,577239
567.68225943597,573446
567.766755371011,588683
567.851251357034,591713
567.935747394286,580907
568.020243483011,579832
568.104739623454,577091
568.18923581586,589957
568.273732060474,591385
568.358228357543,578769
568.442724707309,570767
568.52722111002,565448
568.61171756592,561748
568.696214075254,559010
568.780710638267,556566
568.865207255205,554295
568.949703926312,552939
569.034200651834,554687
569.118697432015,554043
569.203194267102,550732
569.287691157338,550896
569.37218810297,554634
569.456685104242,562416
569.5411821614,561606
569.625679274688,554601
569.710176444352,551858
569.794673670637,548261
569.879170953788,543894
569.96366829405,543881
570.048165691668,548326
570.132663146887,547129
570.217160659954,548372
570.301658231112,547123
570.386155860606,541759
570.470653548683,538050
570.555151295587,535609
570.639649101562,533792
570.724146966856,531984
570.808644891712,533166
570.893142876375,537039
570.977640921091,536625
571.062139026105,534827
571.146637191662,547886
571.231135418007,548096
571.315633705386,536277
571.400132054043,532254
571.484630464223,531462
571.569128936172,526778
571.653627470135,521122
571.738126066357,523377
571.822624725083,525851
571.907123446559,522205
571.991622231028,523609
572.076121078737,527195
572.160619989931,523881
572.245118964855,519869
572.329618003753,515478
572.414117106872,512984
572.498616274455,515048
572.583115506749,510764
572.667614803999,503494
572.752114166448,500102
572.836613594344,498949
572.921113087931,499197
573.005612647453,499353
573.090112273157,498819
573.174611965286,501988
573.259111724088,507879
573.343611549805,513692
573.428111442685,533187
573.512611402971,536264
573.597111430909,559181
573.681611526744,560396
573.766111690721,542552
573.850611923086,527424
573.935112224083,512836
574.019612593957,504714
574.104113032955,500763
574.18861354132,501145
574.273114119298,500604
574.357614767134,500953
574.442115485074,499144
574.526616273362,535163
574.611117132243,543489
574.695618061963,533607
574.780119062767,525857
574.8646201349,511431
574.949121278607,504236
575.033622494133,501256
575.118123781723,499426
575.202625141623,495123
575.287126574078,489572
575.371628079332,485964
575.456129657631,484222
575.54063130922,483415
575.625133034344,486007
575.709634833249,490686
575.794136706179,489019
575.878638653379,484443
575.963140675095,481839
576.047642771572,479588
576.132144943055,477869
576.216647189789,480996
576.301149512019,481568
576.38565190999,478621
576.470154383948,476178
576.554656934138,475221
576.639159560804,478012
576.723662264192,478622
576.808165044547,502238
576.892667902114,509674
576.977170837139,494919
577.061673849866,482870
577.146176940541,475408
577.230680109408,471817
577.315183356713,470050
577.399686682701,470796
577.484190087617,489883
577.568693571706,492199
577.653197135214,479785
577.737700778385,475324
577.822204501465,471035
577.906708304698,466430
577.991212188331,490235
578.075716152607,495962
578.160220197773,484682
578.244724324073,476378
578.329228531752,474674
578.413732821056,475046
578.49823719223,469850
578.582741645518,464757
578.667246181166,464230
578.75175079942,462716
578.836255500524,463005
578.920760284723,468070
579.005265152262,466663
579.089770103388,462046
579.174275138344,458980
579.258780257375,456478
579.343285460728,455301
579.427790748647,454352
579.512296121378,453019
579.596801579165,451614
579.681307122253,451714
579.765812750888,450844
579.850318465315,449554
579.934824265779,448530
580.019330152525,447622
580.103836125799,462323
580.188342185844,465248
580.272848332908,458086
580.357354567233,453713
580.441860889067,449657
580.526367298654,446277
580.610873796238,449630
580.695380382066,449863
580.779887056382,445181
580.864393819432,445888
580.94890067146,445197
581.033407612712,441875
581.117914643433,440539
581.202421763867,439857
581.286928974261,438819
581.371436274859,440884
581.455943665907,440877
581.540451147649,441046
581.62495872033,440188
581.709466384197,437532
581.793974139493,436608
581.878481986465,441370
581.962989925357,441216
582.047497956414,443121
582.132006079881,444721
582.216514296004,440862
582.301022605028,436880
582.385531007198,442627
582.470039502758,443641
582.554548091955,438820
582.639056775033,435843
582.723565552238,433415
582.808074423814,431872
582.892583390007,430150
582.977092451061,434537
583.061601607223,434906
583.146110858736,432005
583.230620205847,431740
583.3151296488,429715
583.399639187841,429579
583.484148823214,428518
583.568658555165,426063
583.653168383939,424378
583.73767830978,428204
583.822188332935,428724
583.906698453649,427261
583.991208672165,425136
584.075718988731,421533
584.16022940359,421782
584.244739916987,420928
584.329250529169,418126
584.41376124038,416449
584.498272050865,415817
584.58278296087,415574
584.667293970638,422674
584.751805080417,430259
584.83631629045,427565
584.920827600983,421632
585.005339012262,417865
585.08985052453,418218
585.174362138034,420230
585.258873853018,420736
585.343385669727,417980
585.427897588408,414257
585.512409609304,411679
585.596921732661,410089
585.681433958724,410938
585.765946287739,410189
585.85045871995,411438
585.934971255602,414364
586.019483894941,418852
586.103996638212,419388
586.18850948566,413830
586.27302243753,409502
586.357535494067,406501
586.442048655516,424365
586.526561922122,445653
586.611075294132,438515
586.695588771789,422605
586.780102355339,412989
586.864616045027,409777
586.949129841097,407240
587.033643743797,403310
587.118157753369,401214
587.20267187006,399571
587.287186094115,398383
587.371700425779,398201
587.456214865296,397685
587.540729412912,397015
587.625244068873,396544
587.709758833423,398168
587.794273706808,398611
587.878788689272,397835
587.963303781061,396868
588.047818982419,395447
588.132334293593,396358
588.216849714827,398876
588.301365246366,396750
588.385880888455,393400
588.47039664134,390993
588.554912505266,388861
588.639428480477,390967
588.72394456722,394918
588.808460765738,399375
588.892977076278,396864
588.977493499084,390765
589.062010034401,386355
589.146526682475,383161
589.231043443551,381087
589.315560317874,379131
589.400077305689,378167
589.48459440724,378414
589.569111622774,381214
589.653628952536,385833
589.73814639677,385340
589.822663955722,381863
589.907181629636,450451
589.991699418759,474347
590.076217323334,442733
590.160735343608,418457
590.245253479825,399406
590.329771732231,388005
590.41429010107,407800
590.498808586588,411025
590.58332718903,394636
590.667845908641,386173
590.752364745666,380603
590.83688370035,376245
590.921402772939,376224
591.005921963678,380405
591.090441272811,378666
591.174960700584,376768
591.259480247241,377272
591.343999913029,377335
591.428519698192,374826
591.513039602976,371483
591.597559627625,370034
591.682079772385,368783
591.7666000375,367052
591.851120423216,366696
591.935640929779,365937
592.020161557432,366603
592.104682306422,366739
592.189203176993,364768
592.273724169391,363073
592.35824528386,362051
592.442766520647,361040
592.527287879995,363487
592.611809362151,364301
592.696330967358,385397
592.780852695863,389731
592.865374547911,375879
592.949896523746,367754
593.034418623614,362825
593.11894084776,390716
593.203463196429,397085
593.287985669866,379204
593.372508268317,368483
593.457030992026,362088
593.541553841238,358354
593.626076816199,356858
593.710599917154,355419
593.795123144348,353833
593.879646498027,352543
593.964169978434,357187
594.048693585816,358438
594.133217320417,354936
594.217741182483,355162
594.302265172259,353787
594.38678928999,353631
594.47131353592,352738
594.555837910296,352777
594.640362413363,351444
594.724887045364,366383
594.809411806547,369414
594.893936697155,358848
594.978461717434,358035
595.062986867629,355883
595.147512147985,350927
595.232037558747,353299
595.316563100161,358545
595.401088772471,355904
595.485614575923,350152
595.570140510762,346308
595.654666577233,343818
595.73919277558,344981
595.82371910605,346318
595.908245568888,344174
595.992772164338,346720
596.077298892645,352441
596.161825754055,349712
596.246352748813,343481
596.330879877164,339885
596.415407139353,349937
596.499934535626,351898
596.584462066227,345190
596.668989731401,343170
596.753517531394,342890
596.838045466451,342415
596.922573536817,339348
597.007101742737,335591
597.091630084456,358206
597.17615856222,376002
597.260687176273,366076
597.345215926861,353647
597.429744814228,350451
597.51427383862,344702
597.598803000283,337410
597.68333229946,338770
597.767861736398,336952
597.852391311341,337605
597.936921024535,336428
598.021450876224,334337
598.105980866655,334712
598.190510996071,331561
598.275041264718,330386
598.359571672842,331412
598.444102220687,333355
598.528632908498,331171
598.613163736522,329684
598.697694705001,334436
598.782225814183,335021
598.866757064312,332445
598.951288455633,328177
599.035819988391,326460
599.120351662832,328037
599.2048834792,325585
599.289415437741,321622
599.3739475387,319560
599.458479782322,321236
599.543012168852,323456
599.627544698535,324554
599.712077371617,321911
599.796610188342,318110
599.881143148956,319030
599.965676253703,321456
600.05020950283,319757
600.13474289658,316673
600.2192764352,314216
600.303810118934,315145
600.388343948028,315006
600.472877922726,312585
600.557412043273,313976
600.641946309916,313884
600.726480722899,311850
600.811015282466,310373
600.895549988864,309602
600.980084842338,308407
601.064619843132,309256
601.149154991491,309482
601.233690287662,311665
601.318225731888,311758
601.402761324415,309364
601.487297065489,310073
601.571832955354,309892
601.656368994255,310780
601.740905182438,309608
601.825441520148,306452
601.90997800763,308131
601.994514645128,310886
602.079051432889,311786
602.163588371157,309587
602.248125460177,308290
602.332662700195,306832
602.417200091456,307099
602.501737634204,305610
602.586275328686,302609
602.670813175145,300632
602.755351173828,307379
602.839889324979,308666
602.924427628843,306432
603.008966085667,306428
603.093504695693,303832
603.178043459169,299871
603.262582376339,300466
603.347121447448,301945
603.431660672741,300870
603.516200052464,297954
603.600739586861,295112
603.685279276178,293681
603.769819120659,293363
603.854359120551,292698
603.938899276098,294699
604.023439587545,297618
604.107980055137,296334
604.19252067912,295800
604.277061459738,297115
604.361602397237,294868
604.446143491862,291563
604.530684743859,299204
604.615226153471,310168
604.699767720944,309630
604.784309446525,301872
604.868851330456,297310
604.953393372984,299349
605.037935574354,302603
605.122477934812,298589
605.207020454601,311497
605.291563133967,313083
605.376105973156,301470
605.460648972412,294040
605.545192131981,288571
605.629735452108,285527
605.714278933038,283148
605.798822575015,288124
605.883366378286,289101
605.967910343095,284970
606.052454469688,282395
606.136998758309,281398
606.221543209204,283873
606.306087822618,283421
606.390632598795,280684
606.475177537982,281800
606.559722640423,284102
606.644267906364,285157
606.728813336049,285656
606.813358929724,283192
606.897904687633,279285
606.982450610022,276480
607.066996697137,274915
607.151542949221,276583
607.236089366521,279044
607.320635949282,277692
607.405182697748,275313
607.489729612165,277102
607.574276692777,276816
607.658823939831,273801
607.74337135357,274676
607.827918934241,276819
607.912466682089,274594
607.997014597358,271276
608.081562680293,278406
608.16611093114,279514
608.250659350145,276814
608.335207937551,276430
608.419756693605,275398
608.504305618551,272152
608.588854712634,271598
608.6734039761,270370
608.757953409194,276389
608.84250301216,280491
608.927052785245,275806
609.011602728693,271130
609.096152842749,267779
609.180703127658,265186
609.265253583666,263633
609.349804211018,262627
609.434355009958,264252
609.518905980733,264029
609.603457123586,268047
609.688008438764,296388
609.772559926511,299704
609.857111587073,282460
609.941663420694,272299
610.02621542762,265751
610.110767608096,265119
610.195319962366,263997
610.279872490677,260841
610.364425193274,259037
610.4489780704,258235
610.533531122303,257302
610.618084349226,256820
610.702637751414,258838
610.787191329114,260892
610.87174508257,259325
610.956299012027,262280
611.04085311773,262244
611.125407399925,258203
611.209961858857,255705
611.29451649477,274841
611.37907130791,286034
611.463626298523,275638
611.548181466852,267310
611.632736813144,267185
611.717292337643,264015
611.801848040595,257692
611.886403922244,253775
611.970959982837,254130
612.055516222617,255869
612.14007264183,257587
612.224629240722,258423
612.309186019537,256374
612.39374297852,264270
612.478300117917,265228
612.562857437973,271580
612.647414938933,272552
612.731972621042,261599
612.816530484545,253176
612.901088529688,262827
612.985646756714,263779
613.070205165871,256921
613.154763757402,252193
613.239322531553,247337
613.323881488569,246807
613.408440628695,245582
613.492999952176,242747
613.577559459258,243681
613.662119150185,245992
613.746679025203,243971
613.831239084557,240949
613.915799328492,242148
614.000359757252,241359
614.084920371084,239183
614.169481170232,238174
614.254042154942,238130
614.338603325458,237454
614.423164682026,239120
614.507726224891,241635
614.592287954298,239732
614.676849870492,251581
614.761411973718,253914
614.845974264222,244505
614.930536742248,239302
615.015099408042,239428
615.099662261849,238014
615.184225303914,234887
615.268788534481,235863
615.353351953797,235096
615.437915562106,238050
615.522479359654,238258
615.607043346685,234728
615.691607523446,246065
615.776171890179,247756
615.860736447132,238817
615.94530119455,233360
616.029866132676,232977
616.114431261757,231944
616.198996582037,232170
616.283562093762,233694
616.368127797177,234561
616.452693692527,232194
616.537259780057,228440
616.621826060012,229179
616.706392532638,231611
616.790959198179,229640
616.87552605688,225914
616.960093108988,242890
617.044660354746,247221
617.1292277944,243677
617.213795428195,246184
617.298363256377,240514
617.38293127919,231738
617.46749949688,226141
617.552067909691,222663
617.63663651787,220475
617.72120532166,561080
617.805774321307,661028
617.890343517057,478104
617.974912909154,366749
618.059482497843,302295
618.14405228337,265506
618.22862226598,244451
618.313192445918,231771
618.397762823429,236868
618.482333398757,239466
618.56690417215,231330
618.65147514385,227282
618.736046314105,223743
618.820617683158,219911
618.905189251254,218030
618.98976101864,217085
619.07433298556,215931
619.158905152259,219080
619.243477518983,238199
619.328050085976,240404
619.412622853484,231346
619.497195821751,227775
619.581768991023,229261
619.666342361546,225920
619.750915933564,219482
619.835489707321,215802
619.920063683065,219272
620.004637861039,222078
620.089212241489,218322
620.173786824659,213942
620.258361610796,212786
620.342936600144,211917
620.427511792947,210644
620.512087189453,215230
620.596662789905,239475
620.681238594548,250937
620.765814603629,238900
620.850390817391,225336
620.93496723608,219660
621.019543859942,221413
621.104120689221,219118
621.188697724162,215361
621.273274965011,212144
621.357852412012,208414
621.442430065412,207050
621.527007925454,205764
621.611585992385,206849
621.696164266449,207824
621.780742747892,206109
621.865321436958,204473
621.949900333892,203958
622.03447943894,206195
622.119058752348,206438
622.203638274359,204188
622.28821800522,205948
622.372797945175,205929
622.457378094469,204406
622.541958453348,203026
622.626539022057,202965
622.711119800841,202786
622.795700789945,201811
622.880281989613,211159
622.964863400093,212883
623.049445021627,206329
623.134026854462,202922
623.218608898843,200387
623.303191155015,201751
623.387773623222,202365
623.472356303711,203302
623.556939196726,205033
623.641522302512,203081
623.726105621315,199571
623.810689153379,200276
623.89527289895,199637
623.979856858273,200039
624.064441031593,203978
624.149025419156,205425
624.233610021205,207267
624.318194837987,207257
624.402779869747,205444
624.487365116729,206474
624.571950579179,206023
624.656536257342,200965
624.741122151463,195943
624.825708261788,195207
624.91029458856,200331
624.994881132027,199704
625.079467892432,197602
625.16405487002,195477
625.248642065038,192348
625.33322947773,219923
625.41781710834,229328
625.502404957115,330616
625.5869930243,355511
625.671581310139,286445
625.756169814878,606876
625.840758538762,683761
625.925347482035,473240
626.009936644944,357970
626.094526027733,288928
626.179115630648,243266
626.263705453933,217777
626.348295497833,205920
626.432885762595,197539
626.517476248462,191222
626.60206695568,199332
626.686657884495,199449
626.771249035151,190726
626.855840407893,191538
626.940432002967,189780
627.025023820618,188264
627.10961586109,199845
627.19420812463,199657
627.278800611482,198804
627.363393321891,197562
627.447986256102,220206
627.532579414361,222879
627.617172796912,203567
627.701766404002,191162
627.786360235874,183969
627.870954292774,182682
627.955548574948,180680
628.04014308264,189652
628.124737816095,191125
628.209332775559,186035
628.293927961276,181739
628.378523373493,176855
628.463119012454,173738
628.547714878403,172295
628.632310971587,174442
628.716907292251,177209
628.801503840639,178477
628.886100616996,176382
628.970697621569,172892
629.055294854601,170905
629.139892316339,172601
629.224490007026,174832
629.309087926909,173417
629.393686076233,173166
629.478284455242,171566
629.562883064182,168619
629.647481903298,166729
629.732080972835,165459
629.816680273037,167176
629.901279804152,167016
629.985879566422,167864
630.070479560095,170637
630.155079785414,171433
630.239680242624,168659
630.324280931972,164908
630.408881853702,169472
630.493483008059,171521
630.578084395288,167194
630.662686015635,163498
630.747287869345,166084
630.831889956662,166260
630.916492277832,162818
631.001094833101,160236
631.085697622712,158932
631.170300646912,161306
631.254903905945,161583
631.339507400056,165070
631.424111129492,167268
631.508715094496,170041
631.593319295314,177615
631.677923732192,177143
631.762528405373,171772
631.847133315104,167813
631.93173846163,163017
632.016343845195,161280
632.100949466045,159294
632.185555324425,155873
632.270161420579,153521
632.354767754754,152753
632.439374327195,154599
632.523981138146,154583
632.608588187852,152375
632.693195476559,152326
632.777803004512,151757
632.862410771956,151263
632.947018779136,151257
633.031627026297,151110
633.116235513685,153119
633.200844241544,158385
633.28545321012,157286
633.370062419658,152740
633.454671870403,150249
633.539281562599,148700
633.623891496493,147622
633.708501672329,146822
633.793112090353,148890
633.877722750809,149082
633.962333653943,147130
634.0469448,145540
634.131556189225,144609
634.216167821863,146611
634.300779698159,146861
634.385391818359,144830
634.470004182707,143786
634.554616791449,142974
634.639229644829,145182
634.723842743094,159942
634.808456086488,164647
634.893069675256,156265
634.977683509643,151775
635.062297589895,151392
635.146911916256,151067
635.231526488972,147978
635.316141308288,287148
635.400756374449,324865
635.4853716877,251909
635.569987248286,209475
635.654603056453,180346
635.739219112446,162357
635.823835416509,152734
635.908451968888,151921
635.993068769827,166825
636.077685819573,166092
636.16230311837,171986
636.246920666464,169557
636.331538464099,254988
636.41615651152,274165
636.500774808974,215370
636.585393356704,180354
636.670012154956,181084
636.754631203976,178598
636.839250504007,161867
636.923870055296,149706
637.008489858088,144629
637.093109912628,141992
637.17773021916,138559
637.26235077793,135484
637.346971589183,141850
637.431592653165,146311
637.51621397012,142030
637.600835540293,139065
637.68545736393,138606
637.770079441276,138995
637.854701772576,136684
637.939324358074,133334
638.023947198017,131650
