Scan Date:,2025-05-24 16:17:19Z
Integration Time:,1000
Number of Averages:,100

Pixel Number,Wavelength (nm),Sum Spectrum,Averaged Spectrum
0,464.9839,27291,272.91
1,465.068515076491,26488,264.88
2,465.153129906126,26619,266.19
3,465.237744489151,26585,265.85
4,465.322358825812,26582,265.82
5,465.406972916352,26664,266.64
6,465.491586761018,26778,267.78
7,465.576200360054,26750,267.5
8,465.660813713705,26665,266.65
9,465.745426822218,26736,267.36
10,465.830039685836,26650,266.5
11,465.914652304805,26959,269.59
12,465.99926467937,26923,269.23
13,466.083876809776,27118,271.18
14,466.168488696269,27465,274.65
15,466.253100339093,197641,1976.41
16,466.337711738494,245859,2458.59
17,466.422322894716,155901,1559.01
18,466.506933808006,102314,1023.14
19,466.591544478607,71427,714.27
20,466.676154906766,53996,539.96
21,466.760765092726,43871,438.71
22,466.845375036735,42108,421.08
23,466.929984739036,40657,406.57
24,467.014594199874,37726,377.26
25,467.099203419495,35449,354.49
26,467.183812398145,33540,335.4
27,467.268421136067,32550,325.5
28,467.353029633508,66870,668.7
29,467.437637890711,78694,786.94
30,467.522245907924,64945,649.45
31,467.60685368539,53427,534.27
32,467.691461223355,43630,436.3
33,467.776068522063,38426,384.26
34,467.860675581761,35307,353.07
35,467.945282402693,39079,390.79
36,468.029888985104,47199,471.99
37,468.11449532924,45663,456.63
38,468.199101435345,43335,433.35
39,468.283707303665,40525,405.25
40,468.368312934445,36048,360.48
41,468.45291832793,37359,373.59
42,468.537523484364,40903,409.03
43,468.622128403994,68451,684.51
44,468.706733087065,81033,810.33
45,468.791337533821,65730,657.3
46,468.875941744507,50611,506.11
47,468.96054571937,42516,425.16
48,469.045149458653,38393,383.93
49,469.129752962602,35689,356.89
50,469.214356231462,33800,338
51,469.298959265479,32996,329.96
52,469.383562064897,32765,327.65
53,469.468164629962,32309,323.09
54,469.552766960919,35695,356.95
55,469.637369058012,41074,410.74
56,469.721970921487,40041,400.41
57,469.80657255159,37085,370.85
58,469.891173948565,38962,389.62
59,469.975775112657,38032,380.32
60,470.060376044111,34975,349.75
61,470.144976743173,33375,333.75
62,470.229577210088,36573,365.73
63,470.314177445101,37358,373.58
64,470.398777448457,39016,390.16
65,470.483377220402,66533,665.33
66,470.567976761179,75206,752.06
67,470.652576071035,62102,621.02
68,470.737175150215,50510,505.1
69,470.821773998963,42220,422.2
70,470.906372617525,41213,412.13
71,470.990971006146,39336,393.36
72,471.075569165072,75997,759.97
73,471.160167094546,85670,856.7
74,471.244764794815,67914,679.14
75,471.329362266123,55413,554.13
76,471.413959508717,48992,489.92
77,471.498556522839,52171,521.71
78,471.583153308737,52940,529.4
79,471.667749866655,49299,492.99
80,471.752346196838,48041,480.41
81,471.836942299532,47749,477.49
82,471.921538174981,52382,523.82
83,472.00613382343,49794,497.94
84,472.090729245126,41881,418.81
85,472.175324440312,37100,371
86,472.259919409234,38332,383.32
87,472.344514152137,37810,378.1
88,472.429108669267,34642,346.42
89,472.513702960868,34228,342.28
90,472.598297027185,36344,363.44
91,472.682890868465,35859,358.59
92,472.767484484951,33372,333.72
93,472.852077876889,31668,316.68
94,472.936671044524,34994,349.94
95,473.021263988101,36081,360.81
96,473.105856707865,34623,346.23
97,473.190449204062,40794,407.94
98,473.275041476937,59561,595.61
99,473.359633526735,67597,675.97
100,473.4442253537,57101,571.01
101,473.528816958078,49475,494.75
102,473.613408340115,47790,477.9
103,473.697999500055,43504,435.04
104,473.782590438143,38239,382.39
105,473.867181154625,35538,355.38
106,473.951771649745,38929,389.29
107,474.03636192375,38983,389.83
108,474.120951976883,36079,360.79
109,474.20554180939,34618,346.18
110,474.290131421517,33355,333.55
111,474.374720813508,36958,369.58
112,474.459309985608,37471,374.71
113,474.543898938063,34754,347.54
114,474.628487671118,33280,332.8
115,474.713076185018,32191,321.91
116,474.797664480008,36176,361.76
117,474.882252556332,73536,735.36
118,474.966840414238,84572,845.72
119,475.051428053968,105623,1056.23
120,475.13601547577,102620,1026.2
121,475.220602679887,72412,724.12
122,475.305189666564,54339,543.39
123,475.389776436048,43961,439.61
124,475.474362988583,37912,379.12
125,475.558949324414,34276,342.76
126,475.643535443787,32397,323.97
127,475.728121346946,31873,318.73
128,475.812707034136,31426,314.26
129,475.897292505604,59880,598.8
130,475.981877761593,73325,733.25
131,476.066462802349,63220,632.2
132,476.151047628118,55365,553.65
133,476.235632239144,47086,470.86
134,476.320216635672,39944,399.44
135,476.404800817948,40266,402.66
136,476.489384786216,39584,395.84
137,476.573968540723,41618,416.18
138,476.658552081712,65460,654.6
139,476.74313540943,68435,684.35
140,476.827718524121,53419,534.19
141,476.91230142603,43915,439.15
142,476.996884115403,42012,420.12
143,477.081466592484,39941,399.41
144,477.166048857519,35709,357.09
145,477.250630910753,37734,377.34
146,477.335212752432,38045,380.45
147,477.419794382799,35462,354.62
148,477.504375802101,37684,376.84
149,477.588957010582,38392,383.92
150,477.673538008487,35783,357.83
151,477.758118796063,87375,873.75
152,477.842699373553,101190,1011.9
153,477.927279741204,71846,718.46
154,478.011859899259,53996,539.96
155,478.096439847965,43237,432.37
156,478.181019587566,38317,383.17
157,478.265599118308,36419,364.19
158,478.350178440435,34574,345.74
159,478.434757554193,33401,334.01
160,478.519336459827,47584,475.84
161,478.603915157582,50811,508.11
162,478.688493647704,41894,418.94
163,478.773071930436,112040,1120.4
164,478.857650006026,130219,1302.19
165,478.942227874716,89563,895.63
166,479.026805536754,80314,803.14
167,479.111382992383,72935,729.35
168,479.19596024185,60919,609.19
169,479.280537285398,50553,505.53
170,479.365114123274,41800,418
171,479.449690755722,36479,364.79
172,479.534267182988,33301,333.01
173,479.618843405317,31711,317.11
174,479.703419422953,34943,349.43
175,479.787995236142,40873,408.73
176,479.87257084513,40494,404.94
177,479.95714625016,36898,368.98
178,480.041721451479,34276,342.76
179,480.126296449331,32936,329.36
180,480.210871243962,35989,359.89
181,480.295445835617,36604,366.04
182,480.380020224541,38070,380.7
183,480.464594410979,37810,378.1
184,480.549168395175,39043,390.43
185,480.633742177377,38583,385.83
186,480.718315757827,35278,352.78
187,480.802889136772,33443,334.43
188,480.887462314457,32294,322.94
189,480.972035291127,31472,314.72
190,481.056608067026,35879,358.79
191,481.141180642401,51493,514.93
192,481.225753017496,52329,523.29
193,481.310325192556,42459,424.59
194,481.394897167827,40884,408.84
195,481.479468943554,39156,391.56
196,481.564040519981,35729,357.29
197,481.648611897354,33691,336.91
198,481.733183075918,32081,320.81
199,481.817754055918,35186,351.86
200,481.9023248376,35732,357.32
201,481.986895421208,36879,368.79
202,482.071465806988,78590,785.9
203,482.156035995184,87895,878.95
204,482.240605986042,67732,677.32
205,482.325175779807,54456,544.56
206,482.409745376725,44621,446.21
207,482.494314777039,38478,384.78
208,482.578883980996,35238,352.38
209,482.663452988841,33415,334.15
210,482.748021800818,31919,319.19
211,482.832590417173,31385,313.85
212,482.91715883815,35666,356.66
213,483.001727063996,40325,403.25
214,483.086295094955,38917,389.17
215,483.170862931273,35567,355.67
216,483.255430573193,34518,345.18
217,483.339998020963,37551,375.51
218,483.424565274826,38093,380.93
219,483.509132335028,35614,356.14
220,483.593699201814,33896,338.96
221,483.678265875429,36449,364.49
222,483.762832356118,36485,364.85
223,483.847398644127,33752,337.52
224,483.9319647397,36318,363.18
225,484.016530643083,50678,506.78
226,484.101096354521,52623,526.23
227,484.185661874258,44624,446.24
228,484.270227202541,38841,388.41
229,484.354792339614,35296,352.96
230,484.439357285722,33934,339.34
231,484.523922041111,36920,369.2
232,484.608486606025,41075,410.75
233,484.69305098071,39526,395.26
234,484.777615165411,38119,381.19
235,484.862179160373,40367,403.67
236,484.946742965841,38667,386.67
237,485.03130658206,38584,385.84
238,485.115870009276,42191,421.91
239,485.200433247733,40692,406.92
240,485.284996297677,37097,370.97
241,485.369559159353,65859,658.59
242,485.454121833005,76764,767.64
243,485.53868431888,60325,603.25
244,485.623246617222,49225,492.25
245,485.707808728276,42499,424.99
246,485.792370652288,37114,371.14
247,485.876932389502,37702,377.02
248,485.961493940164,37264,372.64
249,486.046055304519,34575,345.75
250,486.130616482813,34033,340.33
251,486.215177475289,34010,340.1
252,486.299738282193,41394,413.94
253,486.384298903771,43077,430.77
254,486.468859340268,37698,376.98
255,486.553419591928,34218,342.18
256,486.637979658997,33195,331.95
257,486.722539541719,32384,323.84
258,486.807099240341,35032,350.32
259,486.891658755108,35650,356.5
260,486.976218086263,33121,331.21
261,487.060777234053,31856,318.56
262,487.145336198723,31196,311.96
263,487.229894980517,30476,304.76
264,487.314453579682,30845,308.45
265,487.399011996461,31353,313.53
266,487.483570231101,31054,310.54
267,487.568128283845,30856,308.56
268,487.652686154941,30470,304.7
269,487.737243844632,30604,306.04
270,487.821801353163,36275,362.75
271,487.906358680781,37478,374.78
272,487.990915827729,34255,342.55
273,488.075472794253,32723,327.23
274,488.160029580599,37744,377.44
275,488.244586187011,39127,391.27
276,488.329142613735,36048,360.48
277,488.413698861015,41772,417.72
278,488.498254929097,42668,426.68
279,488.582810818225,42192,421.92
280,488.667366528646,41892,418.92
281,488.751922060605,38019,380.19
282,488.836477414345,36677,366.77
283,488.921032590113,36035,360.35
284,489.005587588153,36535,365.35
285,489.090142408711,70349,703.49
286,489.174697052032,81979,819.79
287,489.259251518361,67123,671.23
288,489.343805807943,54108,541.08
289,489.428359921024,43911,439.11
290,489.512913857847,38074,380.74
291,489.597467618659,35096,350.96
292,489.682021203705,47867,478.67
293,489.76657461323,51024,510.24
294,489.851127847479,42143,421.43
295,489.935680906696,39067,390.67
296,490.020233791128,36962,369.62
297,490.104786501019,33884,338.84
298,490.189339036615,36819,368.19
299,490.27389139816,37331,373.31
300,490.3584435859,34645,346.45
301,490.44299560008,32884,328.84
302,490.527547440945,31548,315.48
303,490.612099108739,30780,307.8
304,490.69665060371,30381,303.81
305,490.7812019261,30258,302.58
306,490.865753076156,34271,342.71
307,490.950304054123,35564,355.64
308,491.034854860246,33541,335.41
309,491.119405494769,32516,325.16
310,491.203955957939,31993,319.93
311,491.288506249999,32017,320.17
312,491.373056371197,31568,315.68
313,491.457606321775,35541,355.41
314,491.54215610198,37880,378.8
315,491.626705712057,35207,352.07
316,491.711255152251,32510,325.1
317,491.795804422807,31077,310.77
318,491.88035352397,30594,305.94
319,491.964902455985,30949,309.49
320,492.049451219098,35592,355.92
321,492.133999813553,36414,364.14
322,492.218548239596,33644,336.44
323,492.303096497471,35971,359.71
324,492.387644587425,39019,390.19
325,492.472192509702,41173,411.73
326,492.556740264546,49662,496.62
327,492.641287852205,48504,485.04
328,492.725835272921,40408,404.08
329,492.810382526942,36904,369.04
330,492.894929614511,47882,478.82
331,492.979476535874,49685,496.85
332,493.064023291276,41647,416.47
333,493.148569880962,39950,399.5
334,493.233116305178,38204,382.04
335,493.317662564167,34582,345.82
336,493.402208658177,33396,333.96
337,493.486754587451,32690,326.9
338,493.571300352235,31636,316.36
339,493.655845952774,30629,306.29
340,493.740391389313,34488,344.88
341,493.824936662097,35519,355.19
342,493.909481771372,36232,362.32
343,493.994026717382,35636,356.36
344,494.078571500372,33066,330.66
345,494.163116120589,32109,321.09
346,494.247660578276,31740,317.4
347,494.33220487368,65591,655.91
348,494.416749007044,75185,751.85
349,494.501292978615,57195,571.95
350,494.585836788637,45844,458.44
351,494.670380437356,39335,393.35
352,494.754923925017,36200,362
353,494.839467251864,38550,385.5
354,494.924010418144,38017,380.17
355,495.0085534241,34732,347.32
356,495.093096269979,52377,523.77
357,495.177638956025,56705,567.05
358,495.262181482484,49677,496.77
359,495.3467238496,47610,476.1
360,495.431266057619,42640,426.4
361,495.515808106786,42171,421.71
362,495.600349997346,40614,406.14
363,495.684891729544,36525,365.25
364,495.769433303626,35842,358.42
365,495.853974719836,34309,343.09
366,495.938515978419,32055,320.55
367,496.023057079622,31347,313.47
368,496.107598023688,31020,310.2
369,496.192138810863,34926,349.26
370,496.276679441392,35566,355.66
371,496.361219915521,35279,352.79
372,496.445760233493,71771,717.71
373,496.530300395556,80591,805.91
374,496.614840401953,59761,597.61
375,496.69938025293,53857,538.57
376,496.783919948731,48925,489.25
377,496.868459489603,45288,452.88
378,496.95299887579,41674,416.74
379,497.037538107538,45844,458.44
380,497.12207718509,45589,455.89
381,497.206616108694,43159,431.59
382,497.291154878593,40862,408.62
383,497.375693495033,37072,370.72
384,497.460231958259,34282,342.82
385,497.544770268516,32773,327.73
386,497.629308426049,32500,325
387,497.713846431104,31859,318.59
388,497.798384283926,34939,349.39
389,497.882921984759,35497,354.97
390,497.967459533848,33441,334.41
391,498.05199693144,36438,364.38
392,498.136534177779,41502,415.02
393,498.22107127311,40216,402.16
394,498.305608217678,35862,358.62
395,498.390145011729,33149,331.49
396,498.474681655507,31801,318.01
397,498.559218149259,31653,316.53
398,498.643754493228,31996,319.96
399,498.72829068766,31333,313.33
400,498.8128267328,30633,306.33
401,498.897362628894,30563,305.63
402,498.981898376185,30873,308.73
403,499.066433974921,31337,313.37
404,499.150969425345,35603,356.03
405,499.235504727703,54123,541.23
406,499.32003988224,56421,564.21
407,499.404574889201,49146,491.46
408,499.489109748831,44634,446.34
409,499.573644461376,39066,390.66
410,499.65817902708,35394,353.94
411,499.742713446188,33787,337.87
412,499.827247718947,32808,328.08
413,499.9117818456,32190,321.9
414,499.996315826393,31085,310.85
415,500.080849661572,30491,304.91
416,500.165383351381,30844,308.44
417,500.249916896065,30593,305.93
418,500.33445029587,30683,306.83
419,500.41898355104,52820,528.2
420,500.503516661822,59296,592.96
421,500.588049628459,47391,473.91
422,500.672582451197,41120,411.2
423,500.757115130282,37229,372.29
424,500.841647665958,34398,343.98
425,500.92618005847,32292,322.92
426,501.010712308064,61689,616.89
427,501.095244414985,73475,734.75
428,501.179776379478,61878,618.78
429,501.264308201788,51297,512.97
430,501.34883988216,47020,470.2
431,501.433371420839,42638,426.38
432,501.517902818071,36608,366.08
433,501.6024340741,38431,384.31
434,501.686965189172,41485,414.85
435,501.771496163532,38847,388.47
436,501.856026997425,34720,347.2
437,501.940557691096,32121,321.21
438,502.02508824479,30760,307.6
439,502.109618658753,35181,351.81
440,502.194148933229,36055,360.55
441,502.278679068464,33070,330.7
442,502.363209064702,32142,321.42
443,502.44773892219,31586,315.86
444,502.532268641171,34847,348.47
445,502.616798221892,35854,358.54
446,502.701327664597,34071,340.71
447,502.785856969531,32698,326.98
448,502.87038613694,35655,356.55
449,502.954915167069,39852,398.52
450,503.039444060163,38154,381.54
451,503.123972816466,34839,348.39
452,503.208501436225,37497,374.97
453,503.293029919684,38412,384.12
454,503.377558267088,39650,396.5
455,503.462086478683,42749,427.49
456,503.546614554714,45636,456.36
457,503.631142495425,42979,429.79
458,503.715670301062,37495,374.95
459,503.800197971871,34214,342.14
460,503.884725508095,32556,325.56
461,503.969252909981,35231,352.31
462,504.053780177773,40016,400.16
463,504.138307311717,39199,391.99
464,504.222834312058,39547,395.47
465,504.307361179041,39064,390.64
466,504.39188791291,39919,399.19
467,504.476414513912,41003,410.03
468,504.560940982291,57547,575.47
469,504.645467318292,59646,596.46
470,504.729993522161,47267,472.67
471,504.814519594143,43700,437
472,504.899045534482,43347,433.47
473,504.983571343424,46184,461.84
474,505.068097021215,47539,475.39
475,505.152622568098,46657,466.57
476,505.23714798432,59277,592.77
477,505.321673270126,58593,585.93
478,505.40619842576,46695,466.95
479,505.490723451468,39418,394.18
480,505.575248347494,38972,389.72
481,505.659773114085,37560,375.6
482,505.744297751485,67503,675.03
483,505.828822259939,79312,793.12
484,505.913346639693,61559,615.59
485,505.997870890991,48186,481.86
486,506.082395014079,40490,404.9
487,506.166919009201,36281,362.81
488,506.251442876604,33728,337.28
489,506.335966616531,35842,358.42
490,506.420490229229,35845,358.45
491,506.505013714942,34042,340.42
492,506.589537073916,33283,332.83
493,506.674060306396,35839,358.39
494,506.758583412626,37040,370.4
495,506.843106392852,34727,347.27
496,506.927629247319,32944,329.44
497,507.012151976272,31814,318.14
498,507.096674579957,35238,352.38
499,507.181197058618,37210,372.1
500,507.2657194125,35335,353.35
501,507.350241641849,67349,673.49
502,507.43476374691,79855,798.55
503,507.519285727928,62179,621.79
504,507.603807585148,48383,483.83
505,507.688329318816,40823,408.23
506,507.772850929175,40390,403.9
507,507.857372416473,42918,429.18
508,507.941893780953,40555,405.55
509,508.02641502286,36688,366.88
510,508.110936142441,33946,339.46
511,508.195457139939,35664,356.64
512,508.279978015601,35807,358.07
513,508.364498769671,34135,341.35
514,508.449019402395,32918,329.18
515,508.533539914017,31542,315.42
516,508.618060304783,34430,344.3
517,508.702580574937,35055,350.55
518,508.787100724726,32999,329.99
519,508.871620754394,33920,339.2
520,508.956140664186,51457,514.57
521,509.040660454347,60355,603.55
522,509.125180125123,69433,694.33
523,509.209699676758,65704,657.04
524,509.294219109499,74311,743.11
525,509.378738423589,71918,719.18
526,509.463257619274,58449,584.49
527,509.5477766968,49043,490.43
528,509.632295656411,40472,404.72
529,509.716814498352,35569,355.69
530,509.801333222869,32728,327.28
531,509.885851830207,31461,314.61
532,509.97037032061,31641,316.41
533,510.054888694324,31406,314.06
534,510.139406951595,35881,358.81
535,510.223925092667,36676,366.76
536,510.308443117785,33877,338.77
537,510.392961027195,33143,331.43
538,510.477478821141,36510,365.1
539,510.56199649987,40561,405.61
540,510.646514063625,43374,433.74
541,510.731031512652,45503,455.03
542,510.815548847197,42020,420.2
543,510.900066067503,37609,376.09
544,510.984583173818,34620,346.2
545,511.069100166384,36585,365.85
546,511.153617045449,36259,362.59
547,511.238133811256,37391,373.91
548,511.322650464052,37036,370.36
549,511.407167004081,33989,339.89
550,511.491683431587,40788,407.88
551,511.576199746818,42253,422.53
552,511.660715950017,41165,411.65
553,511.745232041429,39267,392.67
554,511.829748021301,35515,355.15
555,511.914263889876,33476,334.76
556,511.9987796474,33499,334.99
557,512.083295294119,32725,327.25
558,512.167810830277,32247,322.47
559,512.252326256119,35181,351.81
560,512.336841571891,38565,385.65
561,512.421356777838,55273,552.73
562,512.505871874205,57674,576.74
563,512.590386861236,50745,507.45
564,512.674901739178,44751,447.51
565,512.759416508275,38783,387.83
566,512.843931168773,35309,353.09
567,512.928445720916,37008,370.08
568,513.01296016495,40639,406.39
569,513.097474501119,38722,387.22
570,513.18198872967,35397,353.97
571,513.266502850847,33637,336.37
572,513.351016864895,36441,364.41
573,513.435530772059,37098,370.98
574,513.520044572585,33971,339.71
575,513.604558266717,32134,321.34
576,513.689071854701,39547,395.47
577,513.773585336782,43861,438.61
578,513.858098713206,44482,444.82
579,513.942611984216,45852,458.52
580,514.027125150058,49600,496
581,514.111638210978,50962,509.62
582,514.196151167221,45182,451.82
583,514.280664019031,38627,386.27
584,514.365176766654,35181,351.81
585,514.449689410336,36647,366.47
586,514.53420195032,40212,402.12
587,514.618714386852,38697,386.97
588,514.703226720178,34761,347.61
589,514.787738950542,32575,325.75
590,514.87225107819,31498,314.98
591,514.956763103367,30631,306.31
592,515.041275026318,30254,302.54
593,515.125786847287,39193,391.93
594,515.210298566521,41177,411.77
595,515.294810184265,36207,362.07
596,515.379321700762,33660,336.6
597,515.463833116259,32790,327.9
598,515.548344431001,31888,318.88
599,515.632855645233,35074,350.74
600,515.7173667592,35923,359.23
601,515.801877773147,35538,355.38
602,515.886388687319,38202,382.02
603,515.970899501962,37341,373.41
604,516.05541021732,34223,342.23
605,516.139920833639,32394,323.94
606,516.224431351163,31479,314.79
607,516.308941770138,31261,312.61
608,516.39345209081,30874,308.74
609,516.477962313423,30331,303.31
610,516.562472438222,33907,339.07
611,516.646982465452,39147,391.47
612,516.731492395359,44327,443.27
613,516.816002228188,43511,435.11
614,516.900511964184,38322,383.22
615,516.985021603591,42468,424.68
616,517.069531146656,50326,503.26
617,517.154040593623,59404,594.04
618,517.238549944738,55624,556.24
619,517.323059200245,48943,489.43
620,517.40756836039,43781,437.81
621,517.492077425417,38142,381.42
622,517.576586395573,34865,348.65
623,517.661095271101,65845,658.45
624,517.745604052248,73804,738.04
625,517.830112739258,55199,551.99
626,517.914621332376,52856,528.56
627,517.999129831848,49674,496.74
628,518.083638237919,42176,421.76
629,518.168146550834,37710,377.1
630,518.252654770838,34917,349.17
631,518.337162898176,33511,335.11
632,518.421670933093,32196,321.96
633,518.506178875835,31552,315.52
634,518.590686726646,30969,309.69
635,518.675194485772,31334,313.34
636,518.759702153457,35192,351.92
637,518.844209729948,35992,359.92
638,518.928717215489,33697,336.97
639,519.013224610325,35969,359.69
640,519.097731914701,37201,372.01
641,519.182239128863,35213,352.13
642,519.266746253055,33893,338.93
643,519.351253287523,32904,329.04
644,519.435760232512,31980,319.8
645,519.520267088267,31590,315.9
646,519.604773855033,31253,312.53
647,519.689280533056,30758,307.58
648,519.77378712258,30638,306.38
649,519.85829362385,30187,301.87
650,519.942800037113,34380,343.8
651,520.027306362612,35491,354.91
652,520.111812600593,32900,329
653,520.196318751301,31257,312.57
654,520.280824814981,30384,303.84
655,520.365330791879,30102,301.02
656,520.449836682239,30828,308.28
657,520.534342486307,31490,314.9
658,520.618848204327,31240,312.4
659,520.703353836546,34529,345.29
660,520.787859383207,35361,353.61
661,520.872364844557,40948,409.48
662,520.95687022084,63979,639.79
663,521.041375512301,65556,655.56
664,521.125880719186,50558,505.58
665,521.21038584174,42060,420.6
666,521.294890880208,52324,523.24
667,521.379395834834,53270,532.7
668,521.463900705865,47355,473.55
669,521.548405493545,43319,433.19
670,521.632910198119,37785,377.85
671,521.717414819833,34378,343.78
672,521.801919358931,32403,324.03
673,521.88642381566,31156,311.56
674,521.970928190263,35026,350.26
675,522.055432482986,238334,2383.34
676,522.139936694074,292608,2926.08
677,522.224440823773,186953,1869.53
678,522.308944872327,123422,1234.22
679,522.393448839982,84420,844.2
680,522.477952726982,65653,656.53
681,522.562456533574,73346,733.46
682,522.646960260001,69067,690.67
683,522.731463906509,57823,578.23
684,522.815967473344,53635,536.35
685,522.90047096075,46428,464.28
686,522.984974368973,39428,394.28
687,523.069477698257,35237,352.37
688,523.153980948848,33270,332.7
689,523.238484120991,32399,323.99
690,523.322987214931,31934,319.34
691,523.407490230914,35858,358.58
692,523.491993169183,41213,412.13
693,523.576496029985,80335,803.35
694,523.660998813565,87582,875.82
695,523.745501520167,97304,973.04
696,523.830004150038,92832,928.32
697,523.914506703421,67131,671.31
698,523.999009180562,51962,519.62
699,524.083511581707,42966,429.66
700,524.1680139071,37607,376.07
701,524.252516156987,34463,344.63
702,524.337018331612,32775,327.75
703,524.421520431221,35780,357.8
704,524.506022456059,36610,366.1
705,524.590524406371,34039,340.39
706,524.675026282403,56451,564.51
707,524.759528084398,63387,633.87
708,524.844029812603,50244,502.44
709,524.928531467263,42169,421.69
710,525.013033048623,57537,575.37
711,525.097534556927,61252,612.52
712,525.182035992421,49310,493.1
713,525.266537355351,41588,415.88
714,525.351038645961,37410,374.1
715,525.435539864496,39630,396.3
716,525.520041011202,39209,392.09
717,525.604542086324,36530,365.3
718,525.689043090106,44782,447.82
719,525.773544022794,45954,459.54
720,525.858044884634,44616,446.16
721,525.942545675869,42944,429.44
722,526.027046396746,38503,385.03
723,526.11154704751,35798,357.98
724,526.196047628405,34500,345
725,526.280548139677,38665,386.65
726,526.36504858157,39603,396.03
727,526.449548954331,36343,363.43
728,526.534049258204,34917,349.17
729,526.618549493434,37867,378.67
730,526.703049660267,38000,380
731,526.787549758947,35786,357.86
732,526.87204978972,37825,378.25
733,526.956549752831,38303,383.03
734,527.041049648525,36224,362.24
735,527.125549477046,34557,345.57
736,527.210049238641,54387,543.87
737,527.294548933555,62114,621.14
738,527.379048562032,51351,513.51
739,527.463548124317,43171,431.71
740,527.548047620657,40091,400.91
741,527.632547051295,38109,381.09
742,527.717046416477,36138,361.38
743,527.801545716449,40190,401.9
744,527.886044951455,41436,414.36
745,527.97054412174,48738,487.38
746,528.05504322755,48910,489.1
747,528.139542269129,41798,417.98
748,528.224041246724,40276,402.76
749,528.308540160578,42213,422.13
750,528.393039010938,41041,410.41
751,528.477537798047,37629,376.29
752,528.562036522152,38744,387.44
753,528.646535183498,42440,424.4
754,528.731033782329,44900,449
755,528.815532318891,42352,423.52
756,528.900030793429,38600,386
757,528.984529206188,36237,362.37
758,529.069027557414,35004,350.04
759,529.15352584735,34212,342.12
760,529.238024076243,33496,334.96
761,529.322522244338,32786,327.86
762,529.407020351879,32610,326.1
763,529.491518399112,32943,329.43
764,529.576016386283,33222,332.22
765,529.660514313635,33100,331
766,529.745012181415,32714,327.14
767,529.829509989866,32366,323.66
768,529.914007739236,32214,322.14
769,529.998505429768,35976,359.76
770,530.083003061708,37451,374.51
771,530.167500635301,35709,357.09
772,530.251998150792,34504,345.04
773,530.336495608426,34592,345.92
774,530.420993008449,38233,382.33
775,530.505490351105,42573,425.73
776,530.589987636639,45085,450.85
777,530.674484865298,46564,465.64
778,530.758982037325,43771,437.71
779,530.843479152966,39207,392.07
780,530.927976212466,36534,365.34
781,531.012473216071,35473,354.73
782,531.096970164025,93879,938.79
783,531.181467056574,113261,1132.61
784,531.265963893962,81774,817.74
785,531.350460676435,60355,603.55
786,531.434957404238,48448,484.48
787,531.519454077616,41771,417.71
788,531.603950696814,40392,403.92
789,531.688447262078,39894,398.94
790,531.772943773652,37755,377.55
791,531.857440231782,35452,354.52
792,531.941936636713,33619,336.19
793,532.026432988689,36208,362.08
794,532.110929287956,37001,370.01
795,532.19542553476,38698,386.98
796,532.279921729345,38330,383.3
797,532.364417871956,34998,349.98
798,532.448913962839,32766,327.66
799,532.533410002239,31815,318.15
800,532.6179059904,31547,315.47
801,532.702401927568,31086,310.86
802,532.786897813989,30937,309.37
803,532.871393649906,39082,390.82
804,532.955889435567,45131,451.31
805,533.040385171214,42035,420.35
806,533.124880857094,70770,707.7
807,533.209376493452,77100,771
808,533.293872080533,57743,577.43
809,533.378367618582,46144,461.44
810,533.462863107844,66742,667.42
811,533.547358548564,70351,703.51
812,533.631853940988,57174,571.74
813,533.71634928536,48447,484.47
814,533.800844581926,53541,535.41
815,533.885339830931,52245,522.45
816,533.96983503262,43529,435.29
817,534.054330187238,38021,380.21
818,534.13882529503,38130,381.3
819,534.223320356242,37141,371.41
820,534.307815371118,34090,340.9
821,534.392310339903,32481,324.81
822,534.476805262844,31178,311.78
823,534.561300140184,30537,305.37
824,534.64579497217,38320,383.2
825,534.730289759045,40194,401.94
826,534.814784501056,39523,395.23
827,534.899279198448,38753,387.53
828,534.983773851465,35515,355.15
829,535.068268460352,36973,369.73
830,535.152763025356,48065,480.65
831,535.23725754672,70177,701.77
832,535.321752024691,70079,700.79
833,535.406246459513,54521,545.21
834,535.490740851431,43825,438.25
835,535.575235200691,37644,376.44
836,535.659729507538,34537,345.37
837,535.744223772216,513802,5138.02
838,535.828717994971,650251,6502.51
839,535.913212176048,390175,3901.75
840,535.997706315693,236042,2360.42
841,536.08220041415,159402,1594.02
842,536.166694471664,112242,1122.42
843,536.251188488481,77468,774.68
844,536.335682464845,58185,581.85
845,536.420176401003,47577,475.77
846,536.504670297198,40524,405.24
847,536.589164153677,35746,357.46
848,536.673657970684,33260,332.6
849,536.758151748464,33118,331.18
850,536.842645487263,32542,325.42
851,536.927139187325,31481,314.81
852,537.011632848896,35019,350.19
853,537.096126472221,36518,365.18
854,537.180620057546,39672,396.72
855,537.265113605114,42880,428.8
856,537.349607115172,40135,401.35
857,537.434100587964,37327,373.27
858,537.518594023736,35109,351.09
859,537.603087422733,33358,333.58
860,537.687580785199,32827,328.27
861,537.772074111381,35988,359.88
862,537.856567401522,49191,491.91
863,537.941060655869,63367,633.67
864,538.025553874667,58850,588.5
865,538.11004705816,47902,479.02
866,538.194540206593,42136,421.36
867,538.279033320213,39819,398.19
868,538.363526399263,41251,412.51
869,538.44801944399,45869,458.69
870,538.532512454637,53016,530.16
871,538.617005431451,66698,666.98
872,538.701498374677,79561,795.61
873,538.785991284559,89588,895.88
874,538.870484161343,99109,991.09
875,538.954977005273,111642,1116.42
876,539.039469816596,119462,1194.62
877,539.123962595556,122287,1222.87
878,539.208455342398,130360,1303.6
879,539.292948057368,132940,1329.4
880,539.37744074071,124212,1242.12
881,539.46193339267,117681,1176.81
882,539.546426013493,112422,1124.22
883,539.630918603424,109480,1094.8
884,539.715411162708,101167,1011.67
885,539.79990369159,92898,928.98
886,539.884396190315,85716,857.16
887,539.968888659129,108870,1088.7
888,540.053381098277,118478,1184.78
889,540.137873508003,99268,992.68
890,540.222365888553,82165,821.65
891,540.306858240173,71152,711.52
892,540.391350563106,63586,635.86
893,540.475842857599,66203,662.03
894,540.560335123896,64175,641.75
895,540.644827362243,59724,597.24
896,540.729319572884,58901,589.01
897,540.813811756066,53739,537.39
898,540.898303912032,46603,466.03
899,540.982796041028,41334,413.34
900,541.0672881433,37461,374.61
901,541.151780219092,35303,353.03
902,541.23627226865,33735,337.35
903,541.320764292218,32359,323.59
904,541.405256290042,31866,318.66
905,541.489748262367,34282,342.82
906,541.574240209438,39964,399.64
907,541.6587321315,39386,393.86
908,541.743224028798,39422,394.22
909,541.827715901578,38442,384.42
910,541.912207750085,34944,349.44
911,541.996699574563,33653,336.53
912,542.081191375258,33140,331.4
913,542.165683152415,36805,368.05
914,542.250174906279,37367,373.67
915,542.334666637096,34861,348.61
916,542.41915834511,33966,339.66
917,542.503650030566,58530,585.3
918,542.58814169371,69301,693.01
919,542.672633334787,65566,655.66
920,542.757124954042,58625,586.25
921,542.841616551719,49432,494.32
922,542.926108128065,47953,479.53
923,543.010599683325,46460,464.6
924,543.095091217743,44069,440.69
925,543.179582731564,74068,740.68
926,543.264074225034,82162,821.62
927,543.348565698398,65460,654.6
928,543.433057151901,55630,556.3
929,543.517548585789,50478,504.78
930,543.602040000305,55381,553.81
931,543.686531395696,60335,603.35
932,543.771022772206,57332,573.32
933,543.855514130081,56901,569.01
934,543.940005469566,59398,593.98
935,544.024496790906,56843,568.43
936,544.108988094346,60727,607.27
937,544.193479380131,63606,636.06
938,544.277970648506,59047,590.47
939,544.362461899717,54471,544.71
940,544.446953134009,56805,568.05
941,544.531444351626,57044,570.44
942,544.615935552814,56543,565.43
943,544.700426737818,57118,571.18
944,544.784917906884,55500,555
945,544.869409060255,57474,574.74
946,544.953900198178,57913,579.13
947,545.038391320898,55225,552.25
948,545.122882428659,53397,533.97
949,545.207373521708,52233,522.33
950,545.291864600288,51884,518.84
951,545.376355664645,51277,512.77
952,545.460846715024,87515,875.15
953,545.545337751671,98312,983.12
954,545.62982877483,79260,792.6
955,545.714319784747,71476,714.76
956,545.798810781666,70239,702.39
957,545.883301765834,65704,657.04
958,545.967792737495,63985,639.85
959,546.052283696893,62294,622.94
960,546.136774644275,62284,622.84
961,546.221265579886,60773,607.73
962,546.30575650397,57495,574.95
963,546.390247416772,55723,557.23
964,546.474738318539,54358,543.58
965,546.559229209514,54186,541.86
966,546.643720089944,54010,540.1
967,546.728210960073,53425,534.25
968,546.812701820146,56010,560.1
969,546.897192670409,62268,622.68
970,546.981683511106,62604,626.04
971,547.066174342483,59098,590.98
972,547.150665164785,59010,590.1
973,547.235155978257,61986,619.86
974,547.319646783145,60820,608.2
975,547.404137579692,58518,585.18
976,547.488628368145,57239,572.39
977,547.573119148749,55923,559.23
978,547.657609921748,55657,556.57
979,547.742100687388,59260,592.6
980,547.826591445914,59794,597.94
981,547.911082197572,58380,583.8
982,547.995572942605,58028,580.28
983,548.08006368126,56882,568.82
984,548.164554413782,56167,561.67
985,548.249045140415,55980,559.8
986,548.333535861404,56153,561.53
987,548.418026576996,76189,761.89
988,548.502517287435,81507,815.07
989,548.587007992966,71326,713.26
990,548.671498693834,65131,651.31
991,548.755989390285,68378,683.78
992,548.840480082563,72293,722.93
993,548.924970770915,68396,683.96
994,549.009461455584,63764,637.64
995,549.093952136815,64745,647.45
996,549.178442814856,63689,636.89
997,549.262933489949,60543,605.43
998,549.347424162341,67756,677.56
999,549.431914832276,69635,696.35
1000,549.5164055,64748,647.48
1001,549.600896165758,64054,640.54
1002,549.685386829794,63063,630.63
1003,549.769877492355,60808,608.08
1004,549.854368153685,60171,601.71
1005,549.938858814029,80606,806.06
1006,550.023349473633,89675,896.75
1007,550.107840132742,83854,838.54
1008,550.1923307916,76242,762.42
1009,550.276821450453,68625,686.25
1010,550.361312109546,64633,646.33
1011,550.445802769124,66599,665.99
1012,550.530293429432,66423,664.23
1013,550.614784090716,63137,631.37
1014,550.69927475322,61485,614.85
1015,550.78376541719,60493,604.93
1016,550.868256082871,59745,597.45
1017,550.952746750508,59956,599.56
1018,551.037237420346,63759,637.59
1019,551.12172809263,64650,646.5
1020,551.206218767606,62868,628.68
1021,551.290709445518,61664,616.64
1022,551.375200126611,60482,604.82
1023,551.459690811131,64893,648.93
1024,551.544181499323,66382,663.82
1025,551.628672191433,64359,643.59
1026,551.713162887704,62963,629.63
1027,551.797653588383,61577,615.77
1028,551.882144293714,60791,607.91
1029,551.966635003943,61063,610.63
1030,552.051125719314,65650,656.5
1031,552.135616440073,73727,737.27
1032,552.220107166465,73247,732.47
1033,552.304597898735,71219,712.19
1034,552.389088637129,69538,695.38
1035,552.473579381891,90492,904.92
1036,552.558070133266,95445,954.45
1037,552.6425608915,81785,817.85
1038,552.727051656838,73865,738.65
1039,552.811542429524,98009,980.09
1040,552.896033209805,102703,1027.03
1041,552.980523997925,89733,897.33
1042,553.065014794129,80633,806.33
1043,553.149505598662,72776,727.76
1044,553.23399641177,68270,682.7
1045,553.318487233698,69428,694.28
1046,553.402978064691,84723,847.23
1047,553.487468904993,99112,991.12
1048,553.571959754851,92826,928.26
1049,553.656450614509,79888,798.88
1050,553.740941484213,72076,720.76
1051,553.825432364206,75497,754.97
1052,553.909923254736,75768,757.68
1053,553.994414156046,77841,778.41
1054,554.078905068382,76654,766.54
1055,554.16339599199,70722,707.22
1056,554.247886927113,67790,677.9
1057,554.332377873998,93271,932.71
1058,554.416868832889,99823,998.23
1059,554.501359804032,84794,847.94
1060,554.585850787671,75983,759.83
1061,554.670341784053,70816,708.16
1062,554.754832793421,67684,676.84
1063,554.839323816021,65846,658.46
1064,554.923814852099,64694,646.94
1065,555.008305901899,64424,644.24
1066,555.092796965667,72608,726.08
1067,555.177288043647,74773,747.73
1068,555.261779136085,100047,1000.47
1069,555.346270243226,105869,1058.69
1070,555.430761365315,92582,925.82
1071,555.515252502597,86870,868.7
1072,555.599743655318,80845,808.45
1073,555.684234823722,74894,748.94
1074,555.768726008055,75315,753.15
1075,555.853217208561,77715,777.15
1076,555.937708425486,74334,743.34
1077,556.022199659075,97076,970.76
1078,556.106690909574,102351,1023.51
1079,556.191182177226,90825,908.25
1080,556.275673462278,82779,827.79
1081,556.360164764975,79285,792.85
1082,556.444656085561,81800,818
1083,556.529147424282,78589,785.89
1084,556.613638781383,73919,739.19
1085,556.698130157109,71184,711.84
1086,556.782621551706,72536,725.36
1087,556.867112965417,72079,720.79
1088,556.951604398489,75791,757.91
1089,557.036095851167,84034,840.34
1090,557.120587323695,81384,813.84
1091,557.20507881632,74067,740.67
1092,557.289570329285,70119,701.19
1093,557.374061862836,71922,719.22
1094,557.458553417219,72847,728.47
1095,557.543044992678,74241,742.41
1096,557.627536589459,73706,737.06
1097,557.712028207806,74958,749.58
1098,557.796519847966,74125,741.25
1099,557.881011510182,78326,783.26
1100,557.9655031947,82574,825.74
1101,558.049994901765,78384,783.84
1102,558.134486631623,73001,730.01
1103,558.218978384519,69782,697.82
1104,558.303470160697,71741,717.41
1105,558.387961960402,71806,718.06
1106,558.472453783881,71942,719.42
1107,558.556945631378,72878,728.78
1108,558.641437503137,104641,1046.41
1109,558.725929399405,123124,1231.24
1110,558.810421320427,107297,1072.97
1111,558.894913266447,89939,899.39
1112,558.97940523771,80267,802.67
1113,559.063897234463,78511,785.11
1114,559.14838925695,80159,801.59
1115,559.232881305415,76996,769.96
1116,559.317373380105,72278,722.78
1117,559.401865481264,74158,741.58
1118,559.486357609138,73998,739.98
1119,559.570849763971,70418,704.18
1120,559.65534194601,69043,690.43
1121,559.739834155498,73097,730.97
1122,559.824326392681,73599,735.99
1123,559.908818657804,74296,742.96
1124,559.993310951113,73352,733.52
1125,560.077803272852,70306,703.06
1126,560.162295623266,68945,689.45
1127,560.246788002602,67769,677.69
1128,560.331280411103,70732,707.32
1129,560.415772849015,75223,752.23
1130,560.500265316583,78593,785.93
1131,560.584757814052,84387,843.87
1132,560.669250341668,82124,821.24
1133,560.753742899676,75173,751.73
1134,560.83823548832,75579,755.79
1135,560.922728107845,74661,746.61
1136,561.007220758498,71127,711.27
1137,561.091713440523,69524,695.24
1138,561.176206154165,68740,687.4
1139,561.260698899669,68533,685.33
1140,561.345191677281,67735,677.35
1141,561.429684487245,66967,669.67
1142,561.514177329807,66878,668.78
1143,561.598670205212,67152,671.52
1144,561.683163113705,68477,684.77
1145,561.767656055531,68776,687.76
1146,561.852149030935,71814,718.14
1147,561.936642040163,76729,767.29
1148,562.021135083459,75342,753.42
1149,562.105628161069,71836,718.36
1150,562.190121273237,74110,741.1
1151,562.27461442021,73987,739.87
1152,562.359107602232,83958,839.58
1153,562.443600819547,85395,853.95
1154,562.528094072403,81210,812.1
1155,562.612587361042,88185,881.85
1156,562.697080685712,90295,902.95
1157,562.781574046656,86755,867.55
1158,562.866067444119,102305,1023.05
1159,562.950560878348,102594,1025.94
1160,563.035054349587,87753,877.53
1161,563.119547858082,83200,832
1162,563.204041404076,79946,799.46
1163,563.288534987816,76276,762.76
1164,563.373028609547,73222,732.22
1165,563.457522269514,70841,708.41
1166,563.542015967961,69527,695.27
1167,563.626509705135,72515,725.15
1168,563.71100348128,76980,769.8
1169,563.795497296641,75258,752.58
1170,563.879991151464,71560,715.6
1171,563.964485045993,69396,693.96
1172,564.048978980475,68376,683.76
1173,564.133472955153,69075,690.75
1174,564.217966970273,69069,690.69
1175,564.30246102608,72477,724.77
1176,564.386955122819,77141,771.41
1177,564.471449260736,79490,794.9
1178,564.555943440075,76867,768.67
1179,564.640437661083,72741,727.41
1180,564.724931924002,155598,1555.98
1181,564.80942622908,182355,1823.55
1182,564.893920576561,137049,1370.49
1183,564.97841496669,111501,1115.01
1184,565.062909399713,96079,960.79
1185,565.147403875874,96556,965.56
1186,565.231898395419,93062,930.62
1187,565.316392958592,82626,826.26
1188,565.400887565639,76249,762.49
1189,565.485382216806,72335,723.35
1190,565.569876912336,70131,701.31
1191,565.654371652476,68824,688.24
1192,565.73886643747,71351,713.51
1193,565.823361267564,72401,724.01
1194,565.907856143003,94002,940.02
1195,565.992351064031,99977,999.77
1196,566.076846030894,87179,871.79
1197,566.161341043838,78854,788.54
1198,566.245836103106,73783,737.83
1199,566.330331208945,71260,712.6
1200,566.4148263616,70020,700.2
1201,566.499321561315,72785,727.85
1202,566.583816808336,73108,731.08
1203,566.668312102908,74759,747.59
1204,566.752807445276,74410,744.1
1205,566.837302835685,72997,729.97
1206,566.92179827438,74064,740.64
1207,567.006293761607,73356,733.56
1208,567.090789297611,70824,708.24
1209,567.175284882636,75730,757.3
1210,567.259780516928,77174,771.74
1211,567.344276200732,72999,729.99
1212,567.428771934293,70700,707
1213,567.513267717856,73331,733.31
1214,567.597763551667,73623,736.23
1215,567.68225943597,70821,708.21
1216,567.766755371011,92603,926.03
1217,567.851251357034,98950,989.5
1218,567.935747394286,85865,858.65
1219,568.020243483011,85521,855.21
1220,568.104739623454,82966,829.66
1221,568.18923581586,102368,1023.68
1222,568.273732060474,106043,1060.43
1223,568.358228357543,89877,898.77
1224,568.442724707309,80271,802.71
1225,568.52722111002,74970,749.7
1226,568.61171756592,71442,714.42
1227,568.696214075254,69980,699.8
1228,568.780710638267,69220,692.2
1229,568.865207255205,68423,684.23
1230,568.949703926312,68786,687.86
1231,569.034200651834,72743,727.43
1232,569.118697432015,73414,734.14
1233,569.203194267102,71041,710.41
1234,569.287691157338,73198,731.98
1235,569.37218810297,79635,796.35
1236,569.456685104242,90791,907.91
1237,569.5411821614,90257,902.57
1238,569.625679274688,81888,818.88
1239,569.710176444352,80644,806.44
1240,569.794673670637,78217,782.17
1241,569.879170953788,73574,735.74
1242,569.96366829405,74590,745.9
1243,570.048165691668,82347,823.47
1244,570.132663146887,81758,817.58
1245,570.217160659954,83864,838.64
1246,570.301658231112,83183,831.83
1247,570.386155860606,77286,772.86
1248,570.470653548683,73774,737.74
1249,570.555151295587,71617,716.17
1250,570.639649101562,70315,703.15
1251,570.724146966856,69300,693
1252,570.808644891712,72469,724.69
1253,570.893142876375,78305,783.05
1254,570.977640921091,78544,785.44
1255,571.062139026105,77937,779.37
1256,571.146637191662,97389,973.89
1257,571.231135418007,99979,999.79
1258,571.315633705386,86317,863.17
1259,571.400132054043,82087,820.87
1260,571.484630464223,82651,826.51
1261,571.569128936172,79039,790.39
1262,571.653627470135,73806,738.06
1263,571.738126066357,79441,794.41
1264,571.822624725083,84492,844.92
1265,571.907123446559,80251,802.51
1266,571.991622231028,83460,834.6
1267,572.076121078737,89872,898.72
1268,572.160619989931,86427,864.27
1269,572.245118964855,82684,826.84
1270,572.329618003753,79262,792.62
1271,572.414117106872,79922,799.22
1272,572.498616274455,85426,854.26
1273,572.583115506749,82413,824.13
1274,572.667614803999,75456,754.56
1275,572.752114166448,71657,716.57
1276,572.836613594344,70658,706.58
1277,572.921113087931,70377,703.77
1278,573.005612647453,69278,692.78
1279,573.090112273157,68517,685.17
1280,573.174611965286,72608,726.08
1281,573.259111724088,80789,807.89
1282,573.343611549805,89174,891.74
1283,573.428111442685,115825,1158.25
1284,573.512611402971,120260,1202.6
1285,573.597111430909,151030,1510.3
1286,573.681611526744,154220,1542.2
1287,573.766111690721,131135,1311.35
1288,573.850611923086,111505,1115.05
1289,573.935112224083,92723,927.23
1290,574.019612593957,81679,816.79
1291,574.104113032955,76189,761.89
1292,574.18861354132,77078,770.78
1293,574.273114119298,76636,766.36
1294,574.357614767134,77150,771.5
1295,574.442115485074,75808,758.08
1296,574.526616273362,128202,1282.02
1297,574.611117132243,141861,1418.61
1298,574.695618061963,129528,1295.28
1299,574.780119062767,120053,1200.53
1300,574.8646201349,101249,1012.49
1301,574.949121278607,91448,914.48
1302,575.033622494133,87447,874.47
1303,575.118123781723,85328,853.28
1304,575.202625141623,80285,802.85
1305,575.287126574078,74462,744.62
1306,575.371628079332,71920,719.2
1307,575.456129657631,70476,704.76
1308,575.54063130922,69940,699.4
1309,575.625133034344,73816,738.16
1310,575.709634833249,81070,810.7
1311,575.794136706179,80067,800.67
1312,575.878638653379,75051,750.51
1313,575.963140675095,71630,716.3
1314,576.047642771572,69295,692.95
1315,576.132144943055,68617,686.17
1316,576.216647189789,73485,734.85
1317,576.301149512019,74500,745
1318,576.38565190999,71593,715.93
1319,576.470154383948,69782,697.82
1320,576.554656934138,68983,689.83
1321,576.639159560804,73224,732.24
1322,576.723662264192,74380,743.8
1323,576.808165044547,107166,1071.66
1324,576.892667902114,118731,1187.31
1325,576.977170837139,99298,992.98
1326,577.061673849866,85092,850.92
1327,577.146176940541,77033,770.33
1328,577.230680109408,72792,727.92
1329,577.315183356713,71124,711.24
1330,577.399686682701,73331,733.31
1331,577.484190087617,100062,1000.62
1332,577.568693571706,104775,1047.75
1333,577.653197135214,88900,889
1334,577.737700778385,83638,836.38
1335,577.822204501465,79466,794.66
1336,577.906708304698,74125,741.25
1337,577.991212188331,110462,1104.62
1338,578.075716152607,119504,1195.04
1339,578.160220197773,101692,1016.92
1340,578.244724324073,89963,899.63
1341,578.329228531752,88445,884.45
1342,578.413732821056,89653,896.53
1343,578.49823719223,83060,830.6
1344,578.582741645518,75922,759.22
1345,578.667246181166,75653,756.53
1346,578.75175079942,74504,745.04
1347,578.836255500524,75221,752.21
1348,578.920760284723,83519,835.19
1349,579.005265152262,83304,833.04
1350,579.089770103388,77258,772.58
1351,579.174275138344,73172,731.72
1352,579.258780257375,70268,702.68
1353,579.343285460728,68710,687.1
1354,579.427790748647,67941,679.41
1355,579.512296121378,67130,671.3
1356,579.596801579165,66528,665.28
1357,579.681307122253,67747,677.47
1358,579.765812750888,68140,681.4
1359,579.850318465315,67152,671.52
1360,579.934824265779,66434,664.34
1361,580.019330152525,65832,658.32
1362,580.103836125799,86972,869.72
1363,580.188342185844,93461,934.61
1364,580.272848332908,85767,857.67
1365,580.357354567233,80136,801.36
1366,580.441860889067,74276,742.76
1367,580.526367298654,70585,705.85
1368,580.610873796238,76558,765.58
1369,580.695380382066,77710,777.1
1370,580.779887056382,73168,731.68
1371,580.864393819432,76404,764.04
1372,580.94890067146,76891,768.91
1373,581.033407612712,72597,725.97
1374,581.117914643433,70049,700.49
1375,581.202421763867,68794,687.94
1376,581.286928974261,68480,684.8
1377,581.371436274859,71581,715.81
1378,581.455943665907,71850,718.5
1379,581.540451147649,73215,732.15
1380,581.62495872033,72556,725.56
1381,581.709466384197,69446,694.46
1382,581.793974139493,68014,680.14
1383,581.878481986465,75023,750.23
1384,581.962989925357,76460,764.6
1385,582.047497956414,80134,801.34
1386,582.132006079881,83907,839.07
1387,582.216514296004,79118,791.18
1388,582.301022605028,73774,737.74
1389,582.385531007198,81792,817.92
1390,582.470039502758,83434,834.34
1391,582.554548091955,77007,770.07
1392,582.639056775033,72947,729.47
1393,582.723565552238,69955,699.55
1394,582.808074423814,68622,686.22
1395,582.892583390007,67748,677.48
1396,582.977092451061,75070,750.7
1397,583.061601607223,77223,772.23
1398,583.146110858736,74575,745.75
1399,583.230620205847,74203,742.03
1400,583.3151296488,71857,718.57
1401,583.399639187841,72924,729.24
1402,583.484148823214,72280,722.8
1403,583.568658555165,69376,693.76
1404,583.653168383939,67629,676.29
1405,583.73767830978,74167,741.67
1406,583.822188332935,76151,761.51
1407,583.906698453649,75370,753.7
1408,583.991208672165,73362,733.62
1409,584.075718988731,69419,694.19
1410,584.16022940359,70942,709.42
1411,584.244739916987,70754,707.54
1412,584.329250529169,68020,680.2
1413,584.41376124038,66471,664.71
1414,584.498272050865,66142,661.42
1415,584.58278296087,66067,660.67
1416,584.667293970638,76284,762.84
1417,584.751805080417,86379,863.79
1418,584.83631629045,83134,831.34
1419,584.920827600983,75905,759.05
1420,585.005339012262,71657,716.57
1421,585.08985052453,72490,724.9
1422,585.174362138034,75345,753.45
1423,585.258873853018,76955,769.55
1424,585.343385669727,74417,744.17
1425,585.427897588408,70239,702.39
1426,585.512409609304,67374,673.74
1427,585.596921732661,65847,658.47
1428,585.681433958724,68097,680.97
1429,585.765946287739,68784,687.84
1430,585.85045871995,71225,712.25
1431,585.934971255602,75238,752.38
1432,586.019483894941,81709,817.09
1433,586.103996638212,84032,840.32
1434,586.18850948566,78172,781.72
1435,586.27302243753,73234,732.34
1436,586.357535494067,69977,699.77
1437,586.442048655516,95181,951.81
1438,586.526561922122,124807,1248.07
1439,586.611075294132,115351,1153.51
1440,586.695588771789,93876,938.76
1441,586.780102355339,81772,817.72
1442,586.864616045027,78272,782.72
1443,586.949129841097,74704,747.04
1444,587.033643743797,69611,696.11
1445,587.118157753369,66913,669.13
1446,587.20267187006,65591,655.91
1447,587.287186094115,64792,647.92
1448,587.371700425779,64386,643.86
1449,587.456214865296,63692,636.92
1450,587.540729412912,63274,632.74
1451,587.625244068873,63121,631.21
1452,587.709758833423,66916,669.16
1453,587.794273706808,68160,681.6
1454,587.878788689272,66793,667.93
1455,587.963303781061,65680,656.8
1456,588.047818982419,65003,650.03
1457,588.132334293593,67973,679.73
1458,588.216849714827,73033,730.33
1459,588.301365246366,72185,721.85
1460,588.385880888455,68890,688.9
1461,588.47039664134,66849,668.49
1462,588.554912505266,65400,654
1463,588.639428480477,68623,686.23
1464,588.72394456722,75327,753.27
1465,588.808460765738,82897,828.97
1466,588.892977076278,80639,806.39
1467,588.977493499084,73271,732.71
1468,589.062010034401,68687,686.87
1469,589.146526682475,66078,660.78
1470,589.231043443551,64247,642.47
1471,589.315560317874,63520,635.2
1472,589.400077305689,63157,631.57
1473,589.48459440724,63173,631.73
1474,589.569111622774,66707,667.07
1475,589.653628952536,73205,732.05
1476,589.73814639677,73132,731.32
1477,589.822663955722,69111,691.11
1478,589.907181629636,172618,1726.18
1479,589.991699418759,208893,2088.93
1480,590.076217323334,161643,1616.43
1481,590.160735343608,125573,1255.73
1482,590.245253479825,98664,986.64
1483,590.329771732231,82610,826.1
1484,590.41429010107,110152,1101.52
1485,590.498808586588,115460,1154.6
1486,590.58332718903,93686,936.86
1487,590.667845908641,84164,841.64
1488,590.752364745666,77605,776.05
1489,590.83688370035,71436,714.36
1490,590.921402772939,71332,713.32
1491,591.005921963678,77880,778.8
1492,591.090441272811,76594,765.94
1493,591.174960700584,74430,744.3
1494,591.259480247241,75316,753.16
1495,591.343999913029,76160,761.6
1496,591.428519698192,73308,733.08
1497,591.513039602976,68851,688.51
1498,591.597559627625,66570,665.7
1499,591.682079772385,64948,649.48
1500,591.7666000375,63350,633.5
1501,591.851120423216,63103,631.03
1502,591.935640929779,62838,628.38
1503,592.020161557432,64637,646.37
1504,592.104682306422,64726,647.26
1505,592.189203176993,63049,630.49
1506,592.273724169391,62213,622.13
1507,592.35824528386,61789,617.89
1508,592.442766520647,61724,617.24
1509,592.527287879995,65912,659.12
1510,592.611809362151,67386,673.86
1511,592.696330967358,96696,966.96
1512,592.780852695863,103817,1038.17
1513,592.865374547911,86018,860.18
1514,592.949896523746,75882,758.82
1515,593.034418623614,70244,702.44
1516,593.11894084776,108291,1082.91
1517,593.203463196429,117424,1174.24
1518,593.287985669866,94048,940.48
1519,593.372508268317,80158,801.58
1520,593.457030992026,72612,726.12
1521,593.541553841238,68409,684.09
1522,593.626076816199,66618,666.18
1523,593.710599917154,65111,651.11
1524,593.795123144348,63894,638.94
1525,593.879646498027,62853,628.53
1526,593.964169978434,69968,699.68
1527,594.048693585816,72280,722.8
1528,594.133217320417,67663,676.63
1529,594.217741182483,68832,688.32
1530,594.302265172259,68143,681.43
1531,594.38678928999,69163,691.63
1532,594.47131353592,68395,683.95
1533,594.555837910296,68828,688.28
1534,594.640362413363,68004,680.04
1535,594.724887045364,88847,888.47
1536,594.809411806547,93876,938.76
1537,594.893936697155,80052,800.52
1538,594.978461717434,79316,793.16
1539,595.062986867629,76388,763.88
1540,595.147512147985,70261,702.61
1541,595.232037558747,74848,748.48
1542,595.316563100161,82831,828.31
1543,595.401088772471,80646,806.46
1544,595.485614575923,73606,736.06
1545,595.570140510762,68750,687.5
1546,595.654666577233,65713,657.13
1547,595.73919277558,67355,673.55
1548,595.82371910605,68815,688.15
1549,595.908245568888,67057,670.57
1550,595.992772164338,72318,723.18
1551,596.077298892645,81391,813.91
1552,596.161825754055,78509,785.09
1553,596.246352748813,70711,707.11
1554,596.330879877164,66505,665.05
1555,596.415407139353,81022,810.22
1556,596.499934535626,84745,847.45
1557,596.584462066227,76449,764.49
1558,596.668989731401,75078,750.78
1559,596.753517531394,76411,764.11
1560,596.838045466451,76664,766.64
1561,596.922573536817,72442,724.42
1562,597.007101742737,67959,679.59
1563,597.091630084456,101475,1014.75
1564,597.17615856222,127542,1275.42
1565,597.260687176273,113919,1139.19
1566,597.345215926861,96656,966.56
1567,597.429744814228,92069,920.69
1568,597.51427383862,84259,842.59
1569,597.598803000283,74356,743.56
1570,597.68333229946,76495,764.95
1571,597.767861736398,74898,748.98
1572,597.852391311341,75862,758.62
1573,597.936921024535,74299,742.99
1574,598.021450876224,72252,722.52
1575,598.105980866655,74040,740.4
1576,598.190510996071,70826,708.26
1577,598.275041264718,70251,702.51
1578,598.359571672842,72522,725.22
1579,598.444102220687,75127,751.27
1580,598.528632908498,72369,723.69
1581,598.613163736522,70735,707.35
1582,598.697694705001,77609,776.09
1583,598.782225814183,79262,792.62
1584,598.866757064312,76726,767.26
1585,598.951288455633,71932,719.32
1586,599.035819988391,70327,703.27
1587,599.120351662832,72467,724.67
1588,599.2048834792,69642,696.42
1589,599.289415437741,64887,648.87
1590,599.3739475387,62741,627.41
1591,599.458479782322,66228,662.28
1592,599.543012168852,70515,705.15
1593,599.627544698535,72372,723.72
1594,599.712077371617,69152,691.52
1595,599.796610188342,64951,649.51
1596,599.881143148956,67163,671.63
1597,599.965676253703,70852,708.52
1598,600.05020950283,68936,689.36
1599,600.13474289658,64711,647.11
1600,600.2192764352,62229,622.29
1601,600.303810118934,65246,652.46
1602,600.388343948028,65538,655.38
1603,600.472877922726,62900,629
1604,600.557412043273,65213,652.13
1605,600.641946309916,65012,650.12
1606,600.726480722899,62896,628.96
1607,600.811015282466,61532,615.32
1608,600.895549988864,60363,603.63
1609,600.980084842338,59173,591.73
1610,601.064619843132,61816,618.16
1611,601.149154991491,62850,628.5
1612,601.233690287662,65816,658.16
1613,601.318225731888,66143,661.43
1614,601.402761324415,63141,631.41
1615,601.487297065489,64761,647.61
1616,601.571832955354,65275,652.75
1617,601.656368994255,67353,673.53
1618,601.740905182438,66379,663.79
1619,601.825441520148,62825,628.25
1620,601.90997800763,65830,658.3
1621,601.994514645128,70088,700.88
1622,602.079051432889,71298,712.98
1623,602.163588371157,68905,689.05
1624,602.248125460177,68382,683.82
1625,602.332662700195,66915,669.15
1626,602.417200091456,67864,678.64
1627,602.501737634204,66635,666.35
1628,602.586275328686,63156,631.56
1629,602.670813175145,61270,612.7
1630,602.755351173828,71635,716.35
1631,602.839889324979,74297,742.97
1632,602.924427628843,71441,714.41
1633,603.008966085667,72015,720.15
1634,603.093504695693,68817,688.17
1635,603.178043459169,64148,641.48
1636,603.262582376339,66361,663.61
1637,603.347121447448,68831,688.31
1638,603.431660672741,67447,674.47
1639,603.516200052464,64219,642.19
1640,603.600739586861,60982,609.82
1641,603.685279276178,59494,594.94
1642,603.769819120659,60041,600.41
1643,603.854359120551,59792,597.92
1644,603.938899276098,63859,638.59
1645,604.023439587545,68951,689.51
1646,604.107980055137,67447,674.47
1647,604.19252067912,67154,671.54
1648,604.277061459738,68666,686.66
1649,604.361602397237,65900,659
1650,604.446143491862,61879,618.79
1651,604.530684743859,78462,784.62
1652,604.615226153471,95892,958.92
1653,604.699767720944,92608,926.08
1654,604.784309446525,80727,807.27
1655,604.868851330456,74844,748.44
1656,604.953393372984,78398,783.98
1657,605.037935574354,82712,827.12
1658,605.122477934812,77032,770.32
1659,605.207020454601,95060,950.6
1660,605.291563133967,97472,974.72
1661,605.376105973156,81814,818.14
1662,605.460648972412,72243,722.43
1663,605.545192131981,65490,654.9
1664,605.629735452108,61504,615.04
1665,605.714278933038,59212,592.12
1666,605.798822575015,66830,668.3
1667,605.883366378286,69195,691.95
1668,605.967910343095,64237,642.37
1669,606.052454469688,60790,607.9
1670,606.136998758309,59237,592.37
1671,606.221543209204,62715,627.15
1672,606.306087822618,63457,634.57
1673,606.390632598795,60565,605.65
1674,606.475177537982,62503,625.03
1675,606.559722640423,66630,666.3
1676,606.644267906364,68522,685.22
1677,606.728813336049,69578,695.78
1678,606.813358929724,66569,665.69
1679,606.897904687633,62141,621.41
1680,606.982450610022,59587,595.87
1681,607.066996697137,57947,579.47
1682,607.151542949221,60661,606.61
1683,607.236089366521,65129,651.29
1684,607.320635949282,63981,639.81
1685,607.405182697748,60375,603.75
1686,607.489729612165,63329,633.29
1687,607.574276692777,63750,637.5
1688,607.658823939831,60337,603.37
1689,607.74337135357,62286,622.86
1690,607.827918934241,65919,659.19
1691,607.912466682089,64016,640.16
1692,607.997014597358,60146,601.46
1693,608.081562680293,70705,707.05
1694,608.16611093114,73069,730.69
1695,608.250659350145,69876,698.76
1696,608.335207937551,70052,700.52
1697,608.419756693605,69161,691.61
1698,608.504305618551,65204,652.04
1699,608.588854712634,64905,649.05
1700,608.6734039761,63309,633.09
1701,608.757953409194,72241,722.41
1702,608.84250301216,78799,787.99
1703,608.927052785245,72538,725.38
1704,609.011602728693,66118,661.18
1705,609.096152842749,62123,621.23
1706,609.180703127658,59072,590.72
1707,609.265253583666,56958,569.58
1708,609.349804211018,56303,563.03
1709,609.434355009958,59618,596.18
1710,609.518905980733,59970,599.7
1711,609.603457123586,65584,655.84
1712,609.688008438764,104941,1049.41
1713,609.772559926511,110508,1105.08
1714,609.857111587073,86794,867.94
1715,609.941663420694,72817,728.17
1716,610.02621542762,64999,649.99
1717,610.110767608096,65190,651.9
1718,610.195319962366,63738,637.38
1719,610.279872490677,59346,593.46
1720,610.364425193274,56753,567.53
1721,610.4489780704,55585,555.85
1722,610.533531122303,55434,554.34
1723,610.618084349226,56536,565.36
1724,610.702637751414,60493,604.93
1725,610.787191329114,64423,644.23
1726,610.87174508257,62437,624.37
1727,610.956299012027,66492,664.92
1728,611.04085311773,66408,664.08
1729,611.125407399925,61237,612.37
1730,611.209961858857,58022,580.22
1731,611.29451649477,85063,850.63
1732,611.37907130791,101457,1014.57
1733,611.463626298523,87977,879.77
1734,611.548181466852,77129,771.29
1735,611.632736813144,77716,777.16
1736,611.717292337643,73895,738.95
1737,611.801848040595,66076,660.76
1738,611.886403922244,61533,615.33
1739,611.970959982837,62846,628.46
1740,612.055516222617,65005,650.05
1741,612.14007264183,67149,671.49
1742,612.224629240722,68902,689.02
1743,612.309186019537,66792,667.92
1744,612.39374297852,79619,796.19
1745,612.478300117917,82159,821.59
1746,612.562857437973,91525,915.25
1747,612.647414938933,93774,937.74
1748,612.731972621042,79214,792.14
1749,612.816530484545,67692,676.92
1750,612.901088529688,81780,817.8
1751,612.985646756714,83741,837.41
1752,613.070205165871,74408,744.08
1753,613.154763757402,67861,678.61
1754,613.239322531553,61786,617.86
1755,613.323881488569,62223,622.23
1756,613.408440628695,61192,611.92
1757,613.492999952176,57776,577.76
1758,613.577559459258,59822,598.22
1759,613.662119150185,63239,632.39
1760,613.746679025203,60943,609.43
1761,613.831239084557,57332,573.32
1762,613.915799328492,59276,592.76
1763,614.000359757252,59200,592
1764,614.084920371084,56678,566.78
1765,614.169481170232,55641,556.41
1766,614.254042154942,55646,556.46
1767,614.338603325458,55007,550.07
1768,614.423164682026,58574,585.74
1769,614.507726224891,63053,630.53
1770,614.592287954298,61111,611.11
1771,614.676849870492,78964,789.64
1772,614.761411973718,82816,828.16
1773,614.845974264222,69544,695.44
1774,614.930536742248,62420,624.2
1775,615.015099408042,62783,627.83
1776,615.099662261849,61349,613.49
1777,615.184225303914,57497,574.97
1778,615.268788534481,59406,594.06
1779,615.353351953797,59175,591.75
1780,615.437915562106,63913,639.13
1781,615.522479359654,65028,650.28
1782,615.607043346685,59895,598.95
1783,615.691607523446,76731,767.31
1784,615.776171890179,80130,801.3
1785,615.860736447132,68085,680.85
1786,615.94530119455,60899,608.99
1787,616.029866132676,60766,607.66
1788,616.114431261757,60127,601.27
1789,616.198996582037,61365,613.65
1790,616.283562093762,64169,641.69
1791,616.368127797177,65510,655.1
1792,616.452693692527,62006,620.06
1793,616.537259780057,57140,571.4
1794,616.621826060012,58923,589.23
1795,616.706392532638,63082,630.82
1796,616.790959198179,61375,613.75
1797,616.87552605688,57066,570.66
1798,616.960093108988,80715,807.15
1799,617.044660354746,87079,870.79
1800,617.1292277944,82739,827.39
1801,617.213795428195,86721,867.21
1802,617.298363256377,78770,787.7
1803,617.38293127919,66979,669.79
1804,617.46749949688,59958,599.58
1805,617.552067909691,55716,557.16
1806,617.63663651787,53255,532.55
1807,617.72120532166,585894,5858.94
1808,617.805774321307,744255,7442.55
1809,617.890343517057,457273,4572.73
1810,617.974912909154,283753,2837.53
1811,618.059482497843,183796,1837.96
1812,618.14405228337,126975,1269.75
1813,618.22862226598,94289,942.89
1814,618.313192445918,74995,749.95
1815,618.397762823429,81683,816.83
1816,618.482333398757,85099,850.99
1817,618.56690417215,73880,738.8
1818,618.65147514385,68289,682.89
1819,618.736046314105,63929,639.29
1820,618.820617683158,58357,583.57
1821,618.905189251254,55495,554.95
1822,618.98976101864,54829,548.29
1823,619.07433298556,53304,533.04
1824,619.158905152259,57774,577.74
1825,619.243477518983,85038,850.38
1826,619.328050085976,88390,883.9
1827,619.412622853484,76142,761.42
1828,619.497195821751,71854,718.54
1829,619.581768991023,74737,747.37
1830,619.666342361546,70600,706
1831,619.750915933564,61470,614.7
1832,619.835489707321,56281,562.81
1833,619.920063683065,61748,617.48
1834,620.004637861039,65956,659.56
1835,620.089212241489,61315,613.15
1836,620.173786824659,55915,559.15
1837,620.258361610796,54355,543.55
1838,620.342936600144,53406,534.06
1839,620.427511792947,52402,524.02
1840,620.512087189453,59209,592.09
1841,620.596662789905,93249,932.49
1842,620.681238594548,109538,1095.38
1843,620.765814603629,93033,930.33
1844,620.850390817391,75031,750.31
1845,620.93496723608,68025,680.25
1846,621.019543859942,71017,710.17
1847,621.104120689221,67972,679.72
1848,621.188697724162,62696,626.96
1849,621.273274965011,58630,586.3
1850,621.357852412012,54228,542.28
1851,621.442430065412,53668,536.68
1852,621.527007925454,52734,527.34
1853,621.611585992385,54702,547.02
1854,621.696164266449,56106,561.06
1855,621.780742747892,53692,536.92
1856,621.865321436958,51099,510.99
1857,621.949900333892,50481,504.81
1858,622.03447943894,53863,538.63
1859,622.119058752348,54574,545.74
1860,622.203638274359,52278,522.78
1861,622.28821800522,55081,550.81
1862,622.372797945175,55852,558.52
1863,622.457378094469,53789,537.89
1864,622.541958453348,52030,520.3
1865,622.626539022057,52395,523.95
1866,622.711119800841,52559,525.59
1867,622.795700789945,51396,513.96
1868,622.880281989613,65952,659.52
1869,622.964863400093,69327,693.27
1870,623.049445021627,60488,604.88
1871,623.134026854462,55859,558.59
1872,623.218608898843,52818,528.18
1873,623.303191155015,55499,554.99
1874,623.387773623222,56739,567.39
1875,623.472356303711,58391,583.91
1876,623.556939196726,61252,612.52
1877,623.641522302512,58500,585
1878,623.726105621315,53949,539.49
1879,623.810689153379,55046,550.46
1880,623.89527289895,54418,544.18
1881,623.979856858273,55778,557.78
1882,624.064441031593,62291,622.91
1883,624.149025419156,64880,648.8
1884,624.233610021205,67800,678
1885,624.318194837987,68167,681.67
1886,624.402779869747,65895,658.95
1887,624.487365116729,67959,679.59
1888,624.571950579179,67873,678.73
1889,624.656536257342,61656,616.56
1890,624.741122151463,55330,553.3
1891,624.825708261788,54969,549.69
1892,624.91029458856,62203,622.03
1893,624.994881132027,61258,612.58
1894,625.079467892432,58636,586.36
1895,625.16405487002,56024,560.24
1896,625.248642065038,52294,522.94
1897,625.33322947773,91222,912.22
1898,625.41781710834,105358,1053.58
1899,625.502404957115,234314,2343.14
1900,625.5869930243,265817,2658.17
1901,625.671581310139,176988,1769.88
1902,625.756169814878,646525,6465.25
1903,625.840758538762,764160,7641.6
1904,625.925347482035,462171,4621.71
1905,626.009936644944,296488,2964.88
1906,626.094526027733,197652,1976.52
1907,626.179115630648,132676,1326.76
1908,626.263705453933,96441,964.41
1909,626.348295497833,79085,790.85
1910,626.432885762595,67502,675.02
1911,626.517476248462,59453,594.53
1912,626.60206695568,71634,716.34
1913,626.686657884495,72564,725.64
1914,626.771249035151,60783,607.83
1915,626.855840407893,61767,617.67
1916,626.940432002967,60025,600.25
1917,627.025023820618,60053,600.53
1918,627.10961586109,77062,770.62
1919,627.19420812463,76469,764.69
1920,627.278800611482,76054,760.54
1921,627.363393321891,75025,750.25
1922,627.447986256102,106180,1061.8
1923,627.532579414361,109706,1097.06
1924,627.617172796912,83330,833.3
1925,627.701766404002,67106,671.06
1926,627.786360235874,57651,576.51
1927,627.870954292774,56489,564.89
1928,627.955548574948,54036,540.36
1929,628.04014308264,67188,671.88
1930,628.124737816095,70073,700.73
1931,628.209332775559,63263,632.63
1932,628.293927961276,57790,577.9
1933,628.378523373493,51746,517.46
1934,628.463119012454,48141,481.41
1935,628.547714878403,46857,468.57
1936,628.632310971587,51012,510.12
1937,628.716907292251,55183,551.83
1938,628.801503840639,56899,568.99
1939,628.886100616996,54015,540.15
1940,628.970697621569,49550,495.5
1941,629.055294854601,47280,472.8
1942,629.139892316339,50233,502.33
1943,629.224490007026,54132,541.32
1944,629.309087926909,52620,526.2
1945,629.393686076233,52982,529.82
1946,629.478284455242,51516,515.16
1947,629.562883064182,47732,477.32
1948,629.647481903298,45853,458.53
1949,629.732080972835,45076,450.76
1950,629.816680273037,48074,480.74
1951,629.901279804152,48390,483.9
1952,629.985879566422,50031,500.31
1953,630.070479560095,54141,541.41
1954,630.155079785414,55628,556.28
1955,630.239680242624,52636,526.36
1956,630.324280931972,48437,484.37
1957,630.408881853702,55682,556.82
1958,630.493483008059,59483,594.83
1959,630.578084395288,54059,540.59
1960,630.662686015635,49020,490.2
1961,630.747287869345,52877,528.77
1962,630.831889956662,53510,535.1
1963,630.916492277832,48976,489.76
1964,631.001094833101,45977,459.77
1965,631.085697622712,44669,446.69
1966,631.170300646912,48470,484.7
1967,631.254903905945,49264,492.64
1968,631.339507400056,54275,542.75
1969,631.424111129492,57493,574.93
1970,631.508715094496,61873,618.73
1971,631.593319295314,73254,732.54
1972,631.677923732192,72855,728.55
1973,631.762528405373,65446,654.46
1974,631.847133315104,60550,605.5
1975,631.93173846163,54554,545.54
1976,632.016343845195,52760,527.6
1977,632.100949466045,50485,504.85
1978,632.185555324425,46439,464.39
1979,632.270161420579,43947,439.47
1980,632.354767754754,43425,434.25
1981,632.439374327195,46065,460.65
1982,632.523981138146,46143,461.43
1983,632.608588187852,43875,438.75
1984,632.693195476559,44978,449.78
1985,632.777803004512,45168,451.68
1986,632.862410771956,44745,447.45
1987,632.947018779136,45040,450.4
1988,633.031627026297,45243,452.43
1989,633.116235513685,48269,482.69
1990,633.200844241544,56230,562.3
1991,633.28545321012,55835,558.35
1992,633.370062419658,49452,494.52
1993,633.454671870403,45718,457.18
1994,633.539281562599,43687,436.87
1995,633.623891496493,42458,424.58
1996,633.708501672329,42230,422.3
1997,633.793112090353,45890,458.9
1998,633.877722750809,46085,460.85
1999,633.962333653943,43497,434.97
2000,634.0469448,42130,421.3
2001,634.131556189225,41649,416.49
2002,634.216167821863,44894,448.94
2003,634.300779698159,45454,454.54
2004,634.385391818359,43271,432.71
2005,634.470004182707,42502,425.02
2006,634.554616791449,41594,415.94
2007,634.639229644829,44658,446.58
2008,634.723842743094,65318,653.18
2009,634.808456086488,72489,724.89
2010,634.893069675256,61272,612.72
2011,634.977683509643,56038,560.38
2012,635.062297589895,56199,561.99
2013,635.146911916256,56039,560.39
2014,635.231526488972,52036,520.36
2015,635.316141308288,260225,2602.25
2016,635.400756374449,316396,3163.96
2017,635.4853716877,207875,2078.75
2018,635.569987248286,145144,1451.44
2019,635.654603056453,102528,1025.28
2020,635.739219112446,76724,767.24
2021,635.823835416509,62455,624.55
2022,635.908451968888,61990,619.9
2023,635.993068769827,83201,832.01
2024,636.077685819573,82117,821.17
2025,636.16230311837,90424,904.24
2026,636.246920666464,86530,865.3
2027,636.331538464099,213356,2133.56
2028,636.41615651152,242609,2426.09
2029,636.500774808974,156908,1569.08
2030,636.585393356704,105960,1059.6
2031,636.670012154956,105746,1057.46
2032,636.754631203976,102125,1021.25
2033,636.839250504007,78601,786.01
2034,636.923870055296,61740,617.4
2035,637.008489858088,55052,550.52
2036,637.093109912628,50986,509.86
2037,637.17773021916,46211,462.11
2038,637.26235077793,43063,430.63
2039,637.346971589183,53015,530.15
2040,637.431592653165,59884,598.84
2041,637.51621397012,54108,541.08
2042,637.600835540293,49963,499.63
2043,637.68545736393,50218,502.18
2044,637.770079441276,51117,511.17
2045,637.854701772576,47693,476.93
2046,637.939324358074,43561,435.61
2047,638.023947198017,41691,416.91
