464.9839,103848
465.068515076491,103797
465.153129906126,103608
465.237744489151,103261
465.322358825812,102973
465.406972916352,102909
465.491586761018,103009
465.576200360054,102958
465.660813713705,102791
465.745426822218,102813
465.830039685836,102972
465.914652304805,103044
465.99926467937,102802
466.083876809776,102631
466.168488696269,102759
466.253100339093,203918
466.337711738494,232970
466.422322894716,179497
466.506933808006,147686
466.591544478607,129639
466.676154906766,119323
466.760765092726,113426
466.845375036735,112586
466.929984739036,111749
467.014594199874,109665
467.099203419495,108123
467.183812398145,106942
467.268421136067,106286
467.353029633508,128225
467.437637890711,135980
467.522245907924,127247
467.60685368539,120006
467.691461223355,113573
467.776068522063,110149
467.860675581761,108223
467.945282402693,110451
468.029888985104,115496
468.11449532924,114934
468.199101435345,113700
468.283707303665,111846
468.368312934445,109397
468.45291832793,110499
468.537523484364,112610
468.622128403994,130274
468.706733087065,138196
468.791337533821,128515
468.875941744507,119017
468.96054571937,113825
469.045149458653,110848
469.129752962602,108655
469.214356231462,107064
469.298959265479,106375
469.383562064897,106385
469.468164629962,106311
469.552766960919,108208
469.637369058012,111290
469.721970921487,110919
469.80657255159,109222
469.891173948565,110389
469.975775112657,110065
470.060376044111,108220
470.144976743173,107244
470.229577210088,109249
470.314177445101,109507
470.398777448457,110428
470.483377220402,128179
470.567976761179,133671
470.652576071035,125335
470.737175150215,118043
470.821773998963,112977
470.906372617525,112676
470.990971006146,111535
471.075569165072,134518
471.160167094546,140654
471.244764794815,129238
471.329362266123,121377
471.413959508717,117467
471.498556522839,119181
471.583153308737,119677
471.667749866655,117122
471.752346196838,116455
471.836942299532,116391
471.921538174981,119142
472.00613382343,117533
472.090729245126,112689
472.175324440312,109554
472.259919409234,110136
472.344514152137,109849
472.429108669267,107756
472.513702960868,107459
472.598297027185,108746
472.682890868465,108492
472.767484484951,107109
472.852077876889,106176
472.936671044524,108370
473.021263988101,108868
473.105856707865,107745
473.190449204062,111316
473.275041476937,123066
473.359633526735,128462
473.4442253537,122145
473.528816958078,117527
473.613408340115,116717
473.697999500055,113950
473.782590438143,110612
473.867181154625,109029
473.951771649745,110886
474.03636192375,110768
474.120951976883,108649
474.20554180939,107944
474.290131421517,107421
474.374720813508,109787
474.459309985608,110172
474.543898938063,108426
474.628487671118,107734
474.713076185018,107236
474.797664480008,109740
474.882252556332,133372
474.966840414238,140257
475.051428053968,154083
475.13601547577,152348
475.220602679887,132790
475.305189666564,121111
475.389776436048,114292
475.474362988583,110556
475.558949324414,108227
475.643535443787,107080
475.728121346946,106560
475.812707034136,105880
475.897292505604,123757
475.981877761593,132392
476.066462802349,126216
476.151047628118,121404
476.235632239144,116085
476.320216635672,111573
476.404800817948,111712
476.489384786216,111096
476.573968540723,112143
476.658552081712,127223
476.74313540943,129529
476.827718524121,120344
476.91230142603,114337
476.996884115403,113131
477.081466592484,111841
477.166048857519,109252
477.250630910753,110465
477.335212752432,110516
477.419794382799,108954
477.504375802101,110172
477.588957010582,110483
477.673538008487,108939
477.758118796063,140568
477.842699373553,149115
477.927279741204,131061
478.011859899259,120126
478.096439847965,113662
478.181019587566,110498
478.265599118308,109030
478.350178440435,107738
478.434757554193,107147
478.519336459827,116284
478.603915157582,118331
478.688493647704,112525
478.773071930436,155672
478.857650006026,167125
478.942227874716,142251
479.026805536754,136143
479.111382992383,131189
479.19596024185,124085
479.280537285398,117808
479.365114123274,112563
479.449690755722,109730
479.534267182988,107872
479.618843405317,106582
479.703419422953,108492
479.787995236142,111997
479.87257084513,111527
479.95714625016,109028
480.041721451479,107605
480.126296449331,106989
480.210871243962,108885
480.295445835617,109349
480.380020224541,110201
480.464594410979,109932
480.549168395175,110715
480.633742177377,110277
480.718315757827,108165
480.802889136772,107208
480.887462314457,106565
480.972035291127,106014
481.056608067026,108704
481.141180642401,118675
481.225753017496,119537
481.310325192556,113615
481.394897167827,112477
481.479468943554,111293
481.564040519981,109237
481.648611897354,107864
481.733183075918,106849
481.817754055918,109015
481.9023248376,109160
481.986895421208,109737
482.071465806988,136619
482.156035995184,142559
482.240605986042,129442
482.325175779807,120717
482.409745376725,114354
482.494314777039,110672
482.578883980996,108660
482.663452988841,107839
482.748021800818,106979
482.832590417173,106283
482.91715883815,109037
483.001727063996,112189
483.086295094955,111362
483.170862931273,109149
483.255430573193,108199
483.339998020963,109967
483.424565274826,110412
483.509132335028,108283
483.593699201814,106968
483.678265875429,109050
483.762832356118,109209
483.847398644127,107418
483.9319647397,109201
484.016530643083,118146
484.101096354521,119207
484.185661874258,114205
484.270227202541,110957
484.354792339614,108943
484.439357285722,108074
484.523922041111,109858
484.608486606025,112215
484.69305098071,111369
484.777615165411,110465
484.862179160373,111886
484.946742965841,111226
485.03130658206,111100
485.115870009276,112999
485.200433247733,111830
485.284996297677,109567
485.369559159353,126510
485.454121833005,132964
485.53868431888,123141
485.623246617222,116580
485.707808728276,112585
485.792370652288,109275
485.876932389502,109774
485.961493940164,109789
486.046055304519,108109
486.130616482813,107430
486.215177475289,107348
486.299738282193,112106
486.384298903771,113462
486.468859340268,110393
486.553419591928,108111
486.637979658997,107272
486.722539541719,106835
486.807099240341,108446
486.891658755108,108803
486.976218086263,107146
487.060777234053,106350
487.145336198723,105968
487.229894980517,105748
487.314453579682,106204
487.399011996461,106215
487.483570231101,105808
487.568128283845,105702
487.652686154941,105495
487.737243844632,105493
487.821801353163,108838
487.906358680781,109527
487.990915827729,107848
488.075472794253,107067
488.160029580599,110186
488.244586187011,110757
488.329142613735,108631
488.413698861015,112508
488.498254929097,113050
488.582810818225,112542
488.667366528646,112101
488.751922060605,109651
488.836477414345,108229
488.921032590113,107760
489.005587588153,108564
489.090142408711,130532
489.174697052032,138009
489.259251518361,128572
489.343805807943,120479
489.428359921024,113977
489.512913857847,110135
489.597467618659,108350
489.682021203705,116274
489.76657461323,118239
489.851127847479,112688
489.935680906696,110854
490.020233791128,109448
490.104786501019,107352
490.189339036615,109090
490.27389139816,109710
490.3584435859,108059
490.44299560008,106758
490.527547440945,105978
490.612099108739,105339
490.69665060371,104853
490.7812019261,104984
490.865753076156,107749
490.950304054123,108724
491.034854860246,107506
491.119405494769,107020
491.203955957939,106781
491.288506249999,106730
491.373056371197,106171
491.457606321775,108831
491.54215610198,110331
491.626705712057,108732
491.711255152251,107229
491.795804422807,106345
491.88035352397,105806
491.964902455985,105741
492.049451219098,108410
492.133999813553,108836
492.218548239596,107154
492.303096497471,108520
492.387644587425,110673
492.472192509702,112088
492.556740264546,117274
492.641287852205,116559
492.725835272921,111646
492.810382526942,109353
492.894929614511,115639
492.979476535874,116881
493.064023291276,112095
493.148569880962,110989
493.233116305178,109992
493.317662564167,107948
493.402208658177,107365
493.486754587451,107036
493.571300352235,106330
493.655845952774,105900
493.740391389313,108497
493.824936662097,109216
493.909481771372,109494
493.994026717382,108893
494.078571500372,107207
494.163116120589,106704
494.247660578276,106585
494.33220487368,127814
494.416749007044,133663
494.501292978615,122372
494.585836788637,115388
494.670380437356,111349
494.754923925017,109110
494.839467251864,110682
494.924010418144,110437
495.0085534241,108454
495.093096269979,118844
495.177638956025,121158
495.262181482484,116838
495.3467238496,116042
495.431266057619,113148
495.515808106786,112715
495.600349997346,111804
495.684891729544,109411
495.769433303626,108846
495.853974719836,108003
495.938515978419,106557
496.023057079622,105923
496.107598023688,105832
496.192138810863,108257
496.276679441392,108775
496.361219915521,108451
496.445760233493,131702
496.530300395556,137384
496.614840401953,124417
496.69938025293,120842
496.783919948731,117480
496.868459489603,115167
496.95299887579,112710
497.037538107538,115132
497.12207718509,114816
497.206616108694,113536
497.291154878593,112030
497.375693495033,109440
497.460231958259,107723
497.544770268516,106971
497.629308426049,106805
497.713846431104,106285
497.798384283926,108234
497.882921984759,108547
497.967459533848,107195
498.05199693144,109137
498.136534177779,112282
498.22107127311,111546
498.305608217678,109143
498.390145011729,107431
498.474681655507,106242
498.559218149259,105966
498.643754493228,106133
498.72829068766,105775
498.8128267328,105322
498.897362628894,105159
498.981898376185,105375
499.066433974921,105822
499.150969425345,108847
499.235504727703,120578
499.32003988224,121928
499.404574889201,117326
499.489109748831,114357
499.573644461376,110924
499.65817902708,108541
499.742713446188,107258
499.827247718947,106690
499.9117818456,106417
499.996315826393,105882
500.080849661572,105487
500.165383351381,105751
500.249916896065,105440
500.33445029587,105786
500.41898355104,120018
500.503516661822,123616
500.588049628459,115729
500.672582451197,111763
500.757115130282,109380
500.841647665958,107808
500.92618005847,106875
501.010712308064,125811
501.095244414985,133126
501.179776379478,125645
501.264308201788,118851
501.34883988216,116155
501.433371420839,113376
501.517902818071,109680
501.6024340741,110698
501.686965189172,112251
501.771496163532,110530
501.856026997425,108257
501.940557691096,107030
502.02508824479,106341
502.109618658753,108838
502.194148933229,109360
502.278679068464,107434
502.363209064702,106562
502.44773892219,106074
502.532268641171,108125
502.616798221892,108957
502.701327664597,107930
502.785856969531,106917
502.87038613694,108679
502.954915167069,111485
503.039444060163,110475
503.123972816466,108058
503.208501436225,109867
503.293029919684,110494
503.377558267088,111207
503.462086478683,113272
503.546614554714,115224
503.631142495425,113521
503.715670301062,110164
503.800197971871,107923
503.884725508095,106914
503.969252909981,108698
504.053780177773,111387
504.138307311717,110813
504.222834312058,111278
504.307361179041,111067
504.39188791291,111590
504.476414513912,112404
504.560940982291,122792
504.645467318292,123832
504.729993522161,115748
504.814519594143,113311
504.899045534482,113380
504.983571343424,114613
505.068097021215,115415
505.152622568098,115276
505.23714798432,123353
505.321673270126,122949
505.40619842576,115636
505.490723451468,111547
505.575248347494,111266
505.659773114085,110405
505.744297751485,129241
505.828822259939,136461
505.913346639693,125379
505.997870890991,117152
506.082395014079,112198
506.166919009201,109390
506.251442876604,107761
506.335966616531,109143
506.420490229229,108923
506.505013714942,107606
506.589537073916,107126
506.674060306396,108877
506.758583412626,109844
506.843106392852,108594
506.927629247319,107406
507.012151976272,106608
507.096674579957,108649
507.181197058618,109770
507.2657194125,108738
507.350241641849,129375
507.43476374691,137386
507.519285727928,126017
507.603807585148,117365
507.688329318816,112820
507.772850929175,112412
507.857372416473,113770
507.941893780953,112170
508.02641502286,109545
508.110936142441,107832
508.195457139939,109159
508.279978015601,109143
508.364498769671,107872
508.449019402395,107036
508.533539914017,106631
508.618060304783,108585
508.702580574937,108707
508.787100724726,107445
508.871620754394,108092
508.956140664186,119014
509.040660454347,124802
509.125180125123,130023
509.209699676758,127602
509.294219109499,132280
509.378738423589,130474
509.463257619274,122622
509.5477766968,117011
509.632295656411,111883
509.716814498352,109194
509.801333222869,107626
509.885851830207,106888
509.97037032061,106906
510.054888694324,106700
510.139406951595,108720
510.223925092667,109097
510.308443117785,107726
510.392961027195,107500
510.477478821141,109712
510.56199649987,112393
510.646514063625,114254
510.731031512652,115553
510.815548847197,113431
510.900066067503,110583
510.984583173818,108749
511.069100166384,109935
511.153617045449,109763
511.238133811256,110562
511.322650464052,110102
511.407167004081,107957
511.491683431587,112309
511.576199746818,113242
511.660715950017,112907
511.745232041429,112086
511.829748021301,109529
511.914263889876,107996
511.9987796474,107767
512.083295294119,107370
512.167810830277,107246
512.252326256119,108729
512.336841571891,110926
512.421356777838,121056
512.505871874205,122531
512.590386861236,118541
512.674901739178,115054
512.759416508275,111282
512.843931168773,109259
512.928445720916,110574
513.01296016495,113050
513.097474501119,111906
513.18198872967,109660
513.266502850847,108287
513.351016864895,109960
513.435530772059,110478
513.520044572585,108605
513.604558266717,107744
513.689071854701,112591
513.773585336782,114995
513.858098713206,115357
513.942611984216,116386
514.027125150058,118545
514.111638210978,119109
514.196151167221,115350
514.280664019031,111303
514.365176766654,109316
514.449689410336,110341
514.53420195032,112705
514.618714386852,111915
514.703226720178,109365
514.787738950542,107781
514.87225107819,106825
514.956763103367,106430
515.041275026318,106253
515.125786847287,112100
515.210298566521,113882
515.294810184265,110608
515.379321700762,108939
515.463833116259,108510
515.548344431001,107856
515.632855645233,109914
515.7173667592,110516
515.801877773147,109912
515.886388687319,111505
515.970899501962,110849
516.05541021732,108659
516.139920833639,107713
516.224431351163,107473
516.308941770138,107365
516.39345209081,107219
516.477962313423,107056
516.562472438222,109044
516.646982465452,112190
516.731492395359,115770
516.816002228188,115166
516.900511964184,111896
516.985021603591,114771
517.069531146656,119799
517.154040593623,125257
517.238549944738,122910
517.323059200245,118469
517.40756836039,115212
517.492077425417,111839
517.576586395573,109983
517.661095271101,130227
517.745604052248,135436
517.830112739258,123608
517.914621332376,122261
517.999129831848,120139
518.083638237919,115103
518.168146550834,112196
518.252654770838,110278
518.337162898176,109130
518.421670933093,108606
518.506178875835,108229
518.590686726646,107988
518.675194485772,108310
518.759702153457,110598
518.844209729948,111332
518.928717215489,110188
519.013224610325,111809
519.097731914701,112437
519.182239128863,111140
519.266746253055,110376
519.351253287523,109942
519.435760232512,109365
519.520267088267,108956
519.604773855033,108864
519.689280533056,108870
519.77378712258,108872
519.85829362385,108636
519.942800037113,111324
520.027306362612,112107
520.111812600593,110605
520.196318751301,109732
520.280824814981,109163
520.365330791879,108784
520.449836682239,109135
520.534342486307,109550
520.618848204327,109400
520.703353836546,111751
520.787859383207,112726
520.872364844557,116144
520.95687022084,130577
521.041375512301,131477
521.125880719186,122223
521.21038584174,116985
521.294890880208,123424
521.379395834834,124473
521.463900705865,120757
521.548405493545,118128
521.632910198119,114945
521.717414819833,112962
521.801919358931,111930
521.88642381566,111278
521.970928190263,113635
522.055432482986,201539
522.139936694074,224499
522.224440823773,179336
522.308944872327,152288
522.393448839982,135627
522.477952726982,128452
522.562456533574,135608
522.646960260001,134242
522.731463906509,128117
522.815967473344,126141
522.90047096075,122135
522.984974368973,118005
523.069477698257,115634
523.153980948848,114520
523.238484120991,113724
523.322987214931,113497
523.407490230914,115962
523.491993169183,119551
523.576496029985,145302
523.660998813565,150419
523.745501520167,156649
523.830004150038,153602
523.914506703421,137181
523.999009180562,127668
524.083511581707,122202
524.1680139071,119081
524.252516156987,117516
524.337018331612,116524
524.421520431221,118440
524.506022456059,119051
524.590524406371,117612
524.675026282403,131934
524.759528084398,136132
524.844029812603,127995
524.928531467263,122909
525.013033048623,132601
525.097534556927,135131
525.182035992421,128011
525.266537355351,123610
525.351038645961,121326
525.435539864496,122836
525.520041011202,122985
525.604542086324,121593
525.689043090106,126719
525.773544022794,127719
525.858044884634,127377
525.942545675869,126595
526.027046396746,123781
526.11154704751,122178
526.196047628405,121557
526.280548139677,124030
526.36504858157,124966
526.449548954331,123918
526.534049258204,123753
526.618549493434,125931
526.703049660267,126336
526.787549758947,125270
526.87204978972,127182
526.956549752831,127806
527.041049648525,126839
527.125549477046,125938
527.210049238641,138958
527.294548933555,144328
527.379048562032,137634
527.463548124317,132810
527.548047620657,131038
527.632547051295,129940
527.717046416477,129318
527.801545716449,132075
527.886044951455,133158
527.97054412174,137645
528.05504322755,138084
528.139542269129,134769
528.224041246724,134615
528.308540160578,136280
528.393039010938,136126
528.477537798047,134550
528.562036522152,135686
528.646535183498,138134
528.731033782329,139573
528.815532318891,138683
528.900030793429,137375
528.984529206188,136566
529.069027557414,136268
529.15352584735,136436
529.238024076243,136732
529.322522244338,137221
529.407020351879,137934
529.491518399112,138866
529.576016386283,139387
529.660514313635,139515
529.745012181415,139765
529.829509989866,140304
529.914007739236,140787
529.998505429768,144188
530.083003061708,145881
530.167500635301,145347
530.251998150792,145149
530.336495608426,145694
530.420993008449,148507
530.505490351105,151783
530.589987636639,153967
530.674484865298,155494
530.758982037325,154263
530.843479152966,151794
530.927976212466,150312
531.012473216071,149560
531.096970164025,184745
531.181467056574,196266
531.265963893962,176612
531.350460676435,162683
531.434957404238,153976
531.519454077616,148053
531.603950696814,145081
531.688447262078,142593
531.772943773652,138573
531.857440231782,134366
531.941936636713,130645
532.026432988689,129989
532.110929287956,128503
532.19542553476,127714
532.279921729345,125606
532.364417871956,121923
532.448913962839,119178
532.533410002239,117604
532.6179059904,116188
532.702401927568,114871
532.786897813989,113872
532.871393649906,118185
532.955889435567,121247
533.040385171214,118525
533.124880857094,136372
533.209376493452,139879
533.293872080533,126860
533.378367618582,118997
533.462863107844,130468
533.547358548564,132246
533.631853940988,124546
533.71634928536,119452
533.800844581926,122607
533.885339830931,121556
533.96983503262,115867
534.054330187238,112526
534.13882529503,112539
534.223320356242,111760
534.307815371118,109786
534.392310339903,108642
534.476805262844,108245
534.561300140184,108101
534.64579497217,112707
534.730289759045,113685
534.814784501056,113480
534.899279198448,113086
534.983773851465,111199
535.068268460352,112270
535.152763025356,119177
535.23725754672,132858
535.321752024691,132518
535.406246459513,122520
535.490740851431,116040
535.575235200691,112107
535.659729507538,110074
535.744223772216,397603
535.828717994971,478848
535.913212176048,323651
535.997706315693,231199
536.08220041415,185489
536.166694471664,157283
536.251188488481,136157
536.335682464845,124057
536.420176401003,117443
536.504670297198,113405
536.589164153677,110998
536.673657970684,109709
536.758151748464,109630
536.842645487263,109188
536.927139187325,108486
537.011632848896,110795
537.096126472221,111636
537.180620057546,113591
537.265113605114,115907
537.349607115172,114314
537.434100587964,112384
537.518594023736,111052
537.603087422733,110102
537.687580785199,110107
537.772074111381,112414
537.856567401522,120685
537.941060655869,129599
538.025553874667,127642
538.11004705816,124157
538.194540206593,129829
538.279033320213,151589
538.363526399263,192726
538.44801944399,245671
538.532512454637,297761
538.617005431451,344185
538.701498374677,373285
538.785991284559,379121
538.870484161343,365019
538.954977005273,341104
539.039469816596,311308
539.123962595556,282217
539.208455342398,264241
539.292948057368,251472
539.37744074071,236541
539.46193339267,225880
539.546426013493,218007
539.630918603424,212020
539.715411162708,202036
539.79990369159,191361
539.884396190315,181461
539.968888659129,189278
540.053381098277,188321
540.137873508003,169695
540.222365888553,152906
540.306858240173,140444
540.391350563106,130481
540.475842857599,128028
540.560335123896,124356
540.644827362243,120997
540.729319572884,120887
540.813811756066,118212
540.898303912032,114677
540.982796041028,112582
541.0672881433,111360
541.151780219092,111125
541.23627226865,110899
541.320764292218,110899
541.405256290042,111513
541.489748262367,113711
541.574240209438,118086
541.6587321315,119061
541.743224028798,120859
541.827715901578,122463
541.912207750085,123101
541.996699574563,126102
542.081191375258,130537
542.165683152415,139052
542.250174906279,147877
542.334666637096,156914
542.41915834511,169136
542.503650030566,200343
542.58814169371,225775
542.672633334787,244913
542.757124954042,266812
542.841616551719,291013
542.926108128065,323307
543.010599683325,357523
543.095091217743,392092
543.179582731564,448095
543.264074225034,487686
543.348565698398,509590
543.433057151901,534445
543.517548585789,559549
543.602040000305,588202
543.686531395696,613228
543.771022772206,631430
543.855514130081,650113
543.940005469566,668912
544.024496790906,682834
544.108988094346,700671
544.193479380131,716601
544.277970648506,726424
544.362461899717,736009
544.446953134009,749670
544.531444351626,759838
544.615935552814,768828
544.700426737818,778416
544.784917906884,785474
544.869409060255,794705
544.953900198178,801756
545.038391320898,805427
545.122882428659,807674
545.207373521708,808866
545.291864600288,811365
545.376355664645,813565
545.460846715024,839668
545.545337751671,847306
545.62982877483,836063
545.714319784747,834063
545.798810781666,836886
545.883301765834,837542
545.967792737495,839966
546.052283696893,844017
546.136774644275,850817
546.221265579886,857011
546.30575650397,861059
546.390247416772,866052
546.474738318539,870785
546.559229209514,875272
546.643720089944,879874
546.728210960073,883551
546.812701820146,887928
546.897192670409,894060
546.981683511106,896576
547.066174342483,897027
547.150665164785,898789
547.235155978257,902848
547.319646783145,904697
547.404137579692,905092
547.488628368145,906396
547.573119148749,908094
547.657609921748,910041
547.742100687388,915531
547.826591445914,919757
547.911082197572,923377
547.995572942605,927926
548.08006368126,931109
548.164554413782,933884
548.249045140415,937313
548.333535861404,940616
548.418026576996,955821
548.502517287435,961393
548.587007992966,957546
548.671498693834,955827
548.755989390285,958891
548.840480082563,961283
548.924970770915,959254
549.009461455584,957358
549.093952136815,958336
549.178442814856,959028
549.262933489949,958211
549.347424162341,964246
549.431914832276,967169
549.5164055,965023
549.600896165758,966386
549.685386829794,969204
549.769877492355,970010
549.854368153685,971656
549.938858814029,987334
550.023349473633,993412
550.107840132742,990340
550.1923307916,988418
550.276821450453,985146
550.361312109546,983589
550.445802769124,984482
550.530293429432,984599
550.614784090716,983067
550.69927475322,981524
550.78376541719,980841
550.868256082871,980148
550.952746750508,980118
551.037237420346,981567
551.12172809263,982439
551.206218767606,982518
551.290709445518,981492
551.375200126611,981221
551.459690811131,984811
551.544181499323,986010
551.628672191433,985745
551.713162887704,985839
551.797653588383,985867
551.882144293714,986628
551.966635003943,986777
552.051125719314,989455
552.135616440073,994584
552.220107166465,994732
552.304597898735,992894
552.389088637129,991399
552.473579381891,1005544
552.558070133266,1006645
552.6425608915,996221
552.727051656838,990773
552.811542429524,1005535
552.896033209805,1006472
552.980523997925,995847
553.065014794129,988522
553.149505598662,981816
553.23399641177,978185
553.318487233698,977988
553.402978064691,986866
553.487468904993,995179
553.571959754851,991543
553.656450614509,983999
553.740941484213,979042
553.825432364206,981169
553.909923254736,981536
553.994414156046,983079
554.078905068382,982694
554.16339599199,979447
554.247886927113,976761
554.332377873998,990606
554.416868832889,992215
554.501359804032,981415
554.585850787671,974103
554.670341784053,969291
554.754832793421,967089
554.839323816021,964706
554.923814852099,961762
555.008305901899,958681
555.092796965667,961366
555.177288043647,960238
555.261779136085,976539
555.346270243226,979761
555.430761365315,968406
555.515252502597,962802
555.599743655318,957321
555.684234823722,952419
555.768726008055,951340
555.853217208561,951951
555.937708425486,949521
556.022199659075,963619
556.106690909574,966092
556.191182177226,956593
556.275673462278,948891
556.360164764975,944172
556.444656085561,944325
556.529147424282,940880
556.613638781383,936202
556.698130157109,931598
556.782621551706,930261
556.867112965417,928767
556.951604398489,929253
557.036095851167,930260
557.120587323695,924996
557.20507881632,917615
557.289570329285,912628
557.374061862836,912252
557.458553417219,910292
557.543044992678,907796
557.627536589459,905267
557.712028207806,903642
557.796519847966,901405
557.881011510182,902683
557.9655031947,903821
558.049994901765,900016
558.134486631623,895034
558.218978384519,892025
558.303470160697,892494
558.387961960402,890613
558.472453783881,888465
558.556945631378,887356
558.641437503137,908302
558.725929399405,919805
558.810421320427,906779
558.894913266447,892415
558.97940523771,883671
559.063897234463,879825
559.14838925695,878089
559.232881305415,873841
559.317373380105,868207
559.401865481264,867403
559.486357609138,865720
559.570849763971,861378
559.65534194601,857927
559.739834155498,857572
559.824326392681,855096
559.908818657804,853135
559.993310951113,850589
560.077803272852,846680
560.162295623266,843349
560.246788002602,840739
560.331280411103,840242
560.415772849015,841301
560.500265316583,840787
560.584757814052,841650
560.669250341668,838921
560.753742899676,832890
560.83823548832,831051
560.922728107845,828783
561.007220758498,825263
561.091713440523,822354
561.176206154165,818417
561.260698899669,815618
561.345191677281,812393
561.429684487245,808669
561.514177329807,805606
561.598670205212,802756
561.683163113705,800328
561.767656055531,796841
561.852149030935,796873
561.936642040163,799038
562.021135083459,796071
562.105628161069,791243
562.190121273237,790183
562.27461442021,787331
562.359107602232,791573
562.443600819547,790196
562.528094072403,785968
562.612587361042,788928
562.697080685712,788439
562.781574046656,784648
562.866067444119,793160
562.950560878348,791298
563.035054349587,779532
563.119547858082,775366
563.204041404076,772304
563.288534987816,768009
563.373028609547,763164
563.457522269514,758992
563.542015967961,756044
563.626509705135,756138
563.71100348128,757927
563.795497296641,755106
563.879991151464,749946
563.964485045993,746470
564.048978980475,744038
564.133472955153,741647
564.217966970273,738952
564.30246102608,738707
564.386955122819,739860
564.471449260736,738937
564.555943440075,734775
564.640437661083,730362
564.724931924002,778919
564.80942622908,792866
564.893920576561,763779
564.97841496669,746717
565.062909399713,735363
565.147403875874,734836
565.231898395419,731533
565.316392958592,722571
565.400887565639,716895
565.485382216806,713569
565.569876912336,711171
565.654371652476,709355
565.73886643747,709976
565.823361267564,709483
565.907856143003,721142
565.992351064031,722236
566.076846030894,712161
566.161341043838,705030
566.245836103106,699341
566.330331208945,696287
566.4148263616,693551
566.499321561315,692774
566.583816808336,691265
566.668312102908,690926
566.752807445276,689024
566.837302835685,687165
566.92179827438,687007
567.006293761607,684864
567.090789297611,681761
567.175284882636,682917
567.259780516928,681494
567.344276200732,677346
567.428771934293,675556
567.513267717856,676012
567.597763551667,674443
567.68225943597,671007
567.766755371011,683592
567.851251357034,686371
567.935747394286,676964
568.020243483011,676257
568.104739623454,673833
568.18923581586,684853
568.273732060474,686112
568.358228357543,674252
568.442724707309,666758
568.52722111002,662404
568.61171756592,658543
568.696214075254,655834
568.780710638267,652860
568.865207255205,650621
568.949703926312,649775
569.034200651834,650272
569.118697432015,649395
569.203194267102,646693
569.287691157338,647381
569.37218810297,650850
569.456685104242,656897
569.5411821614,655088
569.625679274688,648306
569.710176444352,646285
569.794673670637,642937
569.879170953788,638626
569.96366829405,638373
570.048165691668,642312
570.132663146887,640999
570.217160659954,642154
570.301658231112,640844
570.386155860606,636097
570.470653548683,633185
570.555151295587,631358
570.639649101562,629778
570.724146966856,628101
570.808644891712,628861
570.893142876375,631881
570.977640921091,631748
571.062139026105,629984
571.146637191662,640882
571.231135418007,640405
571.315633705386,629594
571.400132054043,625499
571.484630464223,624257
571.569128936172,620184
571.653627470135,615333
571.738126066357,616823
571.822624725083,618172
571.907123446559,614697
571.991622231028,615186
572.076121078737,617730
572.160619989931,614207
572.245118964855,610355
572.329618003753,606244
572.414117106872,603328
572.498616274455,604697
572.583115506749,600968
572.667614803999,594439
572.752114166448,590965
572.836613594344,589936
572.921113087931,590375
573.005612647453,591254
573.090112273157,591908
573.174611965286,594770
573.259111724088,599907
573.343611549805,605115
573.428111442685,622269
573.512611402971,624025
573.597111430909,644196
573.681611526744,644668
573.766111690721,628102
573.850611923086,614601
573.935112224083,601950
574.019612593957,595090
574.104113032955,592183
574.18861354132,592896
574.273114119298,592123
574.357614767134,591904
574.442115485074,590382
574.526616273362,622090
574.611117132243,629212
574.695618061963,620219
574.780119062767,612617
574.8646201349,599371
574.949121278607,592487
575.033622494133,589858
575.118123781723,588252
575.202625141623,584006
575.287126574078,579284
575.371628079332,576686
575.456129657631,575665
575.54063130922,574564
575.625133034344,576139
575.709634833249,580711
575.794136706179,579720
575.878638653379,575622
575.963140675095,572742
576.047642771572,570795
576.132144943055,569725
576.216647189789,572140
576.301149512019,572012
576.38565190999,568845
576.470154383948,566673
576.554656934138,566156
576.639159560804,568091
576.723662264192,567272
576.808165044547,588170
576.892667902114,595122
576.977170837139,581640
577.061673849866,570262
577.146176940541,563475
577.230680109408,560325
577.315183356713,558172
577.399686682701,559111
577.484190087617,576497
577.568693571706,578521
577.653197135214,567101
577.737700778385,562924
577.822204501465,558668
577.906708304698,554099
577.991212188331,574322
578.075716152607,579389
578.160220197773,569677
578.244724324073,562499
578.329228531752,561582
578.413732821056,562057
578.49823719223,557132
578.582741645518,552088
578.667246181166,551318
578.75175079942,550637
578.836255500524,551002
578.920760284723,555139
579.005265152262,553640
579.089770103388,549302
579.174275138344,546549
579.258780257375,544654
579.343285460728,543726
579.427790748647,542061
579.512296121378,540251
579.596801579165,539008
579.681307122253,539196
579.765812750888,538973
579.850318465315,537503
579.934824265779,536071
580.019330152525,534781
580.103836125799,547572
580.188342185844,549873
580.272848332908,543423
580.357354567233,539299
580.441860889067,535383
580.526367298654,532549
580.610873796238,535120
580.695380382066,534610
580.779887056382,530514
580.864393819432,531355
580.94890067146,530875
581.033407612712,527268
581.117914643433,525851
581.202421763867,525548
581.286928974261,524737
581.371436274859,526486
581.455943665907,526057
581.540451147649,526090
581.62495872033,525251
581.709466384197,522605
581.793974139493,521243
581.878481986465,525705
581.962989925357,525579
582.047497956414,526974
582.132006079881,528296
582.216514296004,525237
582.301022605028,521695
582.385531007198,526311
582.470039502758,526811
582.554548091955,522265
582.639056775033,519468
582.723565552238,516887
582.808074423814,515439
582.892583390007,514282
582.977092451061,517734
583.061601607223,518271
583.146110858736,515810
583.230620205847,515021
583.3151296488,512500
583.399639187841,512288
583.484148823214,511527
583.568658555165,508937
583.653168383939,506949
583.73767830978,510470
583.822188332935,511178
583.906698453649,509729
583.991208672165,507814
584.075718988731,504200
584.16022940359,504462
584.244739916987,503941
584.329250529169,501567
584.41376124038,499745
584.498272050865,498836
584.58278296087,498662
584.667293970638,504824
584.751805080417,511581
584.83631629045,508560
584.920827600983,503266
585.005339012262,500200
585.08985052453,500340
585.174362138034,502161
585.258873853018,502536
585.343385669727,499825
585.427897588408,496305
585.512409609304,493761
585.596921732661,492225
585.681433958724,493223
585.765946287739,492940
585.85045871995,494296
585.934971255602,496483
586.019483894941,499749
586.103996638212,499832
586.18850948566,495031
586.27302243753,491507
586.357535494067,488692
586.442048655516,503802
586.526561922122,522363
586.611075294132,515380
586.695588771789,501455
586.780102355339,493589
586.864616045027,490905
586.949129841097,488106
587.033643743797,484033
587.118157753369,481837
587.20267187006,480371
587.287186094115,478712
587.371700425779,478115
587.456214865296,477237
587.540729412912,476497
587.625244068873,475911
587.709758833423,477733
587.794273706808,478626
587.878788689272,478033
587.963303781061,477239
588.047818982419,476079
588.132334293593,477184
588.216849714827,478893
588.301365246366,476604
588.385880888455,473175
588.47039664134,470402
588.554912505266,468647
588.639428480477,470867
588.72394456722,473399
588.808460765738,476746
588.892977076278,474846
588.977493499084,469831
589.062010034401,465465
589.146526682475,461927
589.231043443551,459545
589.315560317874,457533
589.400077305689,457013
589.48459440724,457094
589.569111622774,459102
589.653628952536,463077
589.73814639677,462459
589.822663955722,459221
589.907181629636,518537
589.991699418759,538916
590.076217323334,511694
590.160735343608,490505
590.245253479825,474342
590.329771732231,464295
590.41429010107,481309
590.498808586588,484060
590.58332718903,469655
590.667845908641,462496
590.752364745666,457625
590.83688370035,452991
590.921402772939,452698
591.005921963678,456163
591.090441272811,454787
591.174960700584,453228
591.259480247241,453705
591.343999913029,453800
591.428519698192,451604
591.513039602976,448744
591.597559627625,446791
591.682079772385,445257
591.7666000375,443440
591.851120423216,442499
591.935640929779,441576
592.020161557432,442427
592.104682306422,442724
592.189203176993,441413
592.273724169391,440157
592.35824528386,438794
592.442766520647,437438
592.527287879995,439091
592.611809362151,439704
592.696330967358,458551
592.780852695863,462149
592.865374547911,449737
592.949896523746,442562
593.034418623614,438048
593.11894084776,462646
593.203463196429,468012
593.287985669866,451844
593.372508268317,442144
593.457030992026,436328
593.541553841238,432925
593.626076816199,431210
593.710599917154,429799
593.795123144348,428363
593.879646498027,426951
593.964169978434,430798
594.048693585816,431655
594.133217320417,428632
594.217741182483,428481
594.302265172259,427106
594.38678928999,426720
594.47131353592,426088
594.555837910296,425856
594.640362413363,424782
594.724887045364,438458
594.809411806547,440998
594.893936697155,431587
594.978461717434,430706
595.062986867629,428520
595.147512147985,423843
595.232037558747,425831
595.316563100161,430349
595.401088772471,427742
595.485614575923,422265
595.570140510762,418922
595.654666577233,416669
595.73919277558,417341
595.82371910605,418045
595.908245568888,416519
595.992772164338,419004
596.077298892645,423712
596.161825754055,420655
596.246352748813,414885
596.330879877164,411890
596.415407139353,421070
596.499934535626,422607
596.584462066227,416013
596.668989731401,413526
596.753517531394,412760
596.838045466451,412359
596.922573536817,409411
597.007101742737,406371
597.091630084456,426309
597.17615856222,442231
597.260687176273,433313
597.345215926861,422265
597.429744814228,419734
597.51427383862,414297
597.598803000283,407291
597.68333229946,408237
597.767861736398,407181
597.852391311341,407712
597.936921024535,406409
598.021450876224,404920
598.105980866655,405720
598.190510996071,402826
598.275041264718,401450
598.359571672842,401501
598.444102220687,402630
598.528632908498,400558
598.613163736522,399398
598.697694705001,403385
598.782225814183,403803
598.866757064312,401355
598.951288455633,397651
599.035819988391,396223
599.120351662832,397416
599.2048834792,395117
599.289415437741,391964
599.3739475387,390192
599.458479782322,391546
599.543012168852,393527
599.627544698535,394178
599.712077371617,391332
599.796610188342,387881
599.881143148956,388694
599.965676253703,390469
600.05020950283,388130
600.13474289658,384321
600.2192764352,382319
600.303810118934,383889
600.388343948028,384051
600.472877922726,381692
600.557412043273,382147
600.641946309916,381314
600.726480722899,379528
600.811015282466,378405
600.895549988864,377673
600.980084842338,376238
601.064619843132,376745
601.149154991491,377213
601.233690287662,379306
601.318225731888,379478
601.402761324415,377690
601.487297065489,378447
601.571832955354,378014
601.656368994255,378735
601.740905182438,377612
601.825441520148,374774
601.90997800763,376134
601.994514645128,378159
602.079051432889,378950
602.163588371157,376649
602.248125460177,375558
602.332662700195,374620
602.417200091456,374198
602.501737634204,371923
602.586275328686,368993
602.670813175145,367417
602.755351173828,373093
602.839889324979,374204
602.924427628843,372100
603.008966085667,371989
603.093504695693,369449
603.178043459169,365535
603.262582376339,366161
603.347121447448,368057
603.431660672741,367276
603.516200052464,364684
603.600739586861,361995
603.685279276178,360705
603.769819120659,360160
603.854359120551,359097
603.938899276098,360162
604.023439587545,362607
604.107980055137,361488
604.19252067912,361067
604.277061459738,361973
604.361602397237,359736
604.446143491862,356577
604.530684743859,362806
604.615226153471,372019
604.699767720944,371337
604.784309446525,364899
604.868851330456,361527
604.953393372984,363790
605.037935574354,366526
605.122477934812,362578
605.207020454601,373788
605.291563133967,374767
605.376105973156,364230
605.460648972412,357691
605.545192131981,353072
605.629735452108,350154
605.714278933038,347789
605.798822575015,351687
605.883366378286,352618
605.967910343095,349099
606.052454469688,346633
606.136998758309,345500
606.221543209204,347325
606.306087822618,347020
606.390632598795,344627
606.475177537982,345481
606.559722640423,347718
606.644267906364,348685
606.728813336049,348616
606.813358929724,345959
606.897904687633,342529
606.982450610022,339920
607.066996697137,337954
607.151542949221,339795
607.236089366521,342579
607.320635949282,341300
607.405182697748,338538
607.489729612165,339566
607.574276692777,339245
607.658823939831,336321
607.74337135357,336928
607.827918934241,338693
607.912466682089,336739
607.997014597358,334603
608.081562680293,340932
608.16611093114,341606
608.250659350145,339074
608.335207937551,338513
608.419756693605,337620
608.504305618551,334717
608.588854712634,333867
608.6734039761,332206
608.757953409194,337089
608.84250301216,340668
608.927052785245,335939
609.011602728693,331306
609.096152842749,328460
609.180703127658,326311
609.265253583666,324671
609.349804211018,323746
609.434355009958,325047
609.518905980733,324531
609.603457123586,327249
609.688008438764,352767
609.772559926511,356427
609.857111587073,340676
609.941663420694,331109
610.02621542762,325344
610.110767608096,325243
610.195319962366,323964
610.279872490677,320787
610.364425193274,318407
610.4489780704,316838
610.533531122303,316314
610.618084349226,316638
610.702637751414,318597
610.787191329114,320707
610.87174508257,319199
610.956299012027,321069
611.04085311773,320889
611.125407399925,317339
611.209961858857,314976
611.29451649477,331764
611.37907130791,341758
611.463626298523,332855
611.548181466852,325588
611.632736813144,325566
611.717292337643,322578
611.801848040595,316775
611.886403922244,313411
611.970959982837,313819
612.055516222617,314731
612.14007264183,315569
612.224629240722,316081
612.309186019537,313853
612.39374297852,320525
612.478300117917,320857
612.562857437973,325975
612.647414938933,327043
612.731972621042,317860
612.816530484545,310653
612.901088529688,319467
612.985646756714,320393
613.070205165871,313518
613.154763757402,308460
613.239322531553,304221
613.323881488569,304148
613.408440628695,302669
613.492999952176,300064
613.577559459258,300796
613.662119150185,302670
613.746679025203,300989
613.831239084557,297954
613.915799328492,298452
614.000359757252,297760
614.084920371084,295851
614.169481170232,295093
614.254042154942,294679
614.338603325458,293583
614.423164682026,294864
614.507726224891,297030
614.592287954298,295213
614.676849870492,305390
614.761411973718,307333
614.845974264222,299115
614.930536742248,294354
615.015099408042,294105
615.099662261849,292695
615.184225303914,289680
615.268788534481,290224
615.353351953797,289879
615.437915562106,292667
615.522479359654,292783
615.607043346685,289083
615.691607523446,298688
615.776171890179,300290
615.860736447132,292590
615.94530119455,287795
616.029866132676,287178
616.114431261757,286180
616.198996582037,286643
616.283562093762,287775
616.368127797177,287717
616.452693692527,285319
616.537259780057,281901
616.621826060012,282720
616.706392532638,284697
616.790959198179,282905
616.87552605688,279664
616.960093108988,294479
617.044660354746,298087
617.1292277944,295068
617.213795428195,297135
617.298363256377,291834
617.38293127919,284194
617.46749949688,279574
617.552067909691,276631
617.63663651787,274475
617.72120532166,557520
617.805774321307,640223
617.890343517057,487599
617.974912909154,394712
618.059482497843,340908
618.14405228337,310421
618.22862226598,292750
618.313192445918,281866
618.397762823429,286983
618.482333398757,289576
618.56690417215,281989
618.65147514385,277874
618.736046314105,274787
618.820617683158,271372
618.905189251254,269611
618.98976101864,268399
619.07433298556,267141
619.158905152259,269884
619.243477518983,286939
619.328050085976,289132
619.412622853484,280764
619.497195821751,277596
619.581768991023,278958
619.666342361546,275797
619.750915933564,270147
619.835489707321,266661
619.920063683065,269590
620.004637861039,271699
620.089212241489,268342
620.173786824659,264790
620.258361610796,263664
620.342936600144,262661
620.427511792947,261515
620.512087189453,265529
620.596662789905,286924
620.681238594548,296652
620.765814603629,285535
620.850390817391,273651
620.93496723608,268853
621.019543859942,270231
621.104120689221,267753
621.188697724162,264227
621.273274965011,261176
621.357852412012,257662
621.442430065412,256575
621.527007925454,255496
621.611585992385,256500
621.696164266449,257279
621.780742747892,255648
621.865321436958,253997
621.949900333892,253498
622.03447943894,255901
622.119058752348,256038
622.203638274359,253973
622.28821800522,255862
622.372797945175,255889
622.457378094469,253738
622.541958453348,252129
622.626539022057,252300
622.711119800841,252287
622.795700789945,251156
622.880281989613,259011
622.964863400093,260613
623.049445021627,254651
623.134026854462,251045
623.218608898843,248826
623.303191155015,250129
623.387773623222,250492
623.472356303711,250893
623.556939196726,252323
623.641522302512,250715
623.726105621315,247521
623.810689153379,247569
623.89527289895,246757
623.979856858273,247492
624.064441031593,251203
624.149025419156,252459
624.233610021205,254329
624.318194837987,254076
624.402779869747,251573
624.487365116729,252472
624.571950579179,252064
624.656536257342,247620
624.741122151463,243090
624.825708261788,242610
624.91029458856,246728
624.994881132027,245720
625.079467892432,243519
625.16405487002,241295
625.248642065038,238299
625.33322947773,262444
625.41781710834,270779
625.502404957115,364014
625.5869930243,386485
625.671581310139,323180
625.756169814878,650537
625.840758538762,730442
625.925347482035,519201
626.009936644944,402467
626.094526027733,333386
626.179115630648,288362
626.263705453933,262898
626.348295497833,250380
626.432885762595,241548
626.517476248462,235144
626.60206695568,241967
626.686657884495,242111
626.771249035151,234252
626.855840407893,234365
626.940432002967,232707
627.025023820618,231182
627.10961586109,241075
627.19420812463,241006
627.278800611482,240167
627.363393321891,238934
627.447986256102,259298
627.532579414361,261636
627.617172796912,244277
627.701766404002,233598
627.786360235874,226847
627.870954292774,225279
627.955548574948,223479
628.04014308264,231149
628.124737816095,232380
628.209332775559,227772
628.293927961276,223915
628.378523373493,219236
628.463119012454,216187
628.547714878403,214969
628.632310971587,216748
628.716907292251,218571
628.801503840639,219253
628.886100616996,216977
628.970697621569,214004
629.055294854601,212181
629.139892316339,213294
629.224490007026,215211
629.309087926909,213735
629.393686076233,213406
629.478284455242,212286
629.562883064182,209521
629.647481903298,207526
629.732080972835,206657
629.816680273037,207833
629.901279804152,207446
629.985879566422,207953
630.070479560095,210046
630.155079785414,210433
630.239680242624,207583
630.324280931972,203877
630.408881853702,207164
630.493483008059,209050
630.578084395288,205610
630.662686015635,202426
630.747287869345,204471
630.831889956662,204421
630.916492277832,201108
631.001094833101,198142
631.085697622712,196812
631.170300646912,198973
631.254903905945,199437
631.339507400056,202759
631.424111129492,204547
631.508715094496,206749
631.593319295314,213182
631.677923732192,212442
631.762528405373,207437
631.847133315104,204071
631.93173846163,199486
632.016343845195,197856
632.100949466045,196229
632.185555324425,193128
632.270161420579,191071
632.354767754754,190562
632.439374327195,192006
632.523981138146,191269
632.608588187852,189134
632.693195476559,189222
632.777803004512,188949
632.862410771956,188458
632.947018779136,188405
633.031627026297,188018
633.116235513685,188973
633.200844241544,193192
633.28545321012,192619
633.370062419658,188673
633.454671870403,186347
633.539281562599,184776
633.623891496493,183630
633.708501672329,182940
633.793112090353,184969
633.877722750809,184917
633.962333653943,182963
634.0469448,181436
634.131556189225,180584
634.216167821863,182024
634.300779698159,182110
634.385391818359,180444
634.470004182707,179293
634.554616791449,178313
634.639229644829,179996
634.723842743094,192586
634.808456086488,196545
634.893069675256,189229
634.977683509643,185577
635.062297589895,185267
635.146911916256,184908
635.231526488972,181989
635.316141308288,298987
635.400756374449,330530
635.4853716877,269074
635.569987248286,233675
635.654603056453,209217
635.739219112446,194002
635.823835416509,185458
635.908451968888,184567
635.993068769827,197914
636.077685819573,197079
636.16230311837,201945
636.246920666464,199489
636.331538464099,274509
636.41615651152,291460
636.500774808974,239536
636.585393356704,208615
636.670012154956,209308
636.754631203976,207054
636.839250504007,191952
636.923870055296,180852
637.008489858088,175992
637.093109912628,172982
637.17773021916,169875
637.26235077793,167728
637.346971589183,173300
637.431592653165,177383
637.51621397012,173498
637.600835540293,170417
637.68545736393,169794
637.770079441276,170204
637.854701772576,168447
637.939324358074,165733
638.023947198017,164000
