Scan Date:,2025-05-24 16:27:55Z
Integration Time:,1000
Number of Averages:,100

Pixel Number,Wavelength (nm),Sum Spectrum,Averaged Spectrum
0,464.9839,24044,240.44
1,465.068515076491,23320,233.2
2,465.153129906126,23388,233.88
3,465.237744489151,23431,234.31
4,465.322358825812,23457,234.57
5,465.406972916352,23464,234.64
6,465.491586761018,23216,232.16
7,465.576200360054,23259,232.59
8,465.660813713705,23370,233.7
9,465.745426822218,23612,236.12
10,465.830039685836,24017,240.17
11,465.914652304805,23985,239.85
12,465.99926467937,23895,238.95
13,466.083876809776,24044,240.44
14,466.168488696269,23891,238.91
15,466.253100339093,198246,1982.46
16,466.337711738494,248142,2481.42
17,466.422322894716,156039,1560.39
18,466.506933808006,101046,1010.46
19,466.591544478607,69307,693.07
20,466.676154906766,51098,510.98
21,466.760765092726,40830,408.3
22,466.845375036735,38896,388.96
23,466.929984739036,37246,372.46
24,467.014594199874,34176,341.76
25,467.099203419495,32014,320.14
26,467.183812398145,30183,301.83
27,467.268421136067,29041,290.41
28,467.353029633508,64384,643.84
29,467.437637890711,76831,768.31
30,467.522245907924,62389,623.89
31,467.60685368539,50346,503.46
32,467.691461223355,40380,403.8
33,467.776068522063,35582,355.82
34,467.860675581761,32573,325.73
35,467.945282402693,36451,364.51
36,468.029888985104,44375,443.75
37,468.11449532924,42734,427.34
38,468.199101435345,40241,402.41
39,468.283707303665,37297,372.97
40,468.368312934445,32936,329.36
41,468.45291832793,34600,346
42,468.537523484364,38067,380.67
43,468.622128403994,66023,660.23
44,468.706733087065,78830,788.3
45,468.791337533821,63175,631.75
46,468.875941744507,47846,478.46
47,468.96054571937,39682,396.82
48,469.045149458653,35288,352.88
49,469.129752962602,32466,324.66
50,469.214356231462,30237,302.37
51,469.298959265479,28994,289.94
52,469.383562064897,28700,287
53,469.468164629962,28454,284.54
54,469.552766960919,32155,321.55
55,469.637369058012,37521,375.21
56,469.721970921487,36247,362.47
57,469.80657255159,33322,333.22
58,469.891173948565,35641,356.41
59,469.975775112657,34753,347.53
60,470.060376044111,30985,309.85
61,470.144976743173,29271,292.71
62,470.229577210088,32580,325.8
63,470.314177445101,33240,332.4
64,470.398777448457,35317,353.17
65,470.483377220402,63774,637.74
66,470.567976761179,72657,726.57
67,470.652576071035,59152,591.52
68,470.737175150215,47536,475.36
69,470.821773998963,39295,392.95
70,470.906372617525,38261,382.61
71,470.990971006146,36182,361.82
72,471.075569165072,73475,734.75
73,471.160167094546,83401,834.01
74,471.244764794815,65300,653
75,471.329362266123,52653,526.53
76,471.413959508717,46292,462.92
77,471.498556522839,49171,491.71
78,471.583153308737,49923,499.23
79,471.667749866655,46166,461.66
80,471.752346196838,44859,448.59
81,471.836942299532,44784,447.84
82,471.921538174981,49495,494.95
83,472.00613382343,46882,468.82
84,472.090729245126,38969,389.69
85,472.175324440312,33928,339.28
86,472.259919409234,35077,350.77
87,472.344514152137,34167,341.67
88,472.429108669267,30805,308.05
89,472.513702960868,30381,303.81
90,472.598297027185,32709,327.09
91,472.682890868465,32767,327.67
92,472.767484484951,30258,302.58
93,472.852077876889,28319,283.19
94,472.936671044524,31598,315.98
95,473.021263988101,32750,327.5
96,473.105856707865,31230,312.3
97,473.190449204062,37336,373.36
98,473.275041476937,56944,569.44
99,473.359633526735,65575,655.75
100,473.4442253537,54880,548.8
101,473.528816958078,46978,469.78
102,473.613408340115,45317,453.17
103,473.697999500055,40507,405.07
104,473.782590438143,35246,352.46
105,473.867181154625,32776,327.76
106,473.951771649745,36028,360.28
107,474.03636192375,35845,358.45
108,474.120951976883,32952,329.52
109,474.20554180939,31360,313.6
110,474.290131421517,30071,300.71
111,474.374720813508,33830,338.3
112,474.459309985608,34255,342.55
113,474.543898938063,31403,314.03
114,474.628487671118,29889,298.89
115,474.713076185018,28834,288.34
116,474.797664480008,33010,330.1
117,474.882252556332,70990,709.9
118,474.966840414238,82201,822.01
119,475.051428053968,103752,1037.52
120,475.13601547577,100798,1007.98
121,475.220602679887,69825,698.25
122,475.305189666564,51244,512.44
123,475.389776436048,40814,408.14
124,475.474362988583,35080,350.8
125,475.558949324414,31484,314.84
126,475.643535443787,29827,298.27
127,475.728121346946,29095,290.95
128,475.812707034136,28113,281.13
129,475.897292505604,56738,567.38
130,475.981877761593,70695,706.95
131,476.066462802349,60581,605.81
132,476.151047628118,52612,526.12
133,476.235632239144,44274,442.74
134,476.320216635672,36973,369.73
135,476.404800817948,37058,370.58
136,476.489384786216,36418,364.18
137,476.573968540723,38408,384.08
138,476.658552081712,62753,627.53
139,476.74313540943,66289,662.89
140,476.827718524121,51183,511.83
141,476.91230142603,41146,411.46
142,476.996884115403,39109,391.09
143,477.081466592484,37010,370.1
144,477.166048857519,32875,328.75
145,477.250630910753,34872,348.72
146,477.335212752432,34821,348.21
147,477.419794382799,31977,319.77
148,477.504375802101,34009,340.09
149,477.588957010582,34622,346.22
150,477.673538008487,31897,318.97
151,477.758118796063,84724,847.24
152,477.842699373553,98912,989.12
153,477.927279741204,68926,689.26
154,478.011859899259,50767,507.67
155,478.096439847965,40331,403.31
156,478.181019587566,35577,355.77
157,478.265599118308,33278,332.78
158,478.350178440435,31027,310.27
159,478.434757554193,29642,296.42
160,478.519336459827,44125,441.25
161,478.603915157582,47710,477.1
162,478.688493647704,38993,389.93
163,478.773071930436,110759,1107.59
164,478.857650006026,129504,1295.04
165,478.942227874716,87925,879.25
166,479.026805536754,78315,783.15
167,479.111382992383,70578,705.78
168,479.19596024185,58009,580.09
169,479.280537285398,47500,475
170,479.365114123274,38560,385.6
171,479.449690755722,33263,332.63
172,479.534267182988,30109,301.09
173,479.618843405317,28137,281.37
174,479.703419422953,31671,316.71
175,479.787995236142,37910,379.1
176,479.87257084513,37010,370.1
177,479.95714625016,33223,332.23
178,480.041721451479,30564,305.64
179,480.126296449331,29340,293.4
180,480.210871243962,32324,323.24
181,480.295445835617,32924,329.24
182,480.380020224541,34550,345.5
183,480.464594410979,34059,340.59
184,480.549168395175,35438,354.38
185,480.633742177377,35082,350.82
186,480.718315757827,31716,317.16
187,480.802889136772,29622,296.22
188,480.887462314457,28529,285.29
189,480.972035291127,27745,277.45
190,481.056608067026,32307,323.07
191,481.141180642401,48779,487.79
192,481.225753017496,49975,499.75
193,481.310325192556,39950,399.5
194,481.394897167827,37962,379.62
195,481.479468943554,36151,361.51
196,481.564040519981,32760,327.6
197,481.648611897354,30715,307.15
198,481.733183075918,29111,291.11
199,481.817754055918,32336,323.36
200,481.9023248376,32874,328.74
201,481.986895421208,34149,341.49
202,482.071465806988,76227,762.27
203,482.156035995184,85486,854.86
204,482.240605986042,64869,648.69
205,482.325175779807,51302,513.02
206,482.409745376725,41293,412.93
207,482.494314777039,35389,353.89
208,482.578883980996,31881,318.81
209,482.663452988841,29984,299.84
210,482.748021800818,28558,285.58
211,482.832590417173,28038,280.38
212,482.91715883815,32744,327.44
213,483.001727063996,37559,375.59
214,483.086295094955,35909,359.09
215,483.170862931273,32495,324.95
216,483.255430573193,31459,314.59
217,483.339998020963,34625,346.25
218,483.424565274826,35016,350.16
219,483.509132335028,32209,322.09
220,483.593699201814,30168,301.68
221,483.678265875429,32697,326.97
222,483.762832356118,32905,329.05
223,483.847398644127,29963,299.63
224,483.9319647397,32359,323.59
225,484.016530643083,46918,469.18
226,484.101096354521,49022,490.22
227,484.185661874258,41194,411.94
228,484.270227202541,35623,356.23
229,484.354792339614,31970,319.7
230,484.439357285722,30299,302.99
231,484.523922041111,33281,332.81
232,484.608486606025,37603,376.03
233,484.69305098071,36136,361.36
234,484.777615165411,34770,347.7
235,484.862179160373,37426,374.26
236,484.946742965841,35674,356.74
237,485.03130658206,35395,353.95
238,485.115870009276,38818,388.18
239,485.200433247733,37314,373.14
240,485.284996297677,33513,335.13
241,485.369559159353,62830,628.3
242,485.454121833005,74192,741.92
243,485.53868431888,57254,572.54
244,485.623246617222,46179,461.79
245,485.707808728276,39417,394.17
246,485.792370652288,34090,340.9
247,485.876932389502,34815,348.15
248,485.961493940164,34158,341.58
249,486.046055304519,31099,310.99
250,486.130616482813,30545,305.45
251,486.215177475289,30371,303.71
252,486.299738282193,38061,380.61
253,486.384298903771,39981,399.81
254,486.468859340268,34552,345.52
255,486.553419591928,30641,306.41
256,486.637979658997,29519,295.19
257,486.722539541719,28927,289.27
258,486.807099240341,31676,316.76
259,486.891658755108,32328,323.28
260,486.976218086263,29773,297.73
261,487.060777234053,28584,285.84
262,487.145336198723,28079,280.79
263,487.229894980517,27357,273.57
264,487.314453579682,27669,276.69
265,487.399011996461,27743,277.43
266,487.483570231101,27309,273.09
267,487.568128283845,27155,271.55
268,487.652686154941,26744,267.44
269,487.737243844632,26815,268.15
270,487.821801353163,31995,319.95
271,487.906358680781,33214,332.14
272,487.990915827729,30430,304.3
273,488.075472794253,29265,292.65
274,488.160029580599,34398,343.98
275,488.244586187011,35692,356.92
276,488.329142613735,32621,326.21
277,488.413698861015,38793,387.93
278,488.498254929097,39757,397.57
279,488.582810818225,39129,391.29
280,488.667366528646,38668,386.68
281,488.751922060605,34626,346.26
282,488.836477414345,33086,330.86
283,488.921032590113,32532,325.32
284,489.005587588153,33332,333.32
285,489.090142408711,67802,678.02
286,489.174697052032,79713,797.13
287,489.259251518361,64776,647.76
288,489.343805807943,51452,514.52
289,489.428359921024,40981,409.81
290,489.512913857847,34928,349.28
291,489.597467618659,32036,320.36
292,489.682021203705,45303,453.03
293,489.76657461323,48187,481.87
294,489.851127847479,38713,387.13
295,489.935680906696,35437,354.37
296,490.020233791128,33322,333.22
297,490.104786501019,30223,302.23
298,490.189339036615,32922,329.22
299,490.27389139816,33628,336.28
300,490.3584435859,30768,307.68
301,490.44299560008,28885,288.85
302,490.527547440945,27684,276.84
303,490.612099108739,26832,268.32
304,490.69665060371,26468,264.68
305,490.7812019261,27002,270.02
306,490.865753076156,31381,313.81
307,490.950304054123,32756,327.56
308,491.034854860246,30823,308.23
309,491.119405494769,29415,294.15
310,491.203955957939,28535,285.35
311,491.288506249999,28456,284.56
312,491.373056371197,27719,277.19
313,491.457606321775,31728,317.28
314,491.54215610198,34249,342.49
315,491.626705712057,31747,317.47
316,491.711255152251,29224,292.24
317,491.795804422807,27896,278.96
318,491.88035352397,27374,273.74
319,491.964902455985,27574,275.74
320,492.049451219098,32201,322.01
321,492.133999813553,32880,328.8
322,492.218548239596,29998,299.98
323,492.303096497471,32303,323.03
324,492.387644587425,35758,357.58
325,492.472192509702,38220,382.2
326,492.556740264546,46556,465.56
327,492.641287852205,45145,451.45
328,492.725835272921,36819,368.19
329,492.810382526942,33747,337.47
330,492.894929614511,45280,452.8
331,492.979476535874,47185,471.85
332,493.064023291276,39129,391.29
333,493.148569880962,37006,370.06
334,493.233116305178,34755,347.55
335,493.317662564167,31009,310.09
336,493.402208658177,30171,301.71
337,493.486754587451,29335,293.35
338,493.571300352235,28038,280.38
339,493.655845952774,27264,272.64
340,493.740391389313,31508,315.08
341,493.824936662097,32422,324.22
342,493.909481771372,33194,331.94
343,493.994026717382,32464,324.64
344,494.078571500372,29775,297.75
345,494.163116120589,28839,288.39
346,494.247660578276,28130,281.3
347,494.33220487368,63339,633.39
348,494.416749007044,73185,731.85
349,494.501292978615,54307,543.07
350,494.585836788637,42604,426.04
351,494.670380437356,35978,359.78
352,494.754923925017,32799,327.99
353,494.839467251864,35110,351.1
354,494.924010418144,34762,347.62
355,495.0085534241,31582,315.82
356,495.093096269979,49157,491.57
357,495.177638956025,53154,531.54
358,495.262181482484,46120,461.2
359,495.3467238496,44292,442.92
360,495.431266057619,38939,389.39
361,495.515808106786,38245,382.45
362,495.600349997346,36594,365.94
363,495.684891729544,32358,323.58
364,495.769433303626,31818,318.18
365,495.853974719836,30751,307.51
366,495.938515978419,28650,286.5
367,496.023057079622,27621,276.21
368,496.107598023688,27374,273.74
369,496.192138810863,31330,313.3
370,496.276679441392,32028,320.28
371,496.361219915521,32009,320.09
372,496.445760233493,69561,695.61
373,496.530300395556,78583,785.83
374,496.614840401953,57365,573.65
375,496.69938025293,51058,510.58
376,496.783919948731,45448,454.48
377,496.868459489603,41868,418.68
378,496.95299887579,38587,385.87
379,497.037538107538,42810,428.1
380,497.12207718509,42169,421.69
381,497.206616108694,39643,396.43
382,497.291154878593,37275,372.75
383,497.375693495033,33570,335.7
384,497.460231958259,30817,308.17
385,497.544770268516,29253,292.53
386,497.629308426049,28772,287.72
387,497.713846431104,27900,279
388,497.798384283926,31195,311.95
389,497.882921984759,31962,319.62
390,497.967459533848,29984,299.84
391,498.05199693144,33208,332.08
392,498.136534177779,38556,385.56
393,498.22107127311,37273,372.73
394,498.305608217678,32884,328.84
395,498.390145011729,30235,302.35
396,498.474681655507,28491,284.91
397,498.559218149259,28049,280.49
398,498.643754493228,28401,284.01
399,498.72829068766,27815,278.15
400,498.8128267328,26928,269.28
401,498.897362628894,26858,268.58
402,498.981898376185,27041,270.41
403,499.066433974921,27359,273.59
404,499.150969425345,31833,318.33
405,499.235504727703,50650,506.5
406,499.32003988224,52864,528.64
407,499.404574889201,45791,457.91
408,499.489109748831,41232,412.32
409,499.573644461376,35492,354.92
410,499.65817902708,31586,315.86
411,499.742713446188,29658,296.58
412,499.827247718947,28605,286.05
413,499.9117818456,28044,280.44
414,499.996315826393,27317,273.17
415,500.080849661572,26938,269.38
416,500.165383351381,27187,271.87
417,500.249916896065,27063,270.63
418,500.33445029587,27467,274.67
419,500.41898355104,50329,503.29
420,500.503516661822,56555,565.55
421,500.588049628459,44099,440.99
422,500.672582451197,37463,374.63
423,500.757115130282,33538,335.38
424,500.841647665958,30830,308.3
425,500.92618005847,29066,290.66
426,501.010712308064,59180,591.8
427,501.095244414985,71112,711.12
428,501.179776379478,59113,591.13
429,501.264308201788,48074,480.74
430,501.34883988216,43620,436.2
431,501.433371420839,39469,394.69
432,501.517902818071,33249,332.49
433,501.6024340741,35291,352.91
434,501.686965189172,38305,383.05
435,501.771496163532,35536,355.36
436,501.856026997425,31396,313.96
437,501.940557691096,29157,291.57
438,502.02508824479,27917,279.17
439,502.109618658753,32140,321.4
440,502.194148933229,33079,330.79
441,502.278679068464,30083,300.83
442,502.363209064702,28947,289.47
443,502.44773892219,28098,280.98
444,502.532268641171,31536,315.36
445,502.616798221892,32596,325.96
446,502.701327664597,30721,307.21
447,502.785856969531,29302,293.02
448,502.87038613694,32083,320.83
449,502.954915167069,36494,364.94
450,503.039444060163,35039,350.39
451,503.123972816466,31467,314.67
452,503.208501436225,33960,339.6
453,503.293029919684,34965,349.65
454,503.377558267088,36464,364.64
455,503.462086478683,39920,399.2
456,503.546614554714,42552,425.52
457,503.631142495425,39280,392.8
458,503.715670301062,33562,335.62
459,503.800197971871,30208,302.08
460,503.884725508095,28613,286.13
461,503.969252909981,31730,317.3
462,504.053780177773,36643,366.43
463,504.138307311717,35747,357.47
464,504.222834312058,36250,362.5
465,504.307361179041,35870,358.7
466,504.39188791291,36984,369.84
467,504.476414513912,38038,380.38
468,504.560940982291,54565,545.65
469,504.645467318292,56543,565.43
470,504.729993522161,43692,436.92
471,504.814519594143,40164,401.64
472,504.899045534482,39963,399.63
473,504.983571343424,42658,426.58
474,505.068097021215,44312,443.12
475,505.152622568098,43333,433.33
476,505.23714798432,56162,561.62
477,505.321673270126,55735,557.35
478,505.40619842576,43756,437.56
479,505.490723451468,36703,367.03
480,505.575248347494,36190,361.9
481,505.659773114085,34391,343.91
482,505.744297751485,65073,650.73
483,505.828822259939,77065,770.65
484,505.913346639693,58818,588.18
485,505.997870890991,45131,451.31
486,506.082395014079,37114,371.14
487,506.166919009201,32822,328.22
488,506.251442876604,30160,301.6
489,506.335966616531,32547,325.47
490,506.420490229229,32863,328.63
491,506.505013714942,30634,306.34
492,506.589537073916,29624,296.24
493,506.674060306396,32585,325.85
494,506.758583412626,33935,339.35
495,506.843106392852,31704,317.04
496,506.927629247319,29801,298.01
497,507.012151976272,28400,284
498,507.096674579957,31739,317.39
499,507.181197058618,33629,336.29
500,507.2657194125,31595,315.95
501,507.350241641849,64317,643.17
502,507.43476374691,77266,772.66
503,507.519285727928,59380,593.8
504,507.603807585148,45369,453.69
505,507.688329318816,37903,379.03
506,507.772850929175,37439,374.39
507,507.857372416473,39838,398.38
508,507.941893780953,37349,373.49
509,508.02641502286,33318,333.18
510,508.110936142441,30550,305.5
511,508.195457139939,32587,325.87
512,508.279978015601,32397,323.97
513,508.364498769671,30726,307.26
514,508.449019402395,29434,294.34
515,508.533539914017,28111,281.11
516,508.618060304783,31180,311.8
517,508.702580574937,31831,318.31
518,508.787100724726,29907,299.07
519,508.871620754394,30669,306.69
520,508.956140664186,48305,483.05
521,509.040660454347,57663,576.63
522,509.125180125123,67244,672.44
523,509.209699676758,63262,632.62
524,509.294219109499,71594,715.94
525,509.378738423589,69051,690.51
526,509.463257619274,55511,555.11
527,509.5477766968,46237,462.37
528,509.632295656411,37580,375.8
529,509.716814498352,32586,325.86
530,509.801333222869,29743,297.43
531,509.885851830207,28435,284.35
532,509.97037032061,28095,280.95
533,510.054888694324,27556,275.56
534,510.139406951595,31944,319.44
535,510.223925092667,33094,330.94
536,510.308443117785,30498,304.98
537,510.392961027195,29622,296.22
538,510.477478821141,33168,331.68
539,510.56199649987,37600,376
540,510.646514063625,40509,405.09
541,510.731031512652,42480,424.8
542,510.815548847197,38936,389.36
543,510.900066067503,34650,346.5
544,510.984583173818,31648,316.48
545,511.069100166384,33311,333.11
546,511.153617045449,32896,328.96
547,511.238133811256,34405,344.05
548,511.322650464052,34260,342.6
549,511.407167004081,30982,309.82
550,511.491683431587,37729,377.29
551,511.576199746818,39013,390.13
552,511.660715950017,37736,377.36
553,511.745232041429,35905,359.05
554,511.829748021301,32214,322.14
555,511.914263889876,30429,304.29
556,511.9987796474,30664,306.64
557,512.083295294119,30021,300.21
558,512.167810830277,29260,292.6
559,512.252326256119,32211,322.11
560,512.336841571891,36002,360.02
561,512.421356777838,52985,529.85
562,512.505871874205,55149,551.49
563,512.590386861236,48184,481.84
564,512.674901739178,42101,421.01
565,512.759416508275,35602,356.02
566,512.843931168773,31783,317.83
567,512.928445720916,33561,335.61
568,513.01296016495,37341,373.41
569,513.097474501119,35536,355.36
570,513.18198872967,31901,319.01
571,513.266502850847,29929,299.29
572,513.351016864895,32938,329.38
573,513.435530772059,33843,338.43
574,513.520044572585,31124,311.24
575,513.604558266717,28959,289.59
576,513.689071854701,36225,362.25
577,513.773585336782,40469,404.69
578,513.858098713206,41325,413.25
579,513.942611984216,42768,427.68
580,514.027125150058,46465,464.65
581,514.111638210978,47988,479.88
582,514.196151167221,42661,426.61
583,514.280664019031,35957,359.57
584,514.365176766654,32435,324.35
585,514.449689410336,33901,339.01
586,514.53420195032,37556,375.56
587,514.618714386852,35572,355.72
588,514.703226720178,31460,314.6
589,514.787738950542,29608,296.08
590,514.87225107819,28485,284.85
591,514.956763103367,27682,276.82
592,515.041275026318,27103,271.03
593,515.125786847287,36128,361.28
594,515.210298566521,38727,387.27
595,515.294810184265,33668,336.68
596,515.379321700762,31165,311.65
597,515.463833116259,30154,301.54
598,515.548344431001,28991,289.91
599,515.632855645233,32154,321.54
600,515.7173667592,32690,326.9
601,515.801877773147,32074,320.74
602,515.886388687319,35068,350.68
603,515.970899501962,33967,339.67
604,516.05541021732,30697,306.97
605,516.139920833639,28887,288.87
606,516.224431351163,28160,281.6
607,516.308941770138,27930,279.3
608,516.39345209081,27301,273.01
609,516.477962313423,26493,264.93
610,516.562472438222,30242,302.42
611,516.646982465452,35624,356.24
612,516.731492395359,40941,409.41
613,516.816002228188,40007,400.07
614,516.900511964184,34920,349.2
615,516.985021603591,39514,395.14
616,517.069531146656,47669,476.69
617,517.154040593623,56860,568.6
618,517.238549944738,52613,526.13
619,517.323059200245,45664,456.64
620,517.40756836039,40565,405.65
621,517.492077425417,35058,350.58
622,517.576586395573,31674,316.74
623,517.661095271101,63265,632.65
624,517.745604052248,71435,714.35
625,517.830112739258,52695,526.95
626,517.914621332376,50431,504.31
627,517.999129831848,47229,472.29
628,518.083638237919,39392,393.92
629,518.168146550834,34343,343.43
630,518.252654770838,30960,309.6
631,518.337162898176,29345,293.45
632,518.421670933093,28033,280.33
633,518.506178875835,27362,273.62
634,518.590686726646,26963,269.63
635,518.675194485772,27494,274.94
636,518.759702153457,31674,316.74
637,518.844209729948,32542,325.42
638,518.928717215489,30258,302.58
639,519.013224610325,32729,327.29
640,519.097731914701,33849,338.49
641,519.182239128863,31489,314.89
642,519.266746253055,29922,299.22
643,519.351253287523,28953,289.53
644,519.435760232512,28170,281.7
645,519.520267088267,28082,280.82
646,519.604773855033,27805,278.05
647,519.689280533056,27414,274.14
648,519.77378712258,27455,274.55
649,519.85829362385,27041,270.41
650,519.942800037113,31220,312.2
651,520.027306362612,32350,323.5
652,520.111812600593,30015,300.15
653,520.196318751301,28797,287.97
654,520.280824814981,27635,276.35
655,520.365330791879,26963,269.63
656,520.449836682239,27567,275.67
657,520.534342486307,28008,280.08
658,520.618848204327,27723,277.23
659,520.703353836546,31393,313.93
660,520.787859383207,32293,322.93
661,520.872364844557,37956,379.56
662,520.95687022084,61363,613.63
663,521.041375512301,62798,627.98
664,521.125880719186,47596,475.96
665,521.21038584174,38544,385.44
666,521.294890880208,49082,490.82
667,521.379395834834,50356,503.56
668,521.463900705865,44133,441.33
669,521.548405493545,39740,397.4
670,521.632910198119,34425,344.25
671,521.717414819833,31092,310.92
672,521.801919358931,29192,291.92
673,521.88642381566,28235,282.35
674,521.970928190263,31959,319.59
675,522.055432482986,240781,2407.81
676,522.139936694074,296658,2966.58
677,522.224440823773,188119,1881.19
678,522.308944872327,122738,1227.38
679,522.393448839982,82340,823.4
680,522.477952726982,63086,630.86
681,522.562456533574,70931,709.31
682,522.646960260001,66311,663.11
683,522.731463906509,54888,548.88
684,522.815967473344,50642,506.42
685,522.90047096075,43213,432.13
686,522.984974368973,35833,358.33
687,523.069477698257,31543,315.43
688,523.153980948848,29445,294.45
689,523.238484120991,28531,285.31
690,523.322987214931,28421,284.21
691,523.407490230914,32307,323.07
692,523.491993169183,37807,378.07
693,523.576496029985,78001,780.01
694,523.660998813565,85518,855.18
695,523.745501520167,95402,954.02
696,523.830004150038,90736,907.36
697,523.914506703421,64846,648.46
698,523.999009180562,49569,495.69
699,524.083511581707,39946,399.46
700,524.1680139071,34188,341.88
701,524.252516156987,31097,310.97
702,524.337018331612,29287,292.87
703,524.421520431221,32523,325.23
704,524.506022456059,33616,336.16
705,524.590524406371,31114,311.14
706,524.675026282403,54151,541.51
707,524.759528084398,60806,608.06
708,524.844029812603,47203,472.03
709,524.928531467263,38603,386.03
710,525.013033048623,54509,545.09
711,525.097534556927,58600,586
712,525.182035992421,46131,461.31
713,525.266537355351,38262,382.62
714,525.351038645961,33856,338.56
715,525.435539864496,35777,357.77
716,525.520041011202,35295,352.95
717,525.604542086324,32361,323.61
718,525.689043090106,40498,404.98
719,525.773544022794,41949,419.49
720,525.858044884634,41025,410.25
721,525.942545675869,39069,390.69
722,526.027046396746,34335,343.35
723,526.11154704751,31971,319.71
724,526.196047628405,30744,307.44
725,526.280548139677,34498,344.98
726,526.36504858157,34995,349.95
727,526.449548954331,31964,319.64
728,526.534049258204,31123,311.23
729,526.618549493434,34581,345.81
730,526.703049660267,34850,348.5
731,526.787549758947,32377,323.77
732,526.87204978972,34163,341.63
733,526.956549752831,34759,347.59
734,527.041049648525,32641,326.41
735,527.125549477046,30989,309.89
736,527.210049238641,51501,515.01
737,527.294548933555,59542,595.42
738,527.379048562032,48383,483.83
739,527.463548124317,40219,402.19
740,527.548047620657,37032,370.32
741,527.632547051295,34739,347.39
742,527.717046416477,32660,326.6
743,527.801545716449,37414,374.14
744,527.886044951455,38718,387.18
745,527.97054412174,45887,458.87
746,528.05504322755,46153,461.53
747,528.139542269129,38903,389.03
748,528.224041246724,37328,373.28
749,528.308540160578,39212,392.12
750,528.393039010938,38016,380.16
751,528.477537798047,34171,341.71
752,528.562036522152,34968,349.68
753,528.646535183498,38592,385.92
754,528.731033782329,41162,411.62
755,528.815532318891,38865,388.65
756,528.900030793429,35116,351.16
757,528.984529206188,32570,325.7
758,529.069027557414,31271,312.71
759,529.15352584735,30592,305.92
760,529.238024076243,29944,299.44
761,529.322522244338,29289,292.89
762,529.407020351879,29215,292.15
763,529.491518399112,29439,294.39
764,529.576016386283,29120,291.2
765,529.660514313635,28836,288.36
766,529.745012181415,28432,284.32
767,529.829509989866,28047,280.47
768,529.914007739236,28128,281.28
769,529.998505429768,32406,324.06
770,530.083003061708,33975,339.75
771,530.167500635301,31987,319.87
772,530.251998150792,30752,307.52
773,530.336495608426,30626,306.26
774,530.420993008449,34183,341.83
775,530.505490351105,38608,386.08
776,530.589987636639,40976,409.76
777,530.674484865298,42352,423.52
778,530.758982037325,39530,395.3
779,530.843479152966,35088,350.88
780,530.927976212466,32304,323.04
781,531.012473216071,31333,313.33
782,531.096970164025,91738,917.38
783,531.181467056574,111939,1119.39
784,531.265963893962,79706,797.06
785,531.350460676435,57897,578.97
786,531.434957404238,45873,458.73
787,531.519454077616,38927,389.27
788,531.603950696814,37270,372.7
789,531.688447262078,36503,365.03
790,531.772943773652,33981,339.81
791,531.857440231782,31453,314.53
792,531.941936636713,29463,294.63
793,532.026432988689,32503,325.03
794,532.110929287956,33742,337.42
795,532.19542553476,35230,352.3
796,532.279921729345,34743,347.43
797,532.364417871956,31684,316.84
798,532.448913962839,29786,297.86
799,532.533410002239,28801,288.01
800,532.6179059904,28464,284.64
801,532.702401927568,27821,278.21
802,532.786897813989,27351,273.51
803,532.871393649906,35568,355.68
804,532.955889435567,42065,420.65
805,533.040385171214,38877,388.77
806,533.124880857094,68036,680.36
807,533.209376493452,74399,743.99
808,533.293872080533,54558,545.58
809,533.378367618582,42983,429.83
810,533.462863107844,64009,640.09
811,533.547358548564,67464,674.64
812,533.631853940988,54031,540.31
813,533.71634928536,45661,456.61
814,533.800844581926,51283,512.83
815,533.885339830931,50124,501.24
816,533.96983503262,40659,406.59
817,534.054330187238,34694,346.94
818,534.13882529503,34828,348.28
819,534.223320356242,33886,338.86
820,534.307815371118,30578,305.78
821,534.392310339903,28508,285.08
822,534.476805262844,27418,274.18
823,534.561300140184,27083,270.83
824,534.64579497217,35085,350.85
825,534.730289759045,37117,371.17
826,534.814784501056,36541,365.41
827,534.899279198448,35645,356.45
828,534.983773851465,32285,322.85
829,535.068268460352,33737,337.37
830,535.152763025356,45065,450.65
831,535.23725754672,67637,676.37
832,535.321752024691,67652,676.52
833,535.406246459513,51728,517.28
834,535.490740851431,40917,409.17
835,535.575235200691,34643,346.43
836,535.659729507538,31390,313.9
837,535.744223772216,523965,5239.65
838,535.828717994971,664404,6644.04
839,535.913212176048,396924,3969.24
840,535.997706315693,238523,2385.23
841,536.08220041415,159724,1597.24
842,536.166694471664,111213,1112.13
843,536.251188488481,75583,755.83
844,536.335682464845,54629,546.29
845,536.420176401003,42889,428.89
846,536.504670297198,36077,360.77
847,536.589164153677,31663,316.63
848,536.673657970684,29232,292.32
849,536.758151748464,29370,293.7
850,536.842645487263,29099,290.99
851,536.927139187325,28216,282.16
852,537.011632848896,31538,315.38
853,537.096126472221,32653,326.53
854,537.180620057546,35378,353.78
855,537.265113605114,38857,388.57
856,537.349607115172,36314,363.14
857,537.434100587964,33487,334.87
858,537.518594023736,31173,311.73
859,537.603087422733,29268,292.68
860,537.687580785199,28721,287.21
861,537.772074111381,31898,318.98
862,537.856567401522,45365,453.65
863,537.941060655869,60159,601.59
864,538.025553874667,55875,558.75
865,538.11004705816,44395,443.95
866,538.194540206593,38051,380.51
867,538.279033320213,35426,354.26
868,538.363526399263,35936,359.36
869,538.44801944399,39465,394.65
870,538.532512454637,45361,453.61
871,538.617005431451,56812,568.12
872,538.701498374677,67298,672.98
873,538.785991284559,76941,769.41
874,538.870484161343,86821,868.21
875,538.954977005273,99654,996.54
876,539.039469816596,108355,1083.55
877,539.123962595556,112122,1121.22
878,539.208455342398,120740,1207.4
879,539.292948057368,124235,1242.35
880,539.37744074071,116440,1164.4
881,539.46193339267,110657,1106.57
882,539.546426013493,106042,1060.42
883,539.630918603424,103337,1033.37
884,539.715411162708,95204,952.04
885,539.79990369159,87319,873.19
886,539.884396190315,79904,799.04
887,539.968888659129,103188,1031.88
888,540.053381098277,113225,1132.25
889,540.137873508003,93855,938.55
890,540.222365888553,76669,766.69
891,540.306858240173,65805,658.05
892,540.391350563106,58267,582.67
893,540.475842857599,60645,606.45
894,540.560335123896,58417,584.17
895,540.644827362243,54607,546.07
896,540.729319572884,54551,545.51
897,540.813811756066,49645,496.45
898,540.898303912032,42679,426.79
899,540.982796041028,37533,375.33
900,541.0672881433,33902,339.02
901,541.151780219092,31910,319.1
902,541.23627226865,30393,303.93
903,541.320764292218,28949,289.49
904,541.405256290042,28457,284.57
905,541.489748262367,31372,313.72
906,541.574240209438,37274,372.74
907,541.6587321315,36509,365.09
908,541.743224028798,36610,366.1
909,541.827715901578,35385,353.85
910,541.912207750085,31478,314.78
911,541.996699574563,30100,301
912,542.081191375258,29555,295.55
913,542.165683152415,33090,330.9
914,542.250174906279,33546,335.46
915,542.334666637096,30999,309.99
916,542.41915834511,30000,300
917,542.503650030566,54854,548.54
918,542.58814169371,65590,655.9
919,542.672633334787,61552,615.52
920,542.757124954042,54416,544.16
921,542.841616551719,45172,451.72
922,542.926108128065,44183,441.83
923,543.010599683325,42986,429.86
924,543.095091217743,40318,403.18
925,543.179582731564,70601,706.01
926,543.264074225034,78052,780.52
927,543.348565698398,60708,607.08
928,543.433057151901,50854,508.54
929,543.517548585789,45342,453.42
930,543.602040000305,50537,505.37
931,543.686531395696,55519,555.19
932,543.771022772206,52147,521.47
933,543.855514130081,52151,521.51
934,543.940005469566,54775,547.75
935,544.024496790906,51652,516.52
936,544.108988094346,55047,550.47
937,544.193479380131,57999,579.99
938,544.277970648506,53281,532.81
939,544.362461899717,48670,486.7
940,544.446953134009,51297,512.97
941,544.531444351626,51352,513.52
942,544.615935552814,50766,507.66
943,544.700426737818,51321,513.21
944,544.784917906884,49511,495.11
945,544.869409060255,51491,514.91
946,544.953900198178,51919,519.19
947,545.038391320898,49024,490.24
948,545.122882428659,47129,471.29
949,545.207373521708,46072,460.72
950,545.291864600288,45326,453.26
951,545.376355664645,44851,448.51
952,545.460846715024,82036,820.36
953,545.545337751671,93055,930.55
954,545.62982877483,73584,735.84
955,545.714319784747,65132,651.32
956,545.798810781666,63670,636.7
957,545.883301765834,59200,592
958,545.967792737495,57113,571.13
959,546.052283696893,55345,553.45
960,546.136774644275,55675,556.75
961,546.221265579886,54382,543.82
962,546.30575650397,51090,510.9
963,546.390247416772,49220,492.2
964,546.474738318539,47675,476.75
965,546.559229209514,47482,474.82
966,546.643720089944,47381,473.81
967,546.728210960073,46663,466.63
968,546.812701820146,49302,493.02
969,546.897192670409,55668,556.68
970,546.981683511106,55481,554.81
971,547.066174342483,51580,515.8
972,547.150665164785,51720,517.2
973,547.235155978257,55011,550.11
974,547.319646783145,54237,542.37
975,547.404137579692,51944,519.44
976,547.488628368145,50378,503.78
977,547.573119148749,48921,489.21
978,547.657609921748,48390,483.9
979,547.742100687388,52061,520.61
980,547.826591445914,52834,528.34
981,547.911082197572,51353,513.53
982,547.995572942605,50788,507.88
983,548.08006368126,49871,498.71
984,548.164554413782,48940,489.4
985,548.249045140415,48334,483.34
986,548.333535861404,48552,485.52
987,548.418026576996,68699,686.99
988,548.502517287435,74221,742.21
989,548.587007992966,63925,639.25
990,548.671498693834,57596,575.96
991,548.755989390285,60728,607.28
992,548.840480082563,65027,650.27
993,548.924970770915,61387,613.87
994,549.009461455584,56570,565.7
995,549.093952136815,57505,575.05
996,549.178442814856,56433,564.33
997,549.262933489949,53186,531.86
998,549.347424162341,60582,605.82
999,549.431914832276,62335,623.35
1000,549.5164055,57160,571.6
1001,549.600896165758,56482,564.82
1002,549.685386829794,55532,555.32
1003,549.769877492355,53232,532.32
1004,549.854368153685,52234,522.34
1005,549.938858814029,72993,729.93
1006,550.023349473633,82574,825.74
1007,550.107840132742,76715,767.15
1008,550.1923307916,68886,688.86
1009,550.276821450453,60999,609.99
1010,550.361312109546,56870,568.7
1011,550.445802769124,58890,588.9
1012,550.530293429432,58627,586.27
1013,550.614784090716,55294,552.94
1014,550.69927475322,53427,534.27
1015,550.78376541719,52577,525.77
1016,550.868256082871,51853,518.53
1017,550.952746750508,51918,519.18
1018,551.037237420346,55597,555.97
1019,551.12172809263,56734,567.34
1020,551.206218767606,54903,549.03
1021,551.290709445518,53703,537.03
1022,551.375200126611,52875,528.75
1023,551.459690811131,57154,571.54
1024,551.544181499323,58566,585.66
1025,551.628672191433,56442,564.42
1026,551.713162887704,54678,546.78
1027,551.797653588383,53606,536.06
1028,551.882144293714,53049,530.49
1029,551.966635003943,52912,529.12
1030,552.051125719314,57424,574.24
1031,552.135616440073,65604,656.04
1032,552.220107166465,64717,647.17
1033,552.304597898735,62235,622.35
1034,552.389088637129,60299,602.99
1035,552.473579381891,81551,815.51
1036,552.558070133266,86472,864.72
1037,552.6425608915,72896,728.96
1038,552.727051656838,65142,651.42
1039,552.811542429524,89616,896.16
1040,552.896033209805,94776,947.76
1041,552.980523997925,81835,818.35
1042,553.065014794129,72733,727.33
1043,553.149505598662,64562,645.62
1044,553.23399641177,59959,599.59
1045,553.318487233698,61121,611.21
1046,553.402978064691,76563,765.63
1047,553.487468904993,91544,915.44
1048,553.571959754851,85304,853.04
1049,553.656450614509,72266,722.66
1050,553.740941484213,64459,644.59
1051,553.825432364206,67536,675.36
1052,553.909923254736,67467,674.67
1053,553.994414156046,69893,698.93
1054,554.078905068382,68541,685.41
1055,554.16339599199,62532,625.32
1056,554.247886927113,59782,597.82
1057,554.332377873998,85654,856.54
1058,554.416868832889,92106,921.06
1059,554.501359804032,76495,764.95
1060,554.585850787671,67449,674.49
1061,554.670341784053,61994,619.94
1062,554.754832793421,58686,586.86
1063,554.839323816021,57097,570.97
1064,554.923814852099,56019,560.19
1065,555.008305901899,55738,557.38
1066,555.092796965667,64062,640.62
1067,555.177288043647,65907,659.07
1068,555.261779136085,91681,916.81
1069,555.346270243226,97865,978.65
1070,555.430761365315,84346,843.46
1071,555.515252502597,79046,790.46
1072,555.599743655318,73343,733.43
1073,555.684234823722,66645,666.45
1074,555.768726008055,67028,670.28
1075,555.853217208561,69809,698.09
1076,555.937708425486,66521,665.21
1077,556.022199659075,89665,896.65
1078,556.106690909574,94954,949.54
1079,556.191182177226,83070,830.7
1080,556.275673462278,74282,742.82
1081,556.360164764975,70023,700.23
1082,556.444656085561,72199,721.99
1083,556.529147424282,69015,690.15
1084,556.613638781383,64426,644.26
1085,556.698130157109,61829,618.29
1086,556.782621551706,63649,636.49
1087,556.867112965417,63628,636.28
1088,556.951604398489,67149,671.49
1089,557.036095851167,75007,750.07
1090,557.120587323695,72375,723.75
1091,557.20507881632,65084,650.84
1092,557.289570329285,60855,608.55
1093,557.374061862836,62702,627.02
1094,557.458553417219,63690,636.9
1095,557.543044992678,64882,648.82
1096,557.627536589459,64329,643.29
1097,557.712028207806,65654,656.54
1098,557.796519847966,64546,645.46
1099,557.881011510182,68941,689.41
1100,557.9655031947,73582,735.82
1101,558.049994901765,69254,692.54
1102,558.134486631623,63425,634.25
1103,558.218978384519,60044,600.44
1104,558.303470160697,62236,622.36
1105,558.387961960402,62328,623.28
1106,558.472453783881,62547,625.47
1107,558.556945631378,63847,638.47
1108,558.641437503137,96114,961.14
1109,558.725929399405,114558,1145.58
1110,558.810421320427,98487,984.87
1111,558.894913266447,80827,808.27
1112,558.97940523771,71077,710.77
1113,559.063897234463,69261,692.61
1114,559.14838925695,70808,708.08
1115,559.232881305415,67858,678.58
1116,559.317373380105,62967,629.67
1117,559.401865481264,64645,646.45
1118,559.486357609138,64598,645.98
1119,559.570849763971,61200,612
1120,559.65534194601,59898,598.98
1121,559.739834155498,63839,638.39
1122,559.824326392681,64176,641.76
1123,559.908818657804,64953,649.53
1124,559.993310951113,64281,642.81
1125,560.077803272852,61304,613.04
1126,560.162295623266,59763,597.63
1127,560.246788002602,58691,586.91
1128,560.331280411103,61826,618.26
1129,560.415772849015,66453,664.53
1130,560.500265316583,69791,697.91
1131,560.584757814052,75603,756.03
1132,560.669250341668,73253,732.53
1133,560.753742899676,66258,662.58
1134,560.83823548832,66309,663.09
1135,560.922728107845,65195,651.95
1136,561.007220758498,61810,618.1
1137,561.091713440523,60021,600.21
1138,561.176206154165,58937,589.37
1139,561.260698899669,58711,587.11
1140,561.345191677281,58249,582.49
1141,561.429684487245,57375,573.75
1142,561.514177329807,57415,574.15
1143,561.598670205212,57674,576.74
1144,561.683163113705,58659,586.59
1145,561.767656055531,58510,585.1
1146,561.852149030935,61531,615.31
1147,561.936642040163,66630,666.3
1148,562.021135083459,65397,653.97
1149,562.105628161069,62150,621.5
1150,562.190121273237,64736,647.36
1151,562.27461442021,64572,645.72
1152,562.359107602232,74820,748.2
1153,562.443600819547,76610,766.1
1154,562.528094072403,72268,722.68
1155,562.612587361042,79241,792.41
1156,562.697080685712,81222,812.22
1157,562.781574046656,77485,774.85
1158,562.866067444119,93590,935.9
1159,562.950560878348,93628,936.28
1160,563.035054349587,78340,783.4
1161,563.119547858082,73705,737.05
1162,563.204041404076,70470,704.7
1163,563.288534987816,66801,668.01
1164,563.373028609547,63681,636.81
1165,563.457522269514,61112,611.12
1166,563.542015967961,59776,597.76
1167,563.626509705135,62798,627.98
1168,563.71100348128,67374,673.74
1169,563.795497296641,66049,660.49
1170,563.879991151464,62213,622.13
1171,563.964485045993,60304,603.04
1172,564.048978980475,59357,593.57
1173,564.133472955153,59755,597.55
1174,564.217966970273,59408,594.08
1175,564.30246102608,62757,627.57
1176,564.386955122819,67213,672.13
1177,564.471449260736,69501,695.01
1178,564.555943440075,66912,669.12
1179,564.640437661083,62498,624.98
1180,564.724931924002,147695,1476.95
1181,564.80942622908,175096,1750.96
1182,564.893920576561,128443,1284.43
1183,564.97841496669,101898,1018.98
1184,565.062909399713,86078,860.78
1185,565.147403875874,86402,864.02
1186,565.231898395419,82399,823.99
1187,565.316392958592,71600,716
1188,565.400887565639,65242,652.42
1189,565.485382216806,61763,617.63
1190,565.569876912336,59831,598.31
1191,565.654371652476,58742,587.42
1192,565.73886643747,61367,613.67
1193,565.823361267564,62545,625.45
1194,565.907856143003,84624,846.24
1195,565.992351064031,90574,905.74
1196,566.076846030894,77421,774.21
1197,566.161341043838,69138,691.38
1198,566.245836103106,64127,641.27
1199,566.330331208945,61622,616.22
1200,566.4148263616,60272,602.72
1201,566.499321561315,63060,630.6
1202,566.583816808336,63573,635.73
1203,566.668312102908,64981,649.81
1204,566.752807445276,64287,642.87
1205,566.837302835685,62726,627.26
1206,566.92179827438,63820,638.2
1207,567.006293761607,62847,628.47
1208,567.090789297611,60310,603.1
1209,567.175284882636,65575,655.75
1210,567.259780516928,66995,669.95
1211,567.344276200732,62802,628.02
1212,567.428771934293,60571,605.71
1213,567.513267717856,63147,631.47
1214,567.597763551667,63072,630.72
1215,567.68225943597,60342,603.42
1216,567.766755371011,83316,833.16
1217,567.851251357034,89784,897.84
1218,567.935747394286,76085,760.85
1219,568.020243483011,75752,757.52
1220,568.104739623454,73244,732.44
1221,568.18923581586,93117,931.17
1222,568.273732060474,97026,970.26
1223,568.358228357543,80334,803.34
1224,568.442724707309,70881,708.81
1225,568.52722111002,65511,655.11
1226,568.61171756592,62039,620.39
1227,568.696214075254,60569,605.69
1228,568.780710638267,59451,594.51
1229,568.865207255205,58617,586.17
1230,568.949703926312,58995,589.95
1231,569.034200651834,63040,630.4
1232,569.118697432015,63417,634.17
1233,569.203194267102,60822,608.22
1234,569.287691157338,63293,632.93
1235,569.37218810297,70230,702.3
1236,569.456685104242,81502,815.02
1237,569.5411821614,80868,808.68
1238,569.625679274688,72342,723.42
1239,569.710176444352,70707,707.07
1240,569.794673670637,67819,678.19
1241,569.879170953788,62879,628.79
1242,569.96366829405,64196,641.96
1243,570.048165691668,72411,724.11
1244,570.132663146887,71753,717.53
1245,570.217160659954,74096,740.96
1246,570.301658231112,73128,731.28
1247,570.386155860606,67074,670.74
1248,570.470653548683,63984,639.84
1249,570.555151295587,61797,617.97
1250,570.639649101562,60203,602.03
1251,570.724146966856,59158,591.58
1252,570.808644891712,62447,624.47
1253,570.893142876375,67990,679.9
1254,570.977640921091,68107,681.07
1255,571.062139026105,67509,675.09
1256,571.146637191662,87249,872.49
1257,571.231135418007,89864,898.64
1258,571.315633705386,75924,759.24
1259,571.400132054043,71714,717.14
1260,571.484630464223,72843,728.43
1261,571.569128936172,69348,693.48
1262,571.653627470135,63828,638.28
1263,571.738126066357,69526,695.26
1264,571.822624725083,74714,747.14
1265,571.907123446559,70246,702.46
1266,571.991622231028,73519,735.19
1267,572.076121078737,80167,801.67
1268,572.160619989931,76678,766.78
1269,572.245118964855,73167,731.67
1270,572.329618003753,69808,698.08
1271,572.414117106872,70290,702.9
1272,572.498616274455,76036,760.36
1273,572.583115506749,73098,730.98
1274,572.667614803999,65840,658.4
1275,572.752114166448,61505,615.05
1276,572.836613594344,60230,602.3
1277,572.921113087931,59884,598.84
1278,573.005612647453,58740,587.4
1279,573.090112273157,57766,577.66
1280,573.174611965286,61762,617.62
1281,573.259111724088,69998,699.98
1282,573.343611549805,78641,786.41
1283,573.428111442685,106220,1062.2
1284,573.512611402971,110781,1107.81
1285,573.597111430909,142119,1421.19
1286,573.681611526744,145977,1459.77
1287,573.766111690721,122585,1225.85
1288,573.850611923086,102637,1026.37
1289,573.935112224083,83474,834.74
1290,574.019612593957,72209,722.09
1291,574.104113032955,66534,665.34
1292,574.18861354132,67224,672.24
1293,574.273114119298,66280,662.8
1294,574.357614767134,66517,665.17
1295,574.442115485074,64838,648.38
1296,574.526616273362,118004,1180.04
1297,574.611117132243,132423,1324.23
1298,574.695618061963,120339,1203.39
1299,574.780119062767,110542,1105.42
1300,574.8646201349,91450,914.5
1301,574.949121278607,81617,816.17
1302,575.033622494133,77468,774.68
1303,575.118123781723,75362,753.62
1304,575.202625141623,70383,703.83
1305,575.287126574078,64458,644.58
1306,575.371628079332,61737,617.37
1307,575.456129657631,60799,607.99
1308,575.54063130922,60547,605.47
1309,575.625133034344,64218,642.18
1310,575.709634833249,71486,714.86
1311,575.794136706179,70287,702.87
1312,575.878638653379,64932,649.32
1313,575.963140675095,61402,614.02
1314,576.047642771572,59075,590.75
1315,576.132144943055,58424,584.24
1316,576.216647189789,63308,633.08
1317,576.301149512019,64362,643.62
1318,576.38565190999,61301,613.01
1319,576.470154383948,59177,591.77
1320,576.554656934138,58457,584.57
1321,576.639159560804,62926,629.26
1322,576.723662264192,64306,643.06
1323,576.808165044547,97782,977.82
1324,576.892667902114,109543,1095.43
1325,576.977170837139,89739,897.39
1326,577.061673849866,75010,750.1
1327,577.146176940541,66696,666.96
1328,577.230680109408,62492,624.92
1329,577.315183356713,60632,606.32
1330,577.399686682701,63102,631.02
1331,577.484190087617,90456,904.56
1332,577.568693571706,95221,952.21
1333,577.653197135214,79084,790.84
1334,577.737700778385,73983,739.83
1335,577.822204501465,69717,697.17
1336,577.906708304698,63980,639.8
1337,577.991212188331,101300,1013
1338,578.075716152607,110623,1106.23
1339,578.160220197773,92383,923.83
1340,578.244724324073,80379,803.79
1341,578.329228531752,79009,790.09
1342,578.413732821056,80137,801.37
1343,578.49823719223,73283,732.83
1344,578.582741645518,65899,658.99
1345,578.667246181166,65506,655.06
1346,578.75175079942,64982,649.82
1347,578.836255500524,65998,659.98
1348,578.920760284723,74227,742.27
1349,579.005265152262,73612,736.12
1350,579.089770103388,67273,672.73
1351,579.174275138344,62928,629.28
1352,579.258780257375,59669,596.69
1353,579.343285460728,58140,581.4
1354,579.427790748647,57877,578.77
1355,579.512296121378,57092,570.92
1356,579.596801579165,56285,562.85
1357,579.681307122253,57448,574.48
1358,579.765812750888,57731,577.31
1359,579.850318465315,56900,569
1360,579.934824265779,56720,567.2
1361,580.019330152525,56445,564.45
1362,580.103836125799,77755,777.55
1363,580.188342185844,83942,839.42
1364,580.272848332908,76242,762.42
1365,580.357354567233,70433,704.33
1366,580.441860889067,64314,643.14
1367,580.526367298654,60955,609.55
1368,580.610873796238,67006,670.06
1369,580.695380382066,67924,679.24
1370,580.779887056382,63285,632.85
1371,580.864393819432,66455,664.55
1372,580.94890067146,66649,666.49
1373,581.033407612712,62111,621.11
1374,581.117914643433,59443,594.43
1375,581.202421763867,58444,584.44
1376,581.286928974261,58324,583.24
1377,581.371436274859,61834,618.34
1378,581.455943665907,62506,625.06
1379,581.540451147649,63655,636.55
1380,581.62495872033,62801,628.01
1381,581.709466384197,59487,594.87
1382,581.793974139493,57674,576.74
1383,581.878481986465,64353,643.53
1384,581.962989925357,66101,661.01
1385,582.047497956414,70059,700.59
1386,582.132006079881,73776,737.76
1387,582.216514296004,68892,688.92
1388,582.301022605028,63636,636.36
1389,582.385531007198,71890,718.9
1390,582.470039502758,73348,733.48
1391,582.554548091955,66675,666.75
1392,582.639056775033,62424,624.24
1393,582.723565552238,59467,594.67
1394,582.808074423814,58128,581.28
1395,582.892583390007,57346,573.46
1396,582.977092451061,64967,649.67
1397,583.061601607223,67021,670.21
1398,583.146110858736,64291,642.91
1399,583.230620205847,64236,642.36
1400,583.3151296488,61843,618.43
1401,583.399639187841,62560,625.6
1402,583.484148823214,62144,621.44
1403,583.568658555165,59596,595.96
1404,583.653168383939,58123,581.23
1405,583.73767830978,64737,647.37
1406,583.822188332935,66288,662.88
1407,583.906698453649,65223,652.23
1408,583.991208672165,63306,633.06
1409,584.075718988731,59807,598.07
1410,584.16022940359,61671,616.71
1411,584.244739916987,61449,614.49
1412,584.329250529169,58675,586.75
1413,584.41376124038,56946,569.46
1414,584.498272050865,56129,561.29
1415,584.58278296087,56315,563.15
1416,584.667293970638,66935,669.35
1417,584.751805080417,77170,771.7
1418,584.83631629045,73722,737.22
1419,584.920827600983,66252,662.52
1420,585.005339012262,61815,618.15
1421,585.08985052453,62716,627.16
1422,585.174362138034,65396,653.96
1423,585.258873853018,66819,668.19
1424,585.343385669727,64140,641.4
1425,585.427897588408,59766,597.66
1426,585.512409609304,57191,571.91
1427,585.596921732661,56142,561.42
1428,585.681433958724,58344,583.44
1429,585.765946287739,58627,586.27
1430,585.85045871995,61074,610.74
1431,585.934971255602,65615,656.15
1432,586.019483894941,72646,726.46
1433,586.103996638212,74937,749.37
1434,586.18850948566,68810,688.1
1435,586.27302243753,63516,635.16
1436,586.357535494067,60030,600.3
1437,586.442048655516,85502,855.02
1438,586.526561922122,115492,1154.92
1439,586.611075294132,106176,1061.76
1440,586.695588771789,84516,845.16
1441,586.780102355339,72560,725.6
1442,586.864616045027,69310,693.1
1443,586.949129841097,65415,654.15
1444,587.033643743797,60439,604.39
1445,587.118157753369,57761,577.61
1446,587.20267187006,56020,560.2
1447,587.287186094115,55071,550.71
1448,587.371700425779,54738,547.38
1449,587.456214865296,54209,542.09
1450,587.540729412912,54037,540.37
1451,587.625244068873,54016,540.16
1452,587.709758833423,57796,577.96
1453,587.794273706808,58808,588.08
1454,587.878788689272,57316,573.16
1455,587.963303781061,56134,561.34
1456,588.047818982419,55136,551.36
1457,588.132334293593,58119,581.19
1458,588.216849714827,63535,635.35
1459,588.301365246366,62862,628.62
1460,588.385880888455,59360,593.6
1461,588.47039664134,56917,569.17
1462,588.554912505266,55352,553.52
1463,588.639428480477,58688,586.88
1464,588.72394456722,65714,657.14
1465,588.808460765738,73700,737
1466,588.892977076278,71304,713.04
1467,588.977493499084,63941,639.41
1468,589.062010034401,59486,594.86
1469,589.146526682475,56913,569.13
1470,589.231043443551,55605,556.05
1471,589.315560317874,54700,547
1472,589.400077305689,54084,540.84
1473,589.48459440724,53800,538
1474,589.569111622774,57282,572.82
1475,589.653628952536,64437,644.37
1476,589.73814639677,64431,644.31
1477,589.822663955722,59909,599.09
1478,589.907181629636,166384,1663.84
1479,589.991699418759,203676,2036.76
1480,590.076217323334,155077,1550.77
1481,590.160735343608,117942,1179.42
1482,590.245253479825,90407,904.07
1483,590.329771732231,74254,742.54
1484,590.41429010107,102549,1025.49
1485,590.498808586588,107677,1076.77
1486,590.58332718903,85212,852.12
1487,590.667845908641,75282,752.82
1488,590.752364745666,68307,683.07
1489,590.83688370035,62229,622.29
1490,590.921402772939,62250,622.5
1491,591.005921963678,69150,691.5
1492,591.090441272811,67681,676.81
1493,591.174960700584,64946,649.46
1494,591.259480247241,65847,658.47
1495,591.343999913029,66551,665.51
1496,591.428519698192,63674,636.74
1497,591.513039602976,59223,592.23
1498,591.597559627625,56759,567.59
1499,591.682079772385,55216,552.16
1500,591.7666000375,53746,537.46
1501,591.851120423216,53350,533.5
1502,591.935640929779,53173,531.73
1503,592.020161557432,55190,551.9
1504,592.104682306422,55552,555.52
1505,592.189203176993,53794,537.94
1506,592.273724169391,52730,527.3
1507,592.35824528386,52099,520.99
1508,592.442766520647,52123,521.23
1509,592.527287879995,56713,567.13
1510,592.611809362151,58118,581.18
1511,592.696330967358,87867,878.67
1512,592.780852695863,95163,951.63
1513,592.865374547911,77125,771.25
1514,592.949896523746,66708,667.08
1515,593.034418623614,60662,606.62
1516,593.11894084776,99274,992.74
1517,593.203463196429,108785,1087.85
1518,593.287985669866,85225,852.25
1519,593.372508268317,71309,713.09
1520,593.457030992026,63593,635.93
1521,593.541553841238,59055,590.55
1522,593.626076816199,57070,570.7
1523,593.710599917154,55683,556.83
1524,593.795123144348,54608,546.08
1525,593.879646498027,53541,535.41
1526,593.964169978434,61157,611.57
1527,594.048693585816,63707,637.07
1528,594.133217320417,59081,590.81
1529,594.217741182483,60047,600.47
1530,594.302265172259,59427,594.27
1531,594.38678928999,60205,602.05
1532,594.47131353592,59367,593.67
1533,594.555837910296,59985,599.85
1534,594.640362413363,59046,590.46
1535,594.724887045364,80481,804.81
1536,594.809411806547,85408,854.08
1537,594.893936697155,71017,710.17
1538,594.978461717434,70681,706.81
1539,595.062986867629,68115,681.15
1540,595.147512147985,61677,616.77
1541,595.232037558747,66031,660.31
1542,595.316563100161,73641,736.41
1543,595.401088772471,71560,715.6
1544,595.485614575923,64725,647.25
1545,595.570140510762,59562,595.62
1546,595.654666577233,56578,565.78
1547,595.73919277558,58359,583.59
1548,595.82371910605,59947,599.47
1549,595.908245568888,58070,580.7
1550,595.992772164338,63693,636.93
1551,596.077298892645,73338,733.38
1552,596.161825754055,70287,702.87
1553,596.246352748813,62116,621.16
1554,596.330879877164,58007,580.07
1555,596.415407139353,72940,729.4
1556,596.499934535626,76703,767.03
1557,596.584462066227,68313,683.13
1558,596.668989731401,66757,667.57
1559,596.753517531394,67892,678.92
1560,596.838045466451,68022,680.22
1561,596.922573536817,63864,638.64
1562,597.007101742737,58844,588.44
1563,597.091630084456,93325,933.25
1564,597.17615856222,120348,1203.48
1565,597.260687176273,106113,1061.13
1566,597.345215926861,88386,883.86
1567,597.429744814228,83605,836.05
1568,597.51427383862,75375,753.75
1569,597.598803000283,64844,648.44
1570,597.68333229946,66999,669.99
1571,597.767861736398,65584,655.84
1572,597.852391311341,66894,668.94
1573,597.936921024535,65760,657.6
1574,598.021450876224,63731,637.31
1575,598.105980866655,65377,653.77
1576,598.190510996071,61865,618.65
1577,598.275041264718,61223,612.23
1578,598.359571672842,63629,636.29
1579,598.444102220687,65969,659.69
1580,598.528632908498,62949,629.49
1581,598.613163736522,61823,618.23
1582,598.697694705001,69070,690.7
1583,598.782225814183,70906,709.06
1584,598.866757064312,68464,684.64
1585,598.951288455633,63492,634.92
1586,599.035819988391,61829,618.29
1587,599.120351662832,64395,643.95
1588,599.2048834792,61691,616.91
1589,599.289415437741,56882,568.82
1590,599.3739475387,54912,549.12
1591,599.458479782322,58169,581.69
1592,599.543012168852,62255,622.55
1593,599.627544698535,63985,639.85
1594,599.712077371617,60464,604.64
1595,599.796610188342,55983,559.83
1596,599.881143148956,58514,585.14
1597,599.965676253703,62465,624.65
1598,600.05020950283,60764,607.64
1599,600.13474289658,56729,567.29
1600,600.2192764352,54148,541.48
1601,600.303810118934,56753,567.53
1602,600.388343948028,56913,569.13
1603,600.472877922726,53986,539.86
1604,600.557412043273,56643,566.43
1605,600.641946309916,56573,565.73
1606,600.726480722899,53880,538.8
1607,600.811015282466,52479,524.79
1608,600.895549988864,51361,513.61
1609,600.980084842338,50383,503.83
1610,601.064619843132,53246,532.46
1611,601.149154991491,54641,546.41
1612,601.233690287662,57705,577.05
1613,601.318225731888,57609,576.09
1614,601.402761324415,54522,545.22
1615,601.487297065489,56701,567.01
1616,601.571832955354,57177,571.77
1617,601.656368994255,58664,586.64
1618,601.740905182438,57565,575.65
1619,601.825441520148,54039,540.39
1620,601.90997800763,57233,572.33
1621,601.994514645128,61707,617.07
1622,602.079051432889,63171,631.71
1623,602.163588371157,60695,606.95
1624,602.248125460177,60540,605.4
1625,602.332662700195,59325,593.25
1626,602.417200091456,59802,598.02
1627,602.501737634204,58368,583.68
1628,602.586275328686,54706,547.06
1629,602.670813175145,52517,525.17
1630,602.755351173828,63260,632.6
1631,602.839889324979,66085,660.85
1632,602.924427628843,62967,629.67
1633,603.008966085667,63649,636.49
1634,603.093504695693,60461,604.61
1635,603.178043459169,55667,556.67
1636,603.262582376339,58147,581.47
1637,603.347121447448,61030,610.3
1638,603.431660672741,59231,592.31
1639,603.516200052464,55593,555.93
1640,603.600739586861,52765,527.65
1641,603.685279276178,51403,514.03
1642,603.769819120659,51696,516.96
1643,603.854359120551,51288,512.88
1644,603.938899276098,55196,551.96
1645,604.023439587545,60248,602.48
1646,604.107980055137,58604,586.04
1647,604.19252067912,58677,586.77
1648,604.277061459738,60847,608.47
1649,604.361602397237,58076,580.76
1650,604.446143491862,54120,541.2
1651,604.530684743859,70969,709.69
1652,604.615226153471,88426,884.26
1653,604.699767720944,84989,849.89
1654,604.784309446525,72864,728.64
1655,604.868851330456,66992,669.92
1656,604.953393372984,70605,706.05
1657,605.037935574354,74878,748.78
1658,605.122477934812,69108,691.08
1659,605.207020454601,87269,872.69
1660,605.291563133967,89649,896.49
1661,605.376105973156,73953,739.53
1662,605.460648972412,64007,640.07
1663,605.545192131981,57006,570.06
1664,605.629735452108,53060,530.6
1665,605.714278933038,50726,507.26
1666,605.798822575015,58499,584.99
1667,605.883366378286,60954,609.54
1668,605.967910343095,55484,554.84
1669,606.052454469688,51865,518.65
1670,606.136998758309,50782,507.82
1671,606.221543209204,54594,545.94
1672,606.306087822618,55260,552.6
1673,606.390632598795,52449,524.49
1674,606.475177537982,54421,544.21
1675,606.559722640423,58631,586.31
1676,606.644267906364,60664,606.64
1677,606.728813336049,61724,617.24
1678,606.813358929724,58551,585.51
1679,606.897904687633,53940,539.4
1680,606.982450610022,51340,513.4
1681,607.066996697137,49699,496.99
1682,607.151542949221,52589,525.89
1683,607.236089366521,57146,571.46
1684,607.320635949282,55748,557.48
1685,607.405182697748,52211,522.11
1686,607.489729612165,55061,550.61
1687,607.574276692777,55274,552.74
1688,607.658823939831,51856,518.56
1689,607.74337135357,53670,536.7
1690,607.827918934241,57396,573.96
1691,607.912466682089,55554,555.54
1692,607.997014597358,51793,517.93
1693,608.081562680293,62628,626.28
1694,608.16611093114,65196,651.96
1695,608.250659350145,62264,622.64
1696,608.335207937551,62391,623.91
1697,608.419756693605,61158,611.58
1698,608.504305618551,57288,572.88
1699,608.588854712634,57288,572.88
1700,608.6734039761,55980,559.8
1701,608.757953409194,65122,651.22
1702,608.84250301216,71800,718
1703,608.927052785245,65281,652.81
1704,609.011602728693,58586,585.86
1705,609.096152842749,54256,542.56
1706,609.180703127658,50985,509.85
1707,609.265253583666,48756,487.56
1708,609.349804211018,48542,485.42
1709,609.434355009958,52419,524.19
1710,609.518905980733,52630,526.3
1711,609.603457123586,58431,584.31
1712,609.688008438764,98265,982.65
1713,609.772559926511,103673,1036.73
1714,609.857111587073,79757,797.57
1715,609.941663420694,65501,655.01
1716,610.02621542762,57266,572.66
1717,610.110767608096,57640,576.4
1718,610.195319962366,56199,561.99
1719,610.279872490677,51827,518.27
1720,610.364425193274,48933,489.33
1721,610.4489780704,47619,476.19
1722,610.533531122303,47419,474.19
1723,610.618084349226,48596,485.96
1724,610.702637751414,52744,527.44
1725,610.787191329114,56693,566.93
1726,610.87174508257,54706,547.06
1727,610.956299012027,58776,587.76
1728,611.04085311773,59023,590.23
1729,611.125407399925,53995,539.95
1730,611.209961858857,50756,507.56
1731,611.29451649477,77789,777.89
1732,611.37907130791,94541,945.41
1733,611.463626298523,80838,808.38
1734,611.548181466852,70236,702.36
1735,611.632736813144,71085,710.85
1736,611.717292337643,66929,669.29
1737,611.801848040595,58614,586.14
1738,611.886403922244,53897,538.97
1739,611.970959982837,55007,550.07
1740,612.055516222617,57155,571.55
1741,612.14007264183,59489,594.89
1742,612.224629240722,61152,611.52
1743,612.309186019537,58920,589.2
1744,612.39374297852,71915,719.15
1745,612.478300117917,74823,748.23
1746,612.562857437973,84881,848.81
1747,612.647414938933,87144,871.44
1748,612.731972621042,72336,723.36
1749,612.816530484545,60710,607.1
1750,612.901088529688,75147,751.47
1751,612.985646756714,77148,771.48
1752,613.070205165871,67782,677.82
1753,613.154763757402,60780,607.8
1754,613.239322531553,54333,543.33
1755,613.323881488569,54767,547.67
1756,613.408440628695,53593,535.93
1757,613.492999952176,49987,499.87
1758,613.577559459258,52351,523.51
1759,613.662119150185,56205,562.05
1760,613.746679025203,53889,538.89
1761,613.831239084557,49929,499.29
1762,613.915799328492,51984,519.84
1763,614.000359757252,52004,520.04
1764,614.084920371084,49637,496.37
1765,614.169481170232,48345,483.45
1766,614.254042154942,48300,483
1767,614.338603325458,47604,476.04
1768,614.423164682026,51093,510.93
1769,614.507726224891,55738,557.38
1770,614.592287954298,53717,537.17
1771,614.676849870492,72039,720.39
1772,614.761411973718,76056,760.56
1773,614.845974264222,62624,626.24
1774,614.930536742248,55496,554.96
1775,615.015099408042,55721,557.21
1776,615.099662261849,54232,542.32
1777,615.184225303914,50378,503.78
1778,615.268788534481,52523,525.23
1779,615.353351953797,52167,521.67
1780,615.437915562106,57102,571.02
1781,615.522479359654,58295,582.95
1782,615.607043346685,52857,528.57
1783,615.691607523446,69989,699.89
1784,615.776171890179,73600,736
1785,615.860736447132,61118,611.18
1786,615.94530119455,54077,540.77
1787,616.029866132676,54033,540.33
1788,616.114431261757,53075,530.75
1789,616.198996582037,54031,540.31
1790,616.283562093762,56422,564.22
1791,616.368127797177,57659,576.59
1792,616.452693692527,54516,545.16
1793,616.537259780057,49907,499.07
1794,616.621826060012,51826,518.26
1795,616.706392532638,56087,560.87
1796,616.790959198179,54156,541.56
1797,616.87552605688,49655,496.55
1798,616.960093108988,73712,737.12
1799,617.044660354746,80246,802.46
1800,617.1292277944,76186,761.86
1801,617.213795428195,80861,808.61
1802,617.298363256377,73371,733.71
1803,617.38293127919,61095,610.95
1804,617.46749949688,53489,534.89
1805,617.552067909691,49136,491.36
1806,617.63663651787,46470,464.7
1807,617.72120532166,532956,5329.56
1808,617.805774321307,677863,6778.63
1809,617.890343517057,416208,4162.08
1810,617.974912909154,256918,2569.18
1811,618.059482497843,165213,1652.13
1812,618.14405228337,113500,1135
1813,618.22862226598,83556,835.56
1814,618.313192445918,65631,656.31
1815,618.397762823429,73744,737.44
1816,618.482333398757,77787,777.87
1817,618.56690417215,66521,665.21
1818,618.65147514385,61019,610.19
1819,618.736046314105,56436,564.36
1820,618.820617683158,50933,509.33
1821,618.905189251254,48253,482.53
1822,618.98976101864,47375,473.75
1823,619.07433298556,45994,459.94
1824,619.158905152259,50696,506.96
1825,619.243477518983,78660,786.6
1826,619.328050085976,82499,824.99
1827,619.412622853484,70286,702.86
1828,619.497195821751,65855,658.55
1829,619.581768991023,68828,688.28
1830,619.666342361546,64366,643.66
1831,619.750915933564,55360,553.6
1832,619.835489707321,50370,503.7
1833,619.920063683065,56017,560.17
1834,620.004637861039,60145,601.45
1835,620.089212241489,54999,549.99
1836,620.173786824659,49433,494.33
1837,620.258361610796,48021,480.21
1838,620.342936600144,46777,467.77
1839,620.427511792947,45579,455.79
1840,620.512087189453,52532,525.32
1841,620.596662789905,86943,869.43
1842,620.681238594548,103604,1036.04
1843,620.765814603629,87038,870.38
1844,620.850390817391,68839,688.39
1845,620.93496723608,61628,616.28
1846,621.019543859942,64853,648.53
1847,621.104120689221,62074,620.74
1848,621.188697724162,56702,567.02
1849,621.273274965011,52444,524.44
1850,621.357852412012,47907,479.07
1851,621.442430065412,46867,468.67
1852,621.527007925454,45636,456.36
1853,621.611585992385,47620,476.2
1854,621.696164266449,49065,490.65
1855,621.780742747892,46662,466.62
1856,621.865321436958,44387,443.87
1857,621.949900333892,43881,438.81
1858,622.03447943894,47053,470.53
1859,622.119058752348,47700,477
1860,622.203638274359,45280,452.8
1861,622.28821800522,48732,487.32
1862,622.372797945175,49534,495.34
1863,622.457378094469,46963,469.63
1864,622.541958453348,45011,450.11
1865,622.626539022057,45295,452.95
1866,622.711119800841,45469,454.69
1867,622.795700789945,44300,443
1868,622.880281989613,58959,589.59
1869,622.964863400093,62333,623.33
1870,623.049445021627,52950,529.5
1871,623.134026854462,48166,481.66
1872,623.218608898843,45272,452.72
1873,623.303191155015,47974,479.74
1874,623.387773623222,49597,495.97
1875,623.472356303711,51370,513.7
1876,623.556939196726,54256,542.56
1877,623.641522302512,51732,517.32
1878,623.726105621315,47161,471.61
1879,623.810689153379,48387,483.87
1880,623.89527289895,47914,479.14
1881,623.979856858273,49281,492.81
1882,624.064441031593,55967,559.67
1883,624.149025419156,58847,588.47
1884,624.233610021205,61939,619.39
1885,624.318194837987,62408,624.08
1886,624.402779869747,60006,600.06
1887,624.487365116729,61907,619.07
1888,624.571950579179,61889,618.89
1889,624.656536257342,55481,554.81
1890,624.741122151463,48871,488.71
1891,624.825708261788,48642,486.42
1892,624.91029458856,55936,559.36
1893,624.994881132027,54878,548.78
1894,625.079467892432,52333,523.33
1895,625.16405487002,49856,498.56
1896,625.248642065038,46046,460.46
1897,625.33322947773,85897,858.97
1898,625.41781710834,100437,1004.37
1899,625.502404957115,231824,2318.24
1900,625.5869930243,263733,2637.33
1901,625.671581310139,173347,1733.47
1902,625.756169814878,707813,7078.13
1903,625.840758538762,844480,8444.8
1904,625.925347482035,505581,5055.81
1905,626.009936644944,318667,3186.67
1906,626.094526027733,207881,2078.81
1907,626.179115630648,136224,1362.24
1908,626.263705453933,95986,959.86
1909,626.348295497833,76223,762.23
1910,626.432885762595,63012,630.12
1911,626.517476248462,54102,541.02
1912,626.60206695568,66294,662.94
1913,626.686657884495,67068,670.68
1914,626.771249035151,55295,552.95
1915,626.855840407893,56575,565.75
1916,626.940432002967,54423,544.23
1917,627.025023820618,53965,539.65
1918,627.10961586109,71334,713.34
1919,627.19420812463,70690,706.9
1920,627.278800611482,70639,706.39
1921,627.363393321891,70021,700.21
1922,627.447986256102,101706,1017.06
1923,627.532579414361,105068,1050.68
1924,627.617172796912,78060,780.6
1925,627.701766404002,61437,614.37
1926,627.786360235874,51672,516.72
1927,627.870954292774,50660,506.6
1928,627.955548574948,48485,484.85
1929,628.04014308264,61979,619.79
1930,628.124737816095,64554,645.54
1931,628.209332775559,57419,574.19
1932,628.293927961276,52081,520.81
1933,628.378523373493,45706,457.06
1934,628.463119012454,41899,418.99
1935,628.547714878403,40652,406.52
1936,628.632310971587,45016,450.16
1937,628.716907292251,49726,497.26
1938,628.801503840639,51849,518.49
1939,628.886100616996,48853,488.53
1940,628.970697621569,44286,442.86
1941,629.055294854601,42018,420.18
1942,629.139892316339,44858,448.58
1943,629.224490007026,48624,486.24
1944,629.309087926909,46921,469.21
1945,629.393686076233,47098,470.98
1946,629.478284455242,45847,458.47
1947,629.562883064182,42068,420.68
1948,629.647481903298,40107,401.07
1949,629.732080972835,39277,392.77
1950,629.816680273037,42595,425.95
1951,629.901279804152,43073,430.73
1952,629.985879566422,44679,446.79
1953,630.070479560095,48877,488.77
1954,630.155079785414,50396,503.96
1955,630.239680242624,46837,468.37
1956,630.324280931972,42308,423.08
1957,630.408881853702,49930,499.3
1958,630.493483008059,54149,541.49
1959,630.578084395288,48832,488.32
1960,630.662686015635,43877,438.77
1961,630.747287869345,47897,478.97
1962,630.831889956662,48493,484.93
1963,630.916492277832,44118,441.18
1964,631.001094833101,41049,410.49
1965,631.085697622712,39462,394.62
1966,631.170300646912,42820,428.2
1967,631.254903905945,43643,436.43
1968,631.339507400056,49228,492.28
1969,631.424111129492,52688,526.88
1970,631.508715094496,57185,571.85
1971,631.593319295314,68452,684.52
1972,631.677923732192,67962,679.62
1973,631.762528405373,60770,607.7
1974,631.847133315104,55993,559.93
1975,631.93173846163,49746,497.46
1976,632.016343845195,47855,478.55
1977,632.100949466045,45352,453.52
1978,632.185555324425,41105,411.05
1979,632.270161420579,38774,387.74
1980,632.354767754754,38105,381.05
1981,632.439374327195,41157,411.57
1982,632.523981138146,41278,412.78
1983,632.608588187852,38544,385.44
1984,632.693195476559,39108,391.08
1985,632.777803004512,39327,393.27
1986,632.862410771956,39202,392.02
1987,632.947018779136,39641,396.41
1988,633.031627026297,39738,397.38
1989,633.116235513685,43094,430.94
1990,633.200844241544,51481,514.81
1991,633.28545321012,50709,507.09
1992,633.370062419658,44183,441.83
1993,633.454671870403,40822,408.22
1994,633.539281562599,38922,389.22
1995,633.623891496493,37830,378.3
1996,633.708501672329,37268,372.68
1997,633.793112090353,40695,406.95
1998,633.877722750809,41185,411.85
1999,633.962333653943,38500,385
2000,634.0469448,36580,365.8
2001,634.131556189225,35636,356.36
2002,634.216167821863,39091,390.91
2003,634.300779698159,39925,399.25
2004,634.385391818359,37799,377.99
2005,634.470004182707,36894,368.94
2006,634.554616791449,35859,358.59
2007,634.639229644829,39060,390.6
2008,634.723842743094,60004,600.04
2009,634.808456086488,67526,675.26
2010,634.893069675256,56401,564.01
2011,634.977683509643,50940,509.4
2012,635.062297589895,51246,512.46
2013,635.146911916256,51091,510.91
2014,635.231526488972,46701,467.01
2015,635.316141308288,260109,2601.09
2016,635.400756374449,318172,3181.72
2017,635.4853716877,206894,2068.94
2018,635.569987248286,142341,1423.41
2019,635.654603056453,98872,988.72
2020,635.739219112446,72213,722.13
2021,635.823835416509,57570,575.7
2022,635.908451968888,57068,570.68
2023,635.993068769827,78643,786.43
2024,636.077685819573,77610,776.1
2025,636.16230311837,86071,860.71
2026,636.246920666464,82529,825.29
2027,636.331538464099,213019,2130.19
2028,636.41615651152,243010,2430.1
2029,636.500774808974,155249,1552.49
2030,636.585393356704,103233,1032.33
2031,636.670012154956,102898,1028.98
2032,636.754631203976,98512,985.12
2033,636.839250504007,74378,743.78
2034,636.923870055296,57030,570.3
2035,637.008489858088,50092,500.92
2036,637.093109912628,46147,461.47
2037,637.17773021916,41482,414.82
2038,637.26235077793,38227,382.27
2039,637.346971589183,47905,479.05
2040,637.431592653165,54814,548.14
2041,637.51621397012,49552,495.52
2042,637.600835540293,45830,458.3
2043,637.68545736393,45927,459.27
2044,637.770079441276,46937,469.37
2045,637.854701772576,43649,436.49
2046,637.939324358074,39411,394.11
2047,638.023947198017,36969,369.69
