Scan Date:,2025-05-24 15:40:40Z
Integration Time:,1000
Number of Averages:,100

Pixel Number,Wavelength (nm),Sum Spectrum,Averaged Spectrum
0,464.9839,48831,488.31
1,465.068515076491,48323,483.23
2,465.153129906126,48619,486.19
3,465.237744489151,48592,485.92
4,465.322358825812,48404,484.04
5,465.406972916352,48283,482.83
6,465.491586761018,48274,482.74
7,465.576200360054,48470,484.7
8,465.660813713705,48594,485.94
9,465.745426822218,48783,487.83
10,465.830039685836,49096,490.96
11,465.914652304805,49248,492.48
12,465.99926467937,49292,492.92
13,466.083876809776,48971,489.71
14,466.168488696269,48806,488.06
15,466.253100339093,194854,1948.54
16,466.337711738494,236515,2365.15
17,466.422322894716,159378,1593.78
18,466.506933808006,113783,1137.83
19,466.591544478607,87746,877.46
20,466.676154906766,72653,726.53
21,466.760765092726,63658,636.58
22,466.845375036735,61937,619.37
23,466.929984739036,60794,607.94
24,467.014594199874,58098,580.98
25,467.099203419495,56121,561.21
26,467.183812398145,54430,544.3
27,467.268421136067,53684,536.84
28,467.353029633508,84478,844.78
29,467.437637890711,95051,950.51
30,467.522245907924,82512,825.12
31,467.60685368539,72192,721.92
32,467.691461223355,63323,633.23
33,467.776068522063,58764,587.64
34,467.860675581761,56148,561.48
35,467.945282402693,59331,593.31
36,468.029888985104,66334,663.34
37,468.11449532924,65166,651.66
38,468.199101435345,62997,629.97
39,468.283707303665,60411,604.11
40,468.368312934445,56706,567.06
41,468.45291832793,57843,578.43
42,468.537523484364,60738,607.38
43,468.622128403994,85035,850.35
44,468.706733087065,96170,961.7
45,468.791337533821,82568,825.68
46,468.875941744507,69444,694.44
47,468.96054571937,62659,626.59
48,469.045149458653,58924,589.24
49,469.129752962602,56208,562.08
50,469.214356231462,54313,543.13
51,469.298959265479,53481,534.81
52,469.383562064897,53177,531.77
53,469.468164629962,52800,528
54,469.552766960919,55671,556.71
55,469.637369058012,60341,603.41
56,469.721970921487,59769,597.69
57,469.80657255159,57512,575.12
58,469.891173948565,59295,592.95
59,469.975775112657,58507,585.07
60,470.060376044111,55598,555.98
61,470.144976743173,54193,541.93
62,470.229577210088,56949,569.49
63,470.314177445101,57754,577.54
64,470.398777448457,59381,593.81
65,470.483377220402,83729,837.29
66,470.567976761179,91250,912.5
67,470.652576071035,79380,793.8
68,470.737175150215,69203,692.03
69,470.821773998963,62151,621.51
70,470.906372617525,61457,614.57
71,470.990971006146,59910,599.1
72,471.075569165072,91884,918.84
73,471.160167094546,100226,1002.26
74,471.244764794815,84357,843.57
75,471.329362266123,73241,732.41
76,471.413959508717,67813,678.13
77,471.498556522839,70587,705.87
78,471.583153308737,71244,712.44
79,471.667749866655,68025,680.25
80,471.752346196838,66960,669.6
81,471.836942299532,66901,669.01
82,471.921538174981,71036,710.36
83,472.00613382343,68725,687.25
84,472.090729245126,61934,619.34
85,472.175324440312,57700,577
86,472.259919409234,58591,585.91
87,472.344514152137,58199,581.99
88,472.429108669267,55425,554.25
89,472.513702960868,55232,552.32
90,472.598297027185,56889,568.89
91,472.682890868465,56285,562.85
92,472.767484484951,54173,541.73
93,472.852077876889,52693,526.93
94,472.936671044524,55619,556.19
95,473.021263988101,56468,564.68
96,473.105856707865,55265,552.65
97,473.190449204062,60668,606.68
98,473.275041476937,77137,771.37
99,473.359633526735,84228,842.28
100,473.4442253537,75303,753.03
101,473.528816958078,68869,688.69
102,473.613408340115,67183,671.83
103,473.697999500055,62939,629.39
104,473.782590438143,58549,585.49
105,473.867181154625,56633,566.33
106,473.951771649745,59567,595.67
107,474.03636192375,59220,592.2
108,474.120951976883,56468,564.68
109,474.20554180939,55179,551.79
110,474.290131421517,54039,540.39
111,474.374720813508,57312,573.12
112,474.459309985608,57695,576.95
113,474.543898938063,55220,552.2
114,474.628487671118,54282,542.82
115,474.713076185018,53831,538.31
116,474.797664480008,57293,572.93
117,474.882252556332,89518,895.18
118,474.966840414238,99007,990.07
119,475.051428053968,117779,1177.79
120,475.13601547577,115469,1154.69
121,475.220602679887,88778,887.78
122,475.305189666564,72756,727.56
123,475.389776436048,63746,637.46
124,475.474362988583,58713,587.13
125,475.558949324414,55524,555.24
126,475.643535443787,53998,539.98
127,475.728121346946,53361,533.61
128,475.812707034136,52891,528.91
129,475.897292505604,77415,774.15
130,475.981877761593,88935,889.35
131,476.066462802349,80133,801.33
132,476.151047628118,73426,734.26
133,476.235632239144,66100,661
134,476.320216635672,59711,597.11
135,476.404800817948,59974,599.74
136,476.489384786216,59463,594.63
137,476.573968540723,61323,613.23
138,476.658552081712,82078,820.78
139,476.74313540943,84888,848.88
140,476.827718524121,72070,720.7
141,476.91230142603,63623,636.23
142,476.996884115403,62217,622.17
143,477.081466592484,60557,605.57
144,477.166048857519,56658,566.58
145,477.250630910753,58454,584.54
146,477.335212752432,58487,584.87
147,477.419794382799,55962,559.62
148,477.504375802101,57807,578.07
149,477.588957010582,58687,586.87
150,477.673538008487,56633,566.33
151,477.758118796063,101411,1014.11
152,477.842699373553,113345,1133.45
153,477.927279741204,87793,877.93
154,478.011859899259,72335,723.35
155,478.096439847965,63119,631.19
156,478.181019587566,58575,585.75
157,478.265599118308,56738,567.38
158,478.350178440435,55029,550.29
159,478.434757554193,53755,537.55
160,478.519336459827,66236,662.36
161,478.603915157582,69379,693.79
162,478.688493647704,61776,617.76
163,478.773071930436,123146,1231.46
164,478.857650006026,139385,1393.85
165,478.942227874716,104051,1040.51
166,479.026805536754,96073,960.73
167,479.111382992383,89591,895.91
168,479.19596024185,78800,788
169,479.280537285398,69860,698.6
170,479.365114123274,62170,621.7
171,479.449690755722,57302,573.02
172,479.534267182988,54490,544.9
173,479.618843405317,53284,532.84
174,479.703419422953,56649,566.49
175,479.787995236142,61416,614.16
176,479.87257084513,60297,602.97
177,479.95714625016,57038,570.38
178,480.041721451479,54774,547.74
179,480.126296449331,53809,538.09
180,480.210871243962,56543,565.43
181,480.295445835617,57079,570.79
182,480.380020224541,58451,584.51
183,480.464594410979,57952,579.52
184,480.549168395175,58890,588.9
185,480.633742177377,58682,586.82
186,480.718315757827,55836,558.36
187,480.802889136772,54028,540.28
188,480.887462314457,53085,530.85
189,480.972035291127,52450,524.5
190,481.056608067026,56221,562.21
191,481.141180642401,70398,703.98
192,481.225753017496,71688,716.88
193,481.310325192556,63060,630.6
194,481.394897167827,61284,612.84
195,481.479468943554,60032,600.32
196,481.564040519981,57116,571.16
197,481.648611897354,54952,549.52
198,481.733183075918,53315,533.15
199,481.817754055918,56184,561.84
200,481.9023248376,56649,566.49
201,481.986895421208,57749,577.49
202,482.071465806988,94348,943.48
203,482.156035995184,102147,1021.47
204,482.240605986042,84330,843.3
205,482.325175779807,72714,727.14
206,482.409745376725,64080,640.8
207,482.494314777039,58943,589.43
208,482.578883980996,56156,561.56
209,482.663452988841,54851,548.51
210,482.748021800818,53698,536.98
211,482.832590417173,53253,532.53
212,482.91715883815,56792,567.92
213,483.001727063996,60382,603.82
214,483.086295094955,59216,592.16
215,483.170862931273,56536,565.36
216,483.255430573193,55519,555.19
217,483.339998020963,58059,580.59
218,483.424565274826,58508,585.08
219,483.509132335028,56153,561.53
220,483.593699201814,54414,544.14
221,483.678265875429,56613,566.13
222,483.762832356118,56827,568.27
223,483.847398644127,54348,543.48
224,483.9319647397,56717,567.17
225,484.016530643083,69383,693.83
226,484.101096354521,71041,710.41
227,484.185661874258,64132,641.32
228,484.270227202541,59226,592.26
229,484.354792339614,56219,562.19
230,484.439357285722,54988,549.88
231,484.523922041111,57520,575.2
232,484.608486606025,61020,610.2
233,484.69305098071,59930,599.3
234,484.777615165411,58638,586.38
235,484.862179160373,60637,606.37
236,484.946742965841,59352,593.52
237,485.03130658206,58928,589.28
238,485.115870009276,61755,617.55
239,485.200433247733,60095,600.95
240,485.284996297677,56682,566.82
241,485.369559159353,81241,812.41
242,485.454121833005,90719,907.19
243,485.53868431888,76672,766.72
244,485.623246617222,67450,674.5
245,485.707808728276,61749,617.49
246,485.792370652288,57277,572.77
247,485.876932389502,58065,580.65
248,485.961493940164,57756,577.56
249,486.046055304519,55102,551.02
250,486.130616482813,54517,545.17
251,486.215177475289,54512,545.12
252,486.299738282193,60899,608.99
253,486.384298903771,62525,625.25
254,486.468859340268,58193,581.93
255,486.553419591928,55207,552.07
256,486.637979658997,54171,541.71
257,486.722539541719,53375,533.75
258,486.807099240341,55553,555.53
259,486.891658755108,56078,560.78
260,486.976218086263,54044,540.44
261,487.060777234053,53062,530.62
262,487.145336198723,52469,524.69
263,487.229894980517,51835,518.35
264,487.314453579682,52022,520.22
265,487.399011996461,52334,523.34
266,487.483570231101,52226,522.26
267,487.568128283845,51938,519.38
268,487.652686154941,51532,515.32
269,487.737243844632,51619,516.19
270,487.821801353163,56576,565.76
271,487.906358680781,57663,576.63
272,487.990915827729,55121,551.21
273,488.075472794253,53870,538.7
274,488.160029580599,58184,581.84
275,488.244586187011,59463,594.63
276,488.329142613735,57002,570.02
277,488.413698861015,62333,623.33
278,488.498254929097,63243,632.43
279,488.582810818225,62646,626.46
280,488.667366528646,62169,621.69
281,488.751922060605,58551,585.51
282,488.836477414345,56081,560.81
283,488.921032590113,55106,551.06
284,489.005587588153,56092,560.92
285,489.090142408711,86559,865.59
286,489.174697052032,96886,968.86
287,489.259251518361,83757,837.57
288,489.343805807943,72557,725.57
289,489.428359921024,63342,633.42
290,489.512913857847,58289,582.89
291,489.597467618659,55988,559.88
292,489.682021203705,67323,673.23
293,489.76657461323,69810,698.1
294,489.851127847479,61827,618.27
295,489.935680906696,59385,593.85
296,490.020233791128,57447,574.47
297,490.104786501019,54800,548
298,490.189339036615,57047,570.47
299,490.27389139816,57290,572.9
300,490.3584435859,54693,546.93
301,490.44299560008,52930,529.3
302,490.527547440945,51902,519.02
303,490.612099108739,51440,514.4
304,490.69665060371,51431,514.31
305,490.7812019261,51678,516.78
306,490.865753076156,55214,552.14
307,490.950304054123,56678,566.78
308,491.034854860246,54848,548.48
309,491.119405494769,53630,536.3
310,491.203955957939,53112,531.12
311,491.288506249999,53082,530.82
312,491.373056371197,52553,525.53
313,491.457606321775,56091,560.91
314,491.54215610198,58201,582.01
315,491.626705712057,56168,561.68
316,491.711255152251,54260,542.6
317,491.795804422807,53164,531.64
318,491.88035352397,52271,522.71
319,491.964902455985,52337,523.37
320,492.049451219098,56148,561.48
321,492.133999813553,56704,567.04
322,492.218548239596,54564,545.64
323,492.303096497471,56299,562.99
324,492.387644587425,58945,589.45
325,492.472192509702,61007,610.07
326,492.556740264546,67998,679.98
327,492.641287852205,67133,671.33
328,492.725835272921,60361,603.61
329,492.810382526942,57713,577.13
330,492.894929614511,67256,672.56
331,492.979476535874,68722,687.22
332,493.064023291276,61827,618.27
333,493.148569880962,59950,599.5
334,493.233116305178,57982,579.82
335,493.317662564167,55070,550.7
336,493.402208658177,54609,546.09
337,493.486754587451,53931,539.31
338,493.571300352235,52548,525.48
339,493.655845952774,51847,518.47
340,493.740391389313,55539,555.39
341,493.824936662097,56338,563.38
342,493.909481771372,56831,568.31
343,493.994026717382,56095,560.95
344,494.078571500372,53800,538
345,494.163116120589,53042,530.42
346,494.247660578276,52820,528.2
347,494.33220487368,82824,828.24
348,494.416749007044,91401,914.01
349,494.501292978615,75336,753.36
350,494.585836788637,65142,651.42
351,494.670380437356,59384,593.84
352,494.754923925017,56495,564.95
353,494.839467251864,58578,585.78
354,494.924010418144,58060,580.6
355,495.0085534241,55122,551.22
356,495.093096269979,69755,697.55
357,495.177638956025,73417,734.17
358,495.262181482484,67735,677.35
359,495.3467238496,66121,661.21
360,495.431266057619,61472,614.72
361,495.515808106786,61005,610.05
362,495.600349997346,59991,599.91
363,495.684891729544,56761,567.61
364,495.769433303626,56262,562.62
365,495.853974719836,55133,551.33
366,495.938515978419,53178,531.78
367,496.023057079622,52373,523.73
368,496.107598023688,52475,524.75
369,496.192138810863,56097,560.97
370,496.276679441392,56563,565.63
371,496.361219915521,56077,560.77
372,496.445760233493,88222,882.22
373,496.530300395556,96294,962.94
374,496.614840401953,77890,778.9
375,496.69938025293,72551,725.51
376,496.783919948731,68097,680.97
377,496.868459489603,64824,648.24
378,496.95299887579,61814,618.14
379,497.037538107538,65444,654.44
380,497.12207718509,65116,651.16
381,497.206616108694,63036,630.36
382,497.291154878593,60720,607.2
383,497.375693495033,57198,571.98
384,497.460231958259,54914,549.14
385,497.544770268516,53756,537.56
386,497.629308426049,53627,536.27
387,497.713846431104,53004,530.04
388,497.798384283926,55512,555.12
389,497.882921984759,56229,562.29
390,497.967459533848,54432,544.32
391,498.05199693144,56758,567.58
392,498.136534177779,60934,609.34
393,498.22107127311,60061,600.61
394,498.305608217678,56926,569.26
395,498.390145011729,54920,549.2
396,498.474681655507,53425,534.25
397,498.559218149259,52774,527.74
398,498.643754493228,52844,528.44
399,498.72829068766,52646,526.46
400,498.8128267328,52191,521.91
401,498.897362628894,52079,520.79
402,498.981898376185,52152,521.52
403,499.066433974921,52409,524.09
404,499.150969425345,56328,563.28
405,499.235504727703,72499,724.99
406,499.32003988224,74421,744.21
407,499.404574889201,67879,678.79
408,499.489109748831,63929,639.29
409,499.573644461376,59222,592.22
410,499.65817902708,55969,559.69
411,499.742713446188,54316,543.16
412,499.827247718947,53537,535.37
413,499.9117818456,53114,531.14
414,499.996315826393,52545,525.45
415,500.080849661572,52138,521.38
416,500.165383351381,52237,522.37
417,500.249916896065,52098,520.98
418,500.33445029587,52386,523.86
419,500.41898355104,71718,717.18
420,500.503516661822,76825,768.25
421,500.588049628459,65955,659.55
422,500.672582451197,60455,604.55
423,500.757115130282,57408,574.08
424,500.841647665958,55299,552.99
425,500.92618005847,53879,538.79
426,501.010712308064,79762,797.62
427,501.095244414985,89843,898.43
428,501.179776379478,79875,798.75
429,501.264308201788,70591,705.91
430,501.34883988216,66695,666.95
431,501.433371420839,62947,629.47
432,501.517902818071,57570,575.7
433,501.6024340741,58597,585.97
434,501.686965189172,61019,610.19
435,501.771496163532,58961,589.61
436,501.856026997425,55663,556.63
437,501.940557691096,53521,535.21
438,502.02508824479,52291,522.91
439,502.109618658753,55846,558.46
440,502.194148933229,56722,567.22
441,502.278679068464,54306,543.06
442,502.363209064702,53328,533.28
443,502.44773892219,52757,527.57
444,502.532268641171,55441,554.41
445,502.616798221892,56200,562
446,502.701327664597,54528,545.28
447,502.785856969531,53578,535.78
448,502.87038613694,56395,563.95
449,502.954915167069,60123,601.23
450,503.039444060163,58455,584.55
451,503.123972816466,55101,551.01
452,503.208501436225,57272,572.72
453,503.293029919684,58244,582.44
454,503.377558267088,59671,596.71
455,503.462086478683,62876,628.76
456,503.546614554714,65663,656.63
457,503.631142495425,62958,629.58
458,503.715670301062,58285,582.85
459,503.800197971871,55339,553.39
460,503.884725508095,53667,536.67
461,503.969252909981,55847,558.47
462,504.053780177773,59851,598.51
463,504.138307311717,59382,593.82
464,504.222834312058,60227,602.27
465,504.307361179041,59895,598.95
466,504.39188791291,60656,606.56
467,504.476414513912,61403,614.03
468,504.560940982291,75852,758.52
469,504.645467318292,77713,777.13
470,504.729993522161,66484,664.84
471,504.814519594143,63076,630.76
472,504.899045534482,62998,629.98
473,504.983571343424,65215,652.15
474,505.068097021215,66314,663.14
475,505.152622568098,65885,658.85
476,505.23714798432,77241,772.41
477,505.321673270126,76820,768.2
478,505.40619842576,66379,663.79
479,505.490723451468,60062,600.62
480,505.575248347494,59663,596.63
481,505.659773114085,58383,583.83
482,505.744297751485,84702,847.02
483,505.828822259939,94900,949
484,505.913346639693,79353,793.53
485,505.997870890991,68048,680.48
486,506.082395014079,61290,612.9
487,506.166919009201,57413,574.13
488,506.251442876604,54893,548.93
489,506.335966616531,56661,566.61
490,506.420490229229,57066,570.66
491,506.505013714942,55291,552.91
492,506.589537073916,54371,543.71
493,506.674060306396,56779,567.79
494,506.758583412626,57621,576.21
495,506.843106392852,55671,556.71
496,506.927629247319,54001,540.01
497,507.012151976272,52454,524.54
498,507.096674579957,55568,555.68
499,507.181197058618,57617,576.17
500,507.2657194125,55697,556.97
501,507.350241641849,83676,836.76
502,507.43476374691,95099,950.99
503,507.519285727928,79828,798.28
504,507.603807585148,67881,678.81
505,507.688329318816,61308,613.08
506,507.772850929175,60820,608.2
507,507.857372416473,62945,629.45
508,507.941893780953,60861,608.61
509,508.02641502286,57523,575.23
510,508.110936142441,55236,552.36
511,508.195457139939,57073,570.73
512,508.279978015601,57207,572.07
513,508.364498769671,55468,554.68
514,508.449019402395,53935,539.35
515,508.533539914017,52618,526.18
516,508.618060304783,55183,551.83
517,508.702580574937,55879,558.79
518,508.787100724726,54386,543.86
519,508.871620754394,55149,551.49
520,508.956140664186,70167,701.67
521,509.040660454347,78044,780.44
522,509.125180125123,86054,860.54
523,509.209699676758,82419,824.19
524,509.294219109499,89289,892.89
525,509.378738423589,87159,871.59
526,509.463257619274,75981,759.81
527,509.5477766968,68345,683.45
528,509.632295656411,61011,610.11
529,509.716814498352,56550,565.5
530,509.801333222869,54135,541.35
531,509.885851830207,52976,529.76
532,509.97037032061,52377,523.77
533,510.054888694324,51971,519.71
534,510.139406951595,55899,558.99
535,510.223925092667,56782,567.82
536,510.308443117785,54434,544.34
537,510.392961027195,53726,537.26
538,510.477478821141,56622,566.22
539,510.56199649987,60375,603.75
540,510.646514063625,63009,630.09
541,510.731031512652,65028,650.28
542,510.815548847197,62194,621.94
543,510.900066067503,58397,583.97
544,510.984583173818,55893,558.93
545,511.069100166384,57215,572.15
546,511.153617045449,56854,568.54
547,511.238133811256,57936,579.36
548,511.322650464052,57668,576.68
549,511.407167004081,54984,549.84
550,511.491683431587,60944,609.44
551,511.576199746818,61927,619.27
552,511.660715950017,60893,608.93
553,511.745232041429,59615,596.15
554,511.829748021301,56511,565.11
555,511.914263889876,54692,546.92
556,511.9987796474,54759,547.59
557,512.083295294119,54286,542.86
558,512.167810830277,54068,540.68
559,512.252326256119,56301,563.01
560,512.336841571891,59252,592.52
561,512.421356777838,73992,739.92
562,512.505871874205,75764,757.64
563,512.590386861236,69606,696.06
564,512.674901739178,64532,645.32
565,512.759416508275,59280,592.8
566,512.843931168773,56165,561.65
567,512.928445720916,57914,579.14
568,513.01296016495,61018,610.18
569,513.097474501119,59248,592.48
570,513.18198872967,56092,560.92
571,513.266502850847,54274,542.74
572,513.351016864895,56945,569.45
573,513.435530772059,57643,576.43
574,513.520044572585,55274,552.74
575,513.604558266717,53744,537.44
576,513.689071854701,59870,598.7
577,513.773585336782,63841,638.41
578,513.858098713206,64610,646.1
579,513.942611984216,65813,658.13
580,514.027125150058,69199,691.99
581,514.111638210978,70466,704.66
582,514.196151167221,65550,655.5
583,514.280664019031,59672,596.72
584,514.365176766654,56374,563.74
585,514.449689410336,57520,575.2
586,514.53420195032,60573,605.73
587,514.618714386852,59162,591.62
588,514.703226720178,55877,558.77
589,514.787738950542,54049,540.49
590,514.87225107819,52889,528.89
591,514.956763103367,52298,522.98
592,515.041275026318,52009,520.09
593,515.125786847287,59471,594.71
594,515.210298566521,61262,612.62
595,515.294810184265,56954,569.54
596,515.379321700762,54868,548.68
597,515.463833116259,54257,542.57
598,515.548344431001,53372,533.72
599,515.632855645233,56198,561.98
600,515.7173667592,56930,569.3
601,515.801877773147,56613,566.13
602,515.886388687319,59218,592.18
603,515.970899501962,58513,585.13
604,516.05541021732,55403,554.03
605,516.139920833639,53617,536.17
606,516.224431351163,52998,529.98
607,516.308941770138,53019,530.19
608,516.39345209081,52458,524.58
609,516.477962313423,51841,518.41
610,516.562472438222,55027,550.27
611,516.646982465452,59509,595.09
612,516.731492395359,64029,640.29
613,516.816002228188,63303,633.03
614,516.900511964184,58899,588.99
615,516.985021603591,62738,627.38
616,517.069531146656,69607,696.07
617,517.154040593623,77576,775.76
618,517.238549944738,74404,744.04
619,517.323059200245,68268,682.68
620,517.40756836039,63922,639.22
621,517.492077425417,59133,591.33
622,517.576586395573,56170,561.7
623,517.661095271101,83526,835.26
624,517.745604052248,90620,906.2
625,517.830112739258,74591,745.91
626,517.914621332376,72531,725.31
627,517.999129831848,69487,694.87
628,518.083638237919,62592,625.92
629,518.168146550834,58409,584.09
630,518.252654770838,55790,557.9
631,518.337162898176,54528,545.28
632,518.421670933093,53431,534.31
633,518.506178875835,52664,526.64
634,518.590686726646,52294,522.94
635,518.675194485772,52873,528.73
636,518.759702153457,56356,563.56
637,518.844209729948,57246,572.46
638,518.928717215489,55129,551.29
639,519.013224610325,57305,573.05
640,519.097731914701,58259,582.59
641,519.182239128863,56539,565.39
642,519.266746253055,55519,555.19
643,519.351253287523,54683,546.83
644,519.435760232512,53713,537.13
645,519.520267088267,53271,532.71
646,519.604773855033,52768,527.68
647,519.689280533056,52311,523.11
648,519.77378712258,52513,525.13
649,519.85829362385,52653,526.53
650,519.942800037113,56117,561.17
651,520.027306362612,57002,570.02
652,520.111812600593,55083,550.83
653,520.196318751301,53709,537.09
654,520.280824814981,52691,526.91
655,520.365330791879,52351,523.51
656,520.449836682239,52879,528.79
657,520.534342486307,53337,533.37
658,520.618848204327,53124,531.24
659,520.703353836546,56242,562.42
660,520.787859383207,56997,569.97
661,520.872364844557,61954,619.54
662,520.95687022084,82270,822.7
663,521.041375512301,83475,834.75
664,521.125880719186,70581,705.81
665,521.21038584174,63070,630.7
666,521.294890880208,71926,719.26
667,521.379395834834,73200,732
668,521.463900705865,67979,679.79
669,521.548405493545,64115,641.15
670,521.632910198119,59719,597.19
671,521.717414819833,57208,572.08
672,521.801919358931,55489,554.89
673,521.88642381566,54587,545.87
674,521.970928190263,57682,576.82
675,522.055432482986,227647,2276.47
676,522.139936694074,272694,2726.94
677,522.224440823773,184146,1841.46
678,522.308944872327,131242,1312.42
679,522.393448839982,98679,986.79
680,522.477952726982,83352,833.52
681,522.562456533574,90590,905.9
682,522.646960260001,86643,866.43
683,522.731463906509,77013,770.13
684,522.815967473344,73622,736.22
685,522.90047096075,67433,674.33
686,522.984974368973,61430,614.3
687,523.069477698257,57837,578.37
688,523.153980948848,56089,560.89
689,523.238484120991,55278,552.78
690,523.322987214931,54747,547.47
691,523.407490230914,57879,578.79
692,523.491993169183,62671,626.71
693,523.576496029985,97577,975.77
694,523.660998813565,104259,1042.59
695,523.745501520167,112800,1128
696,523.830004150038,108330,1083.3
697,523.914506703421,85749,857.49
698,523.999009180562,72748,727.48
699,524.083511581707,64708,647.08
700,524.1680139071,60017,600.17
701,524.252516156987,57518,575.18
702,524.337018331612,56151,561.51
703,524.421520431221,59089,590.89
704,524.506022456059,59985,599.85
705,524.590524406371,57853,578.53
706,524.675026282403,77720,777.2
707,524.759528084398,83414,834.14
708,524.844029812603,71792,717.92
709,524.928531467263,64614,646.14
710,525.013033048623,78383,783.83
711,525.097534556927,81966,819.66
712,525.182035992421,71492,714.92
713,525.266537355351,64724,647.24
714,525.351038645961,61207,612.07
715,525.435539864496,63122,631.22
716,525.520041011202,62716,627.16
717,525.604542086324,60361,603.61
718,525.689043090106,67433,674.33
719,525.773544022794,68476,684.76
720,525.858044884634,67936,679.36
721,525.942545675869,66841,668.41
722,526.027046396746,62762,627.62
723,526.11154704751,60312,603.12
724,526.196047628405,59173,591.73
725,526.280548139677,62555,625.55
726,526.36504858157,63173,631.73
727,526.449548954331,60563,605.63
728,526.534049258204,59664,596.64
729,526.618549493434,62959,629.59
730,526.703049660267,63314,633.14
731,526.787549758947,61197,611.97
732,526.87204978972,62951,629.51
733,526.956549752831,63482,634.82
734,527.041049648525,61698,616.98
735,527.125549477046,60396,603.96
736,527.210049238641,78135,781.35
737,527.294548933555,84962,849.62
738,527.379048562032,75641,756.41
739,527.463548124317,68479,684.79
740,527.548047620657,65657,656.57
741,527.632547051295,64108,641.08
742,527.717046416477,63230,632.3
743,527.801545716449,67963,679.63
744,527.886044951455,69206,692.06
745,527.97054412174,74909,749.09
746,528.05504322755,74727,747.27
747,528.139542269129,68913,689.13
748,528.224041246724,67609,676.09
749,528.308540160578,69051,690.51
750,528.393039010938,68218,682.18
751,528.477537798047,65536,655.36
752,528.562036522152,66694,666.94
753,528.646535183498,70225,702.25
754,528.731033782329,72518,725.18
755,528.815532318891,70318,703.18
756,528.900030793429,67038,670.38
757,528.984529206188,65097,650.97
758,529.069027557414,64000,640
759,529.15352584735,63653,636.53
760,529.238024076243,63360,633.6
761,529.322522244338,63094,630.94
762,529.407020351879,63269,632.69
763,529.491518399112,63636,636.36
764,529.576016386283,63797,637.97
765,529.660514313635,63977,639.77
766,529.745012181415,64035,640.35
767,529.829509989866,64066,640.66
768,529.914007739236,64128,641.28
769,529.998505429768,67762,677.62
770,530.083003061708,69370,693.7
771,530.167500635301,68004,680.04
772,530.251998150792,67013,670.13
773,530.336495608426,67210,672.1
774,530.420993008449,70810,708.1
775,530.505490351105,74758,747.58
776,530.589987636639,76983,769.83
777,530.674484865298,78168,781.68
778,530.758982037325,75837,758.37
779,530.843479152966,72142,721.42
780,530.927976212466,69935,699.35
781,531.012473216071,69298,692.98
782,531.096970164025,119997,1199.97
783,531.181467056574,136902,1369.02
784,531.265963893962,109674,1096.74
785,531.350460676435,91309,913.09
786,531.434957404238,80736,807.36
787,531.519454077616,74177,741.77
788,531.603950696814,71871,718.71
789,531.688447262078,70391,703.91
790,531.772943773652,67694,676.94
791,531.857440231782,64788,647.88
792,531.941936636713,62329,623.29
793,532.026432988689,63952,639.52
794,532.110929287956,63917,639.17
795,532.19542553476,64666,646.66
796,532.279921729345,64109,641.09
797,532.364417871956,61145,611.45
798,532.448913962839,59000,590
799,532.533410002239,57605,576.05
800,532.6179059904,56699,566.99
801,532.702401927568,55734,557.34
802,532.786897813989,55068,550.68
803,532.871393649906,61607,616.07
804,532.955889435567,66945,669.45
805,533.040385171214,63972,639.72
806,533.124880857094,89252,892.52
807,533.209376493452,94766,947.66
808,533.293872080533,77525,775.25
809,533.378367618582,67171,671.71
810,533.462863107844,84325,843.25
811,533.547358548564,87085,870.85
812,533.631853940988,75790,757.9
813,533.71634928536,68751,687.51
814,533.800844581926,73363,733.63
815,533.885339830931,72231,722.31
816,533.96983503262,64472,644.72
817,534.054330187238,59678,596.78
818,534.13882529503,59686,596.86
819,534.223320356242,58810,588.1
820,534.307815371118,55864,558.64
821,534.392310339903,54317,543.17
822,534.476805262844,53519,535.19
823,534.561300140184,52590,525.9
824,534.64579497217,58868,588.68
825,534.730289759045,60689,606.89
826,534.814784501056,60566,605.66
827,534.899279198448,59908,599.08
828,534.983773851465,56869,568.69
829,535.068268460352,57862,578.62
830,535.152763025356,67627,676.27
831,535.23725754672,87171,871.71
832,535.321752024691,87343,873.43
833,535.406246459513,73750,737.5
834,535.490740851431,64550,645.5
835,535.575235200691,59072,590.72
836,535.659729507538,55986,559.86
837,535.744223772216,470333,4703.33
838,535.828717994971,588095,5880.95
839,535.913212176048,363817,3638.17
840,535.997706315693,230666,2306.66
841,536.08220041415,164440,1644.4
842,536.166694471664,123771,1237.71
843,536.251188488481,93796,937.96
844,536.335682464845,76239,762.39
845,536.420176401003,66279,662.79
846,536.504670297198,60338,603.38
847,536.589164153677,56580,565.8
848,536.673657970684,54675,546.75
849,536.758151748464,54893,548.93
850,536.842645487263,54500,545
851,536.927139187325,53357,533.57
852,537.011632848896,56249,562.49
853,537.096126472221,57655,576.55
854,537.180620057546,60258,602.58
855,537.265113605114,63259,632.59
856,537.349607115172,60836,608.36
857,537.434100587964,58270,582.7
858,537.518594023736,56350,563.5
859,537.603087422733,54955,549.55
860,537.687580785199,54406,544.06
861,537.772074111381,57109,571.09
862,537.856567401522,68709,687.09
863,537.941060655869,81172,811.72
864,538.025553874667,77395,773.95
865,538.11004705816,67824,678.24
866,538.194540206593,63058,630.58
867,538.279033320213,62003,620.03
868,538.363526399263,64819,648.19
869,538.44801944399,71605,716.05
870,538.532512454637,79633,796.33
871,538.617005431451,90779,907.79
872,538.701498374677,100034,1000.34
873,538.785991284559,108269,1082.69
874,538.870484161343,116410,1164.1
875,538.954977005273,126435,1264.35
876,539.039469816596,133058,1330.58
877,539.123962595556,136753,1367.53
878,539.208455342398,148132,1481.32
879,539.292948057368,156844,1568.44
880,539.37744074071,154959,1549.59
881,539.46193339267,153822,1538.22
882,539.546426013493,153320,1533.2
883,539.630918603424,152603,1526.03
884,539.715411162708,143966,1439.66
885,539.79990369159,133644,1336.44
886,539.884396190315,123744,1237.44
887,539.968888659129,139971,1399.71
888,540.053381098277,145417,1454.17
889,540.137873508003,126747,1267.47
890,540.222365888553,110416,1104.16
891,540.306858240173,99621,996.21
892,540.391350563106,91707,917.07
893,540.475842857599,92636,926.36
894,540.560335123896,89761,897.61
895,540.644827362243,85373,853.73
896,540.729319572884,83928,839.28
897,540.813811756066,78577,785.77
898,540.898303912032,72049,720.49
899,540.982796041028,67215,672.15
900,541.0672881433,63600,636
901,541.151780219092,61483,614.83
902,541.23627226865,59485,594.85
903,541.320764292218,57466,574.66
904,541.405256290042,56522,565.22
905,541.489748262367,58489,584.89
906,541.574240209438,63441,634.41
907,541.6587321315,63154,631.54
908,541.743224028798,63824,638.24
909,541.827715901578,63506,635.06
910,541.912207750085,61301,613.01
911,541.996699574563,61480,614.8
912,542.081191375258,62876,628.76
913,542.165683152415,68766,687.66
914,542.250174906279,72577,725.77
915,542.334666637096,74395,743.95
916,542.41915834511,78363,783.63
917,542.503650030566,105581,1055.81
918,542.58814169371,121967,1219.67
919,542.672633334787,126872,1268.72
920,542.757124954042,131324,1313.24
921,542.841616551719,135329,1353.29
922,542.926108128065,147337,1473.37
923,543.010599683325,160045,1600.45
924,543.095091217743,172122,1721.22
925,543.179582731564,213025,2130.25
926,543.264074225034,233600,2336
927,543.348565698398,231522,2315.22
928,543.433057151901,235097,2350.97
929,543.517548585789,241347,2413.47
930,543.602040000305,255827,2558.27
931,543.686531395696,269052,2690.52
932,543.771022772206,274056,2740.56
933,543.855514130081,281222,2812.22
934,543.940005469566,290555,2905.55
935,544.024496790906,294604,2946.04
936,544.108988094346,304389,3043.89
937,544.193479380131,312852,3128.52
938,544.277970648506,313999,3139.99
939,544.362461899717,315014,3150.14
940,544.446953134009,322315,3223.15
941,544.531444351626,327029,3270.29
942,544.615935552814,330033,3300.33
943,544.700426737818,334162,3341.62
944,544.784917906884,337014,3370.14
945,544.869409060255,342791,3427.91
946,544.953900198178,346364,3463.64
947,545.038391320898,346602,3466.02
948,545.122882428659,346791,3467.91
949,545.207373521708,346864,3468.64
950,545.291864600288,347515,3475.15
951,545.376355664645,348090,3480.9
952,545.460846715024,381418,3814.18
953,545.545337751671,391082,3910.82
954,545.62982877483,374585,3745.85
955,545.714319784747,368456,3684.56
956,545.798810781666,368548,3685.48
957,545.883301765834,366113,3661.13
958,545.967792737495,366513,3665.13
959,546.052283696893,367403,3674.03
960,546.136774644275,370323,3703.23
961,546.221265579886,371710,3717.1
962,546.30575650397,371060,3710.6
963,546.390247416772,371430,3714.3
964,546.474738318539,371732,3717.32
965,546.559229209514,373416,3734.16
966,546.643720089944,375652,3756.52
967,546.728210960073,377117,3771.17
968,546.812701820146,380895,3808.95
969,546.897192670409,387533,3875.33
970,546.981683511106,388875,3888.75
971,547.066174342483,386589,3865.89
972,547.150665164785,386850,3868.5
973,547.235155978257,390195,3901.95
974,547.319646783145,390129,3901.29
975,547.404137579692,388428,3884.28
976,547.488628368145,387709,3877.09
977,547.573119148749,387840,3878.4
978,547.657609921748,388724,3887.24
979,547.742100687388,393184,3931.84
980,547.826591445914,395458,3954.58
981,547.911082197572,395606,3956.06
982,547.995572942605,397003,3970.03
983,548.08006368126,397733,3977.33
984,548.164554413782,398189,3981.89
985,548.249045140415,399055,3990.55
986,548.333535861404,400332,4003.32
987,548.418026576996,419216,4192.16
988,548.502517287435,425302,4253.02
989,548.587007992966,417090,4170.9
990,548.671498693834,412097,4120.97
991,548.755989390285,414950,4149.5
992,548.840480082563,418767,4187.67
993,548.924970770915,415546,4155.46
994,549.009461455584,411781,4117.81
995,549.093952136815,413183,4131.83
996,549.178442814856,412667,4126.67
997,549.262933489949,410434,4104.34
998,549.347424162341,417651,4176.51
999,549.431914832276,419963,4199.63
1000,549.5164055,415787,4157.87
1001,549.600896165758,415362,4153.62
1002,549.685386829794,415471,4154.71
1003,549.769877492355,414738,4147.38
1004,549.854368153685,415073,4150.73
1005,549.938858814029,434064,4340.64
1006,550.023349473633,442356,4423.56
1007,550.107840132742,437460,4374.6
1008,550.1923307916,431325,4313.25
1009,550.276821450453,424797,4247.97
1010,550.361312109546,421566,4215.66
1011,550.445802769124,423537,4235.37
1012,550.530293429432,424169,4241.69
1013,550.614784090716,421626,4216.26
1014,550.69927475322,419244,4192.44
1015,550.78376541719,417930,4179.3
1016,550.868256082871,417136,4171.36
1017,550.952746750508,417424,4174.24
1018,551.037237420346,420290,4202.9
1019,551.12172809263,421469,4214.69
1020,551.206218767606,420051,4200.51
1021,551.290709445518,419070,4190.7
1022,551.375200126611,418452,4184.52
1023,551.459690811131,422453,4224.53
1024,551.544181499323,423155,4231.55
1025,551.628672191433,421488,4214.88
1026,551.713162887704,420795,4207.95
1027,551.797653588383,419594,4195.94
1028,551.882144293714,419125,4191.25
1029,551.966635003943,419858,4198.58
1030,552.051125719314,424210,4242.1
1031,552.135616440073,430787,4307.87
1032,552.220107166465,429761,4297.61
1033,552.304597898735,427780,4277.8
1034,552.389088637129,425830,4258.3
1035,552.473579381891,444553,4445.53
1036,552.558070133266,448157,4481.57
1037,552.6425608915,435650,4356.5
1038,552.727051656838,427964,4279.64
1039,552.811542429524,448342,4483.42
1040,552.896033209805,451443,4514.43
1041,552.980523997925,439426,4394.26
1042,553.065014794129,431463,4314.63
1043,553.149505598662,423889,4238.89
1044,553.23399641177,418908,4189.08
1045,553.318487233698,419655,4196.55
1046,553.402978064691,432768,4327.68
1047,553.487468904993,444761,4447.61
1048,553.571959754851,438930,4389.3
1049,553.656450614509,427644,4276.44
1050,553.740941484213,420863,4208.63
1051,553.825432364206,423846,4238.46
1052,553.909923254736,423864,4238.64
1053,553.994414156046,425530,4255.3
1054,554.078905068382,423839,4238.39
1055,554.16339599199,418283,4182.83
1056,554.247886927113,415808,4158.08
1057,554.332377873998,437603,4376.03
1058,554.416868832889,441834,4418.34
1059,554.501359804032,427717,4277.17
1060,554.585850787671,420005,4200.05
1061,554.670341784053,414808,4148.08
1062,554.754832793421,411195,4111.95
1063,554.839323816021,408673,4086.73
1064,554.923814852099,406841,4068.41
1065,555.008305901899,405823,4058.23
1066,555.092796965667,411883,4118.83
1067,555.177288043647,412076,4120.76
1068,555.261779136085,433967,4339.67
1069,555.346270243226,438673,4386.73
1070,555.430761365315,425843,4258.43
1071,555.515252502597,420260,4202.6
1072,555.599743655318,414284,4142.84
1073,555.684234823722,407858,4078.58
1074,555.768726008055,407384,4073.84
1075,555.853217208561,408857,4088.57
1076,555.937708425486,405292,4052.92
1077,556.022199659075,425329,4253.29
1078,556.106690909574,429245,4292.45
1079,556.191182177226,418160,4181.6
1080,556.275673462278,410524,4105.24
1081,556.360164764975,406255,4062.55
1082,556.444656085561,407449,4074.49
1083,556.529147424282,404316,4043.16
1084,556.613638781383,398934,3989.34
1085,556.698130157109,394790,3947.9
1086,556.782621551706,395167,3951.67
1087,556.867112965417,394214,3942.14
1088,556.951604398489,396400,3964
1089,557.036095851167,401962,4019.62
1090,557.120587323695,398692,3986.92
1091,557.20507881632,391341,3913.41
1092,557.289570329285,386357,3863.57
1093,557.374061862836,387485,3874.85
1094,557.458553417219,387458,3874.58
1095,557.543044992678,386941,3869.41
1096,557.627536589459,385114,3851.14
1097,557.712028207806,384844,3848.44
1098,557.796519847966,383119,3831.19
1099,557.881011510182,386335,3863.35
1100,557.9655031947,389585,3895.85
1101,558.049994901765,385429,3854.29
1102,558.134486631623,379631,3796.31
1103,558.218978384519,375674,3756.74
1104,558.303470160697,377165,3771.65
1105,558.387961960402,376334,3763.34
1106,558.472453783881,375371,3753.71
1107,558.556945631378,375715,3757.15
1108,558.641437503137,403456,4034.56
1109,558.725929399405,419061,4190.61
1110,558.810421320427,403587,4035.87
1111,558.894913266447,387107,3871.07
1112,558.97940523771,377845,3778.45
1113,559.063897234463,375220,3752.2
1114,559.14838925695,375686,3756.86
1115,559.232881305415,372143,3721.43
1116,559.317373380105,367058,3670.58
1117,559.401865481264,367954,3679.54
1118,559.486357609138,367038,3670.38
1119,559.570849763971,363038,3630.38
1120,559.65534194601,361046,3610.46
1121,559.739834155498,363309,3633.09
1122,559.824326392681,362129,3621.29
1123,559.908818657804,361609,3616.09
1124,559.993310951113,359936,3599.36
1125,560.077803272852,356041,3560.41
1126,560.162295623266,353410,3534.1
1127,560.246788002602,351141,3511.41
1128,560.331280411103,352972,3529.72
1129,560.415772849015,356510,3565.1
1130,560.500265316583,358744,3587.44
1131,560.584757814052,362617,3626.17
1132,560.669250341668,359432,3594.32
1133,560.753742899676,352302,3523.02
1134,560.83823548832,351099,3510.99
1135,560.922728107845,349128,3491.28
1136,561.007220758498,345484,3454.84
1137,561.091713440523,342978,3429.78
1138,561.176206154165,340804,3408.04
1139,561.260698899669,339497,3394.97
1140,561.345191677281,337862,3378.62
1141,561.429684487245,336188,3361.88
1142,561.514177329807,335411,3354.11
1143,561.598670205212,334745,3347.45
1144,561.683163113705,334213,3342.13
1145,561.767656055531,332848,3328.48
1146,561.852149030935,334374,3343.74
1147,561.936642040163,337892,3378.92
1148,562.021135083459,335743,3357.43
1149,562.105628161069,331645,3316.45
1150,562.190121273237,332865,3328.65
1151,562.27461442021,331314,3313.14
1152,562.359107602232,338866,3388.66
1153,562.443600819547,339465,3394.65
1154,562.528094072403,335005,3350.05
1155,562.612587361042,340648,3406.48
1156,562.697080685712,342230,3422.3
1157,562.781574046656,338705,3387.05
1158,562.866067444119,351241,3512.41
1159,562.950560878348,350425,3504.25
1160,563.035054349587,336364,3363.64
1161,563.119547858082,331098,3310.98
1162,563.204041404076,327497,3274.97
1163,563.288534987816,323842,3238.42
1164,563.373028609547,320053,3200.53
1165,563.457522269514,316646,3166.46
1166,563.542015967961,314647,3146.47
1167,563.626509705135,316389,3163.89
1168,563.71100348128,319763,3197.63
1169,563.795497296641,317778,3177.78
1170,563.879991151464,313365,3133.65
1171,563.964485045993,310609,3106.09
1172,564.048978980475,308838,3088.38
1173,564.133472955153,308144,3081.44
1174,564.217966970273,306901,3069.01
1175,564.30246102608,309126,3091.26
1176,564.386955122819,312314,3123.14
1177,564.471449260736,313266,3132.66
1178,564.555943440075,309854,3098.54
1179,564.640437661083,305470,3054.7
1180,564.724931924002,376707,3767.07
1181,564.80942622908,398626,3986.26
1182,564.893920576561,358368,3583.68
1183,564.97841496669,335415,3354.15
1184,565.062909399713,320880,3208.8
1185,565.147403875874,320686,3206.86
1186,565.231898395419,316960,3169.6
1187,565.316392958592,306579,3065.79
1188,565.400887565639,300003,3000.03
1189,565.485382216806,296378,2963.78
1190,565.569876912336,294266,2942.66
1191,565.654371652476,293048,2930.48
1192,565.73886643747,295074,2950.74
1193,565.823361267564,295575,2955.75
1194,565.907856143003,313853,3138.53
1195,565.992351064031,317941,3179.41
1196,566.076846030894,305701,3057.01
1197,566.161341043838,298095,2980.95
1198,566.245836103106,292948,2929.48
1199,566.330331208945,289549,2895.49
1200,566.4148263616,287282,2872.82
1201,566.499321561315,288715,2887.15
1202,566.583816808336,288547,2885.47
1203,566.668312102908,288851,2888.51
1204,566.752807445276,286768,2867.68
1205,566.837302835685,284623,2846.23
1206,566.92179827438,285598,2855.98
1207,567.006293761607,284708,2847.08
1208,567.090789297611,281997,2819.97
1209,567.175284882636,284261,2842.61
1210,567.259780516928,284194,2841.94
1211,567.344276200732,280649,2806.49
1212,567.428771934293,278495,2784.95
1213,567.513267717856,280488,2804.88
1214,567.597763551667,280003,2800.03
1215,567.68225943597,276935,2769.35
1216,567.766755371011,296228,2962.28
1217,567.851251357034,301439,3014.39
1218,567.935747394286,289525,2895.25
1219,568.020243483011,288939,2889.39
1220,568.104739623454,286369,2863.69
1221,568.18923581586,303092,3030.92
1222,568.273732060474,305725,3057.25
1223,568.358228357543,290708,2907.08
1224,568.442724707309,281625,2816.25
1225,568.52722111002,276198,2761.98
1226,568.61171756592,272661,2726.61
1227,568.696214075254,270496,2704.96
1228,568.780710638267,268500,2685
1229,568.865207255205,267387,2673.87
1230,568.949703926312,267169,2671.69
1231,569.034200651834,269607,2696.07
1232,569.118697432015,269040,2690.4
1233,569.203194267102,266344,2663.44
1234,569.287691157338,267956,2679.56
1235,569.37218810297,273481,2734.81
1236,569.456685104242,282623,2826.23
1237,569.5411821614,281613,2816.13
1238,569.625679274688,273680,2736.8
1239,569.710176444352,271950,2719.5
1240,569.794673670637,269041,2690.41
1241,569.879170953788,264345,2643.45
1242,569.96366829405,265221,2652.21
1243,570.048165691668,271821,2718.21
1244,570.132663146887,270844,2708.44
1245,570.217160659954,272757,2727.57
1246,570.301658231112,271430,2714.3
1247,570.386155860606,265467,2654.67
1248,570.470653548683,261856,2618.56
1249,570.555151295587,259356,2593.56
1250,570.639649101562,257262,2572.62
1251,570.724146966856,255947,2559.47
1252,570.808644891712,258253,2582.53
1253,570.893142876375,263047,2630.47
1254,570.977640921091,263247,2632.47
1255,571.062139026105,262298,2622.98
1256,571.146637191662,279003,2790.03
1257,571.231135418007,280370,2803.7
1258,571.315633705386,266965,2669.65
1259,571.400132054043,262917,2629.17
1260,571.484630464223,263482,2634.82
1261,571.569128936172,259521,2595.21
1262,571.653627470135,253882,2538.82
1263,571.738126066357,258059,2580.59
1264,571.822624725083,262411,2624.11
1265,571.907123446559,258464,2584.64
1266,571.991622231028,260484,2604.84
1267,572.076121078737,265326,2653.26
1268,572.160619989931,261568,2615.68
1269,572.245118964855,257911,2579.11
1270,572.329618003753,254489,2544.89
1271,572.414117106872,253816,2538.16
1272,572.498616274455,257568,2575.68
1273,572.583115506749,253806,2538.06
1274,572.667614803999,246787,2467.87
1275,572.752114166448,242959,2429.59
1276,572.836613594344,241724,2417.24
1277,572.921113087931,241858,2418.58
1278,573.005612647453,241103,2411.03
1279,573.090112273157,240760,2407.6
1280,573.174611965286,244700,2447
1281,573.259111724088,252170,2521.7
1282,573.343611549805,259221,2592.21
1283,573.428111442685,282585,2825.85
1284,573.512611402971,286449,2864.49
1285,573.597111430909,313827,3138.27
1286,573.681611526744,316226,3162.26
1287,573.766111690721,294825,2948.25
1288,573.850611923086,277012,2770.12
1289,573.935112224083,260528,2605.28
1290,574.019612593957,251017,2510.17
1291,574.104113032955,246184,2461.84
1292,574.18861354132,246323,2463.23
1293,574.273114119298,245569,2455.69
1294,574.357614767134,245590,2455.9
1295,574.442115485074,243689,2436.89
1296,574.526616273362,289054,2890.54
1297,574.611117132243,300442,3004.42
1298,574.695618061963,289504,2895.04
1299,574.780119062767,281094,2810.94
1300,574.8646201349,263899,2638.99
1301,574.949121278607,255271,2552.71
1302,575.033622494133,251556,2515.56
1303,575.118123781723,248928,2489.28
1304,575.202625141623,244131,2441.31
1305,575.287126574078,238788,2387.88
1306,575.371628079332,236133,2361.33
1307,575.456129657631,235005,2350.05
1308,575.54063130922,234439,2344.39
1309,575.625133034344,237383,2373.83
1310,575.709634833249,243644,2436.44
1311,575.794136706179,242726,2427.26
1312,575.878638653379,237684,2376.84
1313,575.963140675095,234368,2343.68
1314,576.047642771572,231919,2319.19
1315,576.132144943055,230500,2305
1316,576.216647189789,234672,2346.72
1317,576.301149512019,235521,2355.21
1318,576.38565190999,232286,2322.86
1319,576.470154383948,230223,2302.23
1320,576.554656934138,229514,2295.14
1321,576.639159560804,233355,2333.55
1322,576.723662264192,234289,2342.89
1323,576.808165044547,262931,2629.31
1324,576.892667902114,272569,2725.69
1325,576.977170837139,255049,2550.49
1326,577.061673849866,242116,2421.16
1327,577.146176940541,234737,2347.37
1328,577.230680109408,230996,2309.96
1329,577.315183356713,228852,2288.52
1330,577.399686682701,230061,2300.61
1331,577.484190087617,253478,2534.78
1332,577.568693571706,257072,2570.72
1333,577.653197135214,242579,2425.79
1334,577.737700778385,237809,2378.09
1335,577.822204501465,233581,2335.81
1336,577.906708304698,228525,2285.25
1337,577.991212188331,259528,2595.28
1338,578.075716152607,266975,2669.75
1339,578.160220197773,251715,2517.15
1340,578.244724324073,241633,2416.33
1341,578.329228531752,239996,2399.96
1342,578.413732821056,240336,2403.36
1343,578.49823719223,234367,2343.67
1344,578.582741645518,228126,2281.26
1345,578.667246181166,227560,2275.6
1346,578.75175079942,226586,2265.86
1347,578.836255500524,227441,2274.41
1348,578.920760284723,234218,2342.18
1349,579.005265152262,233282,2332.82
1350,579.089770103388,227752,2277.52
1351,579.174275138344,223834,2238.34
1352,579.258780257375,220790,2207.9
1353,579.343285460728,219199,2191.99
1354,579.427790748647,218076,2180.76
1355,579.512296121378,217496,2174.96
1356,579.596801579165,217040,2170.4
1357,579.681307122253,217764,2177.64
1358,579.765812750888,218052,2180.52
1359,579.850318465315,217114,2171.14
1360,579.934824265779,216592,2165.92
1361,580.019330152525,216380,2163.8
1362,580.103836125799,234857,2348.57
1363,580.188342185844,239753,2397.53
1364,580.272848332908,232134,2321.34
1365,580.357354567233,226321,2263.21
1366,580.441860889067,220991,2209.91
1367,580.526367298654,217483,2174.83
1368,580.610873796238,222258,2222.58
1369,580.695380382066,222786,2227.86
1370,580.779887056382,218280,2182.8
1371,580.864393819432,219964,2199.64
1372,580.94890067146,219767,2197.67
1373,581.033407612712,216111,2161.11
1374,581.117914643433,214212,2142.12
1375,581.202421763867,213293,2132.93
1376,581.286928974261,212491,2124.91
1377,581.371436274859,214975,2149.75
1378,581.455943665907,215364,2153.64
1379,581.540451147649,216395,2163.95
1380,581.62495872033,215592,2155.92
1381,581.709466384197,212486,2124.86
1382,581.793974139493,210894,2108.94
1383,581.878481986465,216937,2169.37
1384,581.962989925357,217919,2179.19
1385,582.047497956414,220832,2208.32
1386,582.132006079881,223619,2236.19
1387,582.216514296004,219204,2192.04
1388,582.301022605028,214704,2147.04
1389,582.385531007198,222290,2222.9
1390,582.470039502758,223459,2234.59
1391,582.554548091955,217190,2171.9
1392,582.639056775033,213584,2135.84
1393,582.723565552238,210539,2105.39
1394,582.808074423814,209096,2090.96
1395,582.892583390007,208335,2083.35
1396,582.977092451061,214427,2144.27
1397,583.061601607223,215776,2157.76
1398,583.146110858736,213049,2130.49
1399,583.230620205847,212772,2127.72
1400,583.3151296488,210705,2107.05
1401,583.399639187841,211386,2113.86
1402,583.484148823214,210396,2103.96
1403,583.568658555165,207303,2073.03
1404,583.653168383939,205679,2056.79
1405,583.73767830978,210946,2109.46
1406,583.822188332935,212200,2122
1407,583.906698453649,211035,2110.35
1408,583.991208672165,209045,2090.45
1409,584.075718988731,205897,2058.97
1410,584.16022940359,207263,2072.63
1411,584.244739916987,207101,2071.01
1412,584.329250529169,204955,2049.55
1413,584.41376124038,203114,2031.14
1414,584.498272050865,202183,2021.83
1415,584.58278296087,201844,2018.44
1416,584.667293970638,210387,2103.87
1417,584.751805080417,219455,2194.55
1418,584.83631629045,216209,2162.09
1419,584.920827600983,209469,2094.69
1420,585.005339012262,205382,2053.82
1421,585.08985052453,205963,2059.63
1422,585.174362138034,208481,2084.81
1423,585.258873853018,210043,2100.43
1424,585.343385669727,207515,2075.15
1425,585.427897588408,203181,2031.81
1426,585.512409609304,200545,2005.45
1427,585.596921732661,198709,1987.09
1428,585.681433958724,200315,2003.15
1429,585.765946287739,200573,2005.73
1430,585.85045871995,202305,2023.05
1431,585.934971255602,206038,2060.38
1432,586.019483894941,211685,2116.85
1433,586.103996638212,213248,2132.48
1434,586.18850948566,208107,2081.07
1435,586.27302243753,203661,2036.61
1436,586.357535494067,200330,2003.3
1437,586.442048655516,222328,2223.28
1438,586.526561922122,248222,2482.22
1439,586.611075294132,240058,2400.58
1440,586.695588771789,221242,2212.42
1441,586.780102355339,210008,2100.08
1442,586.864616045027,206782,2067.82
1443,586.949129841097,203479,2034.79
1444,587.033643743797,198642,1986.42
1445,587.118157753369,196018,1960.18
1446,587.20267187006,194558,1945.58
1447,587.287186094115,193002,1930.02
1448,587.371700425779,192488,1924.88
1449,587.456214865296,192104,1921.04
1450,587.540729412912,191539,1915.39
1451,587.625244068873,191295,1912.95
1452,587.709758833423,194228,1942.28
1453,587.794273706808,195378,1953.78
1454,587.878788689272,194134,1941.34
1455,587.963303781061,192807,1928.07
1456,588.047818982419,192190,1921.9
1457,588.132334293593,194645,1946.45
1458,588.216849714827,198551,1985.51
1459,588.301365246366,196806,1968.06
1460,588.385880888455,193083,1930.83
1461,588.47039664134,190684,1906.84
1462,588.554912505266,189020,1890.2
1463,588.639428480477,191689,1916.89
1464,588.72394456722,197083,1970.83
1465,588.808460765738,203779,2037.79
1466,588.892977076278,201806,2018.06
1467,588.977493499084,195251,1952.51
1468,589.062010034401,190806,1908.06
1469,589.146526682475,188066,1880.66
1470,589.231043443551,186246,1862.46
1471,589.315560317874,185008,1850.08
1472,589.400077305689,184367,1843.67
1473,589.48459440724,184021,1840.21
1474,589.569111622774,186807,1868.07
1475,589.653628952536,192955,1929.55
1476,589.73814639677,192941,1929.41
1477,589.822663955722,188996,1889.96
1478,589.907181629636,277667,2776.67
1479,589.991699418759,308467,3084.67
1480,590.076217323334,267864,2678.64
1481,590.160735343608,236515,2365.15
1482,590.245253479825,213045,2130.45
1483,590.329771732231,199109,1991.09
1484,590.41429010107,223437,2234.37
1485,590.498808586588,228017,2280.17
1486,590.58332718903,208702,2087.02
1487,590.667845908641,199611,1996.11
1488,590.752364745666,193284,1932.84
1489,590.83688370035,187698,1876.98
1490,590.921402772939,187200,1872
1491,591.005921963678,192692,1926.92
1492,591.090441272811,191608,1916.08
1493,591.174960700584,189668,1896.68
1494,591.259480247241,190421,1904.21
1495,591.343999913029,190960,1909.6
1496,591.428519698192,188080,1880.8
1497,591.513039602976,184092,1840.92
1498,591.597559627625,182046,1820.46
1499,591.682079772385,180750,1807.5
1500,591.7666000375,178868,1788.68
1501,591.851120423216,178439,1784.39
1502,591.935640929779,178309,1783.09
1503,592.020161557432,179714,1797.14
1504,592.104682306422,179831,1798.31
1505,592.189203176993,178443,1784.43
1506,592.273724169391,177633,1776.33
1507,592.35824528386,176674,1766.74
1508,592.442766520647,175988,1759.88
1509,592.527287879995,179459,1794.59
1510,592.611809362151,180491,1804.91
1511,592.696330967358,205690,2056.9
1512,592.780852695863,211483,2114.83
1513,592.865374547911,196031,1960.31
1514,592.949896523746,187002,1870.02
1515,593.034418623614,181676,1816.76
1516,593.11894084776,214883,2148.83
1517,593.203463196429,222426,2224.26
1518,593.287985669866,201583,2015.83
1519,593.372508268317,189484,1894.84
1520,593.457030992026,182474,1824.74
1521,593.541553841238,178489,1784.89
1522,593.626076816199,176883,1768.83
1523,593.710599917154,175268,1752.68
1524,593.795123144348,173757,1737.57
1525,593.879646498027,172772,1727.72
1526,593.964169978434,179119,1791.19
1527,594.048693585816,181228,1812.28
1528,594.133217320417,176566,1765.66
1529,594.217741182483,176895,1768.95
1530,594.302265172259,176501,1765.01
1531,594.38678928999,177301,1773.01
1532,594.47131353592,176663,1766.63
1533,594.555837910296,176890,1768.9
1534,594.640362413363,175836,1758.36
1535,594.724887045364,193908,1939.08
1536,594.809411806547,197920,1979.2
1537,594.893936697155,185685,1856.85
1538,594.978461717434,184972,1849.72
1539,595.062986867629,182155,1821.55
1540,595.147512147985,176109,1761.09
1541,595.232037558747,179805,1798.05
1542,595.316563100161,186562,1865.62
1543,595.401088772471,183781,1837.81
1544,595.485614575923,177533,1775.33
1545,595.570140510762,173437,1734.37
1546,595.654666577233,170883,1708.83
1547,595.73919277558,172484,1724.84
1548,595.82371910605,173672,1736.72
1549,595.908245568888,171680,1716.8
1550,595.992772164338,176352,1763.52
1551,596.077298892645,184316,1843.16
1552,596.161825754055,181383,1813.83
1553,596.246352748813,173878,1738.78
1554,596.330879877164,169574,1695.74
1555,596.415407139353,181963,1819.63
1556,596.499934535626,185142,1851.42
1557,596.584462066227,177855,1778.55
1558,596.668989731401,176256,1762.56
1559,596.753517531394,176586,1765.86
1560,596.838045466451,176492,1764.92
1561,596.922573536817,172799,1727.99
1562,597.007101742737,168663,1686.63
1563,597.091630084456,197709,1977.09
1564,597.17615856222,220226,2202.26
1565,597.260687176273,207978,2079.78
1566,597.345215926861,192870,1928.7
1567,597.429744814228,188984,1889.84
1568,597.51427383862,181637,1816.37
1569,597.598803000283,172460,1724.6
1570,597.68333229946,174460,1744.6
1571,597.767861736398,173277,1732.77
1572,597.852391311341,174340,1743.4
1573,597.936921024535,172987,1729.87
1574,598.021450876224,170700,1707
1575,598.105980866655,171680,1716.8
1576,598.190510996071,168495,1684.95
1577,598.275041264718,167534,1675.34
1578,598.359571672842,168863,1688.63
1579,598.444102220687,171013,1710.13
1580,598.528632908498,168680,1686.8
1581,598.613163736522,167281,1672.81
1582,598.697694705001,173307,1733.07
1583,598.782225814183,174714,1747.14
1584,598.866757064312,172157,1721.57
1585,598.951288455633,167967,1679.67
1586,599.035819988391,166533,1665.33
1587,599.120351662832,168384,1683.84
1588,599.2048834792,165923,1659.23
1589,599.289415437741,161633,1616.33
1590,599.3739475387,159758,1597.58
1591,599.458479782322,162502,1625.02
1592,599.543012168852,165789,1657.89
1593,599.627544698535,167132,1671.32
1594,599.712077371617,164211,1642.11
1595,599.796610188342,160297,1602.97
1596,599.881143148956,161879,1618.79
1597,599.965676253703,164991,1649.91
1598,600.05020950283,163072,1630.72
1599,600.13474289658,159102,1591.02
1600,600.2192764352,157057,1570.57
1601,600.303810118934,159142,1591.42
1602,600.388343948028,159242,1592.42
1603,600.472877922726,156465,1564.65
1604,600.557412043273,158239,1582.39
1605,600.641946309916,158118,1581.18
1606,600.726480722899,155868,1558.68
1607,600.811015282466,154281,1542.81
1608,600.895549988864,153311,1533.11
1609,600.980084842338,152337,1523.37
1610,601.064619843132,154482,1544.82
1611,601.149154991491,155265,1552.65
1612,601.233690287662,157629,1576.29
1613,601.318225731888,157807,1578.07
1614,601.402761324415,155137,1551.37
1615,601.487297065489,156482,1564.82
1616,601.571832955354,156357,1563.57
1617,601.656368994255,157795,1577.95
1618,601.740905182438,156856,1568.56
1619,601.825441520148,153720,1537.2
1620,601.90997800763,156412,1564.12
1621,601.994514645128,160056,1600.56
1622,602.079051432889,160992,1609.92
1623,602.163588371157,158563,1585.63
1624,602.248125460177,157952,1579.52
1625,602.332662700195,156756,1567.56
1626,602.417200091456,157157,1571.57
1627,602.501737634204,155624,1556.24
1628,602.586275328686,152288,1522.88
1629,602.670813175145,150302,1503.02
1630,602.755351173828,159195,1591.95
1631,602.839889324979,161021,1610.21
1632,602.924427628843,158454,1584.54
1633,603.008966085667,159056,1590.56
1634,603.093504695693,156220,1562.2
1635,603.178043459169,152033,1520.33
1636,603.262582376339,153524,1535.24
1637,603.347121447448,155644,1556.44
1638,603.431660672741,154544,1545.44
1639,603.516200052464,151632,1516.32
1640,603.600739586861,148949,1489.49
1641,603.685279276178,147703,1477.03
1642,603.769819120659,147831,1478.31
1643,603.854359120551,146854,1468.54
1644,603.938899276098,149172,1491.72
1645,604.023439587545,153099,1530.99
1646,604.107980055137,151837,1518.37
1647,604.19252067912,151398,1513.98
1648,604.277061459738,152649,1526.49
1649,604.361602397237,150052,1500.52
1650,604.446143491862,146545,1465.45
1651,604.530684743859,159289,1592.89
1652,604.615226153471,173891,1738.91
1653,604.699767720944,171865,1718.65
1654,604.784309446525,161960,1619.6
1655,604.868851330456,156946,1569.46
1656,604.953393372984,160331,1603.31
1657,605.037935574354,163975,1639.75
1658,605.122477934812,158584,1585.84
1659,605.207020454601,174588,1745.88
1660,605.291563133967,176804,1768.04
1661,605.376105973156,163063,1630.63
1662,605.460648972412,154632,1546.32
1663,605.545192131981,148441,1484.41
1664,605.629735452108,144471,1444.71
1665,605.714278933038,142204,1422.04
1666,605.798822575015,148839,1488.39
1667,605.883366378286,150651,1506.51
1668,605.967910343095,145968,1459.68
1669,606.052454469688,142889,1428.89
1670,606.136998758309,141469,1414.69
1671,606.221543209204,144402,1444.02
1672,606.306087822618,144522,1445.22
1673,606.390632598795,141499,1414.99
1674,606.475177537982,143291,1432.91
1675,606.559722640423,147019,1470.19
1676,606.644267906364,148580,1485.8
1677,606.728813336049,149124,1491.24
1678,606.813358929724,146134,1461.34
1679,606.897904687633,142034,1420.34
1680,606.982450610022,139215,1392.15
1681,607.066996697137,137356,1373.56
1682,607.151542949221,140106,1401.06
1683,607.236089366521,144043,1440.43
1684,607.320635949282,142883,1428.83
1685,607.405182697748,139823,1398.23
1686,607.489729612165,142150,1421.5
1687,607.574276692777,142453,1424.53
1688,607.658823939831,139524,1395.24
1689,607.74337135357,141009,1410.09
1690,607.827918934241,143985,1439.85
1691,607.912466682089,142060,1420.6
1692,607.997014597358,138492,1384.92
1693,608.081562680293,147292,1472.92
1694,608.16611093114,149028,1490.28
1695,608.250659350145,146005,1460.05
1696,608.335207937551,145971,1459.71
1697,608.419756693605,144708,1447.08
1698,608.504305618551,141087,1410.87
1699,608.588854712634,140950,1409.5
1700,608.6734039761,139503,1395.03
1701,608.757953409194,147227,1472.27
1702,608.84250301216,152651,1526.51
1703,608.927052785245,146763,1467.63
1704,609.011602728693,141102,1411.02
1705,609.096152842749,137506,1375.06
1706,609.180703127658,134545,1345.45
1707,609.265253583666,132361,1323.61
1708,609.349804211018,131833,1318.33
1709,609.434355009958,134812,1348.12
1710,609.518905980733,135098,1350.98
1711,609.603457123586,140079,1400.79
1712,609.688008438764,174644,1746.44
1713,609.772559926511,179269,1792.69
1714,609.857111587073,158401,1584.01
1715,609.941663420694,145832,1458.32
1716,610.02621542762,138499,1384.99
1717,610.110767608096,138812,1388.12
1718,610.195319962366,137667,1376.67
1719,610.279872490677,134002,1340.02
1720,610.364425193274,131502,1315.02
1721,610.4489780704,129901,1299.01
1722,610.533531122303,129253,1292.53
1723,610.618084349226,129646,1296.46
1724,610.702637751414,133148,1331.48
1725,610.787191329114,136427,1364.27
1726,610.87174508257,134467,1344.67
1727,610.956299012027,137875,1378.75
1728,611.04085311773,137534,1375.34
1729,611.125407399925,132698,1326.98
1730,611.209961858857,129669,1296.69
1731,611.29451649477,153225,1532.25
1732,611.37907130791,167556,1675.56
1733,611.463626298523,155901,1559.01
1734,611.548181466852,146697,1466.97
1735,611.632736813144,147188,1471.88
1736,611.717292337643,143551,1435.51
1737,611.801848040595,136435,1364.35
1738,611.886403922244,132431,1324.31
1739,611.970959982837,133069,1330.69
1740,612.055516222617,134628,1346.28
1741,612.14007264183,136332,1363.32
1742,612.224629240722,137507,1375.07
1743,612.309186019537,135780,1357.8
1744,612.39374297852,146700,1467
1745,612.478300117917,148660,1486.6
1746,612.562857437973,156735,1567.35
1747,612.647414938933,158573,1585.73
1748,612.731972621042,145776,1457.76
1749,612.816530484545,135595,1355.95
1750,612.901088529688,147865,1478.65
1751,612.985646756714,149285,1492.85
1752,613.070205165871,140826,1408.26
1753,613.154763757402,134726,1347.26
1754,613.239322531553,129011,1290.11
1755,613.323881488569,129095,1290.95
1756,613.408440628695,128115,1281.15
1757,613.492999952176,124876,1248.76
1758,613.577559459258,126732,1267.32
1759,613.662119150185,129831,1298.31
1760,613.746679025203,127843,1278.43
1761,613.831239084557,124596,1245.96
1762,613.915799328492,126290,1262.9
1763,614.000359757252,126074,1260.74
1764,614.084920371084,123492,1234.92
1765,614.169481170232,122477,1224.77
1766,614.254042154942,122494,1224.94
1767,614.338603325458,121872,1218.72
1768,614.423164682026,124553,1245.53
1769,614.507726224891,128012,1280.12
1770,614.592287954298,126155,1261.55
1771,614.676849870492,141606,1416.06
1772,614.761411973718,144516,1445.16
1773,614.845974264222,132938,1329.38
1774,614.930536742248,126860,1268.6
1775,615.015099408042,127022,1270.22
1776,615.099662261849,125855,1258.55
1777,615.184225303914,122406,1224.06
1778,615.268788534481,123449,1234.49
1779,615.353351953797,122727,1227.27
1780,615.437915562106,127231,1272.31
1781,615.522479359654,128301,1283.01
1782,615.607043346685,123079,1230.79
1783,615.691607523446,137428,1374.28
1784,615.776171890179,140465,1404.65
1785,615.860736447132,129837,1298.37
1786,615.94530119455,123601,1236.01
1787,616.029866132676,123213,1232.13
1788,616.114431261757,122632,1226.32
1789,616.198996582037,123640,1236.4
1790,616.283562093762,125332,1253.32
1791,616.368127797177,126392,1263.92
1792,616.452693692527,123816,1238.16
1793,616.537259780057,119471,1194.71
1794,616.621826060012,121080,1210.8
1795,616.706392532638,124871,1248.71
1796,616.790959198179,123059,1230.59
1797,616.87552605688,119208,1192.08
1798,616.960093108988,139918,1399.18
1799,617.044660354746,145070,1450.7
1800,617.1292277944,140664,1406.64
1801,617.213795428195,144212,1442.12
1802,617.298363256377,137890,1378.9
1803,617.38293127919,127499,1274.99
1804,617.46749949688,120908,1209.08
1805,617.552067909691,116845,1168.45
1806,617.63663651787,114328,1143.28
1807,617.72120532166,530905,5309.05
1808,617.805774321307,654231,6542.31
1809,617.890343517057,430538,4305.38
1810,617.974912909154,294151,2941.51
1811,618.059482497843,215349,2153.49
1812,618.14405228337,171054,1710.54
1813,618.22862226598,145186,1451.86
1814,618.313192445918,129908,1299.08
1815,618.397762823429,136802,1368.02
1816,618.482333398757,140435,1404.35
1817,618.56690417215,130742,1307.42
1818,618.65147514385,125819,1258.19
1819,618.736046314105,121951,1219.51
1820,618.820617683158,117238,1172.38
1821,618.905189251254,114851,1148.51
1822,618.98976101864,113721,1137.21
1823,619.07433298556,112500,1125
1824,619.158905152259,116378,1163.78
1825,619.243477518983,140155,1401.55
1826,619.328050085976,143133,1431.33
1827,619.412622853484,132145,1321.45
1828,619.497195821751,127979,1279.79
1829,619.581768991023,130133,1301.33
1830,619.666342361546,126134,1261.34
1831,619.750915933564,118572,1185.72
1832,619.835489707321,114101,1141.01
1833,619.920063683065,118594,1185.94
1834,620.004637861039,122220,1222.2
1835,620.089212241489,117904,1179.04
1836,620.173786824659,112990,1129.9
1837,620.258361610796,111840,1118.4
1838,620.342936600144,110900,1109
1839,620.427511792947,109668,1096.68
1840,620.512087189453,115523,1155.23
1841,620.596662789905,145433,1454.33
1842,620.681238594548,159654,1596.54
1843,620.765814603629,145059,1450.59
1844,620.850390817391,128979,1289.79
1845,620.93496723608,122575,1225.75
1846,621.019543859942,124752,1247.52
1847,621.104120689221,122033,1220.33
1848,621.188697724162,117650,1176.5
1849,621.273274965011,113999,1139.99
1850,621.357852412012,110164,1101.64
1851,621.442430065412,109585,1095.85
1852,621.527007925454,108602,1086.02
1853,621.611585992385,110230,1102.3
1854,621.696164266449,111380,1113.8
1855,621.780742747892,109248,1092.48
1856,621.865321436958,107173,1071.73
1857,621.949900333892,106476,1064.76
1858,622.03447943894,109362,1093.62
1859,622.119058752348,109926,1099.26
1860,622.203638274359,107659,1076.59
1861,622.28821800522,109889,1098.89
1862,622.372797945175,110557,1105.57
1863,622.457378094469,108505,1085.05
1864,622.541958453348,106736,1067.36
1865,622.626539022057,106998,1069.98
1866,622.711119800841,107126,1071.26
1867,622.795700789945,106180,1061.8
1868,622.880281989613,118456,1184.56
1869,622.964863400093,121277,1212.77
1870,623.049445021627,113498,1134.98
1871,623.134026854462,108685,1086.85
1872,623.218608898843,105378,1053.78
1873,623.303191155015,107565,1075.65
1874,623.387773623222,108746,1087.46
1875,623.472356303711,110284,1102.84
1876,623.556939196726,112875,1128.75
1877,623.641522302512,110776,1107.76
1878,623.726105621315,106672,1066.72
1879,623.810689153379,107787,1077.87
1880,623.89527289895,107539,1075.39
1881,623.979856858273,108448,1084.48
1882,624.064441031593,113907,1139.07
1883,624.149025419156,116163,1161.63
1884,624.233610021205,118561,1185.61
1885,624.318194837987,118604,1186.04
1886,624.402779869747,116451,1164.51
1887,624.487365116729,117677,1176.77
1888,624.571950579179,117546,1175.46
1889,624.656536257342,111903,1119.03
1890,624.741122151463,106281,1062.81
1891,624.825708261788,105807,1058.07
1892,624.91029458856,111813,1118.13
1893,624.994881132027,111227,1112.27
1894,625.079467892432,109305,1093.05
1895,625.16405487002,106968,1069.68
1896,625.248642065038,103509,1035.09
1897,625.33322947773,137409,1374.09
1898,625.41781710834,149569,1495.69
1899,625.502404957115,266450,2664.5
1900,625.5869930243,294900,2949
1901,625.671581310139,214770,2147.7
1902,625.756169814878,651858,6518.58
1903,625.840758538762,760780,7607.8
1904,625.925347482035,481077,4810.77
1905,626.009936644944,327352,3273.52
1906,626.094526027733,235595,2355.95
1907,626.179115630648,175637,1756.37
1908,626.263705453933,142380,1423.8
1909,626.348295497833,126410,1264.1
1910,626.432885762595,115411,1154.11
1911,626.517476248462,107755,1077.55
1912,626.60206695568,117772,1177.72
1913,626.686657884495,118481,1184.81
1914,626.771249035151,108294,1082.94
1915,626.855840407893,109366,1093.66
1916,626.940432002967,107531,1075.31
1917,627.025023820618,106446,1064.46
1918,627.10961586109,121091,1210.91
1919,627.19420812463,120946,1209.46
1920,627.278800611482,120324,1203.24
1921,627.363393321891,119288,1192.88
1922,627.447986256102,146767,1467.67
1923,627.532579414361,149785,1497.85
1924,627.617172796912,126410,1264.1
1925,627.701766404002,112130,1121.3
1926,627.786360235874,103658,1036.58
1927,627.870954292774,102668,1026.68
1928,627.955548574948,100740,1007.4
1929,628.04014308264,112024,1120.24
1930,628.124737816095,113886,1138.86
1931,628.209332775559,108036,1080.36
1932,628.293927961276,103304,1033.04
1933,628.378523373493,97894,978.94
1934,628.463119012454,94599,945.99
1935,628.547714878403,93000,930
1936,628.632310971587,96152,961.52
1937,628.716907292251,99611,996.11
1938,628.801503840639,101177,1011.77
1939,628.886100616996,98708,987.08
1940,628.970697621569,94747,947.47
1941,629.055294854601,92819,928.19
1942,629.139892316339,95156,951.56
1943,629.224490007026,98210,982.1
1944,629.309087926909,96684,966.84
1945,629.393686076233,96856,968.56
1946,629.478284455242,95340,953.4
1947,629.562883064182,92030,920.3
1948,629.647481903298,90299,902.99
1949,629.732080972835,89535,895.35
1950,629.816680273037,91982,919.82
1951,629.901279804152,91945,919.45
1952,629.985879566422,93312,933.12
1953,630.070479560095,96697,966.97
1954,630.155079785414,97624,976.24
1955,630.239680242624,94465,944.65
1956,630.324280931972,90521,905.21
1957,630.408881853702,96684,966.84
1958,630.493483008059,99661,996.61
1959,630.578084395288,95087,950.87
1960,630.662686015635,90892,908.92
1961,630.747287869345,94312,943.12
1962,630.831889956662,94920,949.2
1963,630.916492277832,90759,907.59
1964,631.001094833101,87897,878.97
1965,631.085697622712,86499,864.99
1966,631.170300646912,89815,898.15
1967,631.254903905945,90350,903.5
1968,631.339507400056,94685,946.85
1969,631.424111129492,97498,974.98
1970,631.508715094496,100860,1008.6
1971,631.593319295314,110527,1105.27
1972,631.677923732192,110322,1103.22
1973,631.762528405373,103793,1037.93
1974,631.847133315104,99787,997.87
1975,631.93173846163,94396,943.96
1976,632.016343845195,92460,924.6
1977,632.100949466045,90124,901.24
1978,632.185555324425,86322,863.22
1979,632.270161420579,84200,842
1980,632.354767754754,83546,835.46
1981,632.439374327195,85453,854.53
1982,632.523981138146,85379,853.79
1983,632.608588187852,83344,833.44
1984,632.693195476559,84058,840.58
1985,632.777803004512,83880,838.8
1986,632.862410771956,83130,831.3
1987,632.947018779136,83198,831.98
1988,633.031627026297,83549,835.49
1989,633.116235513685,86189,861.89
1990,633.200844241544,92974,929.74
1991,633.28545321012,92435,924.35
1992,633.370062419658,87023,870.23
1993,633.454671870403,84229,842.29
1994,633.539281562599,82268,822.68
1995,633.623891496493,80987,809.87
1996,633.708501672329,80492,804.92
1997,633.793112090353,83502,835.02
1998,633.877722750809,83813,838.13
1999,633.962333653943,81522,815.22
2000,634.0469448,79963,799.63
2001,634.131556189225,78920,789.2
2002,634.216167821863,81557,815.57
2003,634.300779698159,82169,821.69
2004,634.385391818359,80001,800.01
2005,634.470004182707,78957,789.57
2006,634.554616791449,78143,781.43
2007,634.639229644829,80765,807.65
2008,634.723842743094,98594,985.94
2009,634.808456086488,104861,1048.61
2010,634.893069675256,95291,952.91
2011,634.977683509643,90399,903.99
2012,635.062297589895,90386,903.86
2013,635.146911916256,90066,900.66
2014,635.231526488972,86360,863.6
2015,635.316141308288,263430,2634.3
2016,635.400756374449,311401,3114.01
2017,635.4853716877,218913,2189.13
2018,635.569987248286,165638,1656.38
2019,635.654603056453,129320,1293.2
2020,635.739219112446,106988,1069.88
2021,635.823835416509,94916,949.16
2022,635.908451968888,94821,948.21
2023,635.993068769827,113422,1134.22
2024,636.077685819573,112321,1123.21
2025,636.16230311837,119534,1195.34
2026,636.246920666464,116149,1161.49
2027,636.331538464099,225009,2250.09
2028,636.41615651152,250116,2501.16
2029,636.500774808974,175912,1759.12
2030,636.585393356704,131926,1319.26
2031,636.670012154956,132153,1321.53
2032,636.754631203976,128821,1288.21
2033,636.839250504007,108138,1081.38
2034,636.923870055296,92968,929.68
2035,637.008489858088,86886,868.86
2036,637.093109912628,83395,833.95
2037,637.17773021916,79332,793.32
2038,637.26235077793,76646,766.46
2039,637.346971589183,84963,849.63
2040,637.431592653165,90478,904.78
2041,637.51621397012,85518,855.18
2042,637.600835540293,82329,823.29
2043,637.68545736393,82303,823.03
2044,637.770079441276,83133,831.33
2045,637.854701772576,80591,805.91
2046,637.939324358074,76799,767.99
2047,638.023947198017,74630,746.3
