Scan Date:,2025-05-24 15:25:11Z
Integration Time:,1000
Number of Averages:,100

Pixel Number,Wavelength (nm),Sum Spectrum,Averaged Spectrum
0,464.9839,72477,724.77
1,465.068515076491,72083,720.83
2,465.153129906126,72240,722.4
3,465.237744489151,72044,720.44
4,465.322358825812,71587,715.87
5,465.406972916352,71415,714.15
6,465.491586761018,71374,713.74
7,465.576200360054,71519,715.19
8,465.660813713705,71642,716.42
9,465.745426822218,71731,717.31
10,465.830039685836,71938,719.38
11,465.914652304805,72136,721.36
12,465.99926467937,72259,722.59
13,466.083876809776,72364,723.64
14,466.168488696269,72385,723.85
15,466.253100339093,196688,1966.88
16,466.337711738494,232011,2320.11
17,466.422322894716,166085,1660.85
18,466.506933808006,126928,1269.28
19,466.591544478607,104357,1043.57
20,466.676154906766,91487,914.87
21,466.760765092726,84187,841.87
22,466.845375036735,83086,830.86
23,466.929984739036,82027,820.27
24,467.014594199874,79586,795.86
25,467.099203419495,78035,780.35
26,467.183812398145,76731,767.31
27,467.268421136067,76210,762.1
28,467.353029633508,102741,1027.41
29,467.437637890711,111744,1117.44
30,467.522245907924,100938,1009.38
31,467.60685368539,92122,921.22
32,467.691461223355,84834,848.34
33,467.776068522063,80985,809.85
34,467.860675581761,78562,785.62
35,467.945282402693,81143,811.43
36,468.029888985104,87121,871.21
37,468.11449532924,86235,862.35
38,468.199101435345,84627,846.27
39,468.283707303665,82462,824.62
40,468.368312934445,78911,789.11
41,468.45291832793,79934,799.34
42,468.537523484364,82625,826.25
43,468.622128403994,103849,1038.49
44,468.706733087065,113489,1134.89
45,468.791337533821,101661,1016.61
46,468.875941744507,90255,902.55
47,468.96054571937,84426,844.26
48,469.045149458653,81090,810.9
49,469.129752962602,78822,788.22
50,469.214356231462,77276,772.76
51,469.298959265479,76393,763.93
52,469.383562064897,76478,764.78
53,469.468164629962,76308,763.08
54,469.552766960919,78799,787.99
55,469.637369058012,82570,825.7
56,469.721970921487,81718,817.18
57,469.80657255159,79411,794.11
58,469.891173948565,80471,804.71
59,469.975775112657,79835,798.35
60,470.060376044111,77608,776.08
61,470.144976743173,76492,764.92
62,470.229577210088,78993,789.93
63,470.314177445101,79700,797
64,470.398777448457,81138,811.38
65,470.483377220402,102303,1023.03
66,470.567976761179,108651,1086.51
67,470.652576071035,98152,981.52
68,470.737175150215,89244,892.44
69,470.821773998963,83387,833.87
70,470.906372617525,82860,828.6
71,470.990971006146,81378,813.78
72,471.075569165072,109176,1091.76
73,471.160167094546,116537,1165.37
74,471.244764794815,102991,1029.91
75,471.329362266123,93827,938.27
76,471.413959508717,89296,892.96
77,471.498556522839,91679,916.79
78,471.583153308737,92086,920.86
79,471.667749866655,88728,887.28
80,471.752346196838,87482,874.82
81,471.836942299532,87760,877.6
82,471.921538174981,91692,916.92
83,472.00613382343,89479,894.79
84,472.090729245126,83281,832.81
85,472.175324440312,79522,795.22
86,472.259919409234,80257,802.57
87,472.344514152137,79849,798.49
88,472.429108669267,77492,774.92
89,472.513702960868,77103,771.03
90,472.598297027185,78764,787.64
91,472.682890868465,78757,787.57
92,472.767484484951,77162,771.62
93,472.852077876889,75809,758.09
94,472.936671044524,78260,782.6
95,473.021263988101,79309,793.09
96,473.105856707865,78049,780.49
97,473.190449204062,82349,823.49
98,473.275041476937,96490,964.9
99,473.359633526735,102617,1026.17
100,473.4442253537,94963,949.63
101,473.528816958078,89344,893.44
102,473.613408340115,88052,880.52
103,473.697999500055,84641,846.41
104,473.782590438143,80560,805.6
105,473.867181154625,78583,785.83
106,473.951771649745,81126,811.26
107,474.03636192375,81109,811.09
108,474.120951976883,78902,789.02
109,474.20554180939,77578,775.78
110,474.290131421517,76734,767.34
111,474.374720813508,79560,795.6
112,474.459309985608,79887,798.87
113,474.543898938063,77501,775.01
114,474.628487671118,76199,761.99
115,474.713076185018,75861,758.61
116,474.797664480008,79473,794.73
117,474.882252556332,108267,1082.67
118,474.966840414238,116580,1165.8
119,475.051428053968,132870,1328.7
120,475.13601547577,130638,1306.38
121,475.220602679887,107307,1073.07
122,475.305189666564,93237,932.37
123,475.389776436048,85191,851.91
124,475.474362988583,80899,808.99
125,475.558949324414,78111,781.11
126,475.643535443787,76813,768.13
127,475.728121346946,76272,762.72
128,475.812707034136,75574,755.74
129,475.897292505604,97172,971.72
130,475.981877761593,107280,1072.8
131,476.066462802349,99591,995.91
132,476.151047628118,93750,937.5
133,476.235632239144,87390,873.9
134,476.320216635672,81930,819.3
135,476.404800817948,82462,824.62
136,476.489384786216,81993,819.93
137,476.573968540723,83396,833.96
138,476.658552081712,101343,1013.43
139,476.74313540943,103870,1038.7
140,476.827718524121,92612,926.12
141,476.91230142603,85355,853.55
142,476.996884115403,83986,839.86
143,477.081466592484,82388,823.88
144,477.166048857519,79154,791.54
145,477.250630910753,80642,806.42
146,477.335212752432,80696,806.96
147,477.419794382799,78345,783.45
148,477.504375802101,79902,799.02
149,477.588957010582,80605,806.05
150,477.673538008487,78609,786.09
151,477.758118796063,117430,1174.3
152,477.842699373553,128054,1280.54
153,477.927279741204,106090,1060.9
154,478.011859899259,92817,928.17
155,478.096439847965,84910,849.1
156,478.181019587566,80924,809.24
157,478.265599118308,79039,790.39
158,478.350178440435,77661,776.61
159,478.434757554193,77259,772.59
160,478.519336459827,88049,880.49
161,478.603915157582,90295,902.95
162,478.688493647704,83613,836.13
163,478.773071930436,136511,1365.11
164,478.857650006026,150111,1501.11
165,478.942227874716,119541,1195.41
166,479.026805536754,111756,1117.56
167,479.111382992383,105781,1057.81
168,479.19596024185,97037,970.37
169,479.280537285398,89938,899.38
170,479.365114123274,83536,835.36
171,479.449690755722,79159,791.59
172,479.534267182988,76926,769.26
173,479.618843405317,75950,759.5
174,479.703419422953,78622,786.22
175,479.787995236142,82910,829.1
176,479.87257084513,82219,822.19
177,479.95714625016,79485,794.85
178,480.041721451479,77683,776.83
179,480.126296449331,76723,767.23
180,480.210871243962,78541,785.41
181,480.295445835617,79173,791.73
182,480.380020224541,80845,808.45
183,480.464594410979,80534,805.34
184,480.549168395175,81200,812
185,480.633742177377,80681,806.81
186,480.718315757827,78090,780.9
187,480.802889136772,76631,766.31
188,480.887462314457,75766,757.66
189,480.972035291127,75256,752.56
190,481.056608067026,78822,788.22
191,481.141180642401,91184,911.84
192,481.225753017496,91883,918.83
193,481.310325192556,84371,843.71
194,481.394897167827,83025,830.25
195,481.479468943554,81715,817.15
196,481.564040519981,79233,792.33
197,481.648611897354,77566,775.66
198,481.733183075918,76180,761.8
199,481.817754055918,78569,785.69
200,481.9023248376,78967,789.67
201,481.986895421208,79688,796.88
202,482.071465806988,111618,1116.18
203,482.156035995184,118566,1185.66
204,482.240605986042,103101,1031.01
205,482.325175779807,92976,929.76
206,482.409745376725,85528,855.28
207,482.494314777039,81246,812.46
208,482.578883980996,78731,787.31
209,482.663452988841,77292,772.92
210,482.748021800818,76269,762.69
211,482.832590417173,75797,757.97
212,482.91715883815,78834,788.34
213,483.001727063996,82300,823
214,483.086295094955,81291,812.91
215,483.170862931273,78711,787.11
216,483.255430573193,77789,777.89
217,483.339998020963,80073,800.73
218,483.424565274826,80535,805.35
219,483.509132335028,78630,786.3
220,483.593699201814,77066,770.66
221,483.678265875429,78927,789.27
222,483.762832356118,79057,790.57
223,483.847398644127,77057,770.57
224,483.9319647397,79249,792.49
225,484.016530643083,90042,900.42
226,484.101096354521,91235,912.35
227,484.185661874258,85159,851.59
228,484.270227202541,81120,811.2
229,484.354792339614,78551,785.51
230,484.439357285722,77559,775.59
231,484.523922041111,80114,801.14
232,484.608486606025,83021,830.21
233,484.69305098071,81571,815.71
234,484.777615165411,80301,803.01
235,484.862179160373,82256,822.56
236,484.946742965841,81395,813.95
237,485.03130658206,81228,812.28
238,485.115870009276,83533,835.33
239,485.200433247733,82334,823.34
240,485.284996297677,79660,796.6
241,485.369559159353,100754,1007.54
242,485.454121833005,108780,1087.8
243,485.53868431888,96483,964.83
244,485.623246617222,88386,883.86
245,485.707808728276,83433,834.33
246,485.792370652288,79626,796.26
247,485.876932389502,80349,803.49
248,485.961493940164,79925,799.25
249,486.046055304519,77848,778.48
250,486.130616482813,77459,774.59
251,486.215177475289,77494,774.94
252,486.299738282193,83164,831.64
253,486.384298903771,84437,844.37
254,486.468859340268,80180,801.8
255,486.553419591928,77619,776.19
256,486.637979658997,76967,769.67
257,486.722539541719,76562,765.62
258,486.807099240341,78667,786.67
259,486.891658755108,79085,790.85
260,486.976218086263,76991,769.91
261,487.060777234053,75780,757.8
262,487.145336198723,75277,752.77
263,487.229894980517,74673,746.73
264,487.314453579682,74946,749.46
265,487.399011996461,75209,752.09
266,487.483570231101,74743,747.43
267,487.568128283845,74495,744.95
268,487.652686154941,74212,742.12
269,487.737243844632,74532,745.32
270,487.821801353163,78936,789.36
271,487.906358680781,79876,798.76
272,487.990915827729,77618,776.18
273,488.075472794253,76508,765.08
274,488.160029580599,80435,804.35
275,488.244586187011,81434,814.34
276,488.329142613735,79181,791.81
277,488.413698861015,83484,834.84
278,488.498254929097,84132,841.32
279,488.582810818225,83822,838.22
280,488.667366528646,83509,835.09
281,488.751922060605,80447,804.47
282,488.836477414345,78450,784.5
283,488.921032590113,77546,775.46
284,489.005587588153,78440,784.4
285,489.090142408711,104607,1046.07
286,489.174697052032,113454,1134.54
287,489.259251518361,102330,1023.3
288,489.343805807943,92789,927.89
289,489.428359921024,84891,848.91
290,489.512913857847,80403,804.03
291,489.597467618659,78359,783.59
292,489.682021203705,88120,881.2
293,489.76657461323,90403,904.03
294,489.851127847479,83772,837.72
295,489.935680906696,81476,814.76
296,490.020233791128,79844,798.44
297,490.104786501019,77623,776.23
298,490.189339036615,79767,797.67
299,490.27389139816,80090,800.9
300,490.3584435859,77827,778.27
301,490.44299560008,76270,762.7
302,490.527547440945,75080,750.8
303,490.612099108739,74408,744.08
304,490.69665060371,74149,741.49
305,490.7812019261,74251,742.51
306,490.865753076156,77443,774.43
307,490.950304054123,78601,786.01
308,491.034854860246,77140,771.4
309,491.119405494769,76308,763.08
310,491.203955957939,75858,758.58
311,491.288506249999,75855,758.55
312,491.373056371197,75441,754.41
313,491.457606321775,78423,784.23
314,491.54215610198,80163,801.63
315,491.626705712057,78213,782.13
316,491.711255152251,76220,762.2
317,491.795804422807,75210,752.1
318,491.88035352397,74764,747.64
319,491.964902455985,74866,748.66
320,492.049451219098,78092,780.92
321,492.133999813553,78710,787.1
322,492.218548239596,76689,766.89
323,492.303096497471,78370,783.7
324,492.387644587425,80734,807.34
325,492.472192509702,82551,825.51
326,492.556740264546,88976,889.76
327,492.641287852205,88222,882.22
328,492.725835272921,82114,821.14
329,492.810382526942,79422,794.22
330,492.894929614511,87374,873.74
331,492.979476535874,88700,887
332,493.064023291276,82839,828.39
333,493.148569880962,81567,815.67
334,493.233116305178,79953,799.53
335,493.317662564167,77326,773.26
336,493.402208658177,76941,769.41
337,493.486754587451,76313,763.13
338,493.571300352235,75371,753.71
339,493.655845952774,74907,749.07
340,493.740391389313,77650,776.5
341,493.824936662097,78137,781.37
342,493.909481771372,78583,785.83
343,493.994026717382,78328,783.28
344,494.078571500372,76300,763
345,494.163116120589,75765,757.65
346,494.247660578276,75574,755.74
347,494.33220487368,100631,1006.31
348,494.416749007044,107767,1077.67
349,494.501292978615,94316,943.16
350,494.585836788637,86120,861.2
351,494.670380437356,81553,815.53
352,494.754923925017,79205,792.05
353,494.839467251864,81094,810.94
354,494.924010418144,80886,808.86
355,495.0085534241,78190,781.9
356,495.093096269979,90700,907
357,495.177638956025,93662,936.62
358,495.262181482484,88659,886.59
359,495.3467238496,87502,875.02
360,495.431266057619,83873,838.73
361,495.515808106786,83065,830.65
362,495.600349997346,81557,815.57
363,495.684891729544,78529,785.29
364,495.769433303626,78151,781.51
365,495.853974719836,77424,774.24
366,495.938515978419,76212,762.12
367,496.023057079622,75777,757.77
368,496.107598023688,75489,754.89
369,496.192138810863,78586,785.86
370,496.276679441392,79229,792.29
371,496.361219915521,78825,788.25
372,496.445760233493,106739,1067.39
373,496.530300395556,113767,1137.67
374,496.614840401953,97913,979.13
375,496.69938025293,92894,928.94
376,496.783919948731,88608,886.08
377,496.868459489603,85703,857.03
378,496.95299887579,83080,830.8
379,497.037538107538,86257,862.57
380,497.12207718509,85813,858.13
381,497.206616108694,84252,842.52
382,497.291154878593,82718,827.18
383,497.375693495033,79916,799.16
384,497.460231958259,77918,779.18
385,497.544770268516,76725,767.25
386,497.629308426049,76543,765.43
387,497.713846431104,75915,759.15
388,497.798384283926,77922,779.22
389,497.882921984759,78126,781.26
390,497.967459533848,76625,766.25
391,498.05199693144,79043,790.43
392,498.136534177779,82923,829.23
393,498.22107127311,81867,818.67
394,498.305608217678,78572,785.72
395,498.390145011729,76874,768.74
396,498.474681655507,76009,760.09
397,498.559218149259,75855,758.55
398,498.643754493228,76127,761.27
399,498.72829068766,75633,756.33
400,498.8128267328,74985,749.85
401,498.897362628894,74849,748.49
402,498.981898376185,74909,749.09
403,499.066433974921,75126,751.26
404,499.150969425345,78428,784.28
405,499.235504727703,92544,925.44
406,499.32003988224,94402,944.02
407,499.404574889201,88960,889.6
408,499.489109748831,85390,853.9
409,499.573644461376,81027,810.27
410,499.65817902708,78226,782.26
411,499.742713446188,76806,768.06
412,499.827247718947,76049,760.49
413,499.9117818456,75728,757.28
414,499.996315826393,75243,752.43
415,500.080849661572,74949,749.49
416,500.165383351381,75222,752.22
417,500.249916896065,75178,751.78
418,500.33445029587,75363,753.63
419,500.41898355104,92023,920.23
420,500.503516661822,96451,964.51
421,500.588049628459,86953,869.53
422,500.672582451197,81928,819.28
423,500.757115130282,79122,791.22
424,500.841647665958,77390,773.9
425,500.92618005847,76338,763.38
426,501.010712308064,99173,991.73
427,501.095244414985,108069,1080.69
428,501.179776379478,99118,991.18
429,501.264308201788,90870,908.7
430,501.34883988216,87667,876.67
431,501.433371420839,84383,843.83
432,501.517902818071,79870,798.7
433,501.6024340741,81070,810.7
434,501.686965189172,83015,830.15
435,501.771496163532,80992,809.92
436,501.856026997425,78202,782.02
437,501.940557691096,76596,765.96
438,502.02508824479,75779,757.79
439,502.109618658753,78771,787.71
440,502.194148933229,79236,792.36
441,502.278679068464,76829,768.29
442,502.363209064702,75900,759
443,502.44773892219,75424,754.24
444,502.532268641171,77855,778.55
445,502.616798221892,78723,787.23
446,502.701327664597,77469,774.69
447,502.785856969531,76278,762.78
448,502.87038613694,78193,781.93
449,502.954915167069,81621,816.21
450,503.039444060163,80799,807.99
451,503.123972816466,78087,780.87
452,503.208501436225,79794,797.94
453,503.293029919684,80371,803.71
454,503.377558267088,81502,815.02
455,503.462086478683,84167,841.67
456,503.546614554714,86177,861.77
457,503.631142495425,83870,838.7
458,503.715670301062,79941,799.41
459,503.800197971871,77534,775.34
460,503.884725508095,76079,760.79
461,503.969252909981,78234,782.34
462,504.053780177773,81820,818.2
463,504.138307311717,81431,814.31
464,504.222834312058,82029,820.29
465,504.307361179041,81893,818.93
466,504.39188791291,82395,823.95
467,504.476414513912,82888,828.88
468,504.560940982291,95020,950.2
469,504.645467318292,96404,964.04
470,504.729993522161,86879,868.79
471,504.814519594143,84234,842.34
472,504.899045534482,84198,841.98
473,504.983571343424,85927,859.27
474,505.068097021215,87100,871
475,505.152622568098,86834,868.34
476,505.23714798432,96342,963.42
477,505.321673270126,95874,958.74
478,505.40619842576,87072,870.72
479,505.490723451468,81781,817.81
480,505.575248347494,81108,811.08
481,505.659773114085,80069,800.69
482,505.744297751485,103378,1033.78
483,505.828822259939,112309,1123.09
484,505.913346639693,98681,986.81
485,505.997870890991,88611,886.11
486,506.082395014079,82901,829.01
487,506.166919009201,79716,797.16
488,506.251442876604,77430,774.3
489,506.335966616531,78964,789.64
490,506.420490229229,79020,790.2
491,506.505013714942,77462,774.62
492,506.589537073916,76917,769.17
493,506.674060306396,78827,788.27
494,506.758583412626,79439,794.39
495,506.843106392852,77901,779.01
496,506.927629247319,76626,766.26
497,507.012151976272,75786,757.86
498,507.096674579957,78459,784.59
499,507.181197058618,79698,796.98
500,507.2657194125,78240,782.4
501,507.350241641849,103225,1032.25
502,507.43476374691,113107,1131.07
503,507.519285727928,99438,994.38
504,507.603807585148,89000,890
505,507.688329318816,83165,831.65
506,507.772850929175,82735,827.35
507,507.857372416473,84455,844.55
508,507.941893780953,82502,825.02
509,508.02641502286,79569,795.69
510,508.110936142441,77687,776.87
511,508.195457139939,79227,792.27
512,508.279978015601,79149,791.49
513,508.364498769671,77691,776.91
514,508.449019402395,76949,769.49
515,508.533539914017,76190,761.9
516,508.618060304783,78195,781.95
517,508.702580574937,78537,785.37
518,508.787100724726,77271,772.71
519,508.871620754394,77754,777.54
520,508.956140664186,90576,905.76
521,509.040660454347,97269,972.69
522,509.125180125123,103802,1038.02
523,509.209699676758,100868,1008.68
524,509.294219109499,106659,1066.59
525,509.378738423589,104482,1044.82
526,509.463257619274,95032,950.32
527,509.5477766968,88425,884.25
528,509.632295656411,82048,820.48
529,509.716814498352,78410,784.1
530,509.801333222869,76444,764.44
531,509.885851830207,75395,753.95
532,509.97037032061,75420,754.2
533,510.054888694324,75348,753.48
534,510.139406951595,78051,780.51
535,510.223925092667,78644,786.44
536,510.308443117785,76825,768.25
537,510.392961027195,76184,761.84
538,510.477478821141,78823,788.23
539,510.56199649987,82455,824.55
540,510.646514063625,84701,847.01
541,510.731031512652,86168,861.68
542,510.815548847197,83373,833.73
543,510.900066067503,79970,799.7
544,510.984583173818,77731,777.31
545,511.069100166384,79167,791.67
546,511.153617045449,79177,791.77
547,511.238133811256,80201,802.01
548,511.322650464052,79629,796.29
549,511.407167004081,77135,771.35
550,511.491683431587,82259,822.59
551,511.576199746818,83347,833.47
552,511.660715950017,82665,826.65
553,511.745232041429,81384,813.84
554,511.829748021301,78711,787.11
555,511.914263889876,77309,773.09
556,511.9987796474,77487,774.87
557,512.083295294119,76874,768.74
558,512.167810830277,76304,763.04
559,512.252326256119,78418,784.18
560,512.336841571891,81202,812.02
561,512.421356777838,93364,933.64
562,512.505871874205,94908,949.08
563,512.590386861236,89675,896.75
564,512.674901739178,85440,854.4
565,512.759416508275,81152,811.52
566,512.843931168773,78713,787.13
567,512.928445720916,80146,801.46
568,513.01296016495,82647,826.47
569,513.097474501119,81108,811.08
570,513.18198872967,78415,784.15
571,513.266502850847,77152,771.52
572,513.351016864895,79386,793.86
573,513.435530772059,79770,797.7
574,513.520044572585,77750,777.5
575,513.604558266717,76533,765.33
576,513.689071854701,82190,821.9
577,513.773585336782,85385,853.85
578,513.858098713206,85921,859.21
579,513.942611984216,87147,871.47
580,514.027125150058,89885,898.85
581,514.111638210978,91106,911.06
582,514.196151167221,86932,869.32
583,514.280664019031,81883,818.83
584,514.365176766654,79416,794.16
585,514.449689410336,80207,802.07
586,514.53420195032,82357,823.57
587,514.618714386852,81262,812.62
588,514.703226720178,78540,785.4
589,514.787738950542,76782,767.82
590,514.87225107819,75726,757.26
591,514.956763103367,75313,753.13
592,515.041275026318,75134,751.34
593,515.125786847287,81873,818.73
594,515.210298566521,83554,835.54
595,515.294810184265,79750,797.5
596,515.379321700762,77891,778.91
597,515.463833116259,77245,772.45
598,515.548344431001,76493,764.93
599,515.632855645233,79082,790.82
600,515.7173667592,79487,794.87
601,515.801877773147,78911,789.11
602,515.886388687319,80968,809.68
603,515.970899501962,80278,802.78
604,516.05541021732,77763,777.63
605,516.139920833639,76166,761.66
606,516.224431351163,75481,754.81
607,516.308941770138,75467,754.67
608,516.39345209081,75417,754.17
609,516.477962313423,75263,752.63
610,516.562472438222,77962,779.62
611,516.646982465452,81732,817.32
612,516.731492395359,85945,859.45
613,516.816002228188,85408,854.08
614,516.900511964184,81473,814.73
615,516.985021603591,84661,846.61
616,517.069531146656,90445,904.45
617,517.154040593623,97415,974.15
618,517.238549944738,94584,945.84
619,517.323059200245,89351,893.51
620,517.40756836039,85566,855.66
621,517.492077425417,81343,813.43
622,517.576586395573,78893,788.93
623,517.661095271101,102806,1028.06
624,517.745604052248,108948,1089.48
625,517.830112739258,94777,947.77
626,517.914621332376,92968,929.68
627,517.999129831848,90339,903.39
628,518.083638237919,84486,844.86
629,518.168146550834,80586,805.86
630,518.252654770838,78028,780.28
631,518.337162898176,77032,770.32
632,518.421670933093,76531,765.31
633,518.506178875835,76378,763.78
634,518.590686726646,76018,760.18
635,518.675194485772,76250,762.5
636,518.759702153457,79190,791.9
637,518.844209729948,79614,796.14
638,518.928717215489,77776,777.76
639,519.013224610325,79820,798.2
640,519.097731914701,80744,807.44
641,519.182239128863,79237,792.37
642,519.266746253055,78224,782.24
643,519.351253287523,77708,777.08
644,519.435760232512,77324,773.24
645,519.520267088267,77121,771.21
646,519.604773855033,76722,767.22
647,519.689280533056,76440,764.4
648,519.77378712258,76486,764.86
649,519.85829362385,76262,762.62
650,519.942800037113,79558,795.58
651,520.027306362612,80305,803.05
652,520.111812600593,78219,782.19
653,520.196318751301,77200,772
654,520.280824814981,76545,765.45
655,520.365330791879,76111,761.11
656,520.449836682239,76381,763.81
657,520.534342486307,76947,769.47
658,520.618848204327,77176,771.76
659,520.703353836546,79759,797.59
660,520.787859383207,80209,802.09
661,520.872364844557,84263,842.63
662,520.95687022084,101657,1016.57
663,521.041375512301,102799,1027.99
664,521.125880719186,91662,916.62
665,521.21038584174,85132,851.32
666,521.294890880208,92716,927.16
667,521.379395834834,93688,936.88
668,521.463900705865,89311,893.11
669,521.548405493545,86157,861.57
670,521.632910198119,82281,822.81
671,521.717414819833,80007,800.07
672,521.801919358931,78806,788.06
673,521.88642381566,77922,779.22
674,521.970928190263,80717,807.17
675,522.055432482986,190620,1906.2
676,522.139936694074,219257,2192.57
677,522.224440823773,162565,1625.65
678,522.308944872327,128444,1284.44
679,522.393448839982,107048,1070.48
680,522.477952726982,97770,977.7
681,522.562456533574,106549,1065.49
682,522.646960260001,104903,1049.03
683,522.731463906509,97367,973.67
684,522.815967473344,94704,947.04
685,522.90047096075,89601,896.01
686,522.984974368973,84496,844.96
687,523.069477698257,81555,815.55
688,523.153980948848,79865,798.65
689,523.238484120991,79190,791.9
690,523.322987214931,79134,791.34
691,523.407490230914,81948,819.48
692,523.491993169183,86125,861.25
693,523.576496029985,116665,1166.65
694,523.660998813565,122423,1224.23
695,523.745501520167,129803,1298.03
696,523.830004150038,126174,1261.74
697,523.914506703421,106812,1068.12
698,523.999009180562,95263,952.63
699,524.083511581707,87823,878.23
700,524.1680139071,83855,838.55
701,524.252516156987,81809,818.09
702,524.337018331612,80693,806.93
703,524.421520431221,83178,831.78
704,524.506022456059,83826,838.26
705,524.590524406371,82037,820.37
706,524.675026282403,99352,993.52
707,524.759528084398,104269,1042.69
708,524.844029812603,94065,940.65
709,524.928531467263,87759,877.59
710,525.013033048623,99702,997.02
711,525.097534556927,102714,1027.14
712,525.182035992421,93840,938.4
713,525.266537355351,88228,882.28
714,525.351038645961,85241,852.41
715,525.435539864496,86914,869.14
716,525.520041011202,86640,866.4
717,525.604542086324,84579,845.79
718,525.689043090106,90766,907.66
719,525.773544022794,91899,918.99
720,525.858044884634,91406,914.06
721,525.942545675869,90101,901.01
722,526.027046396746,86599,865.99
723,526.11154704751,84931,849.31
724,526.196047628405,84109,841.09
725,526.280548139677,87050,870.5
726,526.36504858157,87920,879.2
727,526.449548954331,86092,860.92
728,526.534049258204,85440,854.4
729,526.618549493434,88113,881.13
730,526.703049660267,88351,883.51
731,526.787549758947,86669,866.69
732,526.87204978972,88622,886.22
733,526.956549752831,89094,890.94
734,527.041049648525,87462,874.62
735,527.125549477046,86241,862.41
736,527.210049238641,101652,1016.52
737,527.294548933555,107678,1076.78
738,527.379048562032,99687,996.87
739,527.463548124317,93768,937.68
740,527.548047620657,91625,916.25
741,527.632547051295,89993,899.93
742,527.717046416477,88841,888.41
743,527.801545716449,92970,929.7
744,527.886044951455,94379,943.79
745,527.97054412174,99669,996.69
746,528.05504322755,100009,1000.09
747,528.139542269129,95214,952.14
748,528.224041246724,93914,939.14
749,528.308540160578,95534,955.34
750,528.393039010938,95247,952.47
751,528.477537798047,92835,928.35
752,528.562036522152,93865,938.65
753,528.646535183498,96681,966.81
754,528.731033782329,98430,984.3
755,528.815532318891,96811,968.11
756,528.900030793429,94318,943.18
757,528.984529206188,92813,928.13
758,529.069027557414,92335,923.35
759,529.15352584735,92116,921.16
760,529.238024076243,91902,919.02
761,529.322522244338,91782,917.82
762,529.407020351879,92039,920.39
763,529.491518399112,92659,926.59
764,529.576016386283,93126,931.26
765,529.660514313635,93242,932.42
766,529.745012181415,93193,931.93
767,529.829509989866,93259,932.59
768,529.914007739236,93484,934.84
769,529.998505429768,96660,966.6
770,530.083003061708,98196,981.96
771,530.167500635301,97173,971.73
772,530.251998150792,96392,963.92
773,530.336495608426,96854,968.54
774,530.420993008449,100050,1000.5
775,530.505490351105,103852,1038.52
776,530.589987636639,105848,1058.48
777,530.674484865298,107008,1070.08
778,530.758982037325,105107,1051.07
779,530.843479152966,101958,1019.58
780,530.927976212466,100029,1000.29
781,531.012473216071,99368,993.68
782,531.096970164025,142398,1423.98
783,531.181467056574,156428,1564.28
784,531.265963893962,132924,1329.24
785,531.350460676435,116842,1168.42
786,531.434957404238,107381,1073.81
787,531.519454077616,101598,1015.98
788,531.603950696814,99384,993.84
789,531.688447262078,97466,974.66
790,531.772943773652,94369,943.69
791,531.857440231782,91306,913.06
792,531.941936636713,88819,888.19
793,532.026432988689,89795,897.95
794,532.110929287956,89035,890.35
795,532.19542553476,89163,891.63
796,532.279921729345,88022,880.22
797,532.364417871956,84905,849.05
798,532.448913962839,82653,826.53
799,532.533410002239,81259,812.59
800,532.6179059904,80617,806.17
801,532.702401927568,79815,798.15
802,532.786897813989,79104,791.04
803,532.871393649906,84570,845.7
804,532.955889435567,88773,887.73
805,533.040385171214,86175,861.75
806,533.124880857094,108454,1084.54
807,533.209376493452,113120,1131.2
808,533.293872080533,97746,977.46
809,533.378367618582,88609,886.09
810,533.462863107844,103598,1035.98
811,533.547358548564,106023,1060.23
812,533.631853940988,96320,963.2
813,533.71634928536,89763,897.63
814,533.800844581926,93615,936.15
815,533.885339830931,92681,926.81
816,533.96983503262,85952,859.52
817,534.054330187238,81840,818.4
818,534.13882529503,81903,819.03
819,534.223320356242,81348,813.48
820,534.307815371118,79005,790.05
821,534.392310339903,77279,772.79
822,534.476805262844,76225,762.25
823,534.561300140184,75906,759.06
824,534.64579497217,81621,816.21
825,534.730289759045,83080,830.8
826,534.814784501056,82630,826.3
827,534.899279198448,82140,821.4
828,534.983773851465,79478,794.78
829,535.068268460352,80361,803.61
830,535.152763025356,88801,888.01
831,535.23725754672,105661,1056.61
832,535.321752024691,105703,1057.03
833,535.406246459513,93895,938.95
834,535.490740851431,86114,861.14
835,535.575235200691,81736,817.36
836,535.659729507538,79285,792.85
837,535.744223772216,428591,4285.91
838,535.828717994971,527405,5274.05
839,535.913212176048,338384,3383.84
840,535.997706315693,226029,2260.29
841,536.08220041415,170371,1703.71
842,536.166694471664,135923,1359.23
843,536.251188488481,110600,1106
844,536.335682464845,95986,959.86
845,536.420176401003,87840,878.4
846,536.504670297198,83032,830.32
847,536.589164153677,79913,799.13
848,536.673657970684,78034,780.34
849,536.758151748464,77709,777.09
850,536.842645487263,77346,773.46
851,536.927139187325,76713,767.13
852,537.011632848896,79474,794.74
853,537.096126472221,80662,806.62
854,537.180620057546,82592,825.92
855,537.265113605114,85061,850.61
856,537.349607115172,83224,832.24
857,537.434100587964,81090,810.9
858,537.518594023736,79511,795.11
859,537.603087422733,78234,782.34
860,537.687580785199,77694,776.94
861,537.772074111381,80030,800.3
862,537.856567401522,90076,900.76
863,537.941060655869,101182,1011.82
864,538.025553874667,98361,983.61
865,538.11004705816,91402,914.02
866,538.194540206593,90554,905.54
867,538.279033320213,96989,969.89
868,538.363526399263,112618,1126.18
869,538.44801944399,136051,1360.51
870,538.532512454637,162479,1624.79
871,538.617005431451,188005,1880.05
872,538.701498374677,204678,2046.78
873,538.785991284559,210991,2109.91
874,538.870484161343,206724,2067.24
875,538.954977005273,197573,1975.73
876,539.039469816596,184046,1840.46
877,539.123962595556,168640,1686.4
878,539.208455342398,162376,1623.76
879,539.292948057368,158220,1582.2
880,539.37744074071,148891,1488.91
881,539.46193339267,142979,1429.79
882,539.546426013493,139954,1399.54
883,539.630918603424,139178,1391.78
884,539.715411162708,133259,1332.59
885,539.79990369159,126841,1268.41
886,539.884396190315,121003,1210.03
887,539.968888659129,136968,1369.68
888,540.053381098277,142801,1428.01
889,540.137873508003,126538,1265.38
890,540.222365888553,111815,1118.15
891,540.306858240173,101940,1019.4
892,540.391350563106,94393,943.93
893,540.475842857599,94670,946.7
894,540.560335123896,92517,925.17
895,540.644827362243,89650,896.5
896,540.729319572884,89671,896.71
897,540.813811756066,86707,867.07
898,540.898303912032,82674,826.74
899,540.982796041028,80045,800.45
900,541.0672881433,78321,783.21
901,541.151780219092,78141,781.41
902,541.23627226865,77987,779.87
903,541.320764292218,77524,775.24
904,541.405256290042,78107,781.07
905,541.489748262367,80983,809.83
906,541.574240209438,86069,860.69
907,541.6587321315,86519,865.19
908,541.743224028798,87646,876.46
909,541.827715901578,87871,878.71
910,541.912207750085,86749,867.49
911,541.996699574563,88575,885.75
912,542.081191375258,91828,918.28
913,542.165683152415,99221,992.21
914,542.250174906279,105318,1053.18
915,542.334666637096,110284,1102.84
916,542.41915834511,117806,1178.06
917,542.503650030566,146852,1468.52
918,542.58814169371,166617,1666.17
919,542.672633334787,176748,1767.48
920,542.757124954042,187459,1874.59
921,542.841616551719,198706,1987.06
922,542.926108128065,217606,2176.06
923,543.010599683325,236934,2369.34
924,543.095091217743,255442,2554.42
925,543.179582731564,299379,2993.79
926,543.264074225034,324560,3245.6
927,543.348565698398,329426,3294.26
928,543.433057151901,338981,3389.81
929,543.517548585789,350592,3505.92
930,543.602040000305,368417,3684.17
931,543.686531395696,384174,3841.74
932,543.771022772206,392954,3929.54
933,543.855514130081,403613,4036.13
934,543.940005469566,415759,4157.59
935,544.024496790906,422783,4227.83
936,544.108988094346,434875,4348.75
937,544.193479380131,445420,4454.2
938,544.277970648506,449456,4494.56
939,544.362461899717,453625,4536.25
940,544.446953134009,462007,4620.07
941,544.531444351626,467568,4675.68
942,544.615935552814,472113,4721.13
943,544.700426737818,477449,4774.49
944,544.784917906884,481474,4814.74
945,544.869409060255,487821,4878.21
946,544.953900198178,492061,4920.61
947,545.038391320898,493101,4931.01
948,545.122882428659,493501,4935.01
949,545.207373521708,493106,4931.06
950,545.291864600288,493857,4938.57
951,545.376355664645,495582,4955.82
952,545.460846715024,526058,5260.58
953,545.545337751671,534951,5349.51
954,545.62982877483,520892,5208.92
955,545.714319784747,516599,5165.99
956,545.798810781666,517956,5179.56
957,545.883301765834,516897,5168.97
958,545.967792737495,518261,5182.61
959,546.052283696893,520264,5202.64
960,546.136774644275,524350,5243.5
961,546.221265579886,526902,5269.02
962,546.30575650397,527667,5276.67
963,546.390247416772,529697,5296.97
964,546.474738318539,531649,5316.49
965,546.559229209514,534047,5340.47
966,546.643720089944,536736,5367.36
967,546.728210960073,538939,5389.39
968,546.812701820146,542625,5426.25
969,546.897192670409,548316,5483.16
970,546.981683511106,549174,5491.74
971,547.066174342483,547669,5476.69
972,547.150665164785,548912,5489.12
973,547.235155978257,552257,5522.57
974,547.319646783145,552998,5529.98
975,547.404137579692,552276,5522.76
976,547.488628368145,552730,5527.3
977,547.573119148749,553097,5530.97
978,547.657609921748,554126,5541.26
979,547.742100687388,559196,5591.96
980,547.826591445914,562147,5621.47
981,547.911082197572,563307,5633.07
982,547.995572942605,566068,5660.68
983,548.08006368126,567887,5678.87
984,548.164554413782,569471,5694.71
985,548.249045140415,571238,5712.38
986,548.333535861404,572832,5728.32
987,548.418026576996,589387,5893.87
988,548.502517287435,594829,5948.29
989,548.587007992966,588506,5885.06
990,548.671498693834,584344,5843.44
991,548.755989390285,586861,5868.61
992,548.840480082563,590176,5901.76
993,548.924970770915,587218,5872.18
994,549.009461455584,584111,5841.11
995,549.093952136815,585557,5855.57
996,549.178442814856,585594,5855.94
997,549.262933489949,583422,5834.22
998,549.347424162341,590050,5900.5
999,549.431914832276,592943,5929.43
1000,549.5164055,589421,5894.21
1001,549.600896165758,589824,5898.24
1002,549.685386829794,590927,5909.27
1003,549.769877492355,590402,5904.02
1004,549.854368153685,590994,5909.94
1005,549.938858814029,608457,6084.57
1006,550.023349473633,615489,6154.89
1007,550.107840132742,610743,6107.43
1008,550.1923307916,605966,6059.66
1009,550.276821450453,601080,6010.8
1010,550.361312109546,598691,5986.91
1011,550.445802769124,600474,6004.74
1012,550.530293429432,601008,6010.08
1013,550.614784090716,598911,5989.11
1014,550.69927475322,597176,5971.76
1015,550.78376541719,595657,5956.57
1016,550.868256082871,594239,5942.39
1017,550.952746750508,594435,5944.35
1018,551.037237420346,597722,5977.22
1019,551.12172809263,599032,5990.32
1020,551.206218767606,597742,5977.42
1021,551.290709445518,596798,5967.98
1022,551.375200126611,596417,5964.17
1023,551.459690811131,599991,5999.91
1024,551.544181499323,600860,6008.6
1025,551.628672191433,599285,5992.85
1026,551.713162887704,598876,5988.76
1027,551.797653588383,599024,5990.24
1028,551.882144293714,598955,5989.55
1029,551.966635003943,599086,5990.86
1030,552.051125719314,602228,6022.28
1031,552.135616440073,607843,6078.43
1032,552.220107166465,607343,6073.43
1033,552.304597898735,605086,6050.86
1034,552.389088637129,603414,6034.14
1035,552.473579381891,619897,6198.97
1036,552.558070133266,622360,6223.6
1037,552.6425608915,610479,6104.79
1038,552.727051656838,603525,6035.25
1039,552.811542429524,621816,6218.16
1040,552.896033209805,624536,6245.36
1041,552.980523997925,613169,6131.69
1042,553.065014794129,605039,6050.39
1043,553.149505598662,598354,5983.54
1044,553.23399641177,594565,5945.65
1045,553.318487233698,595267,5952.67
1046,553.402978064691,607041,6070.41
1047,553.487468904993,617447,6174.47
1048,553.571959754851,611730,6117.3
1049,553.656450614509,602008,6020.08
1050,553.740941484213,596524,5965.24
1051,553.825432364206,599024,5990.24
1052,553.909923254736,598861,5988.61
1053,553.994414156046,600548,6005.48
1054,554.078905068382,599495,5994.95
1055,554.16339599199,594674,5946.74
1056,554.247886927113,591749,5917.49
1057,554.332377873998,609605,6096.05
1058,554.416868832889,612757,6127.57
1059,554.501359804032,600400,6004
1060,554.585850787671,593102,5931.02
1061,554.670341784053,588389,5883.89
1062,554.754832793421,585134,5851.34
1063,554.839323816021,582498,5824.98
1064,554.923814852099,580771,5807.71
1065,555.008305901899,578909,5789.09
1066,555.092796965667,583033,5830.33
1067,555.177288043647,582655,5826.55
1068,555.261779136085,602133,6021.33
1069,555.346270243226,605895,6058.95
1070,555.430761365315,593875,5938.75
1071,555.515252502597,587996,5879.96
1072,555.599743655318,582631,5826.31
1073,555.684234823722,577561,5775.61
1074,555.768726008055,577155,5771.55
1075,555.853217208561,578223,5782.23
1076,555.937708425486,574759,5747.59
1077,556.022199659075,592027,5920.27
1078,556.106690909574,595344,5953.44
1079,556.191182177226,585403,5854.03
1080,556.275673462278,577636,5776.36
1081,556.360164764975,572607,5726.07
1082,556.444656085561,573223,5732.23
1083,556.529147424282,569787,5697.87
1084,556.613638781383,565511,5655.11
1085,556.698130157109,562138,5621.38
1086,556.782621551706,561989,5619.89
1087,556.867112965417,560845,5608.45
1088,556.951604398489,561939,5619.39
1089,557.036095851167,565322,5653.22
1090,557.120587323695,561444,5614.44
1091,557.20507881632,554302,5543.02
1092,557.289570329285,549026,5490.26
1093,557.374061862836,548920,5489.2
1094,557.458553417219,548328,5483.28
1095,557.543044992678,547308,5473.08
1096,557.627536589459,545179,5451.79
1097,557.712028207806,545868,5458.68
1098,557.796519847966,544576,5445.76
1099,557.881011510182,546096,5460.96
1100,557.9655031947,548572,5485.72
1101,558.049994901765,544784,5447.84
1102,558.134486631623,539032,5390.32
1103,558.218978384519,535622,5356.22
1104,558.303470160697,536270,5362.7
1105,558.387961960402,534949,5349.49
1106,558.472453783881,533987,5339.87
1107,558.556945631378,534063,5340.63
1108,558.641437503137,558295,5582.95
1109,558.725929399405,571271,5712.71
1110,558.810421320427,557466,5574.66
1111,558.894913266447,542538,5425.38
1112,558.97940523771,533859,5338.59
1113,559.063897234463,530873,5308.73
1114,559.14838925695,530434,5304.34
1115,559.232881305415,526548,5265.48
1116,559.317373380105,521137,5211.37
1117,559.401865481264,521007,5210.07
1118,559.486357609138,519437,5194.37
1119,559.570849763971,515135,5151.35
1120,559.65534194601,512333,5123.33
1121,559.739834155498,513698,5136.98
1122,559.824326392681,512430,5124.3
1123,559.908818657804,511719,5117.19
1124,559.993310951113,510069,5100.69
1125,560.077803272852,506561,5065.61
1126,560.162295623266,504011,5040.11
1127,560.246788002602,501808,5018.08
1128,560.331280411103,502769,5027.69
1129,560.415772849015,504969,5049.69
1130,560.500265316583,505871,5058.71
1131,560.584757814052,509031,5090.31
1132,560.669250341668,506311,5063.11
1133,560.753742899676,499479,4994.79
1134,560.83823548832,498052,4980.52
1135,560.922728107845,496031,4960.31
1136,561.007220758498,492342,4923.42
1137,561.091713440523,490148,4901.48
1138,561.176206154165,487801,4878.01
1139,561.260698899669,485927,4859.27
1140,561.345191677281,484152,4841.52
1141,561.429684487245,481726,4817.26
1142,561.514177329807,479709,4797.09
1143,561.598670205212,478103,4781.03
1144,561.683163113705,476974,4769.74
1145,561.767656055531,475110,4751.1
1146,561.852149030935,476070,4760.7
1147,561.936642040163,478609,4786.09
1148,562.021135083459,476419,4764.19
1149,562.105628161069,472580,4725.8
1150,562.190121273237,472759,4727.59
1151,562.27461442021,470800,4708
1152,562.359107602232,477153,4771.53
1153,562.443600819547,477098,4770.98
1154,562.528094072403,473182,4731.82
1155,562.612587361042,477176,4771.76
1156,562.697080685712,477244,4772.44
1157,562.781574046656,473249,4732.49
1158,562.866067444119,484219,4842.19
1159,562.950560878348,483286,4832.86
1160,563.035054349587,470623,4706.23
1161,563.119547858082,466147,4661.47
1162,563.204041404076,462678,4626.78
1163,563.288534987816,458912,4589.12
1164,563.373028609547,455595,4555.95
1165,563.457522269514,452652,4526.52
1166,563.542015967961,450279,4502.79
1167,563.626509705135,450879,4508.79
1168,563.71100348128,452798,4527.98
1169,563.795497296641,450378,4503.78
1170,563.879991151464,445637,4456.37
1171,563.964485045993,442749,4427.49
1172,564.048978980475,441178,4411.78
1173,564.133472955153,440081,4400.81
1174,564.217966970273,438108,4381.08
1175,564.30246102608,438746,4387.46
1176,564.386955122819,441040,4410.4
1177,564.471449260736,441567,4415.67
1178,564.555943440075,438249,4382.49
1179,564.640437661083,433969,4339.69
1180,564.724931924002,495265,4952.65
1181,564.80942622908,514362,5143.62
1182,564.893920576561,479277,4792.77
1183,564.97841496669,458857,4588.57
1184,565.062909399713,446293,4462.93
1185,565.147403875874,446321,4463.21
1186,565.231898395419,442732,4427.32
1187,565.316392958592,433209,4332.09
1188,565.400887565639,427201,4272.01
1189,565.485382216806,423837,4238.37
1190,565.569876912336,421478,4214.78
1191,565.654371652476,419716,4197.16
1192,565.73886643747,420548,4205.48
1193,565.823361267564,420280,4202.8
1194,565.907856143003,436053,4360.53
1195,565.992351064031,439464,4394.64
1196,566.076846030894,428293,4282.93
1197,566.161341043838,420375,4203.75
1198,566.245836103106,415151,4151.51
1199,566.330331208945,412944,4129.44
1200,566.4148263616,410895,4108.95
1201,566.499321561315,411753,4117.53
1202,566.583816808336,411536,4115.36
1203,566.668312102908,411830,4118.3
1204,566.752807445276,409590,4095.9
1205,566.837302835685,406957,4069.57
1206,566.92179827438,406995,4069.95
1207,567.006293761607,405177,4051.77
1208,567.090789297611,402806,4028.06
1209,567.175284882636,405497,4054.97
1210,567.259780516928,404955,4049.55
1211,567.344276200732,401156,4011.56
1212,567.428771934293,398837,3988.37
1213,567.513267717856,399940,3999.4
1214,567.597763551667,399278,3992.78
1215,567.68225943597,396029,3960.29
1216,567.766755371011,412765,4127.65
1217,567.851251357034,416858,4168.58
1218,567.935747394286,406114,4061.14
1219,568.020243483011,405885,4058.85
1220,568.104739623454,403140,4031.4
1221,568.18923581586,417157,4171.57
1222,568.273732060474,419012,4190.12
1223,568.358228357543,405581,4055.81
1224,568.442724707309,397560,3975.6
1225,568.52722111002,392234,3922.34
1226,568.61171756592,388693,3886.93
1227,568.696214075254,386502,3865.02
1228,568.780710638267,384629,3846.29
1229,568.865207255205,383236,3832.36
1230,568.949703926312,383015,3830.15
1231,569.034200651834,384751,3847.51
1232,569.118697432015,383628,3836.28
1233,569.203194267102,380752,3807.52
1234,569.287691157338,381632,3816.32
1235,569.37218810297,386170,3861.7
1236,569.456685104242,394943,3949.43
1237,569.5411821614,394399,3943.99
1238,569.625679274688,386871,3868.71
1239,569.710176444352,384655,3846.55
1240,569.794673670637,381522,3815.22
1241,569.879170953788,377164,3771.64
1242,569.96366829405,377672,3776.72
1243,570.048165691668,383257,3832.57
1244,570.132663146887,382127,3821.27
1245,570.217160659954,383589,3835.89
1246,570.301658231112,382481,3824.81
1247,570.386155860606,377304,3773.04
1248,570.470653548683,373656,3736.56
1249,570.555151295587,370875,3708.75
1250,570.639649101562,368867,3688.67
1251,570.724146966856,367506,3675.06
1252,570.808644891712,369379,3693.79
1253,570.893142876375,373881,3738.81
1254,570.977640921091,373783,3737.83
1255,571.062139026105,372215,3722.15
1256,571.146637191662,386221,3862.21
1257,571.231135418007,386829,3868.29
1258,571.315633705386,374678,3746.78
1259,571.400132054043,370956,3709.56
1260,571.484630464223,370868,3708.68
1261,571.569128936172,367259,3672.59
1262,571.653627470135,362377,3623.77
1263,571.738126066357,365389,3653.89
1264,571.822624725083,368622,3686.22
1265,571.907123446559,364864,3648.64
1266,571.991622231028,366269,3662.69
1267,572.076121078737,370209,3702.09
1268,572.160619989931,366476,3664.76
1269,572.245118964855,362564,3625.64
1270,572.329618003753,358904,3589.04
1271,572.414117106872,357799,3577.99
1272,572.498616274455,361327,3613.27
1273,572.583115506749,357868,3578.68
1274,572.667614803999,350920,3509.2
1275,572.752114166448,347441,3474.41
1276,572.836613594344,346421,3464.21
1277,572.921113087931,346212,3462.12
1278,573.005612647453,345979,3459.79
1279,573.090112273157,345621,3456.21
1280,573.174611965286,348826,3488.26
1281,573.259111724088,355138,3551.38
1282,573.343611549805,361744,3617.44
1283,573.428111442685,382455,3824.55
1284,573.512611402971,385317,3853.17
1285,573.597111430909,409118,4091.18
1286,573.681611526744,410795,4107.95
1287,573.766111690721,392192,3921.92
1288,573.850611923086,376520,3765.2
1289,573.935112224083,361440,3614.4
1290,574.019612593957,352996,3529.96
1291,574.104113032955,348803,3488.03
1292,574.18861354132,349032,3490.32
1293,574.273114119298,348223,3482.23
1294,574.357614767134,348259,3482.59
1295,574.442115485074,347108,3471.08
1296,574.526616273362,386345,3863.45
1297,574.611117132243,396155,3961.55
1298,574.695618061963,386749,3867.49
1299,574.780119062767,379159,3791.59
1300,574.8646201349,363922,3639.22
1301,574.949121278607,355897,3558.97
1302,575.033622494133,352627,3526.27
1303,575.118123781723,350265,3502.65
1304,575.202625141623,345390,3453.9
1305,575.287126574078,340165,3401.65
1306,575.371628079332,337265,3372.65
1307,575.456129657631,336041,3360.41
1308,575.54063130922,335543,3355.43
1309,575.625133034344,338344,3383.44
1310,575.709634833249,343681,3436.81
1311,575.794136706179,342340,3423.4
1312,575.878638653379,338051,3380.51
1313,575.963140675095,335285,3352.85
1314,576.047642771572,332691,3326.91
1315,576.132144943055,331611,3316.11
1316,576.216647189789,335467,3354.67
1317,576.301149512019,335653,3356.53
1318,576.38565190999,332623,3326.23
1319,576.470154383948,330723,3307.23
1320,576.554656934138,329753,3297.53
1321,576.639159560804,332702,3327.02
1322,576.723662264192,333532,3335.32
1323,576.808165044547,358946,3589.46
1324,576.892667902114,367234,3672.34
1325,576.977170837139,351180,3511.8
1326,577.061673849866,339103,3391.03
1327,577.146176940541,332458,3324.58
1328,577.230680109408,329600,3296
1329,577.315183356713,327611,3276.11
1330,577.399686682701,328443,3284.43
1331,577.484190087617,348441,3484.41
1332,577.568693571706,351208,3512.08
1333,577.653197135214,338291,3382.91
1334,577.737700778385,333750,3337.5
1335,577.822204501465,329808,3298.08
1336,577.906708304698,325182,3251.82
1337,577.991212188331,351199,3511.99
1338,578.075716152607,357671,3576.71
1339,578.160220197773,344990,3449.9
1340,578.244724324073,336568,3365.68
1341,578.329228531752,335370,3353.7
1342,578.413732821056,336081,3360.81
1343,578.49823719223,330923,3309.23
1344,578.582741645518,325629,3256.29
1345,578.667246181166,324938,3249.38
1346,578.75175079942,323613,3236.13
1347,578.836255500524,324161,3241.61
1348,578.920760284723,330179,3301.79
1349,579.005265152262,329061,3290.61
1350,579.089770103388,323850,3238.5
1351,579.174275138344,320408,3204.08
1352,579.258780257375,318071,3180.71
1353,579.343285460728,316600,3166
1354,579.427790748647,315529,3155.29
1355,579.512296121378,314528,3145.28
1356,579.596801579165,313714,3137.14
1357,579.681307122253,314126,3141.26
1358,579.765812750888,313576,3135.76
1359,579.850318465315,312055,3120.55
1360,579.934824265779,311135,3111.35
1361,580.019330152525,310225,3102.25
1362,580.103836125799,326281,3262.81
1363,580.188342185844,330644,3306.44
1364,580.272848332908,324092,3240.92
1365,580.357354567233,319282,3192.82
1366,580.441860889067,314559,3145.59
1367,580.526367298654,311496,3114.96
1368,580.610873796238,315691,3156.91
1369,580.695380382066,316326,3163.26
1370,580.779887056382,312107,3121.07
1371,580.864393819432,313135,3131.35
1372,580.94890067146,312299,3122.99
1373,581.033407612712,308732,3087.32
1374,581.117914643433,307447,3074.47
1375,581.202421763867,306613,3066.13
1376,581.286928974261,305316,3053.16
1377,581.371436274859,307068,3070.68
1378,581.455943665907,307304,3073.04
1379,581.540451147649,308517,3085.17
1380,581.62495872033,307857,3078.57
1381,581.709466384197,304848,3048.48
1382,581.793974139493,303747,3037.47
1383,581.878481986465,309180,3091.8
1384,581.962989925357,309963,3099.63
1385,582.047497956414,312501,3125.01
1386,582.132006079881,313844,3138.44
1387,582.216514296004,309807,3098.07
1388,582.301022605028,306053,3060.53
1389,582.385531007198,311999,3119.99
1390,582.470039502758,312821,3128.21
1391,582.554548091955,307016,3070.16
1392,582.639056775033,303557,3035.57
1393,582.723565552238,301348,3013.48
1394,582.808074423814,300292,3002.92
1395,582.892583390007,299137,2991.37
1396,582.977092451061,304358,3043.58
1397,583.061601607223,305693,3056.93
1398,583.146110858736,303018,3030.18
1399,583.230620205847,302304,3023.04
1400,583.3151296488,299780,2997.8
1401,583.399639187841,299893,2998.93
1402,583.484148823214,298933,2989.33
1403,583.568658555165,296750,2967.5
1404,583.653168383939,295413,2954.13
1405,583.73767830978,300148,3001.48
1406,583.822188332935,301375,3013.75
1407,583.906698453649,299919,2999.19
1408,583.991208672165,298080,2980.8
1409,584.075718988731,295252,2952.52
1410,584.16022940359,295985,2959.85
1411,584.244739916987,295219,2952.19
1412,584.329250529169,292565,2925.65
1413,584.41376124038,290864,2908.64
1414,584.498272050865,290563,2905.63
1415,584.58278296087,290842,2908.42
1416,584.667293970638,298456,2984.56
1417,584.751805080417,306249,3062.49
1418,584.83631629045,303097,3030.97
1419,584.920827600983,296988,2969.88
1420,585.005339012262,293496,2934.96
1421,585.08985052453,294167,2941.67
1422,585.174362138034,296024,2960.24
1423,585.258873853018,296434,2964.34
1424,585.343385669727,293943,2939.43
1425,585.427897588408,290138,2901.38
1426,585.512409609304,287502,2875.02
1427,585.596921732661,285872,2858.72
1428,585.681433958724,287099,2870.99
1429,585.765946287739,286955,2869.55
1430,585.85045871995,288465,2884.65
1431,585.934971255602,291383,2913.83
1432,586.019483894941,295991,2959.91
1433,586.103996638212,296988,2969.88
1434,586.18850948566,291808,2918.08
1435,586.27302243753,287376,2873.76
1436,586.357535494067,284737,2847.37
1437,586.442048655516,303745,3037.45
1438,586.526561922122,326073,3260.73
1439,586.611075294132,318537,3185.37
1440,586.695588771789,301986,3019.86
1441,586.780102355339,292780,2927.8
1442,586.864616045027,290401,2904.01
1443,586.949129841097,287231,2872.31
1444,587.033643743797,283077,2830.77
1445,587.118157753369,280953,2809.53
1446,587.20267187006,279622,2796.22
1447,587.287186094115,278569,2785.69
1448,587.371700425779,277954,2779.54
1449,587.456214865296,277366,2773.66
1450,587.540729412912,276810,2768.1
1451,587.625244068873,276375,2763.75
1452,587.709758833423,278797,2787.97
1453,587.794273706808,279760,2797.6
1454,587.878788689272,278379,2783.79
1455,587.963303781061,276993,2769.93
1456,588.047818982419,276410,2764.1
1457,588.132334293593,278341,2783.41
1458,588.216849714827,281249,2812.49
1459,588.301365246366,279579,2795.79
1460,588.385880888455,276319,2763.19
1461,588.47039664134,273955,2739.55
1462,588.554912505266,272112,2721.12
1463,588.639428480477,274320,2743.2
1464,588.72394456722,278646,2786.46
1465,588.808460765738,283736,2837.36
1466,588.892977076278,281568,2815.68
1467,588.977493499084,275622,2756.22
1468,589.062010034401,271591,2715.91
1469,589.146526682475,269073,2690.73
1470,589.231043443551,267257,2672.57
1471,589.315560317874,265805,2658.05
1472,589.400077305689,265175,2651.75
1473,589.48459440724,265119,2651.19
1474,589.569111622774,267524,2675.24
1475,589.653628952536,272444,2724.44
1476,589.73814639677,272025,2720.25
1477,589.822663955722,268482,2684.82
1478,589.907181629636,342873,3428.73
1479,589.991699418759,368751,3687.51
1480,590.076217323334,334828,3348.28
1481,590.160735343608,308726,3087.26
1482,590.245253479825,289076,2890.76
1483,590.329771732231,277294,2772.94
1484,590.41429010107,298015,2980.15
1485,590.498808586588,301572,3015.72
1486,590.58332718903,284371,2843.71
1487,590.667845908641,275989,2759.89
1488,590.752364745666,270584,2705.84
1489,590.83688370035,265703,2657.03
1490,590.921402772939,265947,2659.47
1491,591.005921963678,271181,2711.81
1492,591.090441272811,269749,2697.49
1493,591.174960700584,267888,2678.88
1494,591.259480247241,268309,2683.09
1495,591.343999913029,268477,2684.77
1496,591.428519698192,265965,2659.65
1497,591.513039602976,262373,2623.73
1498,591.597559627625,259988,2599.88
1499,591.682079772385,258387,2583.87
1500,591.7666000375,256886,2568.86
1501,591.851120423216,256748,2567.48
1502,591.935640929779,256701,2567.01
1503,592.020161557432,257770,2577.7
1504,592.104682306422,257487,2574.87
1505,592.189203176993,255814,2558.14
1506,592.273724169391,254903,2549.03
1507,592.35824528386,254379,2543.79
1508,592.442766520647,253831,2538.31
1509,592.527287879995,256710,2567.1
1510,592.611809362151,257812,2578.12
1511,592.696330967358,280113,2801.13
1512,592.780852695863,284749,2847.49
1513,592.865374547911,270233,2702.33
1514,592.949896523746,262018,2620.18
1515,593.034418623614,257298,2572.98
1516,593.11894084776,286739,2867.39
1517,593.203463196429,293671,2936.71
1518,593.287985669866,275113,2751.13
1519,593.372508268317,264142,2641.42
1520,593.457030992026,257805,2578.05
1521,593.541553841238,253938,2539.38
1522,593.626076816199,252056,2520.56
1523,593.710599917154,250735,2507.35
1524,593.795123144348,249460,2494.6
1525,593.879646498027,247900,2479
1526,593.964169978434,252858,2528.58
1527,594.048693585816,254745,2547.45
1528,594.133217320417,251349,2513.49
1529,594.217741182483,251785,2517.85
1530,594.302265172259,250911,2509.11
1531,594.38678928999,251158,2511.58
1532,594.47131353592,250007,2500.07
1533,594.555837910296,250005,2500.05
1534,594.640362413363,249030,2490.3
1535,594.724887045364,265659,2656.59
1536,594.809411806547,269558,2695.58
1537,594.893936697155,258415,2584.15
1538,594.978461717434,257493,2574.93
1539,595.062986867629,254921,2549.21
1540,595.147512147985,249464,2494.64
1541,595.232037558747,252067,2520.67
1542,595.316563100161,257785,2577.85
1543,595.401088772471,255442,2554.42
1544,595.485614575923,249429,2494.29
1545,595.570140510762,245831,2458.31
1546,595.654666577233,243405,2434.05
1547,595.73919277558,244494,2444.94
1548,595.82371910605,245738,2457.38
1549,595.908245568888,243848,2438.48
1550,595.992772164338,247113,2471.13
1551,596.077298892645,253516,2535.16
1552,596.161825754055,250625,2506.25
1553,596.246352748813,244194,2441.94
1554,596.330879877164,240439,2404.39
1555,596.415407139353,251433,2514.33
1556,596.499934535626,253971,2539.71
1557,596.584462066227,247492,2474.92
1558,596.668989731401,246153,2461.53
1559,596.753517531394,246456,2464.56
1560,596.838045466451,246002,2460.02
1561,596.922573536817,242475,2424.75
1562,597.007101742737,238733,2387.33
1563,597.091630084456,263052,2630.52
1564,597.17615856222,282403,2824.03
1565,597.260687176273,271904,2719.04
1566,597.345215926861,258831,2588.31
1567,597.429744814228,255500,2555
1568,597.51427383862,249080,2490.8
1569,597.598803000283,241054,2410.54
1570,597.68333229946,242535,2425.35
1571,597.767861736398,241403,2414.03
1572,597.852391311341,242251,2422.51
1573,597.936921024535,240836,2408.36
1574,598.021450876224,239227,2392.27
1575,598.105980866655,240293,2402.93
1576,598.190510996071,237419,2374.19
1577,598.275041264718,236264,2362.64
1578,598.359571672842,237281,2372.81
1579,598.444102220687,239045,2390.45
1580,598.528632908498,236659,2366.59
1581,598.613163736522,235473,2354.73
1582,598.697694705001,240745,2407.45
1583,598.782225814183,241855,2418.55
1584,598.866757064312,239608,2396.08
1585,598.951288455633,235739,2357.39
1586,599.035819988391,234076,2340.76
1587,599.120351662832,235268,2352.68
1588,599.2048834792,232872,2328.72
1589,599.289415437741,229213,2292.13
1590,599.3739475387,227223,2272.23
1591,599.458479782322,229515,2295.15
1592,599.543012168852,232530,2325.3
1593,599.627544698535,233530,2335.3
1594,599.712077371617,230930,2309.3
1595,599.796610188342,226988,2269.88
1596,599.881143148956,228234,2282.34
1597,599.965676253703,230868,2308.68
1598,600.05020950283,228878,2288.78
1599,600.13474289658,225320,2253.2
1600,600.2192764352,222952,2229.52
1601,600.303810118934,224510,2245.1
1602,600.388343948028,224429,2244.29
1603,600.472877922726,222066,2220.66
1604,600.557412043273,223668,2236.68
1605,600.641946309916,223411,2234.11
1606,600.726480722899,221753,2217.53
1607,600.811015282466,220335,2203.35
1608,600.895549988864,219324,2193.24
1609,600.980084842338,218553,2185.53
1610,601.064619843132,220291,2202.91
1611,601.149154991491,221139,2211.39
1612,601.233690287662,222955,2229.55
1613,601.318225731888,222587,2225.87
1614,601.402761324415,219919,2199.19
1615,601.487297065489,221029,2210.29
1616,601.571832955354,221064,2210.64
1617,601.656368994255,222251,2222.51
1618,601.740905182438,221547,2215.47
1619,601.825441520148,218813,2188.13
1620,601.90997800763,220981,2209.81
1621,601.994514645128,223814,2238.14
1622,602.079051432889,224183,2241.83
1623,602.163588371157,221763,2217.63
1624,602.248125460177,220966,2209.66
1625,602.332662700195,219886,2198.86
1626,602.417200091456,220305,2203.05
1627,602.501737634204,218881,2188.81
1628,602.586275328686,216080,2160.8
1629,602.670813175145,214215,2142.15
1630,602.755351173828,221725,2217.25
1631,602.839889324979,223255,2232.55
1632,602.924427628843,220894,2208.94
1633,603.008966085667,220935,2209.35
1634,603.093504695693,218112,2181.12
1635,603.178043459169,214175,2141.75
1636,603.262582376339,215811,2158.11
1637,603.347121447448,217727,2177.27
1638,603.431660672741,216567,2165.67
1639,603.516200052464,214127,2141.27
1640,603.600739586861,211304,2113.04
1641,603.685279276178,209618,2096.18
1642,603.769819120659,209631,2096.31
1643,603.854359120551,209119,2091.19
1644,603.938899276098,211132,2111.32
1645,604.023439587545,214213,2142.13
1646,604.107980055137,212952,2129.52
1647,604.19252067912,212868,2128.68
1648,604.277061459738,214434,2144.34
1649,604.361602397237,212348,2123.48
1650,604.446143491862,209042,2090.42
1651,604.530684743859,218381,2183.81
1652,604.615226153471,230625,2306.25
1653,604.699767720944,229480,2294.8
1654,604.784309446525,221026,2210.26
1655,604.868851330456,216526,2165.26
1656,604.953393372984,219049,2190.49
1657,605.037935574354,222038,2220.38
1658,605.122477934812,217804,2178.04
1659,605.207020454601,231382,2313.82
1660,605.291563133967,232936,2329.36
1661,605.376105973156,221083,2210.83
1662,605.460648972412,213432,2134.32
1663,605.545192131981,208009,2080.09
1664,605.629735452108,204792,2047.92
1665,605.714278933038,202654,2026.54
1666,605.798822575015,207916,2079.16
1667,605.883366378286,209514,2095.14
1668,605.967910343095,205484,2054.84
1669,606.052454469688,202865,2028.65
1670,606.136998758309,201518,2015.18
1671,606.221543209204,203872,2038.72
1672,606.306087822618,203932,2039.32
1673,606.390632598795,201335,2013.35
1674,606.475177537982,202483,2024.83
1675,606.559722640423,204995,2049.95
1676,606.644267906364,206388,2063.88
1677,606.728813336049,207111,2071.11
1678,606.813358929724,204450,2044.5
1679,606.897904687633,200576,2005.76
1680,606.982450610022,198240,1982.4
1681,607.066996697137,196624,1966.24
1682,607.151542949221,198358,1983.58
1683,607.236089366521,201211,2012.11
1684,607.320635949282,199765,1997.65
1685,607.405182697748,197275,1972.75
1686,607.489729612165,199755,1997.55
1687,607.574276692777,199841,1998.41
1688,607.658823939831,197244,1972.44
1689,607.74337135357,198724,1987.24
1690,607.827918934241,201360,2013.6
1691,607.912466682089,199352,1993.52
1692,607.997014597358,196035,1960.35
1693,608.081562680293,203953,2039.53
1694,608.16611093114,205478,2054.78
1695,608.250659350145,202814,2028.14
1696,608.335207937551,202458,2024.58
1697,608.419756693605,201180,2011.8
1698,608.504305618551,197966,1979.66
1699,608.588854712634,197890,1978.9
1700,608.6734039761,196672,1966.72
1701,608.757953409194,203050,2030.5
1702,608.84250301216,207143,2071.43
1703,608.927052785245,201325,2013.25
1704,609.011602728693,196467,1964.67
1705,609.096152842749,193651,1936.51
1706,609.180703127658,191614,1916.14
1707,609.265253583666,189758,1897.58
1708,609.349804211018,188640,1886.4
1709,609.434355009958,190882,1908.82
1710,609.518905980733,191076,1910.76
1711,609.603457123586,195128,1951.28
1712,609.688008438764,225399,2253.99
1713,609.772559926511,229368,2293.68
1714,609.857111587073,210882,2108.82
1715,609.941663420694,199919,1999.19
1716,610.02621542762,193601,1936.01
1717,610.110767608096,193606,1936.06
1718,610.195319962366,192128,1921.28
1719,610.279872490677,188441,1884.41
1720,610.364425193274,186343,1863.43
1721,610.4489780704,185660,1856.6
1722,610.533531122303,185041,1850.41
1723,610.618084349226,185016,1850.16
1724,610.702637751414,187741,1877.41
1725,610.787191329114,190725,1907.25
1726,610.87174508257,189094,1890.94
1727,610.956299012027,192031,1920.31
1728,611.04085311773,191883,1918.83
1729,611.125407399925,187907,1879.07
1730,611.209961858857,185377,1853.77
1731,611.29451649477,205870,2058.7
1732,611.37907130791,217995,2179.95
1733,611.463626298523,207170,2071.7
1734,611.548181466852,198544,1985.44
1735,611.632736813144,198557,1985.57
1736,611.717292337643,195287,1952.87
1737,611.801848040595,188968,1889.68
1738,611.886403922244,185357,1853.57
1739,611.970959982837,186049,1860.49
1740,612.055516222617,187620,1876.2
1741,612.14007264183,189083,1890.83
1742,612.224629240722,190084,1900.84
1743,612.309186019537,187992,1879.92
1744,612.39374297852,196605,1966.05
1745,612.478300117917,198019,1980.19
1746,612.562857437973,205256,2052.56
1747,612.647414938933,206884,2068.84
1748,612.731972621042,195613,1956.13
1749,612.816530484545,186872,1868.72
1750,612.901088529688,197539,1975.39
1751,612.985646756714,198737,1987.37
1752,613.070205165871,191429,1914.29
1753,613.154763757402,186142,1861.42
1754,613.239322531553,181053,1810.53
1755,613.323881488569,181365,1813.65
1756,613.408440628695,179931,1799.31
1757,613.492999952176,176864,1768.64
1758,613.577559459258,178120,1781.2
1759,613.662119150185,180599,1805.99
1760,613.746679025203,178624,1786.24
1761,613.831239084557,175615,1756.15
1762,613.915799328492,176850,1768.5
1763,614.000359757252,176401,1764.01
1764,614.084920371084,174081,1740.81
1765,614.169481170232,173085,1730.85
1766,614.254042154942,173018,1730.18
1767,614.338603325458,172380,1723.8
1768,614.423164682026,174833,1748.33
1769,614.507726224891,178273,1782.73
1770,614.592287954298,176717,1767.17
1771,614.676849870492,189806,1898.06
1772,614.761411973718,192659,1926.59
1773,614.845974264222,182633,1826.33
1774,614.930536742248,176845,1768.45
1775,615.015099408042,176712,1767.12
1776,615.099662261849,175576,1755.76
1777,615.184225303914,172277,1722.77
1778,615.268788534481,173121,1731.21
1779,615.353351953797,172564,1725.64
1780,615.437915562106,176295,1762.95
1781,615.522479359654,176979,1769.79
1782,615.607043346685,172424,1724.24
1783,615.691607523446,184743,1847.43
1784,615.776171890179,187543,1875.43
1785,615.860736447132,178934,1789.34
1786,615.94530119455,173531,1735.31
1787,616.029866132676,172760,1727.6
1788,616.114431261757,171373,1713.73
1789,616.198996582037,171863,1718.63
1790,616.283562093762,173416,1734.16
1791,616.368127797177,174114,1741.14
1792,616.452693692527,171711,1717.11
1793,616.537259780057,167607,1676.07
1794,616.621826060012,168662,1686.62
1795,616.706392532638,171644,1716.44
1796,616.790959198179,170227,1702.27
1797,616.87552605688,166712,1667.12
1798,616.960093108988,184757,1847.57
1799,617.044660354746,189406,1894.06
1800,617.1292277944,185694,1856.94
1801,617.213795428195,188560,1885.6
1802,617.298363256377,182797,1827.97
1803,617.38293127919,173768,1737.68
1804,617.46749949688,167782,1677.82
1805,617.552067909691,164119,1641.19
1806,617.63663651787,162207,1622.07
1807,617.72120532166,547208,5472.08
1808,617.805774321307,659960,6599.6
1809,617.890343517057,452726,4527.26
1810,617.974912909154,327273,3272.73
1811,618.059482497843,254907,2549.07
1812,618.14405228337,213928,2139.28
1813,618.22862226598,190369,1903.69
1814,618.313192445918,176204,1762.04
1815,618.397762823429,181165,1811.65
1816,618.482333398757,184008,1840.08
1817,618.56690417215,175504,1755.04
1818,618.65147514385,171029,1710.29
1819,618.736046314105,167372,1673.72
1820,618.820617683158,163223,1632.23
1821,618.905189251254,160830,1608.3
1822,618.98976101864,159654,1596.54
1823,619.07433298556,158779,1587.79
1824,619.158905152259,162362,1623.62
1825,619.243477518983,182866,1828.66
1826,619.328050085976,185268,1852.68
1827,619.412622853484,175601,1756.01
1828,619.497195821751,172545,1725.45
1829,619.581768991023,174452,1744.52
1830,619.666342361546,170946,1709.46
1831,619.750915933564,164438,1644.38
1832,619.835489707321,160438,1604.38
1833,619.920063683065,163903,1639.03
1834,620.004637861039,166578,1665.78
1835,620.089212241489,162760,1627.6
1836,620.173786824659,158616,1586.16
1837,620.258361610796,157524,1575.24
1838,620.342936600144,156584,1565.84
1839,620.427511792947,155635,1556.35
1840,620.512087189453,160574,1605.74
1841,620.596662789905,186398,1863.98
1842,620.681238594548,198505,1985.05
1843,620.765814603629,185837,1858.37
1844,620.850390817391,171684,1716.84
1845,620.93496723608,165951,1659.51
1846,621.019543859942,168023,1680.23
1847,621.104120689221,165510,1655.1
1848,621.188697724162,161598,1615.98
1849,621.273274965011,158434,1584.34
1850,621.357852412012,154736,1547.36
1851,621.442430065412,153922,1539.22
1852,621.527007925454,152865,1528.65
1853,621.611585992385,154206,1542.06
1854,621.696164266449,155329,1553.29
1855,621.780742747892,153401,1534.01
1856,621.865321436958,151400,1514
1857,621.949900333892,150817,1508.17
1858,622.03447943894,153386,1533.86
1859,622.119058752348,153857,1538.57
1860,622.203638274359,151758,1517.58
1861,622.28821800522,153875,1538.75
1862,622.372797945175,154466,1544.66
1863,622.457378094469,152591,1525.91
1864,622.541958453348,150802,1508.02
1865,622.626539022057,150390,1503.9
1866,622.711119800841,150411,1504.11
1867,622.795700789945,149741,1497.41
1868,622.880281989613,160698,1606.98
1869,622.964863400093,162893,1628.93
1870,623.049445021627,155996,1559.96
1871,623.134026854462,152289,1522.89
1872,623.218608898843,149580,1495.8
1873,623.303191155015,151600,1516
1874,623.387773623222,152577,1525.77
1875,623.472356303711,153635,1536.35
1876,623.556939196726,155397,1553.97
1877,623.641522302512,153185,1531.85
1878,623.726105621315,149464,1494.64
1879,623.810689153379,150237,1502.37
1880,623.89527289895,149850,1498.5
1881,623.979856858273,150456,1504.56
1882,624.064441031593,154871,1548.71
1883,624.149025419156,156879,1568.79
1884,624.233610021205,158926,1589.26
1885,624.318194837987,158751,1587.51
1886,624.402779869747,156572,1565.72
1887,624.487365116729,158179,1581.79
1888,624.571950579179,158317,1583.17
1889,624.656536257342,153186,1531.86
1890,624.741122151463,148096,1480.96
1891,624.825708261788,147783,1477.83
1892,624.91029458856,153049,1530.49
1893,624.994881132027,152159,1521.59
1894,625.079467892432,150055,1500.55
1895,625.16405487002,147944,1479.44
1896,625.248642065038,144593,1445.93
1897,625.33322947773,173878,1738.78
1898,625.41781710834,184429,1844.29
1899,625.502404957115,290142,2901.42
1900,625.5869930243,315839,3158.39
1901,625.671581310139,243781,2437.81
1902,625.756169814878,564755,5647.55
1903,625.840758538762,641626,6416.26
1904,625.925347482035,429621,4296.21
1905,626.009936644944,313608,3136.08
1906,626.094526027733,244023,2440.23
1907,626.179115630648,198105,1981.05
1908,626.263705453933,172463,1724.63
1909,626.348295497833,160027,1600.27
1910,626.432885762595,151710,1517.1
1911,626.517476248462,146030,1460.3
1912,626.60206695568,155429,1554.29
1913,626.686657884495,156121,1561.21
1914,626.771249035151,146948,1469.48
1915,626.855840407893,147424,1474.24
1916,626.940432002967,145874,1458.74
1917,627.025023820618,144727,1447.27
1918,627.10961586109,157431,1574.31
1919,627.19420812463,157425,1574.25
1920,627.278800611482,156680,1566.8
1921,627.363393321891,155363,1553.63
1922,627.447986256102,179298,1792.98
1923,627.532579414361,181927,1819.27
1924,627.617172796912,161400,1614
1925,627.701766404002,148847,1488.47
1926,627.786360235874,141581,1415.81
1927,627.870954292774,140698,1406.98
1928,627.955548574948,138640,1386.4
1929,628.04014308264,148202,1482.02
1930,628.124737816095,150163,1501.63
1931,628.209332775559,144561,1445.61
1932,628.293927961276,140243,1402.43
1933,628.378523373493,135584,1355.84
1934,628.463119012454,132757,1327.57
1935,628.547714878403,131100,1311
1936,628.632310971587,133763,1337.63
1937,628.716907292251,136707,1367.07
1938,628.801503840639,137751,1377.51
1939,628.886100616996,135046,1350.46
1940,628.970697621569,131631,1316.31
1941,629.055294854601,129901,1299.01
1942,629.139892316339,132070,1320.7
1943,629.224490007026,134936,1349.36
1944,629.309087926909,133344,1333.44
1945,629.393686076233,133431,1334.31
1946,629.478284455242,132165,1321.65
1947,629.562883064182,129143,1291.43
1948,629.647481903298,127439,1274.39
1949,629.732080972835,126703,1267.03
1950,629.816680273037,128661,1286.61
1951,629.901279804152,128632,1286.32
1952,629.985879566422,129793,1297.93
1953,630.070479560095,132883,1328.83
1954,630.155079785414,133475,1334.75
1955,630.239680242624,130454,1304.54
1956,630.324280931972,126944,1269.44
1957,630.408881853702,132192,1321.92
1958,630.493483008059,134685,1346.85
1959,630.578084395288,130390,1303.9
1960,630.662686015635,126525,1265.25
1961,630.747287869345,129642,1296.42
1962,630.831889956662,130405,1304.05
1963,630.916492277832,126766,1267.66
1964,631.001094833101,123977,1239.77
1965,631.085697622712,122633,1226.33
1966,631.170300646912,124873,1248.73
1967,631.254903905945,125088,1250.88
1968,631.339507400056,129136,1291.36
1969,631.424111129492,131379,1313.79
1970,631.508715094496,134502,1345.02
1971,631.593319295314,142876,1428.76
1972,631.677923732192,142358,1423.58
1973,631.762528405373,136795,1367.95
1974,631.847133315104,133062,1330.62
1975,631.93173846163,128218,1282.18
1976,632.016343845195,126809,1268.09
1977,632.100949466045,125110,1251.1
1978,632.185555324425,121982,1219.82
1979,632.270161420579,120030,1200.3
1980,632.354767754754,118917,1189.17
1981,632.439374327195,120424,1204.24
1982,632.523981138146,120251,1202.51
1983,632.608588187852,118060,1180.6
1984,632.693195476559,118514,1185.14
1985,632.777803004512,118240,1182.4
1986,632.862410771956,117869,1178.69
1987,632.947018779136,117933,1179.33
1988,633.031627026297,117961,1179.61
1989,633.116235513685,119918,1199.18
1990,633.200844241544,125427,1254.27
1991,633.28545321012,125074,1250.74
1992,633.370062419658,120424,1204.24
1993,633.454671870403,117518,1175.18
1994,633.539281562599,115716,1157.16
1995,633.623891496493,114613,1146.13
1996,633.708501672329,114175,1141.75
1997,633.793112090353,116421,1164.21
1998,633.877722750809,116404,1164.04
1999,633.962333653943,114797,1147.97
2000,634.0469448,113587,1135.87
2001,634.131556189225,112606,1126.06
2002,634.216167821863,114852,1148.52
2003,634.300779698159,115093,1150.93
2004,634.385391818359,113031,1130.31
2005,634.470004182707,112212,1122.12
2006,634.554616791449,111452,1114.52
2007,634.639229644829,113937,1139.37
2008,634.723842743094,129697,1296.97
2009,634.808456086488,134968,1349.68
2010,634.893069675256,126472,1264.72
2011,634.977683509643,122165,1221.65
2012,635.062297589895,122179,1221.79
2013,635.146911916256,121952,1219.52
2014,635.231526488972,118432,1184.32
2015,635.316141308288,265557,2655.57
2016,635.400756374449,305230,3052.3
2017,635.4853716877,228656,2286.56
2018,635.569987248286,184207,1842.07
2019,635.654603056453,153490,1534.9
2020,635.739219112446,134527,1345.27
2021,635.823835416509,124187,1241.87
2022,635.908451968888,123456,1234.56
2023,635.993068769827,139449,1394.49
2024,636.077685819573,138728,1387.28
2025,636.16230311837,144899,1448.99
2026,636.246920666464,142189,1421.89
2027,636.331538464099,234187,2341.87
2028,636.41615651152,255469,2554.69
2029,636.500774808974,192723,1927.23
2030,636.585393356704,155363,1553.63
2031,636.670012154956,156401,1564.01
2032,636.754631203976,153589,1535.89
2033,636.839250504007,135342,1353.42
2034,636.923870055296,122343,1223.43
2035,637.008489858088,116794,1167.94
2036,637.093109912628,113580,1135.8
2037,637.17773021916,110054,1100.54
2038,637.26235077793,107635,1076.35
2039,637.346971589183,114568,1145.68
2040,637.431592653165,119546,1195.46
2041,637.51621397012,115266,1152.66
2042,637.600835540293,112299,1122.99
2043,637.68545736393,112030,1120.3
2044,637.770079441276,112499,1124.99
2045,637.854701772576,110172,1101.72
2046,637.939324358074,107049,1070.49
2047,638.023947198017,105289,1052.89
