0,464.9839,90828,908.28
1,465.068515076491,90285,902.85
2,465.153129906126,90422,904.22
3,465.237744489151,90451,904.51
4,465.322358825812,90451,904.51
5,465.406972916352,90672,906.72
6,465.491586761018,90665,906.65
7,465.576200360054,90460,904.6
8,465.660813713705,90236,902.36
9,465.745426822218,90042,900.42
10,465.830039685836,90189,901.89
11,465.914652304805,90557,905.57
12,465.99926467937,90613,906.13
13,466.083876809776,90539,905.39
14,466.168488696269,90719,907.19
15,466.253100339093,199725,1997.25
16,466.337711738494,230717,2307.17
17,466.422322894716,173127,1731.27
18,466.506933808006,139122,1391.22
19,466.591544478607,119700,1197
20,466.676154906766,108336,1083.36
21,466.760765092726,101909,1019.09
22,466.845375036735,101075,1010.75
23,466.929984739036,100068,1000.68
24,467.014594199874,97503,975.03
25,467.099203419495,95919,959.19
26,467.183812398145,94874,948.74
27,467.268421136067,94259,942.59
28,467.353029633508,117757,1177.57
29,467.437637890711,125887,1258.87
30,467.522245907924,116583,1165.83
31,467.60685368539,108777,1087.77
32,467.691461223355,101998,1019.98
33,467.776068522063,98556,985.56
34,467.860675581761,96557,965.57
35,467.945282402693,98878,988.78
36,468.029888985104,104247,1042.47
37,468.11449532924,103688,1036.88
38,468.199101435345,102491,1024.91
39,468.283707303665,100791,1007.91
40,468.368312934445,97746,977.46
41,468.45291832793,98743,987.43
42,468.537523484364,100900,1009
43,468.622128403994,120075,1200.75
44,468.706733087065,128763,1287.63
45,468.791337533821,117992,1179.92
46,468.875941744507,107763,1077.63
47,468.96054571937,102156,1021.56
48,469.045149458653,99343,993.43
49,469.129752962602,97631,976.31
50,469.214356231462,96171,961.71
51,469.298959265479,95453,954.53
52,469.383562064897,95247,952.47
53,469.468164629962,95183,951.83
54,469.552766960919,95024,950.24
55,469.637369058012,97760,977.6
56,469.721970921487,98346,983.46
57,469.80657255159,97062,970.62
58,469.891173948565,98498,984.98
59,469.975775112657,98198,981.98
60,470.060376044111,96405,964.05
61,470.144976743173,95218,952.18
62,470.229577210088,97399,973.99
63,470.314177445101,97765,977.65
64,470.398777448457,98718,987.18
65,470.483377220402,117785,1177.85
66,470.567976761179,123974,1239.74
67,470.652576071035,114581,1145.81
68,470.737175150215,106529,1065.29
69,470.821773998963,101204,1012.04
70,470.906372617525,100804,1008.04
71,470.990971006146,99715,997.15
72,471.075569165072,124672,1246.72
73,471.160167094546,131518,1315.18
74,471.244764794815,119564,1195.64
75,471.329362266123,110955,1109.55
76,471.413959508717,106721,1067.21
77,471.498556522839,108424,1084.24
78,471.583153308737,108571,1085.71
79,471.667749866655,105652,1056.52
80,471.752346196838,104799,1047.99
81,471.836942299532,105069,1050.69
82,471.921538174981,108159,1081.59
83,472.00613382343,106344,1063.44
84,472.090729245126,101052,1010.52
85,472.175324440312,98014,980.14
86,472.259919409234,99092,990.92
87,472.344514152137,98754,987.54
88,472.429108669267,96537,965.37
89,472.513702960868,96022,960.22
90,472.598297027185,97233,972.33
91,472.682890868465,96858,968.58
92,472.767484484951,95250,952.5
93,472.852077876889,94318,943.18
94,472.936671044524,96703,967.03
95,473.021263988101,97488,974.88
96,473.105856707865,96488,964.88
97,473.190449204062,100291,1002.91
98,473.275041476937,112764,1127.64
99,473.359633526735,118221,1182.21
100,473.4442253537,111641,1116.41
101,473.528816958078,106667,1066.67
102,473.613408340115,105487,1054.87
103,473.697999500055,102349,1023.49
104,473.782590438143,98695,986.95
105,473.867181154625,96901,969.01
106,473.951771649745,99370,993.7
107,474.03636192375,99496,994.96
108,474.120951976883,97356,973.56
109,474.20554180939,96321,963.21
110,474.290131421517,95466,954.66
111,474.374720813508,98132,981.32
112,474.459309985608,98641,986.41
113,474.543898938063,96712,967.12
114,474.628487671118,95689,956.89
115,474.713076185018,95213,952.13
116,474.797664480008,98052,980.52
117,474.882252556332,123756,1237.56
118,474.966840414238,131240,1312.4
119,475.051428053968,146081,1460.81
120,475.13601547577,144192,1441.92
121,475.220602679887,123168,1231.68
122,475.305189666564,110453,1104.53
123,475.389776436048,103417,1034.17
124,475.474362988583,99580,995.8
125,475.558949324414,96961,969.61
126,475.643535443787,95579,955.79
127,475.728121346946,94963,949.63
128,475.812707034136,94461,944.61
129,475.897292505604,113922,1139.22
130,475.981877761593,122859,1228.59
131,476.066462802349,115952,1159.52
132,476.151047628118,110943,1109.43
133,476.235632239144,105173,1051.73
134,476.320216635672,99984,999.84
135,476.404800817948,99952,999.52
136,476.489384786216,99857,998.57
137,476.573968540723,101457,1014.57
138,476.658552081712,117376,1173.76
139,476.74313540943,119410,1194.1
140,476.827718524121,109505,1095.05
141,476.91230142603,103156,1031.56
142,476.996884115403,101930,1019.3
143,477.081466592484,100521,1005.21
144,477.166048857519,97572,975.72
145,477.250630910753,98703,987.03
146,477.335212752432,98592,985.92
147,477.419794382799,96525,965.25
148,477.504375802101,98004,980.04
149,477.588957010582,98624,986.24
150,477.673538008487,96955,969.55
151,477.758118796063,131853,1318.53
152,477.842699373553,141265,1412.65
153,477.927279741204,121555,1215.55
154,478.011859899259,109416,1094.16
155,478.096439847965,102327,1023.27
156,478.181019587566,99155,991.55
157,478.265599118308,97677,976.77
158,478.350178440435,96133,961.33
159,478.434757554193,95660,956.6
160,478.519336459827,105713,1057.13
161,478.603915157582,108138,1081.38
162,478.688493647704,102101,1021.01
163,478.773071930436,149295,1492.95
164,478.857650006026,161434,1614.34
165,478.942227874716,133853,1338.53
166,479.026805536754,127030,1270.3
167,479.111382992383,121681,1216.81
168,479.19596024185,113880,1138.8
169,479.280537285398,107028,1070.28
170,479.365114123274,100977,1009.77
171,479.449690755722,97249,972.49
172,479.534267182988,95211,952.11
173,479.618843405317,94211,942.11
174,479.703419422953,96620,966.2
175,479.787995236142,100706,1007.06
176,479.87257084513,100220,1002.2
177,479.95714625016,97891,978.91
178,480.041721451479,96343,963.43
179,480.126296449331,95512,955.12
180,480.210871243962,97531,975.31
181,480.295445835617,98247,982.47
182,480.380020224541,99464,994.64
183,480.464594410979,99046,990.46
184,480.549168395175,99623,996.23
185,480.633742177377,99297,992.97
186,480.718315757827,96932,969.32
187,480.802889136772,95604,956.04
188,480.887462314457,94847,948.47
189,480.972035291127,94250,942.5
190,481.056608067026,97002,970.02
191,481.141180642401,107950,1079.5
192,481.225753017496,108807,1088.07
193,481.310325192556,102136,1021.36
194,481.394897167827,100770,1007.7
195,481.479468943554,99576,995.76
196,481.564040519981,97362,973.62
197,481.648611897354,96079,960.79
198,481.733183075918,95124,951.24
199,481.817754055918,97266,972.66
200,481.9023248376,97476,974.76
201,481.986895421208,98467,984.67
202,482.071465806988,127879,1278.79
203,482.156035995184,134234,1342.34
204,482.240605986042,120147,1201.47
205,482.325175779807,110834,1108.34
206,482.409745376725,104006,1040.06
207,482.494314777039,99905,999.05
208,482.578883980996,97523,975.23
209,482.663452988841,95943,959.43
210,482.748021800818,94584,945.84
211,482.832590417173,94448,944.48
212,482.91715883815,97514,975.14
213,483.001727063996,100562,1005.62
214,483.086295094955,99615,996.15
215,483.170862931273,97373,973.73
216,483.255430573193,96581,965.81
217,483.339998020963,98615,986.15
218,483.424565274826,98886,988.86
219,483.509132335028,97015,970.15
220,483.593699201814,95613,956.13
221,483.678265875429,97447,974.47
222,483.762832356118,97527,975.27
223,483.847398644127,95848,958.48
224,483.9319647397,97754,977.54
225,484.016530643083,107329,1073.29
226,484.101096354521,108542,1085.42
227,484.185661874258,103037,1030.37
228,484.270227202541,99256,992.56
229,484.354792339614,97114,971.14
230,484.439357285722,96338,963.38
231,484.523922041111,98561,985.61
232,484.608486606025,101187,1011.87
233,484.69305098071,99807,998.07
234,484.777615165411,98844,988.44
235,484.862179160373,100567,1005.67
236,484.946742965841,99551,995.51
237,485.03130658206,99185,991.85
238,485.115870009276,101325,1013.25
239,485.200433247733,100175,1001.75
240,485.284996297677,97798,977.98
241,485.369559159353,116628,1166.28
242,485.454121833005,124102,1241.02
243,485.53868431888,113318,1133.18
244,485.623246617222,105816,1058.16
245,485.707808728276,101686,1016.86
246,485.792370652288,98517,985.17
247,485.876932389502,98794,987.94
248,485.961493940164,98285,982.85
249,486.046055304519,96469,964.69
250,486.130616482813,95919,959.19
251,486.215177475289,95801,958.01
252,486.299738282193,100964,1009.64
253,486.384298903771,102355,1023.55
254,486.468859340268,98767,987.67
255,486.553419591928,96493,964.93
256,486.637979658997,95699,956.99
257,486.722539541719,95048,950.48
258,486.807099240341,96898,968.98
259,486.891658755108,97659,976.59
260,486.976218086263,96128,961.28
261,487.060777234053,94985,949.85
262,487.145336198723,94588,945.88
263,487.229894980517,94238,942.38
264,487.314453579682,94426,944.26
265,487.399011996461,94269,942.69
266,487.483570231101,93849,938.49
267,487.568128283845,93960,939.6
268,487.652686154941,93961,939.61
269,487.737243844632,93859,938.59
270,487.821801353163,97410,974.1
271,487.906358680781,98010,980.1
272,487.990915827729,95949,959.49
273,488.075472794253,95177,951.77
274,488.160029580599,98601,986.01
275,488.244586187011,99312,993.12
276,488.329142613735,97293,972.93
277,488.413698861015,101654,1016.54
278,488.498254929097,102440,1024.4
279,488.582810818225,102118,1021.18
280,488.667366528646,101605,1016.05
281,488.751922060605,99117,991.17
282,488.836477414345,97668,976.68
283,488.921032590113,96961,969.61
284,489.005587588153,97629,976.29
285,489.090142408711,121079,1210.79
286,489.174697052032,129114,1291.14
287,489.259251518361,119028,1190.28
288,489.343805807943,110224,1102.24
289,489.428359921024,103214,1032.14
290,489.512913857847,99091,990.91
291,489.597467618659,97105,971.05
292,489.682021203705,105938,1059.38
293,489.76657461323,108111,1081.11
294,489.851127847479,102024,1020.24
295,489.935680906696,99748,997.48
296,490.020233791128,98232,982.32
297,490.104786501019,96109,961.09
298,490.189339036615,97924,979.24
299,490.27389139816,98236,982.36
300,490.3584435859,96349,963.49
301,490.44299560008,95136,951.36
302,490.527547440945,94385,943.85
303,490.612099108739,93674,936.74
304,490.69665060371,93486,934.86
305,490.7812019261,93819,938.19
306,490.865753076156,96581,965.81
307,490.950304054123,97457,974.57
308,491.034854860246,96299,962.99
309,491.119405494769,95663,956.63
310,491.203955957939,95302,953.02
311,491.288506249999,95212,952.12
312,491.373056371197,94669,946.69
313,491.457606321775,97300,973
314,491.54215610198,99024,990.24
315,491.626705712057,97124,971.24
316,491.711255152251,95285,952.85
317,491.795804422807,94337,943.37
318,491.88035352397,93838,938.38
319,491.964902455985,94127,941.27
320,492.049451219098,97138,971.38
321,492.133999813553,97580,975.8
322,492.218548239596,95981,959.81
323,492.303096497471,97457,974.57
324,492.387644587425,99576,995.76
325,492.472192509702,101186,1011.86
326,492.556740264546,106893,1068.93
327,492.641287852205,106104,1061.04
328,492.725835272921,100902,1009.02
329,492.810382526942,98570,985.7
330,492.894929614511,105375,1053.75
331,492.979476535874,106764,1067.64
332,493.064023291276,101674,1016.74
333,493.148569880962,100555,1005.55
334,493.233116305178,99341,993.41
335,493.317662564167,96998,969.98
336,493.402208658177,96353,963.53
337,493.486754587451,95582,955.82
338,493.571300352235,94821,948.21
339,493.655845952774,94386,943.86
340,493.740391389313,96979,969.79
341,493.824936662097,97725,977.25
342,493.909481771372,98430,984.3
343,493.994026717382,97852,978.52
344,494.078571500372,96002,960.02
345,494.163116120589,95324,953.24
346,494.247660578276,94883,948.83
347,494.33220487368,119522,1195.22
348,494.416749007044,126665,1266.65
349,494.501292978615,113582,1135.82
350,494.585836788637,105383,1053.83
351,494.670380437356,100372,1003.72
352,494.754923925017,97947,979.47
353,494.839467251864,99533,995.33
354,494.924010418144,99146,991.46
355,495.0085534241,97059,970.59
356,495.093096269979,108279,1082.79
357,495.177638956025,110613,1106.13
358,495.262181482484,106271,1062.71
359,495.3467238496,105314,1053.14
360,495.431266057619,101751,1017.51
361,495.515808106786,101430,1014.3
362,495.600349997346,100066,1000.66
363,495.684891729544,97230,972.3
364,495.769433303626,97016,970.16
365,495.853974719836,96400,964
366,495.938515978419,94908,949.08
367,496.023057079622,94297,942.97
368,496.107598023688,94345,943.45
369,496.192138810863,97147,971.47
370,496.276679441392,97534,975.34
371,496.361219915521,97240,972.4
372,496.445760233493,122647,1226.47
373,496.530300395556,128974,1289.74
374,496.614840401953,114452,1144.52
375,496.69938025293,110082,1100.82
376,496.783919948731,106582,1065.82
377,496.868459489603,104113,1041.13
378,496.95299887579,101866,1018.66
379,497.037538107538,104638,1046.38
380,497.12207718509,104355,1043.55
381,497.206616108694,102691,1026.91
382,497.291154878593,101043,1010.43
383,497.375693495033,98621,986.21
384,497.460231958259,96560,965.6
385,497.544770268516,95568,955.68
386,497.629308426049,95553,955.53
387,497.713846431104,95075,950.75
388,497.798384283926,96978,969.78
389,497.882921984759,97360,973.6
390,497.967459533848,96214,962.14
391,498.05199693144,98492,984.92
392,498.136534177779,101938,1019.38
393,498.22107127311,101006,1010.06
394,498.305608217678,98234,982.34
395,498.390145011729,96483,964.83
396,498.474681655507,95443,954.43
397,498.559218149259,95017,950.17
398,498.643754493228,95060,950.6
399,498.72829068766,94640,946.4
400,498.8128267328,94366,943.66
401,498.897362628894,94445,944.45
402,498.981898376185,94779,947.79
403,499.066433974921,95208,952.08
404,499.150969425345,97923,979.23
405,499.235504727703,110152,1101.52
406,499.32003988224,111448,1114.48
407,499.404574889201,106822,1068.22
408,499.489109748831,104012,1040.12
409,499.573644461376,100185,1001.85
410,499.65817902708,97426,974.26
411,499.742713446188,96167,961.67
412,499.827247718947,95508,955.08
413,499.9117818456,94937,949.37
414,499.996315826393,94478,944.78
415,500.080849661572,95101,951.01
416,500.165383351381,95301,953.01
417,500.249916896065,94547,945.47
418,500.33445029587,94500,945
419,500.41898355104,109359,1093.59
420,500.503516661822,113295,1132.95
421,500.588049628459,105188,1051.88
422,500.672582451197,101159,1011.59
423,500.757115130282,98383,983.83
424,500.841647665958,96791,967.91
425,500.92618005847,95894,958.94
426,501.010712308064,116309,1163.09
427,501.095244414985,124420,1244.2
428,501.179776379478,116402,1164.02
429,501.264308201788,108824,1088.24
430,501.34883988216,105553,1055.53
431,501.433371420839,102610,1026.1
432,501.517902818071,98730,987.3
433,501.6024340741,99806,998.06
434,501.686965189172,101480,1014.8
435,501.771496163532,99533,995.33
436,501.856026997425,96829,968.29
437,501.940557691096,95478,954.78
438,502.02508824479,94582,945.82
439,502.109618658753,97390,973.9
440,502.194148933229,98265,982.65
441,502.278679068464,96495,964.95
442,502.363209064702,95554,955.54
443,502.44773892219,95008,950.08
444,502.532268641171,97268,972.68
445,502.616798221892,97970,979.7
446,502.701327664597,96880,968.8
447,502.785856969531,95830,958.3
448,502.87038613694,97515,975.15
449,502.954915167069,100613,1006.13
450,503.039444060163,99839,998.39
451,503.123972816466,97260,972.6
452,503.208501436225,98862,988.62
453,503.293029919684,99502,995.02
454,503.377558267088,100589,1005.89
455,503.462086478683,102940,1029.4
456,503.546614554714,104808,1048.08
457,503.631142495425,102847,1028.47
458,503.715670301062,99252,992.52
459,503.800197971871,97035,970.35
460,503.884725508095,95763,957.63
461,503.969252909981,97461,974.61
462,504.053780177773,100543,1005.43
463,504.138307311717,99941,999.41
464,504.222834312058,100538,1005.38
465,504.307361179041,100413,1004.13
466,504.39188791291,101057,1010.57
467,504.476414513912,101658,1016.58
468,504.560940982291,112657,1126.57
469,504.645467318292,113918,1139.18
470,504.729993522161,105538,1055.38
471,504.814519594143,103248,1032.48
472,504.899045534482,103035,1030.35
473,504.983571343424,104523,1045.23
474,505.068097021215,105411,1054.11
475,505.152622568098,105153,1051.53
476,505.23714798432,114117,1141.17
477,505.321673270126,113834,1138.34
478,505.40619842576,105656,1056.56
479,505.490723451468,100641,1006.41
480,505.575248347494,100407,1004.07
481,505.659773114085,99510,995.1
482,505.744297751485,120191,1201.91
483,505.828822259939,127952,1279.52
484,505.913346639693,115581,1155.81
485,505.997870890991,106682,1066.82
486,506.082395014079,101432,1014.32
487,506.166919009201,98557,985.57
488,506.251442876604,96628,966.28
489,506.335966616531,98287,982.87
490,506.420490229229,98439,984.39
491,506.505013714942,96982,969.82
492,506.589537073916,96788,967.88
493,506.674060306396,98513,985.13
494,506.758583412626,99086,990.86
495,506.843106392852,97652,976.52
496,506.927629247319,96611,966.11
497,507.012151976272,95733,957.33
498,507.096674579957,97864,978.64
499,507.181197058618,99455,994.55
500,507.2657194125,98457,984.57
501,507.350241641849,120563,1205.63
502,507.43476374691,129041,1290.41
503,507.519285727928,116621,1166.21
504,507.603807585148,106868,1068.68
505,507.688329318816,101663,1016.63
506,507.772850929175,101319,1013.19
507,507.857372416473,103097,1030.97
508,507.941893780953,101196,1011.96
509,508.02641502286,98507,985.07
510,508.110936142441,97035,970.35
511,508.195457139939,98264,982.64
512,508.279978015601,98101,981.01
513,508.364498769671,97133,971.33
514,508.449019402395,96599,965.99
515,508.533539914017,95769,957.69
516,508.618060304783,97347,973.47
517,508.702580574937,97839,978.39
518,508.787100724726,96624,966.24
519,508.871620754394,97182,971.82
520,508.956140664186,108899,1088.99
521,509.040660454347,115175,1151.75
522,509.125180125123,121416,1214.16
523,509.209699676758,118712,1187.12
524,509.294219109499,123274,1232.74
525,509.378738423589,121315,1213.15
526,509.463257619274,112854,1128.54
527,509.5477766968,107103,1071.03
528,509.632295656411,101546,1015.46
529,509.716814498352,98407,984.07
530,509.801333222869,96725,967.25
531,509.885851830207,95802,958.02
532,509.97037032061,95519,955.19
533,510.054888694324,95303,953.03
534,510.139406951595,97844,978.44
535,510.223925092667,98509,985.09
536,510.308443117785,97145,971.45
537,510.392961027195,96735,967.35
538,510.477478821141,99180,991.8
539,510.56199649987,102462,1024.62
540,510.646514063625,104448,1044.48
541,510.731031512652,105682,1056.82
542,510.815548847197,103251,1032.51
543,510.900066067503,100320,1003.2
544,510.984583173818,98469,984.69
545,511.069100166384,99260,992.6
546,511.153617045449,99092,990.92
547,511.238133811256,100412,1004.12
548,511.322650464052,100184,1001.84
549,511.407167004081,97637,976.37
550,511.491683431587,102040,1020.4
551,511.576199746818,102778,1027.78
552,511.660715950017,102062,1020.62
553,511.745232041429,100943,1009.43
554,511.829748021301,98345,983.45
555,511.914263889876,97000,970
556,511.9987796474,97034,970.34
557,512.083295294119,96758,967.58
558,512.167810830277,96513,965.13
559,512.252326256119,98152,981.52
560,512.336841571891,100581,1005.81
561,512.421356777838,111292,1112.92
562,512.505871874205,112607,1126.07
563,512.590386861236,108295,1082.95
564,512.674901739178,105050,1050.5
565,512.759416508275,101050,1010.5
566,512.843931168773,98353,983.53
567,512.928445720916,99895,998.95
568,513.01296016495,102935,1029.35
569,513.097474501119,101649,1016.49
570,513.18198872967,99149,991.49
571,513.266502850847,97587,975.87
572,513.351016864895,99554,995.54
573,513.435530772059,100471,1004.71
574,513.520044572585,98667,986.67
575,513.604558266717,97300,973
576,513.689071854701,102021,1020.21
577,513.773585336782,104877,1048.77
578,513.858098713206,105210,1052.1
579,513.942611984216,105993,1059.93
580,514.027125150058,108742,1087.42
581,514.111638210978,110064,1100.64
582,514.196151167221,106671,1066.71
583,514.280664019031,102377,1023.77
584,514.365176766654,99917,999.17
585,514.449689410336,100668,1006.68
586,514.53420195032,102881,1028.81
587,514.618714386852,101706,1017.06
588,514.703226720178,99183,991.83
589,514.787738950542,97813,978.13
590,514.87225107819,96637,966.37
591,514.956763103367,96070,960.7
592,515.041275026318,95652,956.52
593,515.125786847287,101865,1018.65
594,515.210298566521,103812,1038.12
595,515.294810184265,100364,1003.64
596,515.379321700762,98569,985.69
597,515.463833116259,97726,977.26
598,515.548344431001,97018,970.18
599,515.632855645233,99528,995.28
600,515.7173667592,100017,1000.17
601,515.801877773147,99404,994.04
602,515.886388687319,101272,1012.72
603,515.970899501962,100710,1007.1
604,516.05541021732,98629,986.29
605,516.139920833639,97472,974.72
606,516.224431351163,96837,968.37
607,516.308941770138,96920,969.2
608,516.39345209081,96751,967.51
609,516.477962313423,96425,964.25
610,516.562472438222,98685,986.85
611,516.646982465452,101863,1018.63
612,516.731492395359,105769,1057.69
613,516.816002228188,105344,1053.44
614,516.900511964184,102156,1021.56
615,516.985021603591,105347,1053.47
616,517.069531146656,110899,1108.99
617,517.154040593623,117140,1171.4
618,517.238549944738,114565,1145.65
619,517.323059200245,109649,1096.49
620,517.40756836039,106052,1060.52
621,517.492077425417,102405,1024.05
622,517.576586395573,100104,1001.04
623,517.661095271101,121871,1218.71
624,517.745604052248,127772,1277.72
625,517.830112739258,114964,1149.64
626,517.914621332376,113252,1132.52
627,517.999129831848,110970,1109.7
628,518.083638237919,105862,1058.62
629,518.168146550834,102700,1027
630,518.252654770838,100612,1006.12
631,518.337162898176,99465,994.65
632,518.421670933093,98998,989.98
633,518.506178875835,98855,988.55
634,518.590686726646,98849,988.49
635,518.675194485772,99522,995.22
636,518.759702153457,101717,1017.17
637,518.844209729948,101682,1016.82
638,518.928717215489,99925,999.25
639,519.013224610325,101954,1019.54
640,519.097731914701,103199,1031.99
641,519.182239128863,101669,1016.69
642,519.266746253055,100558,1005.58
643,519.351253287523,99874,998.74
644,519.435760232512,99334,993.34
645,519.520267088267,99469,994.69
646,519.604773855033,99495,994.95
647,519.689280533056,99117,991.17
648,519.77378712258,99126,991.26
649,519.85829362385,99166,991.66
650,519.942800037113,102287,1022.87
651,520.027306362612,103129,1031.29
652,520.111812600593,101560,1015.6
653,520.196318751301,100737,1007.37
654,520.280824814981,100378,1003.78
655,520.365330791879,100097,1000.97
656,520.449836682239,100470,1004.7
657,520.534342486307,101011,1010.11
658,520.618848204327,100922,1009.22
659,520.703353836546,103246,1032.46
660,520.787859383207,103879,1038.79
661,520.872364844557,107627,1076.27
662,520.95687022084,123315,1233.15
663,521.041375512301,124687,1246.87
664,521.125880719186,114710,1147.1
665,521.21038584174,108846,1088.46
666,521.294890880208,116166,1161.66
667,521.379395834834,117305,1173.05
668,521.463900705865,113552,1135.52
669,521.548405493545,110888,1108.88
670,521.632910198119,107335,1073.35
671,521.717414819833,105179,1051.79
672,521.801919358931,104256,1042.56
673,521.88642381566,103736,1037.36
674,521.970928190263,106196,1061.96
675,522.055432482986,277657,2776.57
676,522.139936694074,324285,3242.85
677,522.224440823773,234480,2344.8
678,522.308944872327,180958,1809.58
679,522.393448839982,148789,1487.89
680,522.477952726982,132909,1329.09
681,522.562456533574,136303,1363.03
682,522.646960260001,132522,1325.22
683,522.731463906509,124522,1245.22
684,522.815967473344,121479,1214.79
685,522.90047096075,116743,1167.43
686,522.984974368973,112040,1120.4
687,523.069477698257,109528,1095.28
688,523.153980948848,108297,1082.97
689,523.238484120991,107814,1078.14
690,523.322987214931,108111,1081.11
691,523.407490230914,111148,1111.48
692,523.491993169183,114944,1149.44
693,523.576496029985,142674,1426.74
694,523.660998813565,148409,1484.09
695,523.745501520167,155221,1552.21
696,523.830004150038,152066,1520.66
697,523.914506703421,134524,1345.24
698,523.999009180562,124207,1242.07
699,524.083511581707,117970,1179.7
700,524.1680139071,114393,1143.93
701,524.252516156987,112756,1127.56
702,524.337018331612,112105,1121.05
703,524.421520431221,114602,1146.02
704,524.506022456059,115580,1155.8
705,524.590524406371,114273,1142.73
706,524.675026282403,130162,1301.62
707,524.759528084398,135127,1351.27
708,524.844029812603,126598,1265.98
709,524.928531467263,121610,1216.1
710,525.013033048623,132572,1325.72
711,525.097534556927,135645,1356.45
712,525.182035992421,127740,1277.4
713,525.266537355351,122669,1226.69
714,525.351038645961,120292,1202.92
715,525.435539864496,122532,1225.32
716,525.520041011202,123052,1230.52
717,525.604542086324,121713,1217.13
718,525.689043090106,127452,1274.52
719,525.773544022794,128862,1288.62
720,525.858044884634,128712,1287.12
721,525.942545675869,128217,1282.17
722,526.027046396746,125910,1259.1
723,526.11154704751,124600,1246
724,526.196047628405,124514,1245.14
725,526.280548139677,127734,1277.34
726,526.36504858157,128710,1287.1
727,526.449548954331,127731,1277.31
728,526.534049258204,127786,1277.86
729,526.618549493434,130589,1305.89
730,526.703049660267,131505,1315.05
731,526.787549758947,130917,1309.17
732,526.87204978972,133199,1331.99
733,526.956549752831,134451,1344.51
734,527.041049648525,133688,1336.88
735,527.125549477046,133110,1331.1
736,527.210049238641,147755,1477.55
737,527.294548933555,154160,1541.6
738,527.379048562032,147482,1474.82
739,527.463548124317,142844,1428.44
740,527.548047620657,141888,1418.88
741,527.632547051295,141584,1415.84
742,527.717046416477,141245,1412.45
743,527.801545716449,146054,1460.54
744,527.886044951455,147991,1479.91
745,527.97054412174,151896,1518.96
746,528.05504322755,152763,1527.63
747,528.139542269129,150159,1501.59
748,528.224041246724,150767,1507.67
749,528.308540160578,153710,1537.1
750,528.393039010938,154355,1543.55
751,528.477537798047,153248,1532.48
752,528.562036522152,155548,1555.48
753,528.646535183498,159781,1597.81
754,528.731033782329,162630,1626.3
755,528.815532318891,162261,1622.61
756,528.900030793429,161526,1615.26
757,528.984529206188,161545,1615.45
758,529.069027557414,162285,1622.85
759,529.15352584735,163311,1633.11
760,529.238024076243,164306,1643.06
761,529.322522244338,165748,1657.48
762,529.407020351879,167474,1674.74
763,529.491518399112,169438,1694.38
764,529.576016386283,171268,1712.68
765,529.660514313635,173137,1731.37
766,529.745012181415,174471,1744.71
767,529.829509989866,175847,1758.47
768,529.914007739236,178091,1780.91
769,529.998505429768,183088,1830.88
770,530.083003061708,186250,1862.5
771,530.167500635301,187039,1870.39
772,530.251998150792,188355,1883.55
773,530.336495608426,190301,1903.01
774,530.420993008449,194487,1944.87
775,530.505490351105,199336,1993.36
776,530.589987636639,203273,2032.73
777,530.674484865298,206698,2066.98
778,530.758982037325,207189,2071.89
779,530.843479152966,206248,2062.48
780,530.927976212466,206517,2065.17
781,531.012473216071,207869,2078.69
782,531.096970164025,248084,2480.84
783,531.181467056574,261945,2619.45
784,531.265963893962,242104,2421.04
785,531.350460676435,228691,2286.91
786,531.434957404238,220808,2208.08
787,531.519454077616,215751,2157.51
788,531.603950696814,213716,2137.16
789,531.688447262078,211310,2113.1
790,531.772943773652,206839,2068.39
791,531.857440231782,201555,2015.55
792,531.941936636713,195319,1953.19
793,532.026432988689,190846,1908.46
794,532.110929287956,184025,1840.25
795,532.19542553476,176940,1769.4
796,532.279921729345,168814,1688.14
797,532.364417871956,159182,1591.82
798,532.448913962839,150372,1503.72
799,532.533410002239,142465,1424.65
800,532.6179059904,135409,1354.09
801,532.702401927568,129078,1290.78
802,532.786897813989,123426,1234.26
803,532.871393649906,123946,1239.46
804,532.955889435567,124148,1241.48
805,533.040385171214,119033,1190.33
806,533.124880857094,136242,1362.42
807,533.209376493452,138030,1380.3
808,533.293872080533,122856,1228.56
809,533.378367618582,113526,1135.26
810,533.462863107844,125515,1255.15
811,533.547358548564,126883,1268.83
812,533.631853940988,117765,1177.65
813,533.71634928536,111978,1119.78
814,533.800844581926,115303,1153.03
815,533.885339830931,114096,1140.96
816,533.96983503262,107955,1079.55
817,534.054330187238,103949,1039.49
818,534.13882529503,103821,1038.21
819,534.223320356242,102993,1029.93
820,534.307815371118,100944,1009.44
821,534.392310339903,99740,997.4
822,534.476805262844,98866,988.66
823,534.561300140184,98978,989.78
824,534.64579497217,103965,1039.65
825,534.730289759045,105119,1051.19
826,534.814784501056,104963,1049.63
827,534.899279198448,104483,1044.83
828,534.983773851465,102372,1023.72
829,535.068268460352,103236,1032.36
830,535.152763025356,110878,1108.78
831,535.23725754672,126109,1261.09
832,535.321752024691,125717,1257.17
833,535.406246459513,114887,1148.87
834,535.490740851431,107924,1079.24
835,535.575235200691,103971,1039.71
836,535.659729507538,101671,1016.71
837,535.744223772216,408830,4088.3
838,535.828717994971,495827,4958.27
839,535.913212176048,330034,3300.34
840,535.997706315693,231153,2311.53
841,536.08220041415,182309,1823.09
842,536.166694471664,152480,1524.8
843,536.251188488481,130320,1303.2
844,536.335682464845,117270,1172.7
845,536.420176401003,110102,1101.02
846,536.504670297198,105503,1055.03
847,536.589164153677,102579,1025.79
848,536.673657970684,101584,1015.84
849,536.758151748464,101944,1019.44
850,536.842645487263,101539,1015.39
851,536.927139187325,100908,1009.08
852,537.011632848896,103459,1034.59
853,537.096126472221,104553,1045.53
854,537.180620057546,106715,1067.15
855,537.265113605114,109409,1094.09
856,537.349607115172,107899,1078.99
857,537.434100587964,105922,1059.22
858,537.518594023736,104652,1046.52
859,537.603087422733,103707,1037.07
860,537.687580785199,104064,1040.64
861,537.772074111381,106701,1067.01
862,537.856567401522,116078,1160.78
863,537.941060655869,127569,1275.69
864,538.025553874667,131039,1310.39
865,538.11004705816,141285,1412.85
866,538.194540206593,174842,1748.42
867,538.279033320213,231617,2316.17
868,538.363526399263,307269,3072.69
869,538.44801944399,388613,3886.13
870,538.532512454637,451857,4518.57
871,538.617005431451,486172,4861.72
872,538.701498374677,488755,4887.55
873,538.785991284559,460744,4607.44
874,538.870484161343,413284,4132.84
875,538.954977005273,364967,3649.67
876,539.039469816596,321342,3213.42
877,539.123962595556,285808,2858.08
878,539.208455342398,265980,2659.8
879,539.292948057368,251962,2519.62
880,539.37744074071,236272,2362.72
881,539.46193339267,225886,2258.86
882,539.546426013493,219831,2198.31
883,539.630918603424,217295,2172.95
884,539.715411162708,209533,2095.33
885,539.79990369159,200343,2003.43
886,539.884396190315,191669,1916.69
887,539.968888659129,201446,2014.46
888,540.053381098277,201018,2010.18
889,540.137873508003,180564,1805.64
890,540.222365888553,160824,1608.24
891,540.306858240173,145023,1450.23
892,540.391350563106,131737,1317.37
893,540.475842857599,127363,1273.63
894,540.560335123896,122305,1223.05
895,540.644827362243,117838,1178.38
896,540.729319572884,116827,1168.27
897,540.813811756066,113639,1136.39
898,540.898303912032,109773,1097.73
899,540.982796041028,107291,1072.91
900,541.0672881433,105634,1056.34
901,541.151780219092,105256,1052.56
902,541.23627226865,104950,1049.5
903,541.320764292218,104892,1048.92
904,541.405256290042,105427,1054.27
905,541.489748262367,107387,1073.87
906,541.574240209438,111675,1116.75
907,541.6587321315,112205,1122.05
908,541.743224028798,113450,1134.5
909,541.827715901578,113776,1137.76
910,541.912207750085,112752,1127.52
911,541.996699574563,114318,1143.18
912,542.081191375258,117483,1174.83
913,542.165683152415,124847,1248.47
914,542.250174906279,132472,1324.72
915,542.334666637096,141382,1413.82
916,542.41915834511,154991,1549.91
917,542.503650030566,190994,1909.94
918,542.58814169371,222165,2221.65
919,542.672633334787,248763,2487.63
920,542.757124954042,282215,2822.15
921,542.841616551719,323350,3233.5
922,542.926108128065,379110,3791.1
923,543.010599683325,445128,4451.28
924,543.095091217743,522458,5224.58
925,543.179582731564,635795,6357.95
926,543.264074225034,742708,7427.08
927,543.348565698398,840967,8409.67
928,543.433057151901,950417,9504.17
929,543.517548585789,1067151,10671.51
930,543.602040000305,1189802,11898.02
931,543.686531395696,1303889,13038.89
932,543.771022772206,1406000,14060
933,543.855514130081,1503219,15032.19
934,543.940005469566,1593194,15931.94
935,544.024496790906,1668132,16681.32
936,544.108988094346,1741817,17418.17
937,544.193479380131,1804521,18045.21
938,544.277970648506,1852249,18522.49
939,544.362461899717,1896231,18962.31
940,544.446953134009,1938655,19386.55
941,544.531444351626,1969655,19696.55
942,544.615935552814,1997343,19973.43
943,544.700426737818,2024128,20241.28
944,544.784917906884,2046211,20462.11
945,544.869409060255,2069579,20695.79
946,544.953900198178,2090159,20901.59
947,545.038391320898,2107946,21079.46
948,545.122882428659,2122463,21224.63
949,545.207373521708,2133134,21331.34
950,545.291864600288,2145630,21456.3
951,545.376355664645,2157814,21578.14
952,545.460846715024,2193453,21934.53
953,545.545337751671,2204098,22040.98
954,545.62982877483,2194460,21944.6
955,545.714319784747,2193161,21931.61
956,545.798810781666,2195272,21952.72
957,545.883301765834,2192148,21921.48
958,545.967792737495,2191794,21917.94
959,546.052283696893,2194923,21949.23
960,546.136774644275,2202081,22020.81
961,546.221265579886,2211203,22112.03
962,546.30575650397,2218070,22180.7
963,546.390247416772,2228455,22284.55
964,546.474738318539,2240779,22407.79
965,546.559229209514,2253252,22532.52
966,546.643720089944,2268875,22688.75
967,546.728210960073,2285442,22854.42
968,546.812701820146,2302738,23027.38
969,546.897192670409,2320383,23203.83
970,546.981683511106,2334404,23344.04
971,547.066174342483,2345083,23450.83
972,547.150665164785,2355030,23550.3
973,547.235155978257,2365626,23656.26
974,547.319646783145,2370268,23702.68
975,547.404137579692,2371331,23713.31
976,547.488628368145,2372618,23726.18
977,547.573119148749,2372452,23724.52
978,547.657609921748,2372914,23729.14
979,547.742100687388,2378259,23782.59
980,547.826591445914,2382840,23828.4
981,547.911082197572,2386440,23864.4
982,547.995572942605,2393109,23931.09
983,548.08006368126,2398023,23980.23
984,548.164554413782,2404064,24040.64
985,548.249045140415,2412775,24127.75
986,548.333535861404,2421921,24219.21
987,548.418026576996,2444989,24449.89
988,548.502517287435,2457634,24576.34
989,548.587007992966,2459769,24597.69
990,548.671498693834,2461753,24617.53
991,548.755989390285,2468573,24685.73
992,548.840480082563,2476945,24769.45
993,548.924970770915,2478089,24780.89
994,549.009461455584,2477776,24777.76
995,549.093952136815,2478242,24782.42
996,549.178442814856,2477103,24771.03
997,549.262933489949,2472480,24724.8
998,549.347424162341,2475220,24752.2
999,549.431914832276,2475657,24756.57
1000,549.5164055,2470310,24703.1
1001,549.600896165758,2468714,24687.14
1002,549.685386829794,2469507,24695.07
1003,549.769877492355,2469201,24692.01
1004,549.854368153685,2471709,24717.09
1005,549.938858814029,2489529,24895.29
1006,550.023349473633,2495899,24958.99
1007,550.107840132742,2492615,24926.15
1008,550.1923307916,2494403,24944.03
1009,550.276821450453,2494896,24948.96
1010,550.361312109546,2495727,24957.27
1011,550.445802769124,2498345,24983.45
1012,550.530293429432,2502766,25027.66
1013,550.614784090716,2502458,25024.58
1014,550.69927475322,2500664,25006.64
1015,550.78376541719,2499682,24996.82
1016,550.868256082871,2496541,24965.41
1017,550.952746750508,2494140,24941.4
1018,551.037237420346,2492017,24920.17
1019,551.12172809263,2489829,24898.29
1020,551.206218767606,2487242,24872.42
1021,551.290709445518,2481961,24819.61
1022,551.375200126611,2477798,24777.98
1023,551.459690811131,2478494,24784.94
1024,551.544181499323,2475549,24755.49
1025,551.628672191433,2470122,24701.22
1026,551.713162887704,2466415,24664.15
1027,551.797653588383,2465725,24657.25
1028,551.882144293714,2466461,24664.61
1029,551.966635003943,2466216,24662.16
1030,552.051125719314,2467903,24679.03
1031,552.135616440073,2471333,24713.33
1032,552.220107166465,2470582,24705.82
1033,552.304597898735,2468292,24682.92
1034,552.389088637129,2468662,24686.62
1035,552.473579381891,2484738,24847.38
1036,552.558070133266,2482999,24829.99
1037,552.6425608915,2469396,24693.96
1038,552.727051656838,2460603,24606.03
1039,552.811542429524,2472283,24722.83
1040,552.896033209805,2467263,24672.63
1041,552.980523997925,2449747,24497.47
1042,553.065014794129,2436847,24368.47
1043,553.149505598662,2423839,24238.39
1044,553.23399641177,2412365,24123.65
1045,553.318487233698,2405785,24057.85
1046,553.402978064691,2410702,24107.02
1047,553.487468904993,2413369,24133.69
1048,553.571959754851,2403049,24030.49
1049,553.656450614509,2389512,23895.12
1050,553.740941484213,2379949,23799.49
1051,553.825432364206,2379161,23791.61
1052,553.909923254736,2376426,23764.26
1053,553.994414156046,2377048,23770.48
1054,554.078905068382,2377025,23770.25
1055,554.16339599199,2373858,23738.58
1056,554.247886927113,2370053,23700.53
1057,554.332377873998,2384904,23849.04
1058,554.416868832889,2384036,23840.36
1059,554.501359804032,2368924,23689.24
1060,554.585850787671,2359128,23591.28
1061,554.670341784053,2351852,23518.52
1062,554.754832793421,2346086,23460.86
1063,554.839323816021,2338522,23385.22
1064,554.923814852099,2329609,23296.09
1065,555.008305901899,2318769,23187.69
1066,555.092796965667,2313586,23135.86
1067,555.177288043647,2305031,23050.31
1068,555.261779136085,2318254,23182.54
1069,555.346270243226,2316726,23167.26
1070,555.430761365315,2296462,22964.62
1071,555.515252502597,2283055,22830.55
1072,555.599743655318,2269046,22690.46
1073,555.684234823722,2255967,22559.67
1074,555.768726008055,2249892,22498.92
1075,555.853217208561,2246269,22462.69
1076,555.937708425486,2240137,22401.37
1077,556.022199659075,2252205,22522.05
1078,556.106690909574,2251811,22518.11
1079,556.191182177226,2238552,22385.52
1080,556.275673462278,2227973,22279.73
1081,556.360164764975,2218985,22189.85
1082,556.444656085561,2215712,22157.12
1083,556.529147424282,2209199,22091.99
1084,556.613638781383,2201241,22012.41
1085,556.698130157109,2192920,21929.2
1086,556.782621551706,2187501,21875.01
1087,556.867112965417,2182994,21829.94
1088,556.951604398489,2179792,21797.92
1089,557.036095851167,2174390,21743.9
1090,557.120587323695,2162480,21624.8
1091,557.20507881632,2149297,21492.97
1092,557.289570329285,2137218,21372.18
1093,557.374061862836,2129496,21294.96
1094,557.458553417219,2121249,21212.49
1095,557.543044992678,2112178,21121.78
1096,557.627536589459,2102003,21020.03
1097,557.712028207806,2093941,20939.41
1098,557.796519847966,2086663,20866.63
1099,557.881011510182,2082124,20821.24
1100,557.9655031947,2076383,20763.83
1101,558.049994901765,2066714,20667.14
1102,558.134486631623,2054570,20545.7
1103,558.218978384519,2046439,20464.39
1104,558.303470160697,2044171,20441.71
1105,558.387961960402,2038064,20380.64
1106,558.472453783881,2031615,20316.15
1107,558.556945631378,2026833,20268.33
1108,558.641437503137,2046674,20466.74
1109,558.725929399405,2056174,20561.74
1110,558.810421320427,2039623,20396.23
1111,558.894913266447,2021398,20213.98
1112,558.97940523771,2008167,20081.67
1113,559.063897234463,1998869,19988.69
1114,559.14838925695,1992778,19927.78
1115,559.232881305415,1983409,19834.09
1116,559.317373380105,1970536,19705.36
1117,559.401865481264,1964662,19646.62
1118,559.486357609138,1958936,19589.36
1119,559.570849763971,1947823,19478.23
1120,559.65534194601,1937655,19376.55
1121,559.739834155498,1931145,19311.45
1122,559.824326392681,1921626,19216.26
1123,559.908818657804,1913882,19138.82
1124,559.993310951113,1904516,19045.16
1125,560.077803272852,1893716,18937.16
1126,560.162295623266,1883905,18839.05
1127,560.246788002602,1875991,18759.91
1128,560.331280411103,1869918,18699.18
1129,560.415772849015,1865810,18658.1
1130,560.500265316583,1860007,18600.07
1131,560.584757814052,1857331,18573.31
1132,560.669250341668,1851107,18511.07
1133,560.753742899676,1840550,18405.5
1134,560.83823548832,1833545,18335.45
1135,560.922728107845,1825665,18256.65
1136,561.007220758498,1817178,18171.78
1137,561.091713440523,1811265,18112.65
1138,561.176206154165,1803204,18032.04
1139,561.260698899669,1796047,17960.47
1140,561.345191677281,1788045,17880.45
1141,561.429684487245,1778666,17786.66
1142,561.514177329807,1770017,17700.17
1143,561.598670205212,1762110,17621.1
1144,561.683163113705,1753045,17530.45
1145,561.767656055531,1742931,17429.31
1146,561.852149030935,1736910,17369.1
1147,561.936642040163,1733771,17337.71
1148,562.021135083459,1724749,17247.49
1149,562.105628161069,1712592,17125.92
1150,562.190121273237,1704964,17049.64
1151,562.27461442021,1695175,16951.75
1152,562.359107602232,1694068,16940.68
1153,562.443600819547,1686645,16866.45
1154,562.528094072403,1676818,16768.18
1155,562.612587361042,1675011,16750.11
1156,562.697080685712,1668662,16686.62
1157,562.781574046656,1659580,16595.8
1158,562.866067444119,1665419,16654.19
1159,562.950560878348,1659122,16591.22
1160,563.035054349587,1642095,16420.95
1161,563.119547858082,1633807,16338.07
1162,563.204041404076,1627425,16274.25
1163,563.288534987816,1620472,16204.72
1164,563.373028609547,1613241,16132.41
1165,563.457522269514,1605589,16055.89
1166,563.542015967961,1598257,15982.57
1167,563.626509705135,1595461,15954.61
1168,563.71100348128,1593090,15930.9
1169,563.795497296641,1586017,15860.17
1170,563.879991151464,1576865,15768.65
1171,563.964485045993,1569027,15690.27
1172,564.048978980475,1561399,15613.99
1173,564.133472955153,1553661,15536.61
1174,564.217966970273,1546188,15461.88
1175,564.30246102608,1540967,15409.67
1176,564.386955122819,1536966,15369.66
1177,564.471449260736,1531648,15316.48
1178,564.555943440075,1522196,15221.96
1179,564.640437661083,1512252,15122.52
1180,564.724931924002,1562991,15629.91
1181,564.80942622908,1573051,15730.51
1182,564.893920576561,1535580,15355.8
1183,564.97841496669,1511786,15117.86
1184,565.062909399713,1494049,14940.49
1185,565.147403875874,1489401,14894.01
1186,565.231898395419,1481578,14815.78
1187,565.316392958592,1467796,14677.96
1188,565.400887565639,1458363,14583.63
1189,565.485382216806,1451879,14518.79
1190,565.569876912336,1446733,14467.33
1191,565.654371652476,1441947,14419.47
1192,565.73886643747,1439349,14393.49
1193,565.823361267564,1435709,14357.09
1194,565.907856143003,1446447,14464.47
1195,565.992351064031,1444358,14443.58
1196,566.076846030894,1430054,14300.54
1197,566.161341043838,1419548,14195.48
1198,566.245836103106,1409790,14097.9
1199,566.330331208945,1403333,14033.33
1200,566.4148263616,1397060,13970.6
1201,566.499321561315,1392018,13920.18
1202,566.583816808336,1387467,13874.67
1203,566.668312102908,1383627,13836.27
1204,566.752807445276,1376850,13768.5
1205,566.837302835685,1370445,13704.45
1206,566.92179827438,1366926,13669.26
1207,567.006293761607,1361398,13613.98
1208,567.090789297611,1354082,13540.82
1209,567.175284882636,1351110,13511.1
1210,567.259780516928,1345382,13453.82
1211,567.344276200732,1336523,13365.23
1212,567.428771934293,1329734,13297.34
1213,567.513267717856,1327575,13275.75
1214,567.597763551667,1322386,13223.86
1215,567.68225943597,1315758,13157.58
1216,567.766755371011,1328376,13283.76
1217,567.851251357034,1328838,13288.38
1218,567.935747394286,1314710,13147.1
1219,568.020243483011,1311098,13110.98
1220,568.104739623454,1306172,13061.72
1221,568.18923581586,1315817,13158.17
1222,568.273732060474,1313457,13134.57
1223,568.358228357543,1297286,12972.86
1224,568.442724707309,1285951,12859.51
1225,568.52722111002,1278390,12783.9
1226,568.61171756592,1272124,12721.24
1227,568.696214075254,1266419,12664.19
1228,568.780710638267,1260652,12606.52
1229,568.865207255205,1256053,12560.53
1230,568.949703926312,1251991,12519.91
1231,569.034200651834,1250429,12504.29
1232,569.118697432015,1246414,12464.14
1233,569.203194267102,1240490,12404.9
1234,569.287691157338,1237690,12376.9
1235,569.37218810297,1238244,12382.44
1236,569.456685104242,1241977,12419.77
1237,569.5411821614,1236779,12367.79
1238,569.625679274688,1226142,12261.42
1239,569.710176444352,1219870,12198.7
1240,569.794673670637,1212598,12125.98
1241,569.879170953788,1204841,12048.41
1242,569.96366829405,1202323,12023.23
1243,570.048165691668,1203541,12035.41
1244,570.132663146887,1199530,11995.3
1245,570.217160659954,1199516,11995.16
1246,570.301658231112,1195330,11953.3
1247,570.386155860606,1187783,11877.83
1248,570.470653548683,1181704,11817.04
1249,570.555151295587,1175863,11758.63
1250,570.639649101562,1172241,11722.41
1251,570.724146966856,1169104,11691.04
1252,570.808644891712,1168109,11681.09
1253,570.893142876375,1170265,11702.65
1254,570.977640921091,1169329,11693.29
1255,571.062139026105,1166395,11663.95
1256,571.146637191662,1177348,11773.48
1257,571.231135418007,1175833,11758.33
1258,571.315633705386,1162359,11623.59
1259,571.400132054043,1156736,11567.36
1260,571.484630464223,1154098,11540.98
1261,571.569128936172,1146343,11463.43
1262,571.653627470135,1136234,11362.34
1263,571.738126066357,1132894,11328.94
1264,571.822624725083,1129364,11293.64
1265,571.907123446559,1121243,11212.43
1266,571.991622231028,1118083,11180.83
1267,572.076121078737,1116978,11169.78
1268,572.160619989931,1108723,11087.23
1269,572.245118964855,1100258,11002.58
1270,572.329618003753,1093512,10935.12
1271,572.414117106872,1089139,10891.39
1272,572.498616274455,1089600,10896
1273,572.583115506749,1084636,10846.36
1274,572.667614803999,1076026,10760.26
1275,572.752114166448,1069680,10696.8
1276,572.836613594344,1066423,10664.23
1277,572.921113087931,1065147,10651.47
1278,573.005612647453,1063134,10631.34
1279,573.090112273157,1060229,10602.29
1280,573.174611965286,1060875,10608.75
1281,573.259111724088,1064228,10642.28
1282,573.343611549805,1068898,10688.98
1283,573.428111442685,1087929,10879.29
1284,573.512611402971,1090870,10908.7
1285,573.597111430909,1115460,11154.6
1286,573.681611526744,1116648,11166.48
1287,573.766111690721,1099287,10992.87
1288,573.850611923086,1085424,10854.24
1289,573.935112224083,1072245,10722.45
1290,574.019612593957,1064580,10645.8
1291,574.104113032955,1060121,10601.21
1292,574.18861354132,1058290,10582.9
1293,574.273114119298,1054570,10545.7
1294,574.357614767134,1053554,10535.54
1295,574.442115485074,1050605,10506.05
1296,574.526616273362,1084291,10842.91
1297,574.611117132243,1090090,10900.9
1298,574.695618061963,1078033,10780.33
1299,574.780119062767,1067945,10679.45
1300,574.8646201349,1051312,10513.12
1301,574.949121278607,1042430,10424.3
1302,575.033622494133,1038496,10384.96
1303,575.118123781723,1034404,10344.04
1304,575.202625141623,1027261,10272.61
1305,575.287126574078,1019588,10195.88
1306,575.371628079332,1014142,10141.42
1307,575.456129657631,1010871,10108.71
1308,575.54063130922,1007901,10079.01
1309,575.625133034344,1009594,10095.94
1310,575.709634833249,1014267,10142.67
1311,575.794136706179,1011503,10115.03
1312,575.878638653379,1005234,10052.34
1313,575.963140675095,1000916,10009.16
1314,576.047642771572,996792,9967.92
1315,576.132144943055,993501,9935.01
1316,576.216647189789,995877,9958.77
1317,576.301149512019,996464,9964.64
1318,576.38565190999,991694,9916.94
1319,576.470154383948,987581,9875.81
1320,576.554656934138,985514,9855.14
1321,576.639159560804,986066,9860.66
1322,576.723662264192,984369,9843.69
1323,576.808165044547,1006981,10069.81
1324,576.892667902114,1013927,10139.27
1325,576.977170837139,996750,9967.5
1326,577.061673849866,982242,9822.42
1327,577.146176940541,973646,9736.46
1328,577.230680109408,969791,9697.91
1329,577.315183356713,967387,9673.87
1330,577.399686682701,967233,9672.33
1331,577.484190087617,984842,9848.42
1332,577.568693571706,984291,9842.91
1333,577.653197135214,969070,9690.7
1334,577.737700778385,962719,9627.19
1335,577.822204501465,956835,9568.35
1336,577.906708304698,950404,9504.04
1337,577.991212188331,971772,9717.72
1338,578.075716152607,975344,9753.44
1339,578.160220197773,962870,9628.7
1340,578.244724324073,953580,9535.8
1341,578.329228531752,951221,9512.21
1342,578.413732821056,950348,9503.48
1343,578.49823719223,943729,9437.29
1344,578.582741645518,937610,9376.1
1345,578.667246181166,936213,9362.13
1346,578.75175079942,933974,9339.74
1347,578.836255500524,933481,9334.81
1348,578.920760284723,938075,9380.75
1349,579.005265152262,935220,9352.2
1350,579.089770103388,929553,9295.53
1351,579.174275138344,925833,9258.33
1352,579.258780257375,922255,9222.55
1353,579.343285460728,919750,9197.5
1354,579.427790748647,917797,9177.97
1355,579.512296121378,915551,9155.51
1356,579.596801579165,913743,9137.43
1357,579.681307122253,913334,9133.34
1358,579.765812750888,912267,9122.67
1359,579.850318465315,910569,9105.69
1360,579.934824265779,908212,9082.12
1361,580.019330152525,904790,9047.9
1362,580.103836125799,917252,9172.52
1363,580.188342185844,918213,9182.13
1364,580.272848332908,909325,9093.25
1365,580.357354567233,902550,9025.5
1366,580.441860889067,896862,8968.62
1367,580.526367298654,891943,8919.43
1368,580.610873796238,892726,8927.26
1369,580.695380382066,890728,8907.28
1370,580.779887056382,884967,8849.67
1371,580.864393819432,884747,8847.47
1372,580.94890067146,882678,8826.78
1373,581.033407612712,876926,8769.26
1374,581.117914643433,874696,8746.96
1375,581.202421763867,874071,8740.71
1376,581.286928974261,872169,8721.69
1377,581.371436274859,873027,8730.27
1378,581.455943665907,872254,8722.54
1379,581.540451147649,871951,8719.51
1380,581.62495872033,870494,8704.94
1381,581.709466384197,866775,8667.75
1382,581.793974139493,865014,8650.14
1383,581.878481986465,869331,8693.31
1384,581.962989925357,867807,8678.07
1385,582.047497956414,868955,8689.55
1386,582.132006079881,868994,8689.94
1387,582.216514296004,864536,8645.36
1388,582.301022605028,860098,8600.98
1389,582.385531007198,864982,8649.82
1390,582.470039502758,865402,8654.02
1391,582.554548091955,859717,8597.17
1392,582.639056775033,856295,8562.95
1393,582.723565552238,853001,8530.01
1394,582.808074423814,850447,8504.47
1395,582.892583390007,848059,8480.59
1396,582.977092451061,851428,8514.28
1397,583.061601607223,851614,8516.14
1398,583.146110858736,847831,8478.31
1399,583.230620205847,846319,8463.19
1400,583.3151296488,842588,8425.88
1401,583.399639187841,840686,8406.86
1402,583.484148823214,838573,8385.73
1403,583.568658555165,835116,8351.16
1404,583.653168383939,832805,8328.05
1405,583.73767830978,835486,8354.86
1406,583.822188332935,835806,8358.06
1407,583.906698453649,833502,8335.02
1408,583.991208672165,829696,8296.96
1409,584.075718988731,824011,8240.11
1410,584.16022940359,822912,8229.12
1411,584.244739916987,821126,8211.26
1412,584.329250529169,816853,8168.53
1413,584.41376124038,814144,8141.44
1414,584.498272050865,812293,8122.93
1415,584.58278296087,810336,8103.36
1416,584.667293970638,815639,8156.39
1417,584.751805080417,822448,8224.48
1418,584.83631629045,818551,8185.51
1419,584.920827600983,811518,8115.18
1420,585.005339012262,807733,8077.33
1421,585.08985052453,807902,8079.02
1422,585.174362138034,809669,8096.69
1423,585.258873853018,808754,8087.54
1424,585.343385669727,804984,8049.84
1425,585.427897588408,800634,8006.34
1426,585.512409609304,797008,7970.08
1427,585.596921732661,794359,7943.59
1428,585.681433958724,794769,7947.69
1429,585.765946287739,793519,7935.19
1430,585.85045871995,793847,7938.47
1431,585.934971255602,795679,7956.79
1432,586.019483894941,798931,7989.31
1433,586.103996638212,799099,7990.99
1434,586.18850948566,793127,7931.27
1435,586.27302243753,787845,7878.45
1436,586.357535494067,783375,7833.75
1437,586.442048655516,799125,7991.25
1438,586.526561922122,819148,8191.48
1439,586.611075294132,810542,8105.42
1440,586.695588771789,793909,7939.09
1441,586.780102355339,783490,7834.9
1442,586.864616045027,780063,7800.63
1443,586.949129841097,775988,7759.88
1444,587.033643743797,770632,7706.32
1445,587.118157753369,767929,7679.29
1446,587.20267187006,765289,7652.89
1447,587.287186094115,762040,7620.4
1448,587.371700425779,760444,7604.44
1449,587.456214865296,758848,7588.48
1450,587.540729412912,756556,7565.56
1451,587.625244068873,755570,7555.7
1452,587.709758833423,756552,7565.52
1453,587.794273706808,756647,7566.47
1454,587.878788689272,755354,7553.54
1455,587.963303781061,753090,7530.9
1456,588.047818982419,751309,7513.09
1457,588.132334293593,752551,7525.51
1458,588.216849714827,753722,7537.22
1459,588.301365246366,750838,7508.38
1460,588.385880888455,747414,7474.14
1461,588.47039664134,744006,7440.06
1462,588.554912505266,740631,7406.31
1463,588.639428480477,740979,7409.79
1464,588.72394456722,742259,7422.59
1465,588.808460765738,744980,7449.8
1466,588.892977076278,740986,7409.86
1467,588.977493499084,733228,7332.28
1468,589.062010034401,727388,7273.88
1469,589.146526682475,723130,7231.3
1470,589.231043443551,720334,7203.34
1471,589.315560317874,716151,7161.51
1472,589.400077305689,713801,7138.01
1473,589.48459440724,712991,7129.91
1474,589.569111622774,714003,7140.03
1475,589.653628952536,717555,7175.55
1476,589.73814639677,716074,7160.74
1477,589.822663955722,712650,7126.5
1478,589.907181629636,780106,7801.06
1479,589.991699418759,803055,8030.55
1480,590.076217323334,772171,7721.71
1481,590.160735343608,748643,7486.43
1482,590.245253479825,729461,7294.61
1483,590.329771732231,717380,7173.8
1484,590.41429010107,735308,7353.08
1485,590.498808586588,736954,7369.54
1486,590.58332718903,719993,7199.93
1487,590.667845908641,710603,7106.03
1488,590.752364745666,704788,7047.88
1489,590.83688370035,699763,6997.63
1490,590.921402772939,698904,6989.04
1491,591.005921963678,701505,7015.05
1492,591.090441272811,698764,6987.64
1493,591.174960700584,696479,6964.79
1494,591.259480247241,696115,6961.15
1495,591.343999913029,694762,6947.62
1496,591.428519698192,691247,6912.47
1497,591.513039602976,687299,6872.99
1498,591.597559627625,684652,6846.52
1499,591.682079772385,682992,6829.92
1500,591.7666000375,681148,6811.48
1501,591.851120423216,680094,6800.94
1502,591.935640929779,679255,6792.55
1503,592.020161557432,679905,6799.05
1504,592.104682306422,679412,6794.12
1505,592.189203176993,677222,6772.22
1506,592.273724169391,674467,6744.67
1507,592.35824528386,672422,6724.22
1508,592.442766520647,670056,6700.56
1509,592.527287879995,670768,6707.68
1510,592.611809362151,670397,6703.97
1511,592.696330967358,690368,6903.68
1512,592.780852695863,693167,6931.67
1513,592.865374547911,678275,6782.75
1514,592.949896523746,669217,6692.17
1515,593.034418623614,663439,6634.39
1516,593.11894084776,689983,6899.83
1517,593.203463196429,695533,6955.33
1518,593.287985669866,676844,6768.44
1519,593.372508268317,665517,6655.17
1520,593.457030992026,658728,6587.28
1521,593.541553841238,653812,6538.12
1522,593.626076816199,650455,6504.55
1523,593.710599917154,648318,6483.18
1524,593.795123144348,646385,6463.85
1525,593.879646498027,643701,6437.01
1526,593.964169978434,646574,6465.74
1527,594.048693585816,647372,6473.72
1528,594.133217320417,643828,6438.28
1529,594.217741182483,643083,6430.83
1530,594.302265172259,641081,6410.81
1531,594.38678928999,639969,6399.69
1532,594.47131353592,638556,6385.56
1533,594.555837910296,637614,6376.14
1534,594.640362413363,635374,6353.74
1535,594.724887045364,649559,6495.59
1536,594.809411806547,651380,6513.8
1537,594.893936697155,640180,6401.8
1538,594.978461717434,638874,6388.74
1539,595.062986867629,636251,6362.51
1540,595.147512147985,630190,6301.9
1541,595.232037558747,632402,6324.02
1542,595.316563100161,637144,6371.44
1543,595.401088772471,633100,6331
1544,595.485614575923,626702,6267.02
1545,595.570140510762,622857,6228.57
1546,595.654666577233,619089,6190.89
1547,595.73919277558,618730,6187.3
1548,595.82371910605,619502,6195.02
1549,595.908245568888,617520,6175.2
1550,595.992772164338,619802,6198.02
1551,596.077298892645,624769,6247.69
1552,596.161825754055,620493,6204.93
1553,596.246352748813,613251,6132.51
1554,596.330879877164,608633,6086.33
1555,596.415407139353,616947,6169.47
1556,596.499934535626,617673,6176.73
1557,596.584462066227,609767,6097.67
1558,596.668989731401,605749,6057.49
1559,596.753517531394,603908,6039.08
1560,596.838045466451,601863,6018.63
1561,596.922573536817,597503,5975.03
1562,597.007101742737,593678,5936.78
1563,597.091630084456,615483,6154.83
1564,597.17615856222,632283,6322.83
1565,597.260687176273,621467,6214.67
1566,597.345215926861,609039,6090.39
1567,597.429744814228,606052,6060.52
1568,597.51427383862,599570,5995.7
1569,597.598803000283,591888,5918.88
1570,597.68333229946,592869,5928.69
1571,597.767861736398,590769,5907.69
1572,597.852391311341,590778,5907.78
1573,597.936921024535,588357,5883.57
1574,598.021450876224,585741,5857.41
1575,598.105980866655,586821,5868.21
1576,598.190510996071,583938,5839.38
1577,598.275041264718,582455,5824.55
1578,598.359571672842,582454,5824.54
1579,598.444102220687,583023,5830.23
1580,598.528632908498,579561,5795.61
1581,598.613163736522,577361,5773.61
1582,598.697694705001,581492,5814.92
1583,598.782225814183,581894,5818.94
1584,598.866757064312,578735,5787.35
1585,598.951288455633,573846,5738.46
1586,599.035819988391,571222,5712.22
1587,599.120351662832,571701,5717.01
1588,599.2048834792,568855,5688.55
1589,599.289415437741,564271,5642.71
1590,599.3739475387,561200,5612
1591,599.458479782322,561992,5619.92
1592,599.543012168852,564112,5641.12
1593,599.627544698535,564555,5645.55
1594,599.712077371617,561134,5611.34
1595,599.796610188342,557126,5571.26
1596,599.881143148956,557672,5576.72
1597,599.965676253703,559235,5592.35
1598,600.05020950283,556427,5564.27
1599,600.13474289658,551906,5519.06
1600,600.2192764352,549116,5491.16
1601,600.303810118934,550320,5503.2
1602,600.388343948028,549635,5496.35
1603,600.472877922726,546253,5462.53
1604,600.557412043273,546642,5466.42
1605,600.641946309916,545584,5455.84
1606,600.726480722899,543218,5432.18
1607,600.811015282466,540770,5407.7
1608,600.895549988864,539080,5390.8
1609,600.980084842338,537401,5374.01
1610,601.064619843132,537644,5376.44
1611,601.149154991491,537212,5372.12
1612,601.233690287662,538030,5380.3
1613,601.318225731888,536674,5366.74
1614,601.402761324415,533735,5337.35
1615,601.487297065489,534771,5347.71
1616,601.571832955354,533955,5339.55
1617,601.656368994255,533607,5336.07
1618,601.740905182438,531467,5314.67
1619,601.825441520148,528286,5282.86
1620,601.90997800763,529864,5298.64
1621,601.994514645128,531700,5317
1622,602.079051432889,531317,5313.17
1623,602.163588371157,528637,5286.37
1624,602.248125460177,527074,5270.74
1625,602.332662700195,525394,5253.94
1626,602.417200091456,525076,5250.76
1627,602.501737634204,522598,5225.98
1628,602.586275328686,518856,5188.56
1629,602.670813175145,517033,5170.33
1630,602.755351173828,523036,5230.36
1631,602.839889324979,523753,5237.53
1632,602.924427628843,521937,5219.37
1633,603.008966085667,520976,5209.76
1634,603.093504695693,517251,5172.51
1635,603.178043459169,512751,5127.51
1636,603.262582376339,513275,5132.75
1637,603.347121447448,515048,5150.48
1638,603.431660672741,513290,5132.9
1639,603.516200052464,509840,5098.4
1640,603.600739586861,506011,5060.11
1641,603.685279276178,503865,5038.65
1642,603.769819120659,502867,5028.67
1643,603.854359120551,501053,5010.53
1644,603.938899276098,501750,5017.5
1645,604.023439587545,503869,5038.69
1646,604.107980055137,502175,5021.75
1647,604.19252067912,501196,5011.96
1648,604.277061459738,499760,4997.6
1649,604.361602397237,496717,4967.17
1650,604.446143491862,494480,4944.8
1651,604.530684743859,500447,5004.47
1652,604.615226153471,509913,5099.13
1653,604.699767720944,509889,5098.89
1654,604.784309446525,502938,5029.38
1655,604.868851330456,498884,4988.84
1656,604.953393372984,500854,5008.54
1657,605.037935574354,503027,5030.27
1658,605.122477934812,498132,4981.32
1659,605.207020454601,510356,5103.56
1660,605.291563133967,511266,5112.66
1661,605.376105973156,499041,4990.41
1662,605.460648972412,491444,4914.44
1663,605.545192131981,485885,4858.85
1664,605.629735452108,482363,4823.63
1665,605.714278933038,479483,4794.83
1666,605.798822575015,483495,4834.95
1667,605.883366378286,484395,4843.95
1668,605.967910343095,480574,4805.74
1669,606.052454469688,477645,4776.45
1670,606.136998758309,475816,4758.16
1671,606.221543209204,477846,4778.46
1672,606.306087822618,477888,4778.88
1673,606.390632598795,475289,4752.89
1674,606.475177537982,475360,4753.6
1675,606.559722640423,476903,4769.03
1676,606.644267906364,477214,4772.14
1677,606.728813336049,476925,4769.25
1678,606.813358929724,473456,4734.56
1679,606.897904687633,468811,4688.11
1680,606.982450610022,465887,4658.87
1681,607.066996697137,463567,4635.67
1682,607.151542949221,464955,4649.55
1683,607.236089366521,466868,4668.68
1684,607.320635949282,464764,4647.64
1685,607.405182697748,461956,4619.56
1686,607.489729612165,463122,4631.22
1687,607.574276692777,462767,4627.67
1688,607.658823939831,459626,4596.26
1689,607.74337135357,459821,4598.21
1690,607.827918934241,461563,4615.63
1691,607.912466682089,459201,4592.01
1692,607.997014597358,455911,4559.11
1693,608.081562680293,462568,4625.68
1694,608.16611093114,463127,4631.27
1695,608.250659350145,459700,4597
1696,608.335207937551,458810,4588.1
1697,608.419756693605,457548,4575.48
1698,608.504305618551,454142,4541.42
1699,608.588854712634,453196,4531.96
1700,608.6734039761,450889,4508.89
1701,608.757953409194,455742,4557.42
1702,608.84250301216,459033,4590.33
1703,608.927052785245,453636,4536.36
1704,609.011602728693,449004,4490.04
1705,609.096152842749,445441,4454.41
1706,609.180703127658,442396,4423.96
1707,609.265253583666,440233,4402.33
1708,609.349804211018,439016,4390.16
1709,609.434355009958,440454,4404.54
1710,609.518905980733,439829,4398.29
1711,609.603457123586,443032,4430.32
1712,609.688008438764,470339,4703.39
1713,609.772559926511,473472,4734.72
1714,609.857111587073,455989,4559.89
1715,609.941663420694,445502,4455.02
1716,610.02621542762,438623,4386.23
1717,610.110767608096,437717,4377.17
1718,610.195319962366,436165,4361.65
1719,610.279872490677,432789,4327.89
1720,610.364425193274,430438,4304.38
1721,610.4489780704,428935,4289.35
1722,610.533531122303,427521,4275.21
1723,610.618084349226,427216,4272.16
1724,610.702637751414,429142,4291.42
1725,610.787191329114,430895,4308.95
1726,610.87174508257,429430,4294.3
1727,610.956299012027,431974,4319.74
1728,611.04085311773,431452,4314.52
1729,611.125407399925,426926,4269.26
1730,611.209961858857,423356,4233.56
1731,611.29451649477,441028,4410.28
1732,611.37907130791,451795,4517.95
1733,611.463626298523,441772,4417.72
1734,611.548181466852,433758,4337.58
1735,611.632736813144,433938,4339.38
1736,611.717292337643,430527,4305.27
1737,611.801848040595,424157,4241.57
1738,611.886403922244,419900,4199
1739,611.970959982837,419854,4198.54
1740,612.055516222617,420680,4206.8
1741,612.14007264183,421276,4212.76
1742,612.224629240722,421615,4216.15
1743,612.309186019537,418973,4189.73
1744,612.39374297852,425892,4258.92
1745,612.478300117917,426579,4265.79
1746,612.562857437973,432197,4321.97
1747,612.647414938933,433344,4333.44
1748,612.731972621042,422916,4229.16
1749,612.816530484545,414441,4144.41
1750,612.901088529688,423498,4234.98
1751,612.985646756714,424022,4240.22
1752,613.070205165871,416790,4167.9
1753,613.154763757402,411595,4115.95
1754,613.239322531553,406545,4065.45
1755,613.323881488569,405794,4057.94
1756,613.408440628695,403523,4035.23
1757,613.492999952176,400037,4000.37
1758,613.577559459258,400615,4006.15
1759,613.662119150185,402260,4022.6
1760,613.746679025203,399994,3999.94
1761,613.831239084557,396590,3965.9
1762,613.915799328492,397093,3970.93
1763,614.000359757252,395820,3958.2
1764,614.084920371084,392850,3928.5
1765,614.169481170232,391246,3912.46
1766,614.254042154942,390352,3903.52
1767,614.338603325458,388605,3886.05
1768,614.423164682026,389202,3892.02
1769,614.507726224891,391178,3911.78
1770,614.592287954298,388908,3889.08
1771,614.676849870492,399800,3998
1772,614.761411973718,401977,4019.77
1773,614.845974264222,392995,3929.95
1774,614.930536742248,387336,3873.36
1775,615.015099408042,386986,3869.86
1776,615.099662261849,385071,3850.71
1777,615.184225303914,381223,3812.23
1778,615.268788534481,381360,3813.6
1779,615.353351953797,380664,3806.64
1780,615.437915562106,383787,3837.87
1781,615.522479359654,383928,3839.28
1782,615.607043346685,379960,3799.6
1783,615.691607523446,390541,3905.41
1784,615.776171890179,391854,3918.54
1785,615.860736447132,383074,3830.74
1786,615.94530119455,377481,3774.81
1787,616.029866132676,376720,3767.2
1788,616.114431261757,375157,3751.57
1789,616.198996582037,374684,3746.84
1790,616.283562093762,375391,3753.91
1791,616.368127797177,375811,3758.11
1792,616.452693692527,373156,3731.56
1793,616.537259780057,368600,3686
1794,616.621826060012,369088,3690.88
1795,616.706392532638,371405,3714.05
1796,616.790959198179,369406,3694.06
1797,616.87552605688,365326,3653.26
1798,616.960093108988,380755,3807.55
1799,617.044660354746,384032,3840.32
1800,617.1292277944,380315,3803.15
1801,617.213795428195,382683,3826.83
1802,617.298363256377,377011,3770.11
1803,617.38293127919,368518,3685.18
1804,617.46749949688,363017,3630.17
1805,617.552067909691,359092,3590.92
1806,617.63663651787,356339,3563.39
1807,617.72120532166,669340,6693.4
1808,617.805774321307,760012,7600.12
1809,617.890343517057,590855,5908.55
1810,617.974912909154,488389,4883.89
1811,618.059482497843,429137,4291.37
1812,618.14405228337,395363,3953.63
1813,618.22862226598,375730,3757.3
1814,618.313192445918,363674,3636.74
1815,618.397762823429,368844,3688.44
1816,618.482333398757,371271,3712.71
1817,618.56690417215,363035,3630.35
1818,618.65147514385,358792,3587.92
1819,618.736046314105,354959,3549.59
1820,618.820617683158,350351,3503.51
1821,618.905189251254,348560,3485.6
1822,618.98976101864,347481,3474.81
1823,619.07433298556,345811,3458.11
1824,619.158905152259,348185,3481.85
1825,619.243477518983,366613,3666.13
1826,619.328050085976,368804,3688.04
1827,619.412622853484,359748,3597.48
1828,619.497195821751,356590,3565.9
1829,619.581768991023,357828,3578.28
1830,619.666342361546,353892,3538.92
1831,619.750915933564,347370,3473.7
1832,619.835489707321,343562,3435.62
1833,619.920063683065,346555,3465.55
1834,620.004637861039,348559,3485.59
1835,620.089212241489,344530,3445.3
1836,620.173786824659,340282,3402.82
1837,620.258361610796,338953,3389.53
1838,620.342936600144,337471,3374.71
1839,620.427511792947,335951,3359.51
1840,620.512087189453,339724,3397.24
1841,620.596662789905,362863,3628.63
1842,620.681238594548,373429,3734.29
1843,620.765814603629,361340,3613.4
1844,620.850390817391,347908,3479.08
1845,620.93496723608,342079,3420.79
1846,621.019543859942,343355,3433.55
1847,621.104120689221,340833,3408.33
1848,621.188697724162,336735,3367.35
1849,621.273274965011,333368,3333.68
1850,621.357852412012,329689,3296.89
1851,621.442430065412,329028,3290.28
1852,621.527007925454,327690,3276.9
1853,621.611585992385,327829,3278.29
1854,621.696164266449,327824,3278.24
1855,621.780742747892,325828,3258.28
1856,621.865321436958,324587,3245.87
1857,621.949900333892,324112,3241.12
1858,622.03447943894,326075,3260.75
1859,622.119058752348,325825,3258.25
1860,622.203638274359,323167,3231.67
1861,622.28821800522,324796,3247.96
1862,622.372797945175,324572,3245.72
1863,622.457378094469,322743,3227.43
1864,622.541958453348,320854,3208.54
1865,622.626539022057,319956,3199.56
1866,622.711119800841,319534,3195.34
1867,622.795700789945,318282,3182.82
1868,622.880281989613,327088,3270.88
1869,622.964863400093,328465,3284.65
1870,623.049445021627,321909,3219.09
1871,623.134026854462,318231,3182.31
1872,623.218608898843,315749,3157.49
1873,623.303191155015,317042,3170.42
1874,623.387773623222,316751,3167.51
1875,623.472356303711,317134,3171.34
1876,623.556939196726,318747,3187.47
1877,623.641522302512,316514,3165.14
1878,623.726105621315,313168,3131.68
1879,623.810689153379,313468,3134.68
1880,623.89527289895,312562,3125.62
1881,623.979856858273,312753,3127.53
1882,624.064441031593,316440,3164.4
1883,624.149025419156,317945,3179.45
1884,624.233610021205,319713,3197.13
1885,624.318194837987,319546,3195.46
1886,624.402779869747,317346,3173.46
1887,624.487365116729,318165,3181.65
1888,624.571950579179,317870,3178.7
1889,624.656536257342,312594,3125.94
1890,624.741122151463,307116,3071.16
1891,624.825708261788,306324,3063.24
1892,624.91029458856,310617,3106.17
1893,624.994881132027,308976,3089.76
1894,625.079467892432,306679,3066.79
1895,625.16405487002,304397,3043.97
1896,625.248642065038,301064,3010.64
1897,625.33322947773,327152,3271.52
1898,625.41781710834,335796,3357.96
1899,625.502404957115,433567,4335.67
1900,625.5869930243,456659,4566.59
1901,625.671581310139,389412,3894.12
1902,625.756169814878,654419,6544.19
1903,625.840758538762,715364,7153.64
1904,625.925347482035,535738,5357.38
1905,626.009936644944,438327,4383.27
1906,626.094526027733,380097,3800.97
1907,626.179115630648,340578,3405.78
1908,626.263705453933,318485,3184.85
1909,626.348295497833,308032,3080.32
1910,626.432885762595,300570,3005.7
1911,626.517476248462,294412,2944.12
1912,626.60206695568,302102,3021.02
1913,626.686657884495,302555,3025.55
1914,626.771249035151,294448,2944.48
1915,626.855840407893,295235,2952.35
1916,626.940432002967,293336,2933.36
1917,627.025023820618,291143,2911.43
1918,627.10961586109,301870,3018.7
1919,627.19420812463,301617,3016.17
1920,627.278800611482,300129,3001.29
1921,627.363393321891,298407,2984.07
1922,627.447986256102,320918,3209.18
1923,627.532579414361,323431,3234.31
1924,627.617172796912,304327,3043.27
1925,627.701766404002,292502,2925.02
1926,627.786360235874,285235,2852.35
1927,627.870954292774,284153,2841.53
1928,627.955548574948,282667,2826.67
1929,628.04014308264,291305,2913.05
1930,628.124737816095,292605,2926.05
1931,628.209332775559,287119,2871.19
1932,628.293927961276,282975,2829.75
1933,628.378523373493,278276,2782.76
1934,628.463119012454,275322,2753.22
1935,628.547714878403,273869,2738.69
1936,628.632310971587,276137,2761.37
1937,628.716907292251,278517,2785.17
1938,628.801503840639,279567,2795.67
1939,628.886100616996,277180,2771.8
1940,628.970697621569,273633,2736.33
1941,629.055294854601,271542,2715.42
1942,629.139892316339,272949,2729.49
1943,629.224490007026,274890,2748.9
1944,629.309087926909,273459,2734.59
1945,629.393686076233,273242,2732.42
1946,629.478284455242,271284,2712.84
1947,629.562883064182,268169,2681.69
1948,629.647481903298,266293,2662.93
1949,629.732080972835,265158,2651.58
1950,629.816680273037,266603,2666.03
1951,629.901279804152,266595,2665.95
1952,629.985879566422,267296,2672.96
1953,630.070479560095,269512,2695.12
1954,630.155079785414,270081,2700.81
1955,630.239680242624,267140,2671.4
1956,630.324280931972,263520,2635.2
1957,630.408881853702,267766,2677.66
1958,630.493483008059,268787,2687.87
1959,630.578084395288,263662,2636.62
1960,630.662686015635,258988,2589.88
1961,630.747287869345,260383,2603.83
1962,630.831889956662,260683,2606.83
1963,630.916492277832,257361,2573.61
1964,631.001094833101,254929,2549.29
1965,631.085697622712,254287,2542.87
1966,631.170300646912,256780,2567.8
1967,631.254903905945,257456,2574.56
1968,631.339507400056,261123,2611.23
1969,631.424111129492,263231,2632.31
1970,631.508715094496,265879,2658.79
1971,631.593319295314,272874,2728.74
1972,631.677923732192,271841,2718.41
1973,631.762528405373,266412,2664.12
1974,631.847133315104,262354,2623.54
1975,631.93173846163,257947,2579.47
1976,632.016343845195,256807,2568.07
1977,632.100949466045,254380,2543.8
1978,632.185555324425,250956,2509.56
1979,632.270161420579,249223,2492.23
1980,632.354767754754,248160,2481.6
1981,632.439374327195,249103,2491.03
1982,632.523981138146,248669,2486.69
1983,632.608588187852,246583,2465.83
1984,632.693195476559,246275,2462.75
1985,632.777803004512,245446,2454.46
1986,632.862410771956,245053,2450.53
1987,632.947018779136,245246,2452.46
1988,633.031627026297,245244,2452.44
1989,633.116235513685,246503,2465.03
1990,633.200844241544,251083,2510.83
1991,633.28545321012,250173,2501.73
1992,633.370062419658,246002,2460.02
1993,633.454671870403,243355,2433.55
1994,633.539281562599,241541,2415.41
1995,633.623891496493,240428,2404.28
1996,633.708501672329,239840,2398.4
1997,633.793112090353,241780,2417.8
1998,633.877722750809,241255,2412.55
1999,633.962333653943,239131,2391.31
2000,634.0469448,237521,2375.21
2001,634.131556189225,236093,2360.93
2002,634.216167821863,237829,2378.29
2003,634.300779698159,237844,2378.44
2004,634.385391818359,236363,2363.63
2005,634.470004182707,235500,2355
2006,634.554616791449,234465,2344.65
2007,634.639229644829,236082,2360.82
2008,634.723842743094,249671,2496.71
2009,634.808456086488,254187,2541.87
2010,634.893069675256,246215,2462.15
2011,634.977683509643,241539,2415.39
2012,635.062297589895,240994,2409.94
2013,635.146911916256,240817,2408.17
2014,635.231526488972,237429,2374.29
2015,635.316141308288,461717,4617.17
2016,635.400756374449,522702,5227.02
2017,635.4853716877,403508,4035.08
2018,635.569987248286,333941,3339.41
2019,635.654603056453,289133,2891.33
2020,635.739219112446,262230,2622.3
2021,635.823835416509,247100,2471
2022,635.908451968888,242943,2429.43
2023,635.993068769827,255354,2553.54
2024,636.077685819573,253353,2533.53
2025,636.16230311837,258086,2580.86
2026,636.246920666464,255064,2550.64
2027,636.331538464099,338772,3387.72
2028,636.41615651152,357273,3572.73
2029,636.500774808974,299446,2994.46
2030,636.585393356704,265300,2653
2031,636.670012154956,265947,2659.47
2032,636.754631203976,263241,2632.41
2033,636.839250504007,246284,2462.84
2034,636.923870055296,234048,2340.48
2035,637.008489858088,229155,2291.55
2036,637.093109912628,225793,2257.93
2037,637.17773021916,221930,2219.3
2038,637.26235077793,219369,2193.69
2039,637.346971589183,225671,2256.71
2040,637.431592653165,229926,2299.26
2041,637.51621397012,225335,2253.35
2042,637.600835540293,221941,2219.41
2043,637.68545736393,220766,2207.66
2044,637.770079441276,221097,2210.97
2045,637.854701772576,219180,2191.8
2046,637.939324358074,215831,2158.31
2047,638.023947198017,213731,2137.31
