464.9839,26037
465.068515076491,25687
465.153129906126,25926
465.237744489151,25899
465.322358825812,25885
465.406972916352,25692
465.491586761018,25439
465.576200360054,25438
465.660813713705,25524
465.745426822218,25608
465.830039685836,25722
465.914652304805,25760
465.99926467937,25880
466.083876809776,26108
466.168488696269,26268
466.253100339093,198129
466.337711738494,246840
466.422322894716,156059
466.506933808006,102086
466.591544478607,71188
466.676154906766,53378
466.760765092726,43079
466.845375036735,41269
466.929984739036,39746
467.014594199874,36479
467.099203419495,34250
467.183812398145,32269
467.268421136067,31410
467.353029633508,66556
467.437637890711,78502
467.522245907924,64380
467.60685368539,52865
467.691461223355,43017
467.776068522063,37806
467.860675581761,34643
467.945282402693,38271
468.029888985104,46270
468.11449532924,44793
468.199101435345,42273
468.283707303665,39305
468.368312934445,34821
468.45291832793,36208
468.537523484364,40001
468.622128403994,67816
468.706733087065,80641
468.791337533821,65358
468.875941744507,50250
468.96054571937,42168
469.045149458653,37891
469.129752962602,35085
469.214356231462,32859
469.298959265479,31682
469.383562064897,31437
469.468164629962,31055
469.552766960919,34242
469.637369058012,39758
469.721970921487,38707
469.80657255159,35745
469.891173948565,37837
469.975775112657,37058
470.060376044111,33580
470.144976743173,31868
470.229577210088,35157
470.314177445101,36012
470.398777448457,38033
470.483377220402,66182
470.567976761179,74646
470.652576071035,61032
470.737175150215,49249
470.821773998963,41134
470.906372617525,40643
470.990971006146,38800
471.075569165072,75601
471.160167094546,85361
471.244764794815,67367
471.329362266123,54803
471.413959508717,48540
471.498556522839,51422
471.583153308737,52052
471.667749866655,48525
471.752346196838,47553
471.836942299532,47139
471.921538174981,51276
472.00613382343,48716
472.090729245126,41150
472.175324440312,36053
472.259919409234,37082
472.344514152137,36591
472.429108669267,33425
472.513702960868,33052
472.598297027185,35118
472.682890868465,34960
472.767484484951,32722
472.852077876889,31145
472.936671044524,34426
473.021263988101,35291
473.105856707865,33714
473.190449204062,39363
473.275041476937,58152
473.359633526735,66894
473.4442253537,56666
473.528816958078,48721
473.613408340115,46963
473.697999500055,42523
473.782590438143,37273
473.867181154625,34606
473.951771649745,37882
474.03636192375,37863
474.120951976883,34821
474.20554180939,33420
474.290131421517,32241
474.374720813508,35889
474.459309985608,36298
474.543898938063,33418
474.628487671118,31855
474.713076185018,31124
474.797664480008,35321
474.882252556332,72772
474.966840414238,83958
475.051428053968,105268
475.13601547577,102283
475.220602679887,71746
475.305189666564,53501
475.389776436048,43159
475.474362988583,37189
475.558949324414,33445
475.643535443787,31769
475.728121346946,31181
475.812707034136,30257
475.897292505604,58966
475.981877761593,72404
476.066462802349,62253
476.151047628118,54898
476.235632239144,46595
476.320216635672,39021
476.404800817948,38989
476.489384786216,38632
476.573968540723,40822
476.658552081712,64508
476.74313540943,67911
476.827718524121,53240
476.91230142603,43681
476.996884115403,41553
477.081466592484,39388
477.166048857519,35369
477.250630910753,37226
477.335212752432,37081
477.419794382799,34454
477.504375802101,36609
477.588957010582,37270
477.673538008487,34387
477.758118796063,86489
477.842699373553,100511
477.927279741204,71064
478.011859899259,53265
478.096439847965,42689
478.181019587566,37612
478.265599118308,35509
478.350178440435,33522
478.434757554193,32467
478.519336459827,47305
478.603915157582,50597
478.688493647704,41487
478.773071930436,112062
478.857650006026,130294
478.942227874716,89192
479.026805536754,79645
479.111382992383,72035
479.19596024185,59880
479.280537285398,49931
479.365114123274,41422
479.449690755722,36112
479.534267182988,32725
479.618843405317,31075
479.703419422953,34472
479.787995236142,40015
479.87257084513,38900
479.95714625016,35328
480.041721451479,33007
480.126296449331,31972
480.210871243962,35032
480.295445835617,35725
480.380020224541,37292
480.464594410979,37021
480.549168395175,38469
480.633742177377,38032
480.718315757827,34763
480.802889136772,32784
480.887462314457,31296
480.972035291127,30100
481.056608067026,34627
481.141180642401,50852
481.225753017496,51864
481.310325192556,42028
481.394897167827,40048
481.479468943554,38309
481.564040519981,34908
481.648611897354,32720
481.733183075918,31026
481.817754055918,34381
481.9023248376,35050
481.986895421208,36112
482.071465806988,77949
482.156035995184,87240
482.240605986042,66980
482.325175779807,53491
482.409745376725,43744
482.494314777039,37819
482.578883980996,34417
482.663452988841,32745
482.748021800818,31392
482.832590417173,30856
482.91715883815,34961
483.001727063996,39518
483.086295094955,38310
483.170862931273,34996
483.255430573193,33641
483.339998020963,36641
483.424565274826,37326
483.509132335028,34468
483.593699201814,32475
483.678265875429,35193
483.762832356118,35228
483.847398644127,32331
483.9319647397,35046
484.016530643083,49263
484.101096354521,50813
484.185661874258,42863
484.270227202541,37457
484.354792339614,34051
484.439357285722,32912
484.523922041111,35992
484.608486606025,40132
484.69305098071,38338
484.777615165411,36761
484.862179160373,39329
484.946742965841,37979
485.03130658206,38297
485.115870009276,41624
485.200433247733,39764
485.284996297677,35865
485.369559159353,65181
485.454121833005,76444
485.53868431888,59828
485.623246617222,48746
485.707808728276,41557
485.792370652288,35953
485.876932389502,36758
485.961493940164,36696
486.046055304519,34113
486.130616482813,33315
486.215177475289,32884
486.299738282193,40128
486.384298903771,41983
486.468859340268,36834
486.553419591928,33030
486.637979658997,31788
486.722539541719,30927
486.807099240341,33511
486.891658755108,34289
486.976218086263,32119
487.060777234053,30714
487.145336198723,29872
487.229894980517,29451
487.314453579682,29965
487.399011996461,30195
487.483570231101,29866
487.568128283845,29588
487.652686154941,29145
487.737243844632,29338
487.821801353163,34755
487.906358680781,36140
487.990915827729,33334
488.075472794253,32263
488.160029580599,37160
488.244586187011,37844
488.329142613735,34778
488.413698861015,41032
488.498254929097,42003
488.582810818225,41231
488.667366528646,40955
488.751922060605,37051
488.836477414345,35710
488.921032590113,35179
489.005587588153,35712
489.090142408711,69657
489.174697052032,81298
489.259251518361,66323
489.343805807943,53331
489.428359921024,43075
489.512913857847,37162
489.597467618659,34286
489.682021203705,47264
489.76657461323,50101
489.851127847479,41132
489.935680906696,38297
490.020233791128,36039
490.104786501019,32655
490.189339036615,35081
490.27389139816,35562
490.3584435859,32964
490.44299560008,31182
490.527547440945,29968
490.612099108739,29487
490.69665060371,29204
490.7812019261,29358
490.865753076156,33440
490.950304054123,35045
491.034854860246,33120
491.119405494769,31830
491.203955957939,31189
491.288506249999,30884
491.373056371197,30175
491.457606321775,34132
491.54215610198,36449
491.626705712057,34227
491.711255152251,31897
491.795804422807,30318
491.88035352397,29528
491.964902455985,29799
492.049451219098,34296
492.133999813553,35152
492.218548239596,32585
492.303096497471,34933
492.387644587425,38277
492.472192509702,40438
492.556740264546,48935
492.641287852205,47830
492.725835272921,39514
492.810382526942,36228
492.894929614511,47777
492.979476535874,49776
493.064023291276,41773
493.148569880962,39681
493.233116305178,37453
493.317662564167,33701
493.402208658177,32655
493.486754587451,31616
493.571300352235,30492
493.655845952774,29583
493.740391389313,33472
493.824936662097,34279
493.909481771372,34795
493.994026717382,34225
494.078571500372,31684
494.163116120589,30972
494.247660578276,30477
494.33220487368,65506
494.416749007044,75650
494.501292978615,57267
494.585836788637,45563
494.670380437356,38826
494.754923925017,35871
494.839467251864,38277
494.924010418144,37703
495.0085534241,34176
495.093096269979,50954
495.177638956025,54904
495.262181482484,48052
495.3467238496,46006
495.431266057619,40868
495.515808106786,40296
495.600349997346,38616
495.684891729544,34694
495.769433303626,34472
495.853974719836,33318
495.938515978419,31165
496.023057079622,30153
496.107598023688,29594
496.192138810863,33408
496.276679441392,34254
496.361219915521,34026
496.445760233493,70959
496.530300395556,79940
496.614840401953,58830
496.69938025293,52654
496.783919948731,47588
496.868459489603,44024
496.95299887579,40535
497.037538107538,44542
497.12207718509,44102
497.206616108694,41847
497.291154878593,39701
497.375693495033,36161
497.460231958259,33387
497.544770268516,31774
497.629308426049,31637
497.713846431104,31235
497.798384283926,34407
497.882921984759,34746
497.967459533848,32642
498.05199693144,35706
498.136534177779,40698
498.22107127311,39208
498.305608217678,34880
498.390145011729,32713
498.474681655507,31410
498.559218149259,30862
498.643754493228,31044
498.72829068766,30529
498.8128267328,29619
498.897362628894,29271
498.981898376185,29398
499.066433974921,30320
499.150969425345,34723
499.235504727703,53209
499.32003988224,55505
499.404574889201,48128
499.489109748831,43529
499.573644461376,38199
499.65817902708,34344
499.742713446188,32107
499.827247718947,31215
499.9117818456,30688
499.996315826393,29927
500.080849661572,29446
500.165383351381,29539
500.249916896065,29455
500.33445029587,29872
500.41898355104,52286
500.503516661822,58537
500.588049628459,46349
500.672582451197,39748
500.757115130282,35885
500.841647665958,33315
500.92618005847,31697
501.010712308064,61380
501.095244414985,72996
501.179776379478,61257
501.264308201788,50333
501.34883988216,46024
501.433371420839,41909
501.517902818071,36216
501.6024340741,38013
501.686965189172,40741
501.771496163532,37950
501.856026997425,34026
501.940557691096,31813
502.02508824479,30559
502.109618658753,34551
502.194148933229,35392
502.278679068464,32565
502.363209064702,31464
502.44773892219,30706
502.532268641171,33941
502.616798221892,34995
502.701327664597,33046
502.785856969531,31662
502.87038613694,34802
502.954915167069,39300
503.039444060163,37541
503.123972816466,33808
503.208501436225,36473
503.293029919684,37556
503.377558267088,39125
503.462086478683,42727
503.546614554714,45632
503.631142495425,42540
503.715670301062,36767
503.800197971871,33120
503.884725508095,31306
503.969252909981,33868
504.053780177773,38517
504.138307311717,37616
504.222834312058,38341
504.307361179041,37970
504.39188791291,38972
504.476414513912,40116
504.560940982291,56857
504.645467318292,59046
504.729993522161,46326
504.814519594143,42722
504.899045534482,42598
504.983571343424,45167
505.068097021215,46497
505.152622568098,45919
505.23714798432,58740
505.321673270126,58074
505.40619842576,46298
505.490723451468,39161
505.575248347494,38440
505.659773114085,36905
505.744297751485,66926
505.828822259939,78705
505.913346639693,61071
505.997870890991,47902
506.082395014079,39907
506.166919009201,35351
506.251442876604,32479
506.335966616531,34591
506.420490229229,34886
506.505013714942,32913
506.589537073916,32016
506.674060306396,34693
506.758583412626,35954
506.843106392852,33752
506.927629247319,32178
507.012151976272,30933
507.096674579957,34253
507.181197058618,36299
507.2657194125,34529
507.350241641849,66644
507.43476374691,79377
507.519285727928,61487
507.603807585148,47452
507.688329318816,40084
507.772850929175,39754
507.857372416473,41953
507.941893780953,39540
508.02641502286,35762
508.110936142441,32952
508.195457139939,34742
508.279978015601,34492
508.364498769671,32686
508.449019402395,31659
508.533539914017,30781
508.618060304783,33853
508.702580574937,34246
508.787100724726,31965
508.871620754394,32577
508.956140664186,50491
509.040660454347,59697
509.125180125123,69013
509.209699676758,65232
509.294219109499,73408
509.378738423589,70811
509.463257619274,57617
509.5477766968,48369
509.632295656411,39972
509.716814498352,35219
509.801333222869,32377
509.885851830207,30606
509.97037032061,30089
510.054888694324,29697
510.139406951595,34437
510.223925092667,35527
510.308443117785,32426
510.392961027195,31611
510.477478821141,35300
510.56199649987,39671
510.646514063625,42962
510.731031512652,45002
510.815548847197,41445
510.900066067503,36944
510.984583173818,33981
511.069100166384,36023
511.153617045449,35785
511.238133811256,36935
511.322650464052,36553
511.407167004081,33395
511.491683431587,40047
511.576199746818,41327
511.660715950017,40471
511.745232041429,38670
511.829748021301,34447
511.914263889876,32112
511.9987796474,32277
512.083295294119,32043
512.167810830277,31597
512.252326256119,34421
512.336841571891,38021
512.421356777838,54737
512.505871874205,56765
512.590386861236,49685
512.674901739178,44088
512.759416508275,37911
512.843931168773,34119
512.928445720916,36065
513.01296016495,40017
513.097474501119,38012
513.18198872967,34487
513.266502850847,32688
513.351016864895,35613
513.435530772059,36406
513.520044572585,33568
513.604558266717,31590
513.689071854701,38824
513.773585336782,43208
513.858098713206,43750
513.942611984216,45166
514.027125150058,49093
514.111638210978,50700
514.196151167221,44974
514.280664019031,38269
514.365176766654,34631
514.449689410336,36034
514.53420195032,39705
514.618714386852,37942
514.703226720178,33732
514.787738950542,31580
514.87225107819,30280
514.956763103367,29317
515.041275026318,28764
515.125786847287,38214
515.210298566521,40877
515.294810184265,35690
515.379321700762,33004
515.463833116259,32265
515.548344431001,31422
515.632855645233,34597
515.7173667592,35115
515.801877773147,34576
515.886388687319,37317
515.970899501962,36196
516.05541021732,32885
516.139920833639,31409
516.224431351163,30751
516.308941770138,30189
516.39345209081,29865
516.477962313423,29647
516.562472438222,33282
516.646982465452,38134
516.731492395359,43182
516.816002228188,42060
516.900511964184,37013
516.985021603591,41731
517.069531146656,49828
517.154040593623,58875
517.238549944738,54736
517.323059200245,47633
517.40756836039,42565
517.492077425417,36934
517.576586395573,33677
517.661095271101,65124
517.745604052248,73001
517.830112739258,54343
517.914621332376,52203
517.999129831848,49048
518.083638237919,41246
518.168146550834,36452
518.252654770838,33393
518.337162898176,31649
518.421670933093,30585
518.506178875835,29905
518.590686726646,29459
518.675194485772,30096
518.759702153457,33982
518.844209729948,34761
518.928717215489,32383
519.013224610325,34903
519.097731914701,36153
519.182239128863,33954
519.266746253055,32620
519.351253287523,31723
519.435760232512,31073
519.520267088267,30778
519.604773855033,30348
519.689280533056,29507
519.77378712258,29214
519.85829362385,29145
519.942800037113,33952
520.027306362612,35179
520.111812600593,32305
520.196318751301,30623
520.280824814981,29590
520.365330791879,29148
520.449836682239,29777
520.534342486307,30555
520.618848204327,30228
520.703353836546,33380
520.787859383207,34303
520.872364844557,40234
520.95687022084,63369
521.041375512301,64853
521.125880719186,49730
521.21038584174,40941
521.294890880208,51198
521.379395834834,52240
521.463900705865,46385
521.548405493545,42304
521.632910198119,37182
521.717414819833,34240
521.801919358931,32422
521.88642381566,30836
521.970928190263,34026
522.055432482986,216264
522.139936694074,264622
522.224440823773,170012
522.308944872327,112933
522.393448839982,77956
522.477952726982,61670
522.562456533574,70994
522.646960260001,67257
522.731463906509,56394
522.815967473344,52425
522.90047096075,45171
522.984974368973,38143
523.069477698257,34132
523.153980948848,32102
523.238484120991,30974
523.322987214931,30376
523.407490230914,34171
523.491993169183,39700
523.576496029985,79591
523.660998813565,87167
523.745501520167,97209
523.830004150038,92511
523.914506703421,66477
523.999009180562,51211
524.083511581707,41884
524.1680139071,36773
524.252516156987,33799
524.337018331612,31726
524.421520431221,34703
524.506022456059,35783
524.590524406371,33269
524.675026282403,56065
524.759528084398,62893
524.844029812603,49370
524.928531467263,40857
525.013033048623,56497
525.097534556927,60508
525.182035992421,48412
525.266537355351,40661
525.351038645961,36182
525.435539864496,38296
525.520041011202,38095
525.604542086324,35429
525.689043090106,43334
525.773544022794,44396
525.858044884634,43352
525.942545675869,41554
526.027046396746,36752
526.11154704751,34020
526.196047628405,32810
526.280548139677,36814
526.36504858157,37633
526.449548954331,34676
526.534049258204,33770
526.618549493434,37366
526.703049660267,37352
526.787549758947,34917
526.87204978972,37327
526.956549752831,38052
527.041049648525,35851
527.125549477046,33970
527.210049238641,54078
527.294548933555,62092
527.379048562032,50929
527.463548124317,42534
527.548047620657,39455
527.632547051295,37351
527.717046416477,35734
527.801545716449,40554
527.886044951455,41667
527.97054412174,48827
528.05504322755,48977
528.139542269129,41699
528.224041246724,39902
528.308540160578,41702
528.393039010938,40363
528.477537798047,36553
528.562036522152,37421
528.646535183498,41088
528.731033782329,43295
528.815532318891,40570
528.900030793429,36775
528.984529206188,34761
529.069027557414,33803
529.15352584735,33205
529.238024076243,32194
529.322522244338,31358
529.407020351879,31478
529.491518399112,32041
529.576016386283,32258
529.660514313635,31977
529.745012181415,31676
529.829509989866,31372
529.914007739236,31328
529.998505429768,35724
530.083003061708,37192
530.167500635301,35003
530.251998150792,33645
530.336495608426,33738
530.420993008449,37630
530.505490351105,41938
530.589987636639,44012
530.674484865298,45173
530.758982037325,42482
530.843479152966,38110
530.927976212466,35543
531.012473216071,34833
531.096970164025,94411
531.181467056574,114043
531.265963893962,82118
531.350460676435,60598
531.434957404238,48580
531.519454077616,41828
531.603950696814,40166
531.688447262078,39154
531.772943773652,36653
531.857440231782,34428
531.941936636713,32959
532.026432988689,35898
532.110929287956,36624
532.19542553476,37994
532.279921729345,37471
532.364417871956,34576
532.448913962839,32534
532.533410002239,31368
532.6179059904,31122
532.702401927568,30646
532.786897813989,30423
532.871393649906,38392
532.955889435567,44355
533.040385171214,41428
533.124880857094,70631
533.209376493452,76916
533.293872080533,57073
533.378367618582,45026
533.462863107844,65185
533.547358548564,69051
533.631853940988,56371
533.71634928536,47949
533.800844581926,53320
533.885339830931,51891
533.96983503262,42722
534.054330187238,37184
534.13882529503,37085
534.223320356242,35985
534.307815371118,32928
534.392310339903,31176
534.476805262844,30056
534.561300140184,29314
534.64579497217,37146
534.730289759045,39210
534.814784501056,38343
534.899279198448,37612
534.983773851465,34531
535.068268460352,36192
535.152763025356,47693
535.23725754672,69938
535.321752024691,69762
535.406246459513,53774
535.490740851431,43029
535.575235200691,36638
535.659729507538,33448
535.744223772216,517977
535.828717994971,655817
535.913212176048,392896
535.997706315693,237111
536.08220041415,159750
536.166694471664,112552
536.251188488481,77423
536.335682464845,57892
536.420176401003,46781
536.504670297198,39355
536.589164153677,34714
536.673657970684,32233
536.758151748464,31923
536.842645487263,31211
536.927139187325,29974
537.011632848896,33467
537.096126472221,35024
537.180620057546,38014
537.265113605114,41600
537.349607115172,38908
537.434100587964,35847
537.518594023736,33561
537.603087422733,31769
537.687580785199,31561
537.772074111381,34797
537.856567401522,47884
537.941060655869,62590
538.025553874667,58293
538.11004705816,47205
538.194540206593,41030
538.279033320213,38555
538.363526399263,39031
538.44801944399,42836
538.532512454637,49158
538.617005431451,61202
538.701498374677,71920
538.785991284559,81629
538.870484161343,92018
538.954977005273,105579
539.039469816596,114679
539.123962595556,117636
539.208455342398,125448
539.292948057368,128618
539.37744074071,120402
539.46193339267,113959
539.546426013493,108519
539.630918603424,105689
539.715411162708,97964
539.79990369159,89826
539.884396190315,82501
539.968888659129,105382
540.053381098277,114664
540.137873508003,95275
540.222365888553,78142
540.306858240173,67779
540.391350563106,60609
540.475842857599,63115
540.560335123896,61227
540.644827362243,57343
540.729319572884,56812
540.813811756066,51531
540.898303912032,44609
540.982796041028,39683
541.0672881433,36104
541.151780219092,34123
541.23627226865,32731
541.320764292218,31269
541.405256290042,30711
541.489748262367,33250
541.574240209438,38978
541.6587321315,38701
541.743224028798,38930
541.827715901578,37796
541.912207750085,34136
541.996699574563,32856
542.081191375258,32230
542.165683152415,35941
542.250174906279,36653
542.334666637096,33973
542.41915834511,32662
542.503650030566,57526
542.58814169371,68418
542.672633334787,64606
542.757124954042,57624
542.841616551719,48665
542.926108128065,47620
543.010599683325,46027
543.095091217743,43395
543.179582731564,73603
543.264074225034,81491
543.348565698398,64477
543.433057151901,54871
543.517548585789,49544
543.602040000305,54432
543.686531395696,59368
543.771022772206,56100
543.855514130081,55827
543.940005469566,58579
544.024496790906,56202
544.108988094346,60012
544.193479380131,62881
544.277970648506,58100
544.362461899717,53501
544.446953134009,56190
544.531444351626,56474
544.615935552814,56161
544.700426737818,57011
544.784917906884,55287
544.869409060255,57459
544.953900198178,57741
545.038391320898,54520
545.122882428659,52559
545.207373521708,51306
545.291864600288,50646
545.376355664645,50429
545.460846715024,87379
545.545337751671,98034
545.62982877483,78684
545.714319784747,70489
545.798810781666,69233
545.883301765834,64771
545.967792737495,63174
546.052283696893,61669
546.136774644275,61948
546.221265579886,60339
546.30575650397,56712
546.390247416772,54388
546.474738318539,52766
546.559229209514,52842
546.643720089944,52899
546.728210960073,52722
546.812701820146,55496
546.897192670409,61670
546.981683511106,62011
547.066174342483,58480
547.150665164785,58543
547.235155978257,61673
547.319646783145,60733
547.404137579692,58307
547.488628368145,56722
547.573119148749,55290
547.657609921748,54900
547.742100687388,58713
547.826591445914,59336
547.911082197572,57621
547.995572942605,57152
548.08006368126,56223
548.164554413782,55450
548.249045140415,55159
548.333535861404,55446
548.418026576996,75531
548.502517287435,80622
548.587007992966,70152
548.671498693834,64168
548.755989390285,67657
548.840480082563,71785
548.924970770915,67816
549.009461455584,62957
549.093952136815,64136
549.178442814856,63383
549.262933489949,60096
549.347424162341,66955
549.431914832276,68461
549.5164055,63476
549.600896165758,63190
549.685386829794,62386
549.769877492355,59840
549.854368153685,58996
549.938858814029,79628
550.023349473633,89151
550.107840132742,83348
550.1923307916,75747
550.276821450453,68170
550.361312109546,63952
550.445802769124,66066
550.530293429432,66143
550.614784090716,62976
550.69927475322,61006
550.78376541719,59846
550.868256082871,58794
550.952746750508,58796
551.037237420346,62524
551.12172809263,64033
551.206218767606,62154
551.290709445518,60903
551.375200126611,60073
551.459690811131,64478
551.544181499323,65918
551.628672191433,63667
551.713162887704,62129
551.797653588383,61058
551.882144293714,60403
551.966635003943,60299
552.051125719314,64730
552.135616440073,72927
552.220107166465,72171
552.304597898735,69750
552.389088637129,67980
552.473579381891,89279
552.558070133266,94282
552.6425608915,80615
552.727051656838,72474
552.811542429524,96567
552.896033209805,101384
552.980523997925,88647
553.065014794129,79881
553.149505598662,72580
553.23399641177,68574
553.318487233698,69746
553.402978064691,84456
553.487468904993,98308
553.571959754851,91786
553.656450614509,78962
553.740941484213,71115
553.825432364206,74406
553.909923254736,74622
553.994414156046,76575
554.078905068382,75134
554.16339599199,69368
554.247886927113,66734
554.332377873998,92444
554.416868832889,99051
554.501359804032,83955
554.585850787671,75143
554.670341784053,69954
554.754832793421,66718
554.839323816021,64682
554.923814852099,63548
555.008305901899,63311
555.092796965667,71967
555.177288043647,73934
555.261779136085,99228
555.346270243226,105284
555.430761365315,91832
555.515252502597,86273
555.599743655318,80452
555.684234823722,74282
555.768726008055,74764
555.853217208561,77270
555.937708425486,73891
556.022199659075,97037
556.106690909574,102463
556.191182177226,90553
556.275673462278,81690
556.360164764975,77447
556.444656085561,79882
556.529147424282,76814
556.613638781383,72121
556.698130157109,69823
556.782621551706,71844
556.867112965417,71575
556.951604398489,74923
557.036095851167,82814
557.120587323695,80312
557.20507881632,73194
557.289570329285,68843
557.374061862836,70570
557.458553417219,71749
557.543044992678,72719
557.627536589459,72349
557.712028207806,74051
557.796519847966,73080
557.881011510182,77214
557.9655031947,81582
558.049994901765,77554
558.134486631623,71803
558.218978384519,68175
558.303470160697,70251
558.387961960402,70257
558.472453783881,70413
558.556945631378,71625
558.641437503137,103450
558.725929399405,122041
558.810421320427,106349
558.894913266447,88996
558.97940523771,79470
559.063897234463,77728
559.14838925695,79526
559.232881305415,76860
559.317373380105,72269
559.401865481264,73752
559.486357609138,73153
559.570849763971,69720
559.65534194601,68488
559.739834155498,72236
559.824326392681,72484
559.908818657804,73678
559.993310951113,72768
560.077803272852,69401
560.162295623266,67947
560.246788002602,66751
560.331280411103,70024
560.415772849015,74491
560.500265316583,77932
560.584757814052,84170
560.669250341668,81987
560.753742899676,74602
560.83823548832,74699
560.922728107845,73704
561.007220758498,70226
561.091713440523,68597
561.176206154165,67477
561.260698899669,67112
561.345191677281,66440
561.429684487245,65776
561.514177329807,66013
561.598670205212,66194
561.683163113705,67349
561.767656055531,67561
561.852149030935,70673
561.936642040163,75361
562.021135083459,73941
562.105628161069,70454
562.190121273237,72776
562.27461442021,72737
562.359107602232,82840
562.443600819547,84376
562.528094072403,80432
562.612587361042,87631
562.697080685712,89650
562.781574046656,86095
562.866067444119,101860
562.950560878348,102186
563.035054349587,86901
563.119547858082,81762
563.204041404076,78373
563.288534987816,74971
563.373028609547,72050
563.457522269514,69631
563.542015967961,68390
563.626509705135,71314
563.71100348128,75845
563.795497296641,74571
563.879991151464,70788
563.964485045993,68567
564.048978980475,67747
564.133472955153,68403
564.217966970273,68134
564.30246102608,71512
564.386955122819,75785
564.471449260736,78263
564.555943440075,75845
564.640437661083,71560
564.724931924002,154816
564.80942622908,181359
564.893920576561,135665
564.97841496669,109889
565.062909399713,94716
565.147403875874,95421
565.231898395419,91750
565.316392958592,81005
565.400887565639,74225
565.485382216806,70561
565.569876912336,68602
565.654371652476,67597
565.73886643747,70264
565.823361267564,71327
565.907856143003,93017
565.992351064031,98814
566.076846030894,86012
566.161341043838,77674
566.245836103106,72232
566.330331208945,69718
566.4148263616,68828
566.499321561315,71859
566.583816808336,72056
566.668312102908,73522
566.752807445276,72873
566.837302835685,71363
566.92179827438,72579
567.006293761607,71633
567.090789297611,69347
567.175284882636,74088
567.259780516928,75555
567.344276200732,71766
567.428771934293,69158
567.513267717856,71589
567.597763551667,71656
567.68225943597,69152
567.766755371011,91770
567.851251357034,98377
567.935747394286,85249
568.020243483011,84767
568.104739623454,81969
568.18923581586,101711
568.273732060474,105214
568.358228357543,88474
568.442724707309,78863
568.52722111002,73459
568.61171756592,70185
568.696214075254,69110
568.780710638267,68023
568.865207255205,66664
568.949703926312,66736
569.034200651834,70488
569.118697432015,70902
569.203194267102,68881
569.287691157338,71532
569.37218810297,78374
569.456685104242,89718
569.5411821614,89407
569.625679274688,81059
569.710176444352,79504
569.794673670637,76927
569.879170953788,72326
569.96366829405,73758
570.048165691668,81513
570.132663146887,80770
570.217160659954,82859
570.301658231112,81698
570.386155860606,75381
570.470653548683,71650
570.555151295587,69648
570.639649101562,68376
570.724146966856,67537
570.808644891712,70843
570.893142876375,76488
570.977640921091,76896
571.062139026105,76270
571.146637191662,95821
571.231135418007,98528
571.315633705386,84395
571.400132054043,80105
571.484630464223,81072
571.569128936172,77733
571.653627470135,72479
571.738126066357,78071
571.822624725083,83302
571.907123446559,79072
571.991622231028,81896
572.076121078737,88073
572.160619989931,84775
572.245118964855,81495
572.329618003753,78062
572.414117106872,78625
572.498616274455,84380
572.583115506749,81316
572.667614803999,74226
572.752114166448,70147
572.836613594344,68896
572.921113087931,68521
573.005612647453,67622
573.090112273157,66931
573.174611965286,71000
573.259111724088,79435
573.343611549805,87983
573.428111442685,114966
573.512611402971,119155
573.597111430909,149823
573.681611526744,153385
573.766111690721,130312
573.850611923086,110463
573.935112224083,91454
574.019612593957,80325
574.104113032955,75050
574.18861354132,75849
574.273114119298,75023
574.357614767134,75462
574.442115485074,74040
574.526616273362,126571
574.611117132243,140706
574.695618061963,128563
574.780119062767,118903
574.8646201349,99955
574.949121278607,89857
575.033622494133,85888
575.118123781723,83875
575.202625141623,78886
575.287126574078,73260
575.371628079332,70674
575.456129657631,69422
575.54063130922,68724
575.625133034344,72411
575.709634833249,79692
575.794136706179,79016
575.878638653379,73850
575.963140675095,70126
576.047642771572,67668
576.132144943055,67159
576.216647189789,72130
576.301149512019,73016
576.38565190999,69574
576.470154383948,67305
576.554656934138,66819
576.639159560804,71465
576.723662264192,72739
576.808165044547,105494
576.892667902114,117072
576.977170837139,97790
577.061673849866,83695
577.146176940541,75782
577.230680109408,71468
577.315183356713,69771
577.399686682701,72061
577.484190087617,99149
577.568693571706,103837
577.653197135214,87413
577.737700778385,82356
577.822204501465,78199
577.906708304698,72370
577.991212188331,108969
578.075716152607,118013
578.160220197773,100000
578.244724324073,88269
578.329228531752,86920
578.413732821056,88092
578.49823719223,81494
578.582741645518,74381
578.667246181166,74187
578.75175079942,73315
578.836255500524,74187
578.920760284723,82610
579.005265152262,81993
579.089770103388,75561
579.174275138344,71473
579.258780257375,68423
579.343285460728,66871
579.427790748647,66300
579.512296121378,65748
579.596801579165,65015
579.681307122253,65843
579.765812750888,66152
579.850318465315,65331
579.934824265779,64721
580.019330152525,64303
580.103836125799,85778
580.188342185844,92184
580.272848332908,84432
580.357354567233,78671
580.441860889067,72842
580.526367298654,69328
580.610873796238,75177
580.695380382066,75980
580.779887056382,71240
580.864393819432,74348
580.94890067146,74584
581.033407612712,70485
581.117914643433,68023
581.202421763867,67182
581.286928974261,67007
581.371436274859,69931
581.455943665907,70401
581.540451147649,71920
581.62495872033,71221
581.709466384197,67999
581.793974139493,66524
581.878481986465,73448
581.962989925357,74911
582.047497956414,78271
582.132006079881,81909
582.216514296004,76975
582.301022605028,71526
582.385531007198,79689
582.470039502758,81431
582.554548091955,74912
582.639056775033,70616
582.723565552238,67569
582.808074423814,66195
582.892583390007,65287
582.977092451061,72620
583.061601607223,74926
583.146110858736,72806
583.230620205847,72824
583.3151296488,70483
583.399639187841,71430
583.484148823214,70775
583.568658555165,68016
583.653168383939,66225
583.73767830978,72774
583.822188332935,74682
583.906698453649,73760
583.991208672165,71701
584.075718988731,68043
584.16022940359,69571
584.244739916987,69259
584.329250529169,66728
584.41376124038,64831
584.498272050865,64001
584.58278296087,64271
584.667293970638,74950
584.751805080417,85488
584.83631629045,82288
584.920827600983,74923
585.005339012262,70413
585.08985052453,71281
585.174362138034,73804
585.258873853018,75162
585.343385669727,72708
585.427897588408,68417
585.512409609304,65834
585.596921732661,64600
585.681433958724,66541
585.765946287739,66652
585.85045871995,68815
585.934971255602,73353
586.019483894941,80747
586.103996638212,83035
586.18850948566,76870
586.27302243753,71710
586.357535494067,68199
586.442048655516,93419
586.526561922122,122843
586.611075294132,113718
586.695588771789,92749
586.780102355339,81001
586.864616045027,77724
586.949129841097,73713
587.033643743797,68286
587.118157753369,65570
587.20267187006,64017
587.287186094115,63054
587.371700425779,62822
587.456214865296,62226
587.540729412912,61994
587.625244068873,61911
587.709758833423,65673
587.794273706808,67077
587.878788689272,65856
587.963303781061,64411
588.047818982419,63616
588.132334293593,66554
588.216849714827,71425
588.301365246366,70487
588.385880888455,66920
588.47039664134,64659
588.554912505266,63365
588.639428480477,67251
588.72394456722,74165
588.808460765738,81477
588.892977076278,78905
588.977493499084,71521
589.062010034401,66908
589.146526682475,64806
589.231043443551,63519
589.315560317874,62329
589.400077305689,61639
589.48459440724,61583
589.569111622774,65340
589.653628952536,72312
589.73814639677,72284
589.822663955722,67969
589.907181629636,172578
589.991699418759,209067
590.076217323334,161199
590.160735343608,124653
590.245253479825,97576
590.329771732231,81373
590.41429010107,109069
590.498808586588,114730
590.58332718903,92556
590.667845908641,82720
590.752364745666,76270
590.83688370035,70202
590.921402772939,69995
591.005921963678,76377
591.090441272811,75081
591.174960700584,72944
591.259480247241,74078
591.343999913029,74963
591.428519698192,71981
591.513039602976,67503
591.597559627625,65270
591.682079772385,64191
591.7666000375,62848
591.851120423216,62057
591.935640929779,61619
592.020161557432,63187
592.104682306422,63432
592.189203176993,61781
592.273724169391,60731
592.35824528386,60220
592.442766520647,60020
592.527287879995,64509
592.611809362151,66019
592.696330967358,95466
592.780852695863,102445
592.865374547911,84590
592.949896523746,74329
593.034418623614,68597
593.11894084776,106910
593.203463196429,116192
593.287985669866,93209
593.372508268317,79313
593.457030992026,71209
593.541553841238,66455
593.626076816199,64683
593.710599917154,63497
593.795123144348,62057
593.879646498027,60970
593.964169978434,68527
594.048693585816,70998
594.133217320417,66299
594.217741182483,67246
594.302265172259,66396
594.38678928999,67141
594.47131353592,66402
594.555837910296,67153
594.640362413363,66222
594.724887045364,87373
594.809411806547,92365
594.893936697155,78381
594.978461717434,78143
595.062986867629,75611
595.147512147985,69258
595.232037558747,73639
595.316563100161,81384
595.401088772471,79053
595.485614575923,72023
595.570140510762,67020
595.654666577233,63879
595.73919277558,65725
595.82371910605,67553
595.908245568888,65987
595.992772164338,71300
596.077298892645,80462
596.161825754055,77367
596.246352748813,69471
596.330879877164,65271
596.415407139353,79452
596.499934535626,83033
596.584462066227,74950
596.668989731401,73823
596.753517531394,75089
596.838045466451,75369
596.922573536817,71297
597.007101742737,66589
597.091630084456,100579
597.17615856222,127069
597.260687176273,112984
597.345215926861,95326
597.429744814228,90538
597.51427383862,82242
597.598803000283,71999
597.68333229946,74416
597.767861736398,73158
597.852391311341,74381
597.936921024535,73235
598.021450876224,71053
598.105980866655,72479
598.190510996071,69132
598.275041264718,68426
598.359571672842,70319
598.444102220687,72681
598.528632908498,70194
598.613163736522,69143
598.697694705001,76501
598.782225814183,78319
598.866757064312,75938
598.951288455633,71051
599.035819988391,69231
599.120351662832,71889
599.2048834792,69118
599.289415437741,64275
599.3739475387,62304
599.458479782322,65832
599.543012168852,69669
599.627544698535,71145
599.712077371617,68191
599.796610188342,63932
599.881143148956,65807
599.965676253703,69293
600.05020950283,67399
600.13474289658,63217
600.2192764352,61029
600.303810118934,63881
600.388343948028,64063
600.472877922726,61328
600.557412043273,63559
600.641946309916,63604
600.726480722899,61241
600.811015282466,60193
600.895549988864,59174
600.980084842338,57997
601.064619843132,60752
601.149154991491,61821
601.233690287662,64576
601.318225731888,64607
601.402761324415,61626
601.487297065489,63569
601.571832955354,64238
601.656368994255,65965
601.740905182438,65055
601.825441520148,61472
601.90997800763,64248
601.994514645128,68233
602.079051432889,69245
602.163588371157,66806
602.248125460177,66357
602.332662700195,65250
602.417200091456,66063
602.501737634204,64774
602.586275328686,61570
602.670813175145,59487
602.755351173828,69786
602.839889324979,72349
602.924427628843,69469
603.008966085667,70172
603.093504695693,67088
603.178043459169,62553
603.262582376339,64651
603.347121447448,67501
603.431660672741,66566
603.516200052464,63117
603.600739586861,60019
603.685279276178,58761
603.769819120659,59478
603.854359120551,58927
603.938899276098,62420
604.023439587545,66931
604.107980055137,65258
604.19252067912,65034
604.277061459738,66908
604.361602397237,64315
604.446143491862,60405
604.530684743859,77280
604.615226153471,94943
604.699767720944,91883
604.784309446525,79989
604.868851330456,74034
604.953393372984,77560
605.037935574354,81626
605.122477934812,75755
605.207020454601,94077
605.291563133967,96391
605.376105973156,80601
605.460648972412,70945
605.545192131981,64059
605.629735452108,60007
605.714278933038,57840
605.798822575015,65419
605.883366378286,67630
605.967910343095,62512
606.052454469688,59323
606.136998758309,58033
606.221543209204,61566
606.306087822618,62034
606.390632598795,59102
606.475177537982,61644
606.559722640423,65755
606.644267906364,67596
606.728813336049,68596
606.813358929724,65167
606.897904687633,60487
606.982450610022,57938
607.066996697137,56446
607.151542949221,59588
607.236089366521,64456
607.320635949282,62929
607.405182697748,59157
607.489729612165,62317
607.574276692777,62468
607.658823939831,59052
607.74337135357,61138
607.827918934241,64759
607.912466682089,62583
607.997014597358,58473
608.081562680293,68976
608.16611093114,71353
608.250659350145,68322
608.335207937551,68500
608.419756693605,67734
608.504305618551,64166
608.588854712634,64042
608.6734039761,62487
608.757953409194,71017
608.84250301216,76812
608.927052785245,70017
609.011602728693,63905
609.096152842749,60276
609.180703127658,57134
609.265253583666,55273
609.349804211018,54883
609.434355009958,58260
609.518905980733,58364
609.603457123586,64268
609.688008438764,103974
609.772559926511,109359
609.857111587073,85349
609.941663420694,71364
610.02621542762,63316
610.110767608096,63414
610.195319962366,62055
610.279872490677,57844
610.364425193274,55171
610.4489780704,54075
610.533531122303,53865
610.618084349226,55183
610.702637751414,59324
610.787191329114,63436
610.87174508257,61493
610.956299012027,65472
611.04085311773,65492
611.125407399925,60294
611.209961858857,57201
611.29451649477,84069
611.37907130791,100614
611.463626298523,87182
611.548181466852,76150
611.632736813144,76499
611.717292337643,72567
611.801848040595,64735
611.886403922244,60068
611.970959982837,61188
612.055516222617,63684
612.14007264183,65864
612.224629240722,67537
612.309186019537,65456
612.39374297852,78248
612.478300117917,80958
612.562857437973,90688
612.647414938933,93016
612.731972621042,78498
612.816530484545,67049
612.901088529688,81116
612.985646756714,83028
613.070205165871,73623
613.154763757402,66927
613.239322531553,60803
613.323881488569,61227
613.408440628695,59709
613.492999952176,56326
613.577559459258,58363
613.662119150185,62159
613.746679025203,60185
613.831239084557,56665
613.915799328492,58780
614.000359757252,58556
614.084920371084,55674
614.169481170232,54442
614.254042154942,54772
614.338603325458,54124
614.423164682026,57153
614.507726224891,61291
614.592287954298,59290
614.676849870492,77518
614.761411973718,81344
614.845974264222,68274
614.930536742248,61110
615.015099408042,61551
615.099662261849,60309
615.184225303914,56554
615.268788534481,58562
615.353351953797,58020
615.437915562106,62956
615.522479359654,64096
615.607043346685,58714
615.691607523446,75583
615.776171890179,79148
615.860736447132,67231
615.94530119455,60490
616.029866132676,60015
616.114431261757,58854
616.198996582037,59871
616.283562093762,62218
616.368127797177,63776
616.452693692527,60907
616.537259780057,56202
616.621826060012,57971
616.706392532638,62063
616.790959198179,59924
616.87552605688,55426
616.960093108988,79007
617.044660354746,85032
617.1292277944,81396
617.213795428195,86112
617.298363256377,78485
617.38293127919,66375
617.46749949688,58785
617.552067909691,54314
617.63663651787,52027
617.72120532166,580176
617.805774321307,737145
617.890343517057,452775
617.974912909154,280451
618.059482497843,181185
618.14405228337,124953
618.22862226598,92752
618.313192445918,73861
618.397762823429,80405
618.482333398757,83594
618.56690417215,72312
618.65147514385,66945
618.736046314105,62489
618.820617683158,57121
618.905189251254,54589
618.98976101864,53553
619.07433298556,52059
619.158905152259,56840
619.243477518983,84171
619.328050085976,87510
619.412622853484,75428
619.497195821751,71167
619.581768991023,73840
619.666342361546,69305
619.750915933564,60362
619.835489707321,55488
619.920063683065,61189
620.004637861039,65434
620.089212241489,60438
620.173786824659,54962
620.258361610796,53607
620.342936600144,52459
620.427511792947,51034
620.512087189453,57576
620.596662789905,91715
620.681238594548,108307
620.765814603629,92029
620.850390817391,73993
620.93496723608,66845
621.019543859942,69751
621.104120689221,66907
621.188697724162,61802
621.273274965011,57668
621.357852412012,53043
621.442430065412,52181
621.527007925454,51098
621.611585992385,53067
621.696164266449,54498
621.780742747892,52461
621.865321436958,50225
621.949900333892,49333
622.03447943894,52456
622.119058752348,53448
622.203638274359,50975
622.28821800522,53822
622.372797945175,54460
622.457378094469,52048
622.541958453348,49901
622.626539022057,50377
622.711119800841,50942
622.795700789945,49889
622.880281989613,64325
622.964863400093,67515
623.049445021627,58641
623.134026854462,53961
623.218608898843,50766
623.303191155015,53445
623.387773623222,54999
623.472356303711,56577
623.556939196726,59192
623.641522302512,56598
623.726105621315,51906
623.810689153379,53699
623.89527289895,53319
623.979856858273,54508
624.064441031593,61410
624.149025419156,64357
624.233610021205,67324
624.318194837987,67493
624.402779869747,65034
624.487365116729,66891
624.571950579179,66749
624.656536257342,60522
624.741122151463,54251
624.825708261788,53874
624.91029458856,61217
624.994881132027,60332
625.079467892432,57510
625.16405487002,54989
625.248642065038,51453
625.33322947773,90802
625.41781710834,104598
625.502404957115,234370
625.5869930243,266234
625.671581310139,177119
625.756169814878,605532
625.840758538762,710681
625.925347482035,430766
626.009936644944,278327
626.094526027733,187055
626.179115630648,126238
626.263705453933,92273
626.348295497833,76320
626.432885762595,65600
626.517476248462,57658
626.60206695568,70032
626.686657884495,71536
626.771249035151,60101
626.855840407893,61083
626.940432002967,59151
627.025023820618,58789
627.10961586109,75597
627.19420812463,75162
627.278800611482,74662
627.363393321891,73525
627.447986256102,104692
627.532579414361,108363
627.617172796912,81855
627.701766404002,65650
627.786360235874,56144
627.870954292774,55075
627.955548574948,52972
628.04014308264,66262
628.124737816095,68832
628.209332775559,62036
628.293927961276,56819
628.378523373493,50990
628.463119012454,47380
628.547714878403,46125
628.632310971587,50244
628.716907292251,54621
628.801503840639,56556
628.886100616996,53673
628.970697621569,49096
629.055294854601,46850
629.139892316339,49766
629.224490007026,53441
629.309087926909,51934
629.393686076233,52078
629.478284455242,50485
629.562883064182,46719
629.647481903298,44906
629.732080972835,44252
629.816680273037,47055
629.901279804152,47297
629.985879566422,48903
630.070479560095,52998
630.155079785414,54602
630.239680242624,51279
630.324280931972,46986
630.408881853702,54387
630.493483008059,58309
630.578084395288,52798
630.662686015635,47610
630.747287869345,51696
630.831889956662,52561
630.916492277832,48406
631.001094833101,45278
631.085697622712,43752
631.170300646912,47516
631.254903905945,48189
631.339507400056,53453
631.424111129492,56886
631.508715094496,61072
631.593319295314,72468
631.677923732192,72211
631.762528405373,64646
631.847133315104,59781
631.93173846163,53714
632.016343845195,51849
632.100949466045,49235
632.185555324425,45172
632.270161420579,43250
632.354767754754,42928
632.439374327195,45673
632.523981138146,45351
632.608588187852,42574
632.693195476559,43451
632.777803004512,43726
632.862410771956,43458
632.947018779136,43607
633.031627026297,44021
633.116235513685,47413
633.200844241544,55455
633.28545321012,54706
633.370062419658,48097
633.454671870403,44429
633.539281562599,42446
633.623891496493,41383
633.708501672329,40920
633.793112090353,44062
633.877722750809,44530
633.962333653943,42324
634.0469448,40879
634.131556189225,39838
634.216167821863,43107
634.300779698159,44358
634.385391818359,42223
634.470004182707,41112
634.554616791449,40317
634.639229644829,43600
634.723842743094,64179
634.808456086488,71722
634.893069675256,60911
634.977683509643,55633
635.062297589895,55367
635.146911916256,54753
635.231526488972,50552
635.316141308288,259015
635.400756374449,315460
635.4853716877,206805
635.569987248286,144136
635.654603056453,101755
635.739219112446,75634
635.823835416509,61244
635.908451968888,60452
635.993068769827,81652
636.077685819573,80274
636.16230311837,88711
636.246920666464,85388
636.331538464099,213747
636.41615651152,243554
636.500774808974,156962
636.585393356704,105785
636.670012154956,105757
636.754631203976,101691
636.839250504007,77809
636.923870055296,60809
637.008489858088,54102
637.093109912628,50089
637.17773021916,45227
637.26235077793,42264
637.346971589183,52133
637.431592653165,58653
637.51621397012,53029
637.600835540293,49048
637.68545736393,49043
637.770079441276,50171
637.854701772576,47076
637.939324358074,42532
638.023947198017,40387
