Scan Date:,2025-05-24 16:06:45Z
Integration Time:,1000
Number of Averages:,100

Pixel Number,Wavelength (nm),Sum Spectrum,Averaged Spectrum
0,464.9839,30942,309.42
1,465.068515076491,30556,305.56
2,465.153129906126,30874,308.74
3,465.237744489151,30957,309.57
4,465.322358825812,30844,308.44
5,465.406972916352,30663,306.63
6,465.491586761018,30588,305.88
7,465.576200360054,30574,305.74
8,465.660813713705,30445,304.45
9,465.745426822218,30386,303.86
10,465.830039685836,30538,305.38
11,465.914652304805,30672,306.72
12,465.99926467937,30622,306.22
13,466.083876809776,30709,307.09
14,466.168488696269,30785,307.85
15,466.253100339093,196922,1969.22
16,466.337711738494,244152,2441.52
17,466.422322894716,156238,1562.38
18,466.506933808006,103837,1038.37
19,466.591544478607,73994,739.94
20,466.676154906766,56948,569.48
21,466.760765092726,47088,470.88
22,466.845375036735,45468,454.68
23,466.929984739036,44288,442.88
24,467.014594199874,41211,412.11
25,467.099203419495,38775,387.75
26,467.183812398145,37013,370.13
27,467.268421136067,36175,361.75
28,467.353029633508,69708,697.08
29,467.437637890711,81067,810.67
30,467.522245907924,67584,675.84
31,467.60685368539,56440,564.4
32,467.691461223355,46954,469.54
33,467.776068522063,42316,423.16
34,467.860675581761,39423,394.23
35,467.945282402693,42917,429.17
36,468.029888985104,50224,502.24
37,468.11449532924,48670,486.7
38,468.199101435345,46455,464.55
39,468.283707303665,43826,438.26
40,468.368312934445,39684,396.84
41,468.45291832793,41486,414.86
42,468.537523484364,45023,450.23
43,468.622128403994,71676,716.76
44,468.706733087065,83910,839.1
45,468.791337533821,68950,689.5
46,468.875941744507,54228,542.28
47,468.96054571937,46455,464.55
48,469.045149458653,42105,421.05
49,469.129752962602,39428,394.28
50,469.214356231462,37299,372.99
51,469.298959265479,36084,360.84
52,469.383562064897,35935,359.35
53,469.468164629962,35838,358.38
54,469.552766960919,39148,391.48
55,469.637369058012,44081,440.81
56,469.721970921487,43258,432.58
57,469.80657255159,40373,403.73
58,469.891173948565,42283,422.83
59,469.975775112657,41686,416.86
60,470.060376044111,38249,382.49
61,470.144976743173,36467,364.67
62,470.229577210088,39303,393.03
63,470.314177445101,40109,401.09
64,470.398777448457,42053,420.53
65,470.483377220402,69175,691.75
66,470.567976761179,77631,776.31
67,470.652576071035,64571,645.71
68,470.737175150215,53111,531.11
69,470.821773998963,45320,453.2
70,470.906372617525,44602,446.02
71,470.990971006146,42975,429.75
72,471.075569165072,78692,786.92
73,471.160167094546,87905,879.05
74,471.244764794815,70333,703.33
75,471.329362266123,58108,581.08
76,471.413959508717,51880,518.8
77,471.498556522839,54701,547.01
78,471.583153308737,55461,554.61
79,471.667749866655,51923,519.23
80,471.752346196838,50967,509.67
81,471.836942299532,51107,511.07
82,471.921538174981,55361,553.61
83,472.00613382343,52745,527.45
84,472.090729245126,45399,453.99
85,472.175324440312,40721,407.21
86,472.259919409234,41671,416.71
87,472.344514152137,41098,410.98
88,472.429108669267,37718,377.18
89,472.513702960868,37533,375.33
90,472.598297027185,39907,399.07
91,472.682890868465,39649,396.49
92,472.767484484951,37287,372.87
93,472.852077876889,35610,356.1
94,472.936671044524,38855,388.55
95,473.021263988101,39710,397.1
96,473.105856707865,38026,380.26
97,473.190449204062,43790,437.9
98,473.275041476937,62592,625.92
99,473.359633526735,70967,709.67
100,473.4442253537,60675,606.75
101,473.528816958078,53013,530.13
102,473.613408340115,51318,513.18
103,473.697999500055,47040,470.4
104,473.782590438143,41807,418.07
105,473.867181154625,38902,389.02
106,473.951771649745,41946,419.46
107,474.03636192375,42154,421.54
108,474.120951976883,39256,392.56
109,474.20554180939,37849,378.49
110,474.290131421517,36994,369.94
111,474.374720813508,40556,405.56
112,474.459309985608,40620,406.2
113,474.543898938063,37768,377.68
114,474.628487671118,36382,363.82
115,474.713076185018,35742,357.42
116,474.797664480008,39704,397.04
117,474.882252556332,75494,754.94
118,474.966840414238,86201,862.01
119,475.051428053968,107329,1073.29
120,475.13601547577,104701,1047.01
121,475.220602679887,75142,751.42
122,475.305189666564,57427,574.27
123,475.389776436048,47344,473.44
124,475.474362988583,41507,415.07
125,475.558949324414,37996,379.96
126,475.643535443787,36443,364.43
127,475.728121346946,35976,359.76
128,475.812707034136,35080,350.8
129,475.897292505604,62462,624.62
130,475.981877761593,75390,753.9
131,476.066462802349,65458,654.58
132,476.151047628118,58395,583.95
133,476.235632239144,50639,506.39
134,476.320216635672,43344,433.44
135,476.404800817948,43346,433.46
136,476.489384786216,42634,426.34
137,476.573968540723,44646,446.46
138,476.658552081712,67765,677.65
139,476.74313540943,70943,709.43
140,476.827718524121,56656,566.56
141,476.91230142603,47624,476.24
142,476.996884115403,45832,458.32
143,477.081466592484,43733,437.33
144,477.166048857519,39751,397.51
145,477.250630910753,41811,418.11
146,477.335212752432,42062,420.62
147,477.419794382799,39094,390.94
148,477.504375802101,40629,406.29
149,477.588957010582,41153,411.53
150,477.673538008487,38862,388.62
151,477.758118796063,89545,895.45
152,477.842699373553,103158,1031.58
153,477.927279741204,74327,743.27
154,478.011859899259,56757,567.57
155,478.096439847965,46682,466.82
156,478.181019587566,41761,417.61
157,478.265599118308,39306,393.06
158,478.350178440435,37357,373.57
159,478.434757554193,36620,366.2
160,478.519336459827,50836,508.36
161,478.603915157582,53950,539.5
162,478.688493647704,45315,453.15
163,478.773071930436,113997,1139.97
164,478.857650006026,132114,1321.14
165,478.942227874716,92335,923.35
166,479.026805536754,83028,830.28
167,479.111382992383,75714,757.14
168,479.19596024185,63835,638.35
169,479.280537285398,53943,539.43
170,479.365114123274,45582,455.82
171,479.449690755722,40536,405.36
172,479.534267182988,37712,377.12
173,479.618843405317,35944,359.44
174,479.703419422953,39032,390.32
175,479.787995236142,44868,448.68
176,479.87257084513,43937,439.37
177,479.95714625016,40372,403.72
178,480.041721451479,38255,382.55
179,480.126296449331,37153,371.53
180,480.210871243962,39949,399.49
181,480.295445835617,40609,406.09
182,480.380020224541,42108,421.08
183,480.464594410979,41600,416
184,480.549168395175,42425,424.25
185,480.633742177377,41798,417.98
186,480.718315757827,38686,386.86
187,480.802889136772,36785,367.85
188,480.887462314457,35626,356.26
189,480.972035291127,34839,348.39
190,481.056608067026,39261,392.61
191,481.141180642401,55054,550.54
192,481.225753017496,56230,562.3
193,481.310325192556,46684,466.84
194,481.394897167827,44741,447.41
195,481.479468943554,42895,428.95
196,481.564040519981,39567,395.67
197,481.648611897354,37646,376.46
198,481.733183075918,35880,358.8
199,481.817754055918,39059,390.59
200,481.9023248376,39846,398.46
201,481.986895421208,40821,408.21
202,482.071465806988,80990,809.9
203,482.156035995184,90104,901.04
204,482.240605986042,70723,707.23
205,482.325175779807,57653,576.53
206,482.409745376725,47693,476.93
207,482.494314777039,41810,418.1
208,482.578883980996,38718,387.18
209,482.663452988841,36985,369.85
210,482.748021800818,35843,358.43
211,482.832590417173,35475,354.75
212,482.91715883815,39620,396.2
213,483.001727063996,44083,440.83
214,483.086295094955,42633,426.33
215,483.170862931273,39102,391.02
216,483.255430573193,37593,375.93
217,483.339998020963,40984,409.84
218,483.424565274826,41942,419.42
219,483.509132335028,39161,391.61
220,483.593699201814,37342,373.42
221,483.678265875429,39783,397.83
222,483.762832356118,39962,399.62
223,483.847398644127,37261,372.61
224,483.9319647397,39456,394.56
225,484.016530643083,53163,531.63
226,484.101096354521,54817,548.17
227,484.185661874258,47079,470.79
228,484.270227202541,41731,417.31
229,484.354792339614,38648,386.48
230,484.439357285722,37622,376.22
231,484.523922041111,40655,406.55
232,484.608486606025,44669,446.69
233,484.69305098071,43273,432.73
234,484.777615165411,41856,418.56
235,484.862179160373,44225,442.25
236,484.946742965841,42523,425.23
237,485.03130658206,42144,421.44
238,485.115870009276,45248,452.48
239,485.200433247733,43420,434.2
240,485.284996297677,39940,399.4
241,485.369559159353,67552,675.52
242,485.454121833005,78272,782.72
243,485.53868431888,62866,628.66
244,485.623246617222,52520,525.2
245,485.707808728276,46262,462.62
246,485.792370652288,41209,412.09
247,485.876932389502,41942,419.42
248,485.961493940164,41501,415.01
249,486.046055304519,38675,386.75
250,486.130616482813,37900,379
251,486.215177475289,37596,375.96
252,486.299738282193,44952,449.52
253,486.384298903771,46721,467.21
254,486.468859340268,41411,414.11
255,486.553419591928,37942,379.42
256,486.637979658997,37192,371.92
257,486.722539541719,36382,363.82
258,486.807099240341,38889,388.89
259,486.891658755108,39460,394.6
260,486.976218086263,36886,368.86
261,487.060777234053,35397,353.97
262,487.145336198723,34692,346.92
263,487.229894980517,34083,340.83
264,487.314453579682,34346,343.46
265,487.399011996461,34570,345.7
266,487.483570231101,34326,343.26
267,487.568128283845,34141,341.41
268,487.652686154941,34008,340.08
269,487.737243844632,34192,341.92
270,487.821801353163,39690,396.9
271,487.906358680781,40999,409.99
272,487.990915827729,38072,380.72
273,488.075472794253,36863,368.63
274,488.160029580599,41670,416.7
275,488.244586187011,42688,426.88
276,488.329142613735,39799,397.99
277,488.413698861015,45770,457.7
278,488.498254929097,46537,465.37
279,488.582810818225,45783,457.83
280,488.667366528646,45392,453.92
281,488.751922060605,41518,415.18
282,488.836477414345,39819,398.19
283,488.921032590113,39229,392.29
284,489.005587588153,40053,400.53
285,489.090142408711,72907,729.07
286,489.174697052032,84005,840.05
287,489.259251518361,69739,697.39
288,489.343805807943,57166,571.66
289,489.428359921024,47181,471.81
290,489.512913857847,41554,415.54
291,489.597467618659,38845,388.45
292,489.682021203705,51600,516
293,489.76657461323,54341,543.41
294,489.851127847479,45514,455.14
295,489.935680906696,43006,430.06
296,490.020233791128,40765,407.65
297,490.104786501019,37173,371.73
298,490.189339036615,39641,396.41
299,490.27389139816,40132,401.32
300,490.3584435859,37602,376.02
301,490.44299560008,35966,359.66
302,490.527547440945,35020,350.2
303,490.612099108739,34312,343.12
304,490.69665060371,33917,339.17
305,490.7812019261,34316,343.16
306,490.865753076156,38590,385.9
307,490.950304054123,40019,400.19
308,491.034854860246,38125,381.25
309,491.119405494769,36733,367.33
310,491.203955957939,35699,356.99
311,491.288506249999,35499,354.99
312,491.373056371197,34892,348.92
313,491.457606321775,38873,388.73
314,491.54215610198,41452,414.52
315,491.626705712057,39149,391.49
316,491.711255152251,36779,367.79
317,491.795804422807,35436,354.36
318,491.88035352397,34580,345.8
319,491.964902455985,34685,346.85
320,492.049451219098,39170,391.7
321,492.133999813553,39770,397.7
322,492.218548239596,37478,374.78
323,492.303096497471,40036,400.36
324,492.387644587425,43104,431.04
325,492.472192509702,45163,451.63
326,492.556740264546,53118,531.18
327,492.641287852205,52198,521.98
328,492.725835272921,44460,444.6
329,492.810382526942,40862,408.62
330,492.894929614511,51826,518.26
331,492.979476535874,53568,535.68
332,493.064023291276,45449,454.49
333,493.148569880962,43635,436.35
334,493.233116305178,41800,418
335,493.317662564167,38283,382.83
336,493.402208658177,37195,371.95
337,493.486754587451,36506,365.06
338,493.571300352235,35680,356.8
339,493.655845952774,34841,348.41
340,493.740391389313,38334,383.34
341,493.824936662097,39078,390.78
342,493.909481771372,39580,395.8
343,493.994026717382,38962,389.62
344,494.078571500372,36651,366.51
345,494.163116120589,35970,359.7
346,494.247660578276,35266,352.66
347,494.33220487368,70367,703.67
348,494.416749007044,80490,804.9
349,494.501292978615,61868,618.68
350,494.585836788637,49980,499.8
351,494.670380437356,43344,433.44
352,494.754923925017,40254,402.54
353,494.839467251864,42240,422.4
354,494.924010418144,41626,416.26
355,495.0085534241,38632,386.32
356,495.093096269979,55328,553.28
357,495.177638956025,59259,592.59
358,495.262181482484,52516,525.16
359,495.3467238496,50450,504.5
360,495.431266057619,45415,454.15
361,495.515808106786,44623,446.23
362,495.600349997346,43032,430.32
363,495.684891729544,39318,393.18
364,495.769433303626,39060,390.6
365,495.853974719836,37848,378.48
366,495.938515978419,35651,356.51
367,496.023057079622,34951,349.51
368,496.107598023688,34698,346.98
369,496.192138810863,38516,385.16
370,496.276679441392,39181,391.81
371,496.361219915521,38915,389.15
372,496.445760233493,74598,745.98
373,496.530300395556,83065,830.65
374,496.614840401953,62837,628.37
375,496.69938025293,57164,571.64
376,496.783919948731,52411,524.11
377,496.868459489603,49049,490.49
378,496.95299887579,45475,454.75
379,497.037538107538,49182,491.82
380,497.12207718509,48627,486.27
381,497.206616108694,46496,464.96
382,497.291154878593,44308,443.08
383,497.375693495033,40523,405.23
384,497.460231958259,37692,376.92
385,497.544770268516,36544,365.44
386,497.629308426049,36266,362.66
387,497.713846431104,35305,353.05
388,497.798384283926,38077,380.77
389,497.882921984759,38586,385.86
390,497.967459533848,36669,366.69
391,498.05199693144,39864,398.64
392,498.136534177779,44964,449.64
393,498.22107127311,43825,438.25
394,498.305608217678,39582,395.82
395,498.390145011729,36953,369.53
396,498.474681655507,35393,353.93
397,498.559218149259,34876,348.76
398,498.643754493228,35271,352.71
399,498.72829068766,34781,347.81
400,498.8128267328,33956,339.56
401,498.897362628894,33770,337.7
402,498.981898376185,34113,341.13
403,499.066433974921,34606,346.06
404,499.150969425345,38938,389.38
405,499.235504727703,57058,570.58
406,499.32003988224,59066,590.66
407,499.404574889201,51958,519.58
408,499.489109748831,47725,477.25
409,499.573644461376,42347,423.47
410,499.65817902708,38803,388.03
411,499.742713446188,36962,369.62
412,499.827247718947,35849,358.49
413,499.9117818456,35252,352.52
414,499.996315826393,34718,347.18
415,500.080849661572,34122,341.22
416,500.165383351381,33955,339.55
417,500.249916896065,33650,336.5
418,500.33445029587,34234,342.34
419,500.41898355104,56333,563.33
420,500.503516661822,62671,626.71
421,500.588049628459,50419,504.19
422,500.672582451197,43943,439.43
423,500.757115130282,40288,402.88
424,500.841647665958,37673,376.73
425,500.92618005847,35929,359.29
426,501.010712308064,64586,645.86
427,501.095244414985,75993,759.93
428,501.179776379478,64804,648.04
429,501.264308201788,54568,545.68
430,501.34883988216,50416,504.16
431,501.433371420839,46103,461.03
432,501.517902818071,40391,403.91
433,501.6024340741,42332,423.32
434,501.686965189172,45109,451.09
435,501.771496163532,42231,422.31
436,501.856026997425,38245,382.45
437,501.940557691096,35775,357.75
438,502.02508824479,34477,344.77
439,502.109618658753,38723,387.23
440,502.194148933229,39821,398.21
441,502.278679068464,37144,371.44
442,502.363209064702,35848,358.48
443,502.44773892219,34929,349.29
444,502.532268641171,38156,381.56
445,502.616798221892,39174,391.74
446,502.701327664597,37437,374.37
447,502.785856969531,36257,362.57
448,502.87038613694,39178,391.78
449,502.954915167069,43274,432.74
450,503.039444060163,41860,418.6
451,503.123972816466,38516,385.16
452,503.208501436225,40913,409.13
453,503.293029919684,41990,419.9
454,503.377558267088,43235,432.35
455,503.462086478683,46181,461.81
456,503.546614554714,48842,488.42
457,503.631142495425,46090,460.9
458,503.715670301062,40778,407.78
459,503.800197971871,37328,373.28
460,503.884725508095,35544,355.44
461,503.969252909981,38599,385.99
462,504.053780177773,43323,433.23
463,504.138307311717,42496,424.96
464,504.222834312058,43184,431.84
465,504.307361179041,42729,427.29
466,504.39188791291,43578,435.78
467,504.476414513912,44428,444.28
468,504.560940982291,60192,601.92
469,504.645467318292,62091,620.91
470,504.729993522161,50009,500.09
471,504.814519594143,46526,465.26
472,504.899045534482,46322,463.22
473,504.983571343424,49049,490.49
474,505.068097021215,50538,505.38
475,505.152622568098,49889,498.89
476,505.23714798432,61827,618.27
477,505.321673270126,60998,609.98
478,505.40619842576,49594,495.94
479,505.490723451468,42857,428.57
480,505.575248347494,42454,424.54
481,505.659773114085,41086,410.86
482,505.744297751485,70210,702.1
483,505.828822259939,81737,817.37
484,505.913346639693,64580,645.8
485,505.997870890991,51643,516.43
486,506.082395014079,43882,438.82
487,506.166919009201,39628,396.28
488,506.251442876604,37102,371.02
489,506.335966616531,39212,392.12
490,506.420490229229,39325,393.25
491,506.505013714942,37371,373.71
492,506.589537073916,36524,365.24
493,506.674060306396,39214,392.14
494,506.758583412626,40346,403.46
495,506.843106392852,38231,382.31
496,506.927629247319,36800,368
497,507.012151976272,35735,357.35
498,507.096674579957,38815,388.15
499,507.181197058618,40554,405.54
500,507.2657194125,38783,387.83
501,507.350241641849,70280,702.8
502,507.43476374691,82716,827.16
503,507.519285727928,65190,651.9
504,507.603807585148,51747,517.47
505,507.688329318816,44751,447.51
506,507.772850929175,44339,443.39
507,507.857372416473,46718,467.18
508,507.941893780953,44120,441.2
509,508.02641502286,40078,400.78
510,508.110936142441,37438,374.38
511,508.195457139939,39550,395.5
512,508.279978015601,39673,396.73
513,508.364498769671,37746,377.46
514,508.449019402395,36416,364.16
515,508.533539914017,35090,350.9
516,508.618060304783,38036,380.36
517,508.702580574937,38874,388.74
518,508.787100724726,37077,370.77
519,508.871620754394,37757,377.57
520,508.956140664186,54690,546.9
521,509.040660454347,63359,633.59
522,509.125180125123,72182,721.82
523,509.209699676758,68566,685.66
524,509.294219109499,76329,763.29
525,509.378738423589,73752,737.52
526,509.463257619274,61139,611.39
527,509.5477766968,52480,524.8
528,509.632295656411,44093,440.93
529,509.716814498352,39141,391.41
530,509.801333222869,36585,365.85
531,509.885851830207,35215,352.15
532,509.97037032061,34687,346.87
533,510.054888694324,34143,341.43
534,510.139406951595,38560,385.6
535,510.223925092667,39639,396.39
536,510.308443117785,36908,369.08
537,510.392961027195,36150,361.5
538,510.477478821141,39526,395.26
539,510.56199649987,43965,439.65
540,510.646514063625,47271,472.71
541,510.731031512652,49291,492.91
542,510.815548847197,45576,455.76
543,510.900066067503,41364,413.64
544,510.984583173818,38781,387.81
545,511.069100166384,40698,406.98
546,511.153617045449,40311,403.11
547,511.238133811256,41676,416.76
548,511.322650464052,41332,413.32
549,511.407167004081,37974,379.74
550,511.491683431587,44596,445.96
551,511.576199746818,45937,459.37
552,511.660715950017,44984,449.84
553,511.745232041429,43199,431.99
554,511.829748021301,39331,393.31
555,511.914263889876,37449,374.49
556,511.9987796474,37534,375.34
557,512.083295294119,36498,364.98
558,512.167810830277,35652,356.52
559,512.252326256119,38470,384.7
560,512.336841571891,41942,419.42
561,512.421356777838,58420,584.2
562,512.505871874205,60639,606.39
563,512.590386861236,53718,537.18
564,512.674901739178,48367,483.67
565,512.759416508275,42559,425.59
566,512.843931168773,38983,389.83
567,512.928445720916,40789,407.89
568,513.01296016495,44676,446.76
569,513.097474501119,42762,427.62
570,513.18198872967,39173,391.73
571,513.266502850847,37151,371.51
572,513.351016864895,39848,398.48
573,513.435530772059,40547,405.47
574,513.520044572585,37804,378.04
575,513.604558266717,36256,362.56
576,513.689071854701,43527,435.27
577,513.773585336782,47748,477.48
578,513.858098713206,48565,485.65
579,513.942611984216,49700,497
580,514.027125150058,53001,530.01
581,514.111638210978,54460,544.6
582,514.196151167221,49045,490.45
583,514.280664019031,42401,424.01
584,514.365176766654,38727,387.27
585,514.449689410336,40180,401.8
586,514.53420195032,43752,437.52
587,514.618714386852,42167,421.67
588,514.703226720178,38436,384.36
589,514.787738950542,36631,366.31
590,514.87225107819,35396,353.96
591,514.956763103367,34360,343.6
592,515.041275026318,33757,337.57
593,515.125786847287,42938,429.38
594,515.210298566521,45505,455.05
595,515.294810184265,40268,402.68
596,515.379321700762,37599,375.99
597,515.463833116259,36681,366.81
598,515.548344431001,35857,358.57
599,515.632855645233,39210,392.1
600,515.7173667592,40007,400.07
601,515.801877773147,39391,393.91
602,515.886388687319,42100,421
603,515.970899501962,41060,410.6
604,516.05541021732,37574,375.74
605,516.139920833639,35619,356.19
606,516.224431351163,34693,346.93
607,516.308941770138,34524,345.24
608,516.39345209081,34142,341.42
609,516.477962313423,33898,338.98
610,516.562472438222,37436,374.36
611,516.646982465452,42439,424.39
612,516.731492395359,47543,475.43
613,516.816002228188,46471,464.71
614,516.900511964184,41503,415.03
615,516.985021603591,45895,458.95
616,517.069531146656,53986,539.86
617,517.154040593623,62834,628.34
618,517.238549944738,58704,587.04
619,517.323059200245,51701,517.01
620,517.40756836039,46749,467.49
621,517.492077425417,41635,416.35
622,517.576586395573,38412,384.12
623,517.661095271101,68563,685.63
624,517.745604052248,76158,761.58
625,517.830112739258,58326,583.26
626,517.914621332376,56537,565.37
627,517.999129831848,53355,533.55
628,518.083638237919,45838,458.38
629,518.168146550834,41151,411.51
630,518.252654770838,38143,381.43
631,518.337162898176,36497,364.97
632,518.421670933093,35187,351.87
633,518.506178875835,34685,346.85
634,518.590686726646,34199,341.99
635,518.675194485772,34502,345.02
636,518.759702153457,38407,384.07
637,518.844209729948,39648,396.48
638,518.928717215489,37278,372.78
639,519.013224610325,39580,395.8
640,519.097731914701,40834,408.34
641,519.182239128863,38783,387.83
642,519.266746253055,37536,375.36
643,519.351253287523,36656,366.56
644,519.435760232512,35605,356.05
645,519.520267088267,35458,354.58
646,519.604773855033,35367,353.67
647,519.689280533056,34894,348.94
648,519.77378712258,34797,347.97
649,519.85829362385,34232,342.32
650,519.942800037113,38021,380.21
651,520.027306362612,39158,391.58
652,520.111812600593,36846,368.46
653,520.196318751301,35573,355.73
654,520.280824814981,34713,347.13
655,520.365330791879,34463,344.63
656,520.449836682239,35151,351.51
657,520.534342486307,35596,355.96
658,520.618848204327,35187,351.87
659,520.703353836546,38524,385.24
660,520.787859383207,39146,391.46
661,520.872364844557,44519,445.19
662,520.95687022084,66929,669.29
663,521.041375512301,68353,683.53
664,521.125880719186,53857,538.57
665,521.21038584174,45348,453.48
666,521.294890880208,55376,553.76
667,521.379395834834,56405,564.05
668,521.463900705865,50695,506.95
669,521.548405493545,46751,467.51
670,521.632910198119,41567,415.67
671,521.717414819833,38262,382.62
672,521.801919358931,36448,364.48
673,521.88642381566,35381,353.81
674,521.970928190263,38905,389.05
675,522.055432482986,227596,2275.96
676,522.139936694074,277683,2776.83
677,522.224440823773,179203,1792.03
678,522.308944872327,120162,1201.62
679,522.393448839982,84186,841.86
680,522.477952726982,67325,673.25
681,522.562456533574,75682,756.82
682,522.646960260001,71961,719.61
683,522.731463906509,61262,612.62
684,522.815967473344,57117,571.17
685,522.90047096075,49888,498.88
686,522.984974368973,42781,427.81
687,523.069477698257,38917,389.17
688,523.153980948848,37011,370.11
689,523.238484120991,35838,358.38
690,523.322987214931,35400,354
691,523.407490230914,39198,391.98
692,523.491993169183,44695,446.95
693,523.576496029985,83229,832.29
694,523.660998813565,90442,904.42
695,523.745501520167,99962,999.62
696,523.830004150038,95004,950.04
697,523.914506703421,69987,699.87
698,523.999009180562,55381,553.81
699,524.083511581707,46393,463.93
700,524.1680139071,41163,411.63
701,524.252516156987,38176,381.76
702,524.337018331612,36677,366.77
703,524.421520431221,39692,396.92
704,524.506022456059,40814,408.14
705,524.590524406371,38755,387.55
706,524.675026282403,61025,610.25
707,524.759528084398,67443,674.43
708,524.844029812603,54346,543.46
709,524.928531467263,46364,463.64
710,525.013033048623,61301,613.01
711,525.097534556927,64816,648.16
712,525.182035992421,53015,530.15
713,525.266537355351,45530,455.3
714,525.351038645961,41314,413.14
715,525.435539864496,43508,435.08
716,525.520041011202,43276,432.76
717,525.604542086324,40610,406.1
718,525.689043090106,48689,486.89
719,525.773544022794,49832,498.32
720,525.858044884634,48416,484.16
721,525.942545675869,46483,464.83
722,526.027046396746,41546,415.46
723,526.11154704751,38942,389.42
724,526.196047628405,37696,376.96
725,526.280548139677,41143,411.43
726,526.36504858157,41999,419.99
727,526.449548954331,39676,396.76
728,526.534049258204,38958,389.58
729,526.618549493434,42157,421.57
730,526.703049660267,42653,426.53
731,526.787549758947,40402,404.02
732,526.87204978972,42477,424.77
733,526.956549752831,43024,430.24
734,527.041049648525,40778,407.78
735,527.125549477046,39141,391.41
736,527.210049238641,58569,585.69
737,527.294548933555,66440,664.4
738,527.379048562032,55970,559.7
739,527.463548124317,48083,480.83
740,527.548047620657,44820,448.2
741,527.632547051295,42351,423.51
742,527.717046416477,40564,405.64
743,527.801545716449,45510,455.1
744,527.886044951455,46569,465.69
745,527.97054412174,53253,532.53
746,528.05504322755,53435,534.35
747,528.139542269129,46916,469.16
748,528.224041246724,45534,455.34
749,528.308540160578,47208,472.08
750,528.393039010938,45762,457.62
751,528.477537798047,42194,421.94
752,528.562036522152,43556,435.56
753,528.646535183498,47149,471.49
754,528.731033782329,49350,493.5
755,528.815532318891,46967,469.67
756,528.900030793429,43083,430.83
757,528.984529206188,40821,408.21
758,529.069027557414,39600,396
759,529.15352584735,38827,388.27
760,529.238024076243,38074,380.74
761,529.322522244338,37427,374.27
762,529.407020351879,37555,375.55
763,529.491518399112,37663,376.63
764,529.576016386283,37628,376.28
765,529.660514313635,37723,377.23
766,529.745012181415,37767,377.67
767,529.829509989866,37588,375.88
768,529.914007739236,37302,373.02
769,529.998505429768,41023,410.23
770,530.083003061708,42782,427.82
771,530.167500635301,40973,409.73
772,530.251998150792,39751,397.51
773,530.336495608426,39956,399.56
774,530.420993008449,43472,434.72
775,530.505490351105,47623,476.23
776,530.589987636639,49876,498.76
777,530.674484865298,51204,512.04
778,530.758982037325,48287,482.87
779,530.843479152966,43926,439.26
780,530.927976212466,41189,411.89
781,531.012473216071,40285,402.85
782,531.096970164025,97333,973.33
783,531.181467056574,116220,1162.2
784,531.265963893962,85657,856.57
785,531.350460676435,64944,649.44
786,531.434957404238,53185,531.85
787,531.519454077616,46862,468.62
788,531.603950696814,45474,454.74
789,531.688447262078,44531,445.31
790,531.772943773652,42147,421.47
791,531.857440231782,39666,396.66
792,531.941936636713,37597,375.97
793,532.026432988689,40509,405.09
794,532.110929287956,41468,414.68
795,532.19542553476,42979,429.79
796,532.279921729345,42363,423.63
797,532.364417871956,39201,392.01
798,532.448913962839,37342,373.42
799,532.533410002239,36482,364.82
800,532.6179059904,35957,359.57
801,532.702401927568,35163,351.63
802,532.786897813989,34856,348.56
803,532.871393649906,42651,426.51
804,532.955889435567,48639,486.39
805,533.040385171214,46135,461.35
806,533.124880857094,74366,743.66
807,533.209376493452,80300,803
808,533.293872080533,61099,610.99
809,533.378367618582,49708,497.08
810,533.462863107844,69291,692.91
811,533.547358548564,72528,725.28
812,533.631853940988,59711,597.11
813,533.71634928536,51613,516.13
814,533.800844581926,57070,570.7
815,533.885339830931,56021,560.21
816,533.96983503262,47202,472.02
817,534.054330187238,41652,416.52
818,534.13882529503,41593,415.93
819,534.223320356242,40492,404.92
820,534.307815371118,37403,374.03
821,534.392310339903,35675,356.75
822,534.476805262844,34474,344.74
823,534.561300140184,33809,338.09
824,534.64579497217,41469,414.69
825,534.730289759045,43610,436.1
826,534.814784501056,43120,431.2
827,534.899279198448,42053,420.53
828,534.983773851465,38556,385.56
829,535.068268460352,40111,401.11
830,535.152763025356,51271,512.71
831,535.23725754672,72975,729.75
832,535.321752024691,72998,729.98
833,535.406246459513,57769,577.69
834,535.490740851431,47570,475.7
835,535.575235200691,41391,413.91
836,535.659729507538,38069,380.69
837,535.744223772216,510851,5108.51
838,535.828717994971,645582,6455.82
839,535.913212176048,389268,3892.68
840,535.997706315693,237266,2372.66
841,536.08220041415,161291,1612.91
842,536.166694471664,114658,1146.58
843,536.251188488481,80230,802.3
844,536.335682464845,60218,602.18
845,536.420176401003,49578,495.78
846,536.504670297198,43156,431.56
847,536.589164153677,38929,389.29
848,536.673657970684,36528,365.28
849,536.758151748464,36285,362.85
850,536.842645487263,35992,359.92
851,536.927139187325,35307,353.07
852,537.011632848896,38692,386.92
853,537.096126472221,40013,400.13
854,537.180620057546,42771,427.71
855,537.265113605114,46007,460.07
856,537.349607115172,43336,433.36
857,537.434100587964,40330,403.3
858,537.518594023736,38236,382.36
859,537.603087422733,36378,363.78
860,537.687580785199,36097,360.97
861,537.772074111381,39587,395.87
862,537.856567401522,52408,524.08
863,537.941060655869,66439,664.39
864,538.025553874667,62383,623.83
865,538.11004705816,52613,526.13
866,538.194540206593,49779,497.79
867,538.279033320213,53511,535.11
868,538.363526399263,64319,643.19
869,538.44801944399,80473,804.73
870,538.532512454637,97431,974.31
871,538.617005431451,114403,1144.03
872,538.701498374677,123980,1239.8
873,538.785991284559,125719,1257.19
874,538.870484161343,122875,1228.75
875,538.954977005273,119904,1199.04
876,539.039469816596,112938,1129.38
877,539.123962595556,103604,1036.04
878,539.208455342398,103434,1034.34
879,539.292948057368,102335,1023.35
880,539.37744074071,93744,937.44
881,539.46193339267,89212,892.12
882,539.546426013493,87510,875.1
883,539.630918603424,88690,886.9
884,539.715411162708,84259,842.59
885,539.79990369159,79174,791.74
886,539.884396190315,73900,739
887,539.968888659129,97087,970.87
888,540.053381098277,106976,1069.76
889,540.137873508003,88565,885.65
890,540.222365888553,71814,718.14
891,540.306858240173,61340,613.4
892,540.391350563106,53994,539.94
893,540.475842857599,56302,563.02
894,540.560335123896,54377,543.77
895,540.644827362243,51289,512.89
896,540.729319572884,51873,518.73
897,540.813811756066,47911,479.11
898,540.898303912032,42422,424.22
899,540.982796041028,38901,389.01
900,541.0672881433,36761,367.61
901,541.151780219092,36117,361.17
902,541.23627226865,35623,356.23
903,541.320764292218,34778,347.78
904,541.405256290042,34817,348.17
905,541.489748262367,37766,377.66
906,541.574240209438,43585,435.85
907,541.6587321315,43237,432.37
908,541.743224028798,43577,435.77
909,541.827715901578,42453,424.53
910,541.912207750085,38627,386.27
911,541.996699574563,37590,375.9
912,542.081191375258,37413,374.13
913,542.165683152415,40981,409.81
914,542.250174906279,41644,416.44
915,542.334666637096,39119,391.19
916,542.41915834511,38027,380.27
917,542.503650030566,62096,620.96
918,542.58814169371,72771,727.71
919,542.672633334787,69245,692.45
920,542.757124954042,62885,628.85
921,542.841616551719,54409,544.09
922,542.926108128065,53501,535.01
923,543.010599683325,52335,523.35
924,543.095091217743,50479,504.79
925,543.179582731564,80121,801.21
926,543.264074225034,88149,881.49
927,543.348565698398,71984,719.84
928,543.433057151901,63014,630.14
929,543.517548585789,58479,584.79
930,543.602040000305,63610,636.1
931,543.686531395696,68878,688.78
932,543.771022772206,66295,662.95
933,543.855514130081,66132,661.32
934,543.940005469566,68483,684.83
935,544.024496790906,65780,657.8
936,544.108988094346,69496,694.96
937,544.193479380131,72699,726.99
938,544.277970648506,68645,686.45
939,544.362461899717,64246,642.46
940,544.446953134009,66756,667.56
941,544.531444351626,67053,670.53
942,544.615935552814,66668,666.68
943,544.700426737818,67307,673.07
944,544.784917906884,65790,657.9
945,544.869409060255,67933,679.33
946,544.953900198178,68510,685.1
947,545.038391320898,66175,661.75
948,545.122882428659,64164,641.64
949,545.207373521708,62835,628.35
950,545.291864600288,62197,621.97
951,545.376355664645,61666,616.66
952,545.460846715024,97359,973.59
953,545.545337751671,107766,1077.66
954,545.62982877483,89275,892.75
955,545.714319784747,81966,819.66
956,545.798810781666,80797,807.97
957,545.883301765834,76113,761.13
958,545.967792737495,73916,739.16
959,546.052283696893,72695,726.95
960,546.136774644275,73347,733.47
961,546.221265579886,71887,718.87
962,546.30575650397,68803,688.03
963,546.390247416772,66741,667.41
964,546.474738318539,65138,651.38
965,546.559229209514,64940,649.4
966,546.643720089944,64743,647.43
967,546.728210960073,64189,641.89
968,546.812701820146,67096,670.96
969,546.897192670409,73811,738.11
970,546.981683511106,74527,745.27
971,547.066174342483,71045,710.45
972,547.150665164785,70960,709.6
973,547.235155978257,74081,740.81
974,547.319646783145,73227,732.27
975,547.404137579692,70759,707.59
976,547.488628368145,69261,692.61
977,547.573119148749,67982,679.82
978,547.657609921748,67754,677.54
979,547.742100687388,71499,714.99
980,547.826591445914,72036,720.36
981,547.911082197572,70273,702.73
982,547.995572942605,69806,698.06
983,548.08006368126,68784,687.84
984,548.164554413782,68139,681.39
985,548.249045140415,68267,682.67
986,548.333535861404,68776,687.76
987,548.418026576996,87906,879.06
988,548.502517287435,92701,927.01
989,548.587007992966,82786,827.86
990,548.671498693834,77222,772.22
991,548.755989390285,80661,806.61
992,548.840480082563,84528,845.28
993,548.924970770915,80963,809.63
994,549.009461455584,76740,767.4
995,549.093952136815,77593,775.93
996,549.178442814856,76845,768.45
997,549.262933489949,73719,737.19
998,549.347424162341,80482,804.82
999,549.431914832276,82091,820.91
1000,549.5164055,77396,773.96
1001,549.600896165758,76648,766.48
1002,549.685386829794,75731,757.31
1003,549.769877492355,73507,735.07
1004,549.854368153685,72933,729.33
1005,549.938858814029,92958,929.58
1006,550.023349473633,102013,1020.13
1007,550.107840132742,96613,966.13
1008,550.1923307916,89379,893.79
1009,550.276821450453,81939,819.39
1010,550.361312109546,77927,779.27
1011,550.445802769124,79758,797.58
1012,550.530293429432,79694,796.94
1013,550.614784090716,76722,767.22
1014,550.69927475322,75297,752.97
1015,550.78376541719,74363,743.63
1016,550.868256082871,73453,734.53
1017,550.952746750508,73756,737.56
1018,551.037237420346,77422,774.22
1019,551.12172809263,78680,786.8
1020,551.206218767606,76770,767.7
1021,551.290709445518,75634,756.34
1022,551.375200126611,74776,747.76
1023,551.459690811131,79054,790.54
1024,551.544181499323,80338,803.38
1025,551.628672191433,78335,783.35
1026,551.713162887704,76946,769.46
1027,551.797653588383,75708,757.08
1028,551.882144293714,75197,751.97
1029,551.966635003943,75226,752.26
1030,552.051125719314,79772,797.72
1031,552.135616440073,87800,878
1032,552.220107166465,87561,875.61
1033,552.304597898735,85491,854.91
1034,552.389088637129,83312,833.12
1035,552.473579381891,103763,1037.63
1036,552.558070133266,108625,1086.25
1037,552.6425608915,95549,955.49
1038,552.727051656838,88033,880.33
1039,552.811542429524,111681,1116.81
1040,552.896033209805,116464,1164.64
1041,552.980523997925,104053,1040.53
1042,553.065014794129,95329,953.29
1043,553.149505598662,87856,878.56
1044,553.23399641177,83739,837.39
1045,553.318487233698,84808,848.08
1046,553.402978064691,99755,997.55
1047,553.487468904993,113783,1137.83
1048,553.571959754851,107861,1078.61
1049,553.656450614509,95444,954.44
1050,553.740941484213,87863,878.63
1051,553.825432364206,90998,909.98
1052,553.909923254736,91049,910.49
1053,553.994414156046,93194,931.94
1054,554.078905068382,91646,916.46
1055,554.16339599199,86127,861.27
1056,554.247886927113,83517,835.17
1057,554.332377873998,108017,1080.17
1058,554.416868832889,114143,1141.43
1059,554.501359804032,99837,998.37
1060,554.585850787671,91585,915.85
1061,554.670341784053,86510,865.1
1062,554.754832793421,83733,837.33
1063,554.839323816021,81819,818.19
1064,554.923814852099,80759,807.59
1065,555.008305901899,80687,806.87
1066,555.092796965667,88832,888.32
1067,555.177288043647,90699,906.99
1068,555.261779136085,115317,1153.17
1069,555.346270243226,121039,1210.39
1070,555.430761365315,108150,1081.5
1071,555.515252502597,103167,1031.67
1072,555.599743655318,97594,975.94
1073,555.684234823722,91568,915.68
1074,555.768726008055,91774,917.74
1075,555.853217208561,93806,938.06
1076,555.937708425486,90894,908.94
1077,556.022199659075,113654,1136.54
1078,556.106690909574,119039,1190.39
1079,556.191182177226,107601,1076.01
1080,556.275673462278,99192,991.92
1081,556.360164764975,95058,950.58
1082,556.444656085561,97189,971.89
1083,556.529147424282,94540,945.4
1084,556.613638781383,90122,901.22
1085,556.698130157109,87682,876.82
1086,556.782621551706,89665,896.65
1087,556.867112965417,89796,897.96
1088,556.951604398489,93235,932.35
1089,557.036095851167,100807,1008.07
1090,557.120587323695,98266,982.66
1091,557.20507881632,91115,911.15
1092,557.289570329285,87135,871.35
1093,557.374061862836,88811,888.11
1094,557.458553417219,89856,898.56
1095,557.543044992678,90934,909.34
1096,557.627536589459,90730,907.3
1097,557.712028207806,92223,922.23
1098,557.796519847966,91389,913.89
1099,557.881011510182,95449,954.49
1100,557.9655031947,99596,995.96
1101,558.049994901765,95743,957.43
1102,558.134486631623,90302,903.02
1103,558.218978384519,87007,870.07
1104,558.303470160697,89035,890.35
1105,558.387961960402,89140,891.4
1106,558.472453783881,89237,892.37
1107,558.556945631378,90416,904.16
1108,558.641437503137,121597,1215.97
1109,558.725929399405,139660,1396.6
1110,558.810421320427,124278,1242.78
1111,558.894913266447,107303,1073.03
1112,558.97940523771,97647,976.47
1113,559.063897234463,95731,957.31
1114,559.14838925695,97578,975.78
1115,559.232881305415,95199,951.99
1116,559.317373380105,90708,907.08
1117,559.401865481264,92396,923.96
1118,559.486357609138,92189,921.89
1119,559.570849763971,88986,889.86
1120,559.65534194601,87867,878.67
1121,559.739834155498,91458,914.58
1122,559.824326392681,91811,918.11
1123,559.908818657804,92844,928.44
1124,559.993310951113,92189,921.89
1125,560.077803272852,89128,891.28
1126,560.162295623266,87469,874.69
1127,560.246788002602,86155,861.55
1128,560.331280411103,89224,892.24
1129,560.415772849015,93853,938.53
1130,560.500265316583,97156,971.56
1131,560.584757814052,103093,1030.93
1132,560.669250341668,101022,1010.22
1133,560.753742899676,94305,943.05
1134,560.83823548832,94665,946.65
1135,560.922728107845,93618,936.18
1136,561.007220758498,90240,902.4
1137,561.091713440523,88760,887.6
1138,561.176206154165,87410,874.1
1139,561.260698899669,87113,871.13
1140,561.345191677281,86668,866.68
1141,561.429684487245,85888,858.88
1142,561.514177329807,85595,855.95
1143,561.598670205212,85965,859.65
1144,561.683163113705,87533,875.33
1145,561.767656055531,87701,877.01
1146,561.852149030935,90713,907.13
1147,561.936642040163,95710,957.1
1148,562.021135083459,94404,944.04
1149,562.105628161069,91001,910.01
1150,562.190121273237,93021,930.21
1151,562.27461442021,92918,929.18
1152,562.359107602232,102720,1027.2
1153,562.443600819547,104075,1040.75
1154,562.528094072403,100087,1000.87
1155,562.612587361042,106722,1067.22
1156,562.697080685712,108735,1087.35
1157,562.781574046656,105921,1059.21
1158,562.866067444119,121191,1211.91
1159,562.950560878348,120913,1209.13
1160,563.035054349587,106372,1063.72
1161,563.119547858082,101994,1019.94
1162,563.204041404076,98909,989.09
1163,563.288534987816,95499,954.99
1164,563.373028609547,92557,925.57
1165,563.457522269514,90342,903.42
1166,563.542015967961,89237,892.37
1167,563.626509705135,91827,918.27
1168,563.71100348128,96060,960.6
1169,563.795497296641,94831,948.31
1170,563.879991151464,91163,911.63
1171,563.964485045993,88960,889.6
1172,564.048978980475,87716,877.16
1173,564.133472955153,88198,881.98
1174,564.217966970273,88185,881.85
1175,564.30246102608,91550,915.5
1176,564.386955122819,95799,957.99
1177,564.471449260736,97914,979.14
1178,564.555943440075,95517,955.17
1179,564.640437661083,91651,916.51
1180,564.724931924002,172693,1726.93
1181,564.80942622908,199026,1990.26
1182,564.893920576561,154885,1548.85
1183,564.97841496669,130185,1301.85
1184,565.062909399713,115340,1153.4
1185,565.147403875874,115643,1156.43
1186,565.231898395419,112150,1121.5
1187,565.316392958592,101884,1018.84
1188,565.400887565639,95615,956.15
1189,565.485382216806,92051,920.51
1190,565.569876912336,89665,896.65
1191,565.654371652476,88360,883.6
1192,565.73886643747,90968,909.68
1193,565.823361267564,92439,924.39
1194,565.907856143003,113495,1134.95
1195,565.992351064031,118603,1186.03
1196,566.076846030894,105983,1059.83
1197,566.161341043838,98627,986.27
1198,566.245836103106,93858,938.58
1199,566.330331208945,91546,915.46
1200,566.4148263616,90226,902.26
1201,566.499321561315,92920,929.2
1202,566.583816808336,93295,932.95
1203,566.668312102908,94750,947.5
1204,566.752807445276,93982,939.82
1205,566.837302835685,92687,926.87
1206,566.92179827438,94151,941.51
1207,567.006293761607,93477,934.77
1208,567.090789297611,91065,910.65
1209,567.175284882636,96079,960.79
1210,567.259780516928,97343,973.43
1211,567.344276200732,93347,933.47
1212,567.428771934293,90749,907.49
1213,567.513267717856,92734,927.34
1214,567.597763551667,92782,927.82
1215,567.68225943597,90494,904.94
1216,567.766755371011,112372,1123.72
1217,567.851251357034,118464,1184.64
1218,567.935747394286,105550,1055.5
1219,568.020243483011,105562,1055.62
1220,568.104739623454,103474,1034.74
1221,568.18923581586,122551,1225.51
1222,568.273732060474,125965,1259.65
1223,568.358228357543,110125,1101.25
1224,568.442724707309,100784,1007.84
1225,568.52722111002,95417,954.17
1226,568.61171756592,91911,919.11
1227,568.696214075254,90497,904.97
1228,568.780710638267,89615,896.15
1229,568.865207255205,88919,889.19
1230,568.949703926312,89212,892.12
1231,569.034200651834,92988,929.88
1232,569.118697432015,93283,932.83
1233,569.203194267102,90789,907.89
1234,569.287691157338,93207,932.07
1235,569.37218810297,99957,999.57
1236,569.456685104242,110719,1107.19
1237,569.5411821614,109860,1098.6
1238,569.625679274688,101769,1017.69
1239,569.710176444352,100537,1005.37
1240,569.794673670637,98303,983.03
1241,569.879170953788,93905,939.05
1242,569.96366829405,95198,951.98
1243,570.048165691668,102868,1028.68
1244,570.132663146887,102041,1020.41
1245,570.217160659954,103931,1039.31
1246,570.301658231112,102972,1029.72
1247,570.386155860606,97424,974.24
1248,570.470653548683,94320,943.2
1249,570.555151295587,91978,919.78
1250,570.639649101562,90326,903.26
1251,570.724146966856,89474,894.74
1252,570.808644891712,92741,927.41
1253,570.893142876375,98187,981.87
1254,570.977640921091,98522,985.22
1255,571.062139026105,97907,979.07
1256,571.146637191662,117042,1170.42
1257,571.231135418007,119738,1197.38
1258,571.315633705386,106384,1063.84
1259,571.400132054043,102326,1023.26
1260,571.484630464223,103228,1032.28
1261,571.569128936172,99768,997.68
1262,571.653627470135,94601,946.01
1263,571.738126066357,99569,995.69
1264,571.822624725083,104510,1045.1
1265,571.907123446559,100450,1004.5
1266,571.991622231028,103419,1034.19
1267,572.076121078737,109710,1097.1
1268,572.160619989931,106352,1063.52
1269,572.245118964855,102953,1029.53
1270,572.329618003753,99761,997.61
1271,572.414117106872,99999,999.99
1272,572.498616274455,105145,1051.45
1273,572.583115506749,102289,1022.89
1274,572.667614803999,95511,955.11
1275,572.752114166448,91555,915.55
1276,572.836613594344,90018,900.18
1277,572.921113087931,89951,899.51
1278,573.005612647453,89264,892.64
1279,573.090112273157,88427,884.27
1280,573.174611965286,92339,923.39
1281,573.259111724088,100368,1003.68
1282,573.343611549805,108363,1083.63
1283,573.428111442685,134780,1347.8
1284,573.512611402971,139081,1390.81
1285,573.597111430909,169102,1691.02
1286,573.681611526744,172817,1728.17
1287,573.766111690721,150728,1507.28
1288,573.850611923086,131718,1317.18
1289,573.935112224083,112912,1129.12
1290,574.019612593957,102046,1020.46
1291,574.104113032955,96945,969.45
1292,574.18861354132,97710,977.1
1293,574.273114119298,96977,969.77
1294,574.357614767134,97336,973.36
1295,574.442115485074,96029,960.29
1296,574.526616273362,147151,1471.51
1297,574.611117132243,160935,1609.35
1298,574.695618061963,149441,1494.41
1299,574.780119062767,140034,1400.34
1300,574.8646201349,121238,1212.38
1301,574.949121278607,111532,1115.32
1302,575.033622494133,107553,1075.53
1303,575.118123781723,105631,1056.31
1304,575.202625141623,100962,1009.62
1305,575.287126574078,95507,955.07
1306,575.371628079332,92987,929.87
1307,575.456129657631,91946,919.46
1308,575.54063130922,91368,913.68
1309,575.625133034344,94737,947.37
1310,575.709634833249,101694,1016.94
1311,575.794136706179,100799,1007.99
1312,575.878638653379,96020,960.2
1313,575.963140675095,92640,926.4
1314,576.047642771572,90237,902.37
1315,576.132144943055,89397,893.97
1316,576.216647189789,94057,940.57
1317,576.301149512019,95153,951.53
1318,576.38565190999,92080,920.8
1319,576.470154383948,89862,898.62
1320,576.554656934138,89269,892.69
1321,576.639159560804,93969,939.69
1322,576.723662264192,95210,952.1
1323,576.808165044547,127117,1271.17
1324,576.892667902114,138447,1384.47
1325,576.977170837139,119428,1194.28
1326,577.061673849866,105547,1055.47
1327,577.146176940541,97760,977.6
1328,577.230680109408,93370,933.7
1329,577.315183356713,91517,915.17
1330,577.399686682701,93796,937.96
1331,577.484190087617,120054,1200.54
1332,577.568693571706,124761,1247.61
1333,577.653197135214,109109,1091.09
1334,577.737700778385,104035,1040.35
1335,577.822204501465,100031,1000.31
1336,577.906708304698,94655,946.55
1337,577.991212188331,130010,1300.1
1338,578.075716152607,138839,1388.39
1339,578.160220197773,121717,1217.17
1340,578.244724324073,110569,1105.69
1341,578.329228531752,109152,1091.52
1342,578.413732821056,109943,1099.43
1343,578.49823719223,103206,1032.06
1344,578.582741645518,96290,962.9
1345,578.667246181166,96026,960.26
1346,578.75175079942,94980,949.8
1347,578.836255500524,95601,956.01
1348,578.920760284723,103486,1034.86
1349,579.005265152262,102987,1029.87
1350,579.089770103388,96921,969.21
1351,579.174275138344,93289,932.89
1352,579.258780257375,90566,905.66
1353,579.343285460728,88975,889.75
1354,579.427790748647,88047,880.47
1355,579.512296121378,87467,874.67
1356,579.596801579165,86897,868.97
1357,579.681307122253,87700,877
1358,579.765812750888,88041,880.41
1359,579.850318465315,87309,873.09
1360,579.934824265779,86992,869.92
1361,580.019330152525,86701,867.01
1362,580.103836125799,107188,1071.88
1363,580.188342185844,113146,1131.46
1364,580.272848332908,105506,1055.06
1365,580.357354567233,99856,998.56
1366,580.441860889067,94546,945.46
1367,580.526367298654,91305,913.05
1368,580.610873796238,96753,967.53
1369,580.695380382066,97322,973.22
1370,580.779887056382,92473,924.73
1371,580.864393819432,95231,952.31
1372,580.94890067146,95723,957.23
1373,581.033407612712,91993,919.93
1374,581.117914643433,89700,897
1375,581.202421763867,88879,888.79
1376,581.286928974261,88620,886.2
1377,581.371436274859,91525,915.25
1378,581.455943665907,92163,921.63
1379,581.540451147649,93449,934.49
1380,581.62495872033,92624,926.24
1381,581.709466384197,89547,895.47
1382,581.793974139493,88058,880.58
1383,581.878481986465,94501,945.01
1384,581.962989925357,95950,959.5
1385,582.047497956414,99557,995.57
1386,582.132006079881,103056,1030.56
1387,582.216514296004,98414,984.14
1388,582.301022605028,93490,934.9
1389,582.385531007198,101483,1014.83
1390,582.470039502758,103008,1030.08
1391,582.554548091955,96391,963.91
1392,582.639056775033,92281,922.81
1393,582.723565552238,89482,894.82
1394,582.808074423814,88201,882.01
1395,582.892583390007,87283,872.83
1396,582.977092451061,94516,945.16
1397,583.061601607223,96613,966.13
1398,583.146110858736,94290,942.9
1399,583.230620205847,94162,941.62
1400,583.3151296488,91680,916.8
1401,583.399639187841,92224,922.24
1402,583.484148823214,91501,915.01
1403,583.568658555165,89127,891.27
1404,583.653168383939,87688,876.88
1405,583.73767830978,94129,941.29
1406,583.822188332935,95843,958.43
1407,583.906698453649,95109,951.09
1408,583.991208672165,93092,930.92
1409,584.075718988731,89338,893.38
1410,584.16022940359,91115,911.15
1411,584.244739916987,90962,909.62
1412,584.329250529169,88401,884.01
1413,584.41376124038,86882,868.82
1414,584.498272050865,86083,860.83
1415,584.58278296087,85806,858.06
1416,584.667293970638,95845,958.45
1417,584.751805080417,105978,1059.78
1418,584.83631629045,102723,1027.23
1419,584.920827600983,95423,954.23
1420,585.005339012262,90857,908.57
1421,585.08985052453,91797,917.97
1422,585.174362138034,94941,949.41
1423,585.258873853018,96604,966.04
1424,585.343385669727,93865,938.65
1425,585.427897588408,89648,896.48
1426,585.512409609304,87204,872.04
1427,585.596921732661,85872,858.72
1428,585.681433958724,87628,876.28
1429,585.765946287739,87909,879.09
1430,585.85045871995,90508,905.08
1431,585.934971255602,94781,947.81
1432,586.019483894941,101636,1016.36
1433,586.103996638212,103726,1037.26
1434,586.18850948566,97827,978.27
1435,586.27302243753,92628,926.28
1436,586.357535494067,89069,890.69
1437,586.442048655516,113196,1131.96
1438,586.526561922122,141943,1419.43
1439,586.611075294132,133445,1334.45
1440,586.695588771789,113036,1130.36
1441,586.780102355339,101395,1013.95
1442,586.864616045027,98222,982.22
1443,586.949129841097,94538,945.38
1444,587.033643743797,89341,893.41
1445,587.118157753369,86570,865.7
1446,587.20267187006,85188,851.88
1447,587.287186094115,84212,842.12
1448,587.371700425779,83932,839.32
1449,587.456214865296,83634,836.34
1450,587.540729412912,83416,834.16
1451,587.625244068873,83164,831.64
1452,587.709758833423,86564,865.64
1453,587.794273706808,87901,879.01
1454,587.878788689272,86645,866.45
1455,587.963303781061,85522,855.22
1456,588.047818982419,84827,848.27
1457,588.132334293593,87635,876.35
1458,588.216849714827,92458,924.58
1459,588.301365246366,91514,915.14
1460,588.385880888455,88068,880.68
1461,588.47039664134,85876,858.76
1462,588.554912505266,84544,845.44
1463,588.639428480477,87886,878.86
1464,588.72394456722,94390,943.9
1465,588.808460765738,101841,1018.41
1466,588.892977076278,99546,995.46
1467,588.977493499084,92376,923.76
1468,589.062010034401,88002,880.02
1469,589.146526682475,85580,855.8
1470,589.231043443551,84095,840.95
1471,589.315560317874,82711,827.11
1472,589.400077305689,82279,822.79
1473,589.48459440724,82411,824.11
1474,589.569111622774,85581,855.81
1475,589.653628952536,92168,921.68
1476,589.73814639677,92085,920.85
1477,589.822663955722,87971,879.71
1478,589.907181629636,188544,1885.44
1479,589.991699418759,223862,2238.62
1480,590.076217323334,178059,1780.59
1481,590.160735343608,142890,1428.9
1482,590.245253479825,116510,1165.1
1483,590.329771732231,101092,1010.92
1484,590.41429010107,128322,1283.22
1485,590.498808586588,133472,1334.72
1486,590.58332718903,112087,1120.87
1487,590.667845908641,102550,1025.5
1488,590.752364745666,95794,957.94
1489,590.83688370035,89353,893.53
1490,590.921402772939,89495,894.95
1491,591.005921963678,96192,961.92
1492,591.090441272811,94890,948.9
1493,591.174960700584,92542,925.42
1494,591.259480247241,93649,936.49
1495,591.343999913029,94810,948.1
1496,591.428519698192,91984,919.84
1497,591.513039602976,87332,873.32
1498,591.597559627625,85003,850.03
1499,591.682079772385,83984,839.84
1500,591.7666000375,82627,826.27
1501,591.851120423216,82124,821.24
1502,591.935640929779,81915,819.15
1503,592.020161557432,83732,837.32
1504,592.104682306422,84071,840.71
1505,592.189203176993,82370,823.7
1506,592.273724169391,81091,810.91
1507,592.35824528386,80585,805.85
1508,592.442766520647,80470,804.7
1509,592.527287879995,84809,848.09
1510,592.611809362151,86141,861.41
1511,592.696330967358,114525,1145.25
1512,592.780852695863,121668,1216.68
1513,592.865374547911,104487,1044.87
1514,592.949896523746,94284,942.84
1515,593.034418623614,88769,887.69
1516,593.11894084776,126038,1260.38
1517,593.203463196429,134778,1347.78
1518,593.287985669866,112147,1121.47
1519,593.372508268317,98743,987.43
1520,593.457030992026,91114,911.14
1521,593.541553841238,86733,867.33
1522,593.626076816199,85102,851.02
1523,593.710599917154,83709,837.09
1524,593.795123144348,82193,821.93
1525,593.879646498027,81402,814.02
1526,593.964169978434,88799,887.99
1527,594.048693585816,91061,910.61
1528,594.133217320417,86491,864.91
1529,594.217741182483,87297,872.97
1530,594.302265172259,86584,865.84
1531,594.38678928999,87479,874.79
1532,594.47131353592,86830,868.3
1533,594.555837910296,87467,874.67
1534,594.640362413363,86405,864.05
1535,594.724887045364,106745,1067.45
1536,594.809411806547,111630,1116.3
1537,594.893936697155,98155,981.55
1538,594.978461717434,97687,976.87
1539,595.062986867629,94994,949.94
1540,595.147512147985,88838,888.38
1541,595.232037558747,93310,933.1
1542,595.316563100161,100632,1006.32
1543,595.401088772471,98053,980.53
1544,595.485614575923,91172,911.72
1545,595.570140510762,86366,863.66
1546,595.654666577233,83714,837.14
1547,595.73919277558,85796,857.96
1548,595.82371910605,87253,872.53
1549,595.908245568888,85265,852.65
1550,595.992772164338,90014,900.14
1551,596.077298892645,98982,989.82
1552,596.161825754055,96236,962.36
1553,596.246352748813,88636,886.36
1554,596.330879877164,84746,847.46
1555,596.415407139353,99203,992.03
1556,596.499934535626,102733,1027.33
1557,596.584462066227,94448,944.48
1558,596.668989731401,92845,928.45
1559,596.753517531394,94057,940.57
1560,596.838045466451,94403,944.03
1561,596.922573536817,90216,902.16
1562,597.007101742737,85692,856.92
1563,597.091630084456,118563,1185.63
1564,597.17615856222,144338,1443.38
1565,597.260687176273,130944,1309.44
1566,597.345215926861,113552,1135.52
1567,597.429744814228,108918,1089.18
1568,597.51427383862,101081,1010.81
1569,597.598803000283,91167,911.67
1570,597.68333229946,93614,936.14
1571,597.767861736398,92134,921.34
1572,597.852391311341,93370,933.7
1573,597.936921024535,92205,922.05
1574,598.021450876224,89842,898.42
1575,598.105980866655,91234,912.34
1576,598.190510996071,88163,881.63
1577,598.275041264718,87569,875.69
1578,598.359571672842,89724,897.24
1579,598.444102220687,92349,923.49
1580,598.528632908498,89531,895.31
1581,598.613163736522,88115,881.15
1582,598.697694705001,94873,948.73
1583,598.782225814183,96749,967.49
1584,598.866757064312,94415,944.15
1585,598.951288455633,89610,896.1
1586,599.035819988391,87879,878.79
1587,599.120351662832,90034,900.34
1588,599.2048834792,87382,873.82
1589,599.289415437741,82791,827.91
1590,599.3739475387,80958,809.58
1591,599.458479782322,84013,840.13
1592,599.543012168852,87686,876.86
1593,599.627544698535,89452,894.52
1594,599.712077371617,86752,867.52
1595,599.796610188342,82836,828.36
1596,599.881143148956,84819,848.19
1597,599.965676253703,88153,881.53
1598,600.05020950283,86489,864.89
1599,600.13474289658,82658,826.58
1600,600.2192764352,80465,804.65
1601,600.303810118934,83095,830.95
1602,600.388343948028,82712,827.12
1603,600.472877922726,79739,797.39
1604,600.557412043273,82302,823.02
1605,600.641946309916,82374,823.74
1606,600.726480722899,80288,802.88
1607,600.811015282466,79167,791.67
1608,600.895549988864,78131,781.31
1609,600.980084842338,77140,771.4
1610,601.064619843132,79329,793.29
1611,601.149154991491,80130,801.3
1612,601.233690287662,83126,831.26
1613,601.318225731888,83262,832.62
1614,601.402761324415,80285,802.85
1615,601.487297065489,82082,820.82
1616,601.571832955354,82417,824.17
1617,601.656368994255,84136,841.36
1618,601.740905182438,83117,831.17
1619,601.825441520148,79832,798.32
1620,601.90997800763,82613,826.13
1621,601.994514645128,86404,864.04
1622,602.079051432889,87782,877.82
1623,602.163588371157,85397,853.97
1624,602.248125460177,84904,849.04
1625,602.332662700195,83772,837.72
1626,602.417200091456,84515,845.15
1627,602.501737634204,83504,835.04
1628,602.586275328686,80168,801.68
1629,602.670813175145,78076,780.76
1630,602.755351173828,88083,880.83
1631,602.839889324979,90545,905.45
1632,602.924427628843,87596,875.96
1633,603.008966085667,88163,881.63
1634,603.093504695693,85272,852.72
1635,603.178043459169,80530,805.3
1636,603.262582376339,82589,825.89
1637,603.347121447448,85315,853.15
1638,603.431660672741,84281,842.81
1639,603.516200052464,80966,809.66
1640,603.600739586861,77952,779.52
1641,603.685279276178,76528,765.28
1642,603.769819120659,76949,769.49
1643,603.854359120551,76339,763.39
1644,603.938899276098,79927,799.27
1645,604.023439587545,84766,847.66
1646,604.107980055137,83280,832.8
1647,604.19252067912,83158,831.58
1648,604.277061459738,85268,852.68
1649,604.361602397237,83039,830.39
1650,604.446143491862,79186,791.86
1651,604.530684743859,94560,945.6
1652,604.615226153471,111236,1112.36
1653,604.699767720944,108304,1083.04
1654,604.784309446525,96807,968.07
1655,604.868851330456,90859,908.59
1656,604.953393372984,94413,944.13
1657,605.037935574354,98774,987.74
1658,605.122477934812,93074,930.74
1659,605.207020454601,110276,1102.76
1660,605.291563133967,112595,1125.95
1661,605.376105973156,97747,977.47
1662,605.460648972412,88650,886.5
1663,605.545192131981,81757,817.57
1664,605.629735452108,77637,776.37
1665,605.714278933038,75493,754.93
1666,605.798822575015,82661,826.61
1667,605.883366378286,84671,846.71
1668,605.967910343095,79817,798.17
1669,606.052454469688,76914,769.14
1670,606.136998758309,75939,759.39
1671,606.221543209204,79509,795.09
1672,606.306087822618,79880,798.8
1673,606.390632598795,76913,769.13
1674,606.475177537982,78990,789.9
1675,606.559722640423,82749,827.49
1676,606.644267906364,84819,848.19
1677,606.728813336049,85947,859.47
1678,606.813358929724,82742,827.42
1679,606.897904687633,78380,783.8
1680,606.982450610022,75939,759.39
1681,607.066996697137,74420,744.2
1682,607.151542949221,77224,772.24
1683,607.236089366521,81284,812.84
1684,607.320635949282,79514,795.14
1685,607.405182697748,76000,760
1686,607.489729612165,79510,795.1
1687,607.574276692777,80191,801.91
1688,607.658823939831,76920,769.2
1689,607.74337135357,78906,789.06
1690,607.827918934241,82228,822.28
1691,607.912466682089,80165,801.65
1692,607.997014597358,76479,764.79
1693,608.081562680293,86557,865.57
1694,608.16611093114,88335,883.35
1695,608.250659350145,85126,851.26
1696,608.335207937551,85305,853.05
1697,608.419756693605,84184,841.84
1698,608.504305618551,80299,802.99
1699,608.588854712634,80414,804.14
1700,608.6734039761,78968,789.68
1701,608.757953409194,87562,875.62
1702,608.84250301216,93989,939.89
1703,608.927052785245,87850,878.5
1704,609.011602728693,81952,819.52
1705,609.096152842749,78204,782.04
1706,609.180703127658,74914,749.14
1707,609.265253583666,72745,727.45
1708,609.349804211018,72073,720.73
1709,609.434355009958,75236,752.36
1710,609.518905980733,75468,754.68
1711,609.603457123586,81433,814.33
1712,609.688008438764,120147,1201.47
1713,609.772559926511,125132,1251.32
1714,609.857111587073,101719,1017.19
1715,609.941663420694,88242,882.42
1716,610.02621542762,80547,805.47
1717,610.110767608096,80655,806.55
1718,610.195319962366,79136,791.36
1719,610.279872490677,75271,752.71
1720,610.364425193274,72908,729.08
1721,610.4489780704,71582,715.82
1722,610.533531122303,71003,710.03
1723,610.618084349226,71741,717.41
1724,610.702637751414,75937,759.37
1725,610.787191329114,79890,798.9
1726,610.87174508257,77741,777.41
1727,610.956299012027,81824,818.24
1728,611.04085311773,81797,817.97
1729,611.125407399925,76817,768.17
1730,611.209961858857,73716,737.16
1731,611.29451649477,99357,993.57
1732,611.37907130791,115491,1154.91
1733,611.463626298523,102735,1027.35
1734,611.548181466852,92284,922.84
1735,611.632736813144,93202,932.02
1736,611.717292337643,89257,892.57
1737,611.801848040595,81209,812.09
1738,611.886403922244,76682,766.82
1739,611.970959982837,77685,776.85
1740,612.055516222617,79728,797.28
1741,612.14007264183,82006,820.06
1742,612.224629240722,83816,838.16
1743,612.309186019537,81476,814.76
1744,612.39374297852,93688,936.88
1745,612.478300117917,96280,962.8
1746,612.562857437973,105651,1056.51
1747,612.647414938933,107815,1078.15
1748,612.731972621042,93935,939.35
1749,612.816530484545,82945,829.45
1750,612.901088529688,96647,966.47
1751,612.985646756714,98288,982.88
1752,613.070205165871,88933,889.33
1753,613.154763757402,82324,823.24
1754,613.239322531553,76225,762.25
1755,613.323881488569,76574,765.74
1756,613.408440628695,75167,751.67
1757,613.492999952176,71795,717.95
1758,613.577559459258,74205,742.05
1759,613.662119150185,77649,776.49
1760,613.746679025203,75585,755.85
1761,613.831239084557,72313,723.13
1762,613.915799328492,74204,742.04
1763,614.000359757252,74130,741.3
1764,614.084920371084,71545,715.45
1765,614.169481170232,70315,703.15
1766,614.254042154942,70080,700.8
1767,614.338603325458,69220,692.2
1768,614.423164682026,72650,726.5
1769,614.507726224891,77092,770.92
1770,614.592287954298,75125,751.25
1771,614.676849870492,92350,923.5
1772,614.761411973718,95941,959.41
1773,614.845974264222,83264,832.64
1774,614.930536742248,76252,762.52
1775,615.015099408042,76467,764.67
1776,615.099662261849,75301,753.01
1777,615.184225303914,71743,717.43
1778,615.268788534481,73509,735.09
1779,615.353351953797,72957,729.57
1780,615.437915562106,77744,777.44
1781,615.522479359654,78757,787.57
1782,615.607043346685,73609,736.09
1783,615.691607523446,89877,898.77
1784,615.776171890179,93347,933.47
1785,615.860736447132,81932,819.32
1786,615.94530119455,75377,753.77
1787,616.029866132676,74962,749.62
1788,616.114431261757,73830,738.3
1789,616.198996582037,74530,745.3
1790,616.283562093762,77177,771.77
1791,616.368127797177,79019,790.19
1792,616.452693692527,76069,760.69
1793,616.537259780057,71403,714.03
1794,616.621826060012,72805,728.05
1795,616.706392532638,76595,765.95
1796,616.790959198179,74755,747.55
1797,616.87552605688,70595,705.95
1798,616.960093108988,93542,935.42
1799,617.044660354746,99514,995.14
1800,617.1292277944,95334,953.34
1801,617.213795428195,99380,993.8
1802,617.298363256377,91741,917.41
1803,617.38293127919,80170,801.7
1804,617.46749949688,73334,733.34
1805,617.552067909691,69003,690.03
1806,617.63663651787,66435,664.35
1807,617.72120532166,558260,5582.6
1808,617.805774321307,704490,7044.9
1809,617.890343517057,440041,4400.41
1810,617.974912909154,279375,2793.75
1811,618.059482497843,186981,1869.81
1812,618.14405228337,134676,1346.76
1813,618.22862226598,104177,1041.77
1814,618.313192445918,86247,862.47
1815,618.397762823429,93347,933.47
1816,618.482333398757,97006,970.06
1817,618.56690417215,85836,858.36
1818,618.65147514385,80259,802.59
1819,618.736046314105,75973,759.73
1820,618.820617683158,70831,708.31
1821,618.905189251254,68537,685.37
1822,618.98976101864,67866,678.66
1823,619.07433298556,66576,665.76
1824,619.158905152259,71258,712.58
1825,619.243477518983,97656,976.56
1826,619.328050085976,101082,1010.82
1827,619.412622853484,89305,893.05
1828,619.497195821751,85013,850.13
1829,619.581768991023,87292,872.92
1830,619.666342361546,82854,828.54
1831,619.750915933564,74391,743.91
1832,619.835489707321,69589,695.89
1833,619.920063683065,75024,750.24
1834,620.004637861039,79084,790.84
1835,620.089212241489,74441,744.41
1836,620.173786824659,69179,691.79
1837,620.258361610796,67803,678.03
1838,620.342936600144,66643,666.43
1839,620.427511792947,65345,653.45
1840,620.512087189453,71881,718.81
1841,620.596662789905,104903,1049.03
1842,620.681238594548,120960,1209.6
1843,620.765814603629,105127,1051.27
1844,620.850390817391,87365,873.65
1845,620.93496723608,80229,802.29
1846,621.019543859942,83213,832.13
1847,621.104120689221,80249,802.49
1848,621.188697724162,74959,749.59
1849,621.273274965011,70822,708.22
1850,621.357852412012,66493,664.93
1851,621.442430065412,65909,659.09
1852,621.527007925454,64999,649.99
1853,621.611585992385,66821,668.21
1854,621.696164266449,67984,679.84
1855,621.780742747892,65529,655.29
1856,621.865321436958,63035,630.35
1857,621.949900333892,62406,624.06
1858,622.03447943894,65629,656.29
1859,622.119058752348,66542,665.42
1860,622.203638274359,64200,642
1861,622.28821800522,67501,675.01
1862,622.372797945175,68771,687.71
1863,622.457378094469,66693,666.93
1864,622.541958453348,64716,647.16
1865,622.626539022057,65245,652.45
1866,622.711119800841,65396,653.96
1867,622.795700789945,63967,639.67
1868,622.880281989613,77735,777.35
1869,622.964863400093,80669,806.69
1870,623.049445021627,72092,720.92
1871,623.134026854462,67510,675.1
1872,623.218608898843,64355,643.55
1873,623.303191155015,66891,668.91
1874,623.387773623222,68359,683.59
1875,623.472356303711,70083,700.83
1876,623.556939196726,72663,726.63
1877,623.641522302512,70181,701.81
1878,623.726105621315,65745,657.45
1879,623.810689153379,67009,670.09
1880,623.89527289895,66513,665.13
1881,623.979856858273,67810,678.1
1882,624.064441031593,74370,743.7
1883,624.149025419156,77089,770.89
1884,624.233610021205,79850,798.5
1885,624.318194837987,79948,799.48
1886,624.402779869747,77663,776.63
1887,624.487365116729,79538,795.38
1888,624.571950579179,79518,795.18
1889,624.656536257342,73100,731
1890,624.741122151463,66653,666.53
1891,624.825708261788,66392,663.92
1892,624.91029458856,73476,734.76
1893,624.994881132027,72541,725.41
1894,625.079467892432,69982,699.82
1895,625.16405487002,67653,676.53
1896,625.248642065038,63960,639.6
1897,625.33322947773,102047,1020.47
1898,625.41781710834,115589,1155.89
1899,625.502404957115,241923,2419.23
1900,625.5869930243,272699,2726.99
1901,625.671581310139,186027,1860.27
1902,625.756169814878,682324,6823.24
1903,625.840758538762,807876,8078.76
1904,625.925347482035,491898,4918.98
1905,626.009936644944,317750,3177.5
1906,626.094526027733,214518,2145.18
1907,626.179115630648,147412,1474.12
1908,626.263705453933,109777,1097.77
1909,626.348295497833,91378,913.78
1910,626.432885762595,79057,790.57
1911,626.517476248462,70904,709.04
1912,626.60206695568,82642,826.42
1913,626.686657884495,83346,833.46
1914,626.771249035151,71987,719.87
1915,626.855840407893,73255,732.55
1916,626.940432002967,71479,714.79
1917,627.025023820618,70806,708.06
1918,627.10961586109,87171,871.71
1919,627.19420812463,86869,868.69
1920,627.278800611482,86585,865.85
1921,627.363393321891,85334,853.34
1922,627.447986256102,115348,1153.48
1923,627.532579414361,118924,1189.24
1924,627.617172796912,92920,929.2
1925,627.701766404002,77147,771.47
1926,627.786360235874,68067,680.67
1927,627.870954292774,67202,672.02
1928,627.955548574948,65305,653.05
1929,628.04014308264,78224,782.24
1930,628.124737816095,80545,805.45
1931,628.209332775559,73769,737.69
1932,628.293927961276,68627,686.27
1933,628.378523373493,62453,624.53
1934,628.463119012454,58860,588.6
1935,628.547714878403,57571,575.71
1936,628.632310971587,61527,615.27
1937,628.716907292251,65665,656.65
1938,628.801503840639,67243,672.43
1939,628.886100616996,64282,642.82
1940,628.970697621569,59972,599.72
1941,629.055294854601,57906,579.06
1942,629.139892316339,60659,606.59
1943,629.224490007026,64353,643.53
1944,629.309087926909,62925,629.25
1945,629.393686076233,63022,630.22
1946,629.478284455242,61354,613.54
1947,629.562883064182,57723,577.23
1948,629.647481903298,55808,558.08
1949,629.732080972835,55186,551.86
1950,629.816680273037,58141,581.41
1951,629.901279804152,58267,582.67
1952,629.985879566422,59744,597.44
1953,630.070479560095,63681,636.81
1954,630.155079785414,65160,651.6
1955,630.239680242624,61754,617.54
1956,630.324280931972,57490,574.9
1957,630.408881853702,64780,647.8
1958,630.493483008059,68484,684.84
1959,630.578084395288,63143,631.43
1960,630.662686015635,58175,581.75
1961,630.747287869345,62131,621.31
1962,630.831889956662,62886,628.86
1963,630.916492277832,58736,587.36
1964,631.001094833101,55823,558.23
1965,631.085697622712,54524,545.24
1966,631.170300646912,58073,580.73
1967,631.254903905945,58950,589.5
1968,631.339507400056,64319,643.19
1969,631.424111129492,67450,674.5
1970,631.508715094496,71263,712.63
1971,631.593319295314,81860,818.6
1972,631.677923732192,81206,812.06
1973,631.762528405373,74035,740.35
1974,631.847133315104,69420,694.2
1975,631.93173846163,63520,635.2
1976,632.016343845195,61912,619.12
1977,632.100949466045,59518,595.18
1978,632.185555324425,55270,552.7
1979,632.270161420579,52972,529.72
1980,632.354767754754,52391,523.91
1981,632.439374327195,54883,548.83
1982,632.523981138146,55006,550.06
1983,632.608588187852,52527,525.27
1984,632.693195476559,53187,531.87
1985,632.777803004512,53515,535.15
1986,632.862410771956,53415,534.15
1987,632.947018779136,53421,534.21
1988,633.031627026297,53509,535.09
1989,633.116235513685,56570,565.7
1990,633.200844241544,64227,642.27
1991,633.28545321012,63693,636.93
1992,633.370062419658,57826,578.26
1993,633.454671870403,54525,545.25
1994,633.539281562599,52602,526.02
1995,633.623891496493,51335,513.35
1996,633.708501672329,50933,509.33
1997,633.793112090353,53977,539.77
1998,633.877722750809,53891,538.91
1999,633.962333653943,51580,515.8
2000,634.0469448,50458,504.58
2001,634.131556189225,49869,498.69
2002,634.216167821863,53088,530.88
2003,634.300779698159,53723,537.23
2004,634.385391818359,51401,514.01
2005,634.470004182707,50623,506.23
2006,634.554616791449,49733,497.33
2007,634.639229644829,52832,528.32
2008,634.723842743094,73244,732.44
2009,634.808456086488,80136,801.36
2010,634.893069675256,69095,690.95
2011,634.977683509643,63666,636.66
2012,635.062297589895,63571,635.71
2013,635.146911916256,63427,634.27
2014,635.231526488972,59566,595.66
2015,635.316141308288,258183,2581.83
2016,635.400756374449,312096,3120.96
2017,635.4853716877,208700,2087
2018,635.569987248286,149007,1490.07
2019,635.654603056453,108503,1085.03
2020,635.739219112446,83388,833.88
2021,635.823835416509,69688,696.88
2022,635.908451968888,69543,695.43
2023,635.993068769827,90200,902
2024,636.077685819573,89100,891
2025,636.16230311837,97358,973.58
2026,636.246920666464,93607,936.07
2027,636.331538464099,217129,2171.29
2028,636.41615651152,245648,2456.48
2029,636.500774808974,161876,1618.76
2030,636.585393356704,112632,1126.32
2031,636.670012154956,112758,1127.58
2032,636.754631203976,108566,1085.66
2033,636.839250504007,85440,854.4
2034,636.923870055296,68958,689.58
2035,637.008489858088,62359,623.59
2036,637.093109912628,58466,584.66
2037,637.17773021916,53780,537.8
2038,637.26235077793,50384,503.84
2039,637.346971589183,59695,596.95
2040,637.431592653165,66327,663.27
2041,637.51621397012,60944,609.44
2042,637.600835540293,57020,570.2
2043,637.68545736393,57003,570.03
2044,637.770079441276,58182,581.82
2045,637.854701772576,55382,553.82
2046,637.939324358074,51216,512.16
2047,638.023947198017,48896,488.96
