0,464.9839,90758,907.58
1,465.068515076491,90244,902.44
2,465.153129906126,90127,901.27
3,465.237744489151,90163,901.63
4,465.322358825812,90075,900.75
5,465.406972916352,89829,898.29
6,465.491586761018,89568,895.68
7,465.576200360054,89666,896.66
8,465.660813713705,89972,899.72
9,465.745426822218,89971,899.71
10,465.830039685836,89919,899.19
11,465.914652304805,90163,901.63
12,465.99926467937,90546,905.46
13,466.083876809776,90896,908.96
14,466.168488696269,91062,910.62
15,466.253100339093,200315,2003.15
16,466.337711738494,231511,2315.11
17,466.422322894716,173483,1734.83
18,466.506933808006,138698,1386.98
19,466.591544478607,119019,1190.19
20,466.676154906766,108014,1080.14
21,466.760765092726,101619,1016.19
22,466.845375036735,100510,1005.1
23,466.929984739036,99349,993.49
24,467.014594199874,97121,971.21
25,467.099203419495,95845,958.45
26,467.183812398145,94625,946.25
27,467.268421136067,93945,939.45
28,467.353029633508,117013,1170.13
29,467.437637890711,124947,1249.47
30,467.522245907924,115760,1157.6
31,467.60685368539,108104,1081.04
32,467.691461223355,101607,1016.07
33,467.776068522063,98475,984.75
34,467.860675581761,96409,964.09
35,467.945282402693,98661,986.61
36,468.029888985104,103790,1037.9
37,468.11449532924,102816,1028.16
38,468.199101435345,101362,1013.62
39,468.283707303665,99329,993.29
40,468.368312934445,96322,963.22
41,468.45291832793,97598,975.98
42,468.537523484364,100290,1002.9
43,468.622128403994,119581,1195.81
44,468.706733087065,128253,1282.53
45,468.791337533821,117717,1177.17
46,468.875941744507,107406,1074.06
47,468.96054571937,101905,1019.05
48,469.045149458653,98889,988.89
49,469.129752962602,96810,968.1
50,469.214356231462,95168,951.68
51,469.298959265479,94358,943.58
52,469.383562064897,94188,941.88
53,469.468164629962,94084,940.84
54,469.552766960919,94202,942.02
55,469.637369058012,96971,969.71
56,469.721970921487,97477,974.77
57,469.80657255159,96123,961.23
58,469.891173948565,97612,976.12
59,469.975775112657,97407,974.07
60,470.060376044111,95470,954.7
61,470.144976743173,94396,943.96
62,470.229577210088,96628,966.28
63,470.314177445101,97039,970.39
64,470.398777448457,98140,981.4
65,470.483377220402,117377,1173.77
66,470.567976761179,123296,1232.96
67,470.652576071035,114136,1141.36
68,470.737175150215,106360,1063.6
69,470.821773998963,100931,1009.31
70,470.906372617525,100524,1005.24
71,470.990971006146,99360,993.6
72,471.075569165072,124291,1242.91
73,471.160167094546,130779,1307.79
74,471.244764794815,118354,1183.54
75,471.329362266123,109838,1098.38
76,471.413959508717,105656,1056.56
77,471.498556522839,107664,1076.64
78,471.583153308737,107981,1079.81
79,471.667749866655,105407,1054.07
80,471.752346196838,104484,1044.84
81,471.836942299532,104480,1044.8
82,471.921538174981,107420,1074.2
83,472.00613382343,105825,1058.25
84,472.090729245126,100897,1008.97
85,472.175324440312,97553,975.53
86,472.259919409234,98189,981.89
87,472.344514152137,97926,979.26
88,472.429108669267,96063,960.63
89,472.513702960868,95959,959.59
90,472.598297027185,97132,971.32
91,472.682890868465,96758,967.58
92,472.767484484951,95011,950.11
93,472.852077876889,93863,938.63
94,472.936671044524,96058,960.58
95,473.021263988101,96669,966.69
96,473.105856707865,95813,958.13
97,473.190449204062,99886,998.86
98,473.275041476937,112620,1126.2
99,473.359633526735,118026,1180.26
100,473.4442253537,110887,1108.87
101,473.528816958078,105664,1056.64
102,473.613408340115,104668,1046.68
103,473.697999500055,101810,1018.1
104,473.782590438143,98248,982.48
105,473.867181154625,96334,963.34
106,473.951771649745,98335,983.35
107,474.03636192375,98318,983.18
108,474.120951976883,96525,965.25
109,474.20554180939,95585,955.85
110,474.290131421517,94817,948.17
111,474.374720813508,97062,970.62
112,474.459309985608,97196,971.96
113,474.543898938063,95418,954.18
114,474.628487671118,94506,945.06
115,474.713076185018,93732,937.32
116,474.797664480008,96569,965.69
117,474.882252556332,122460,1224.6
118,474.966840414238,130254,1302.54
119,475.051428053968,145429,1454.29
120,475.13601547577,143777,1437.77
121,475.220602679887,122836,1228.36
122,475.305189666564,110003,1100.03
123,475.389776436048,102635,1026.35
124,475.474362988583,98690,986.9
125,475.558949324414,96037,960.37
126,475.643535443787,94582,945.82
127,475.728121346946,94166,941.66
128,475.812707034136,93678,936.78
129,475.897292505604,113104,1131.04
130,475.981877761593,122190,1221.9
131,476.066462802349,115184,1151.84
132,476.151047628118,110049,1100.49
133,476.235632239144,104589,1045.89
134,476.320216635672,99532,995.32
135,476.404800817948,99305,993.05
136,476.489384786216,98574,985.74
137,476.573968540723,99965,999.65
138,476.658552081712,116384,1163.84
139,476.74313540943,118573,1185.73
140,476.827718524121,108577,1085.77
141,476.91230142603,102262,1022.62
142,476.996884115403,100859,1008.59
143,477.081466592484,99212,992.12
144,477.166048857519,96292,962.92
145,477.250630910753,97697,976.97
146,477.335212752432,97820,978.2
147,477.419794382799,96039,960.39
148,477.504375802101,97605,976.05
149,477.588957010582,98080,980.8
150,477.673538008487,96333,963.33
151,477.758118796063,131061,1310.61
152,477.842699373553,140422,1404.22
153,477.927279741204,120701,1207.01
154,478.011859899259,108673,1086.73
155,478.096439847965,101546,1015.46
156,478.181019587566,98336,983.36
157,478.265599118308,96816,968.16
158,478.350178440435,95370,953.7
159,478.434757554193,94384,943.84
160,478.519336459827,104224,1042.24
161,478.603915157582,106641,1066.41
162,478.688493647704,100805,1008.05
163,478.773071930436,148009,1480.09
164,478.857650006026,160410,1604.1
165,478.942227874716,133247,1332.47
166,479.026805536754,126326,1263.26
167,479.111382992383,120748,1207.48
168,479.19596024185,112873,1128.73
169,479.280537285398,106324,1063.24
170,479.365114123274,100648,1006.48
171,479.449690755722,97126,971.26
172,479.534267182988,95067,950.67
173,479.618843405317,93972,939.72
174,479.703419422953,96094,960.94
175,479.787995236142,100153,1001.53
176,479.87257084513,99443,994.43
177,479.95714625016,96740,967.4
178,480.041721451479,95266,952.66
179,480.126296449331,94194,941.94
180,480.210871243962,95737,957.37
181,480.295445835617,96315,963.15
182,480.380020224541,97629,976.29
183,480.464594410979,97472,974.72
184,480.549168395175,98725,987.25
185,480.633742177377,98591,985.91
186,480.718315757827,96175,961.75
187,480.802889136772,94960,949.6
188,480.887462314457,94085,940.85
189,480.972035291127,93137,931.37
190,481.056608067026,95984,959.84
191,481.141180642401,106997,1069.97
192,481.225753017496,108014,1080.14
193,481.310325192556,101333,1013.33
194,481.394897167827,100170,1001.7
195,481.479468943554,99068,990.68
196,481.564040519981,96781,967.81
197,481.648611897354,95262,952.62
198,481.733183075918,94163,941.63
199,481.817754055918,96491,964.91
200,481.9023248376,97010,970.1
201,481.986895421208,97793,977.93
202,482.071465806988,126630,1266.3
203,482.156035995184,132945,1329.45
204,482.240605986042,118917,1189.17
205,482.325175779807,109548,1095.48
206,482.409745376725,102628,1026.28
207,482.494314777039,98353,983.53
208,482.578883980996,96009,960.09
209,482.663452988841,94967,949.67
210,482.748021800818,94311,943.11
211,482.832590417173,93925,939.25
212,482.91715883815,96695,966.95
213,483.001727063996,99612,996.12
214,483.086295094955,98446,984.46
215,483.170862931273,96140,961.4
216,483.255430573193,95365,953.65
217,483.339998020963,97560,975.6
218,483.424565274826,98003,980.03
219,483.509132335028,96334,963.34
220,483.593699201814,95154,951.54
221,483.678265875429,97160,971.6
222,483.762832356118,97379,973.79
223,483.847398644127,95516,955.16
224,483.9319647397,96993,969.93
225,484.016530643083,106556,1065.56
226,484.101096354521,107780,1077.8
227,484.185661874258,102344,1023.44
228,484.270227202541,98687,986.87
229,484.354792339614,96335,963.35
230,484.439357285722,95380,953.8
231,484.523922041111,97501,975.01
232,484.608486606025,100078,1000.78
233,484.69305098071,99048,990.48
234,484.777615165411,98428,984.28
235,484.862179160373,100099,1000.99
236,484.946742965841,99015,990.15
237,485.03130658206,98852,988.52
238,485.115870009276,101151,1011.51
239,485.200433247733,99934,999.34
240,485.284996297677,97096,970.96
241,485.369559159353,115729,1157.29
242,485.454121833005,122789,1227.89
243,485.53868431888,112044,1120.44
244,485.623246617222,104973,1049.73
245,485.707808728276,100793,1007.93
246,485.792370652288,97438,974.38
247,485.876932389502,97966,979.66
248,485.961493940164,97966,979.66
249,486.046055304519,96226,962.26
250,486.130616482813,95592,955.92
251,486.215177475289,95395,953.95
252,486.299738282193,100162,1001.62
253,486.384298903771,101313,1013.13
254,486.468859340268,97991,979.91
255,486.553419591928,95605,956.05
256,486.637979658997,94986,949.86
257,486.722539541719,94746,947.46
258,486.807099240341,96519,965.19
259,486.891658755108,96782,967.82
260,486.976218086263,94921,949.21
261,487.060777234053,93965,939.65
262,487.145336198723,93533,935.33
263,487.229894980517,93368,933.68
264,487.314453579682,93609,936.09
265,487.399011996461,93787,937.87
266,487.483570231101,93170,931.7
267,487.568128283845,93051,930.51
268,487.652686154941,92969,929.69
269,487.737243844632,92764,927.64
270,487.821801353163,96562,965.62
271,487.906358680781,97471,974.71
272,487.990915827729,95410,954.1
273,488.075472794253,94223,942.23
274,488.160029580599,97595,975.95
275,488.244586187011,98543,985.43
276,488.329142613735,96590,965.9
277,488.413698861015,100500,1005
278,488.498254929097,100947,1009.47
279,488.582810818225,100414,1004.14
280,488.667366528646,100061,1000.61
281,488.751922060605,97415,974.15
282,488.836477414345,96004,960.04
283,488.921032590113,95657,956.57
284,489.005587588153,96652,966.52
285,489.090142408711,120242,1202.42
286,489.174697052032,128468,1284.68
287,489.259251518361,118372,1183.72
288,489.343805807943,109263,1092.63
289,489.428359921024,101768,1017.68
290,489.512913857847,97481,974.81
291,489.597467618659,95810,958.1
292,489.682021203705,104860,1048.6
293,489.76657461323,106936,1069.36
294,489.851127847479,100930,1009.3
295,489.935680906696,98816,988.16
296,490.020233791128,97113,971.13
297,490.104786501019,95229,952.29
298,490.189339036615,97428,974.28
299,490.27389139816,97788,977.88
300,490.3584435859,95692,956.92
301,490.44299560008,94423,944.23
302,490.527547440945,93804,938.04
303,490.612099108739,93019,930.19
304,490.69665060371,92739,927.39
305,490.7812019261,93003,930.03
306,490.865753076156,95927,959.27
307,490.950304054123,96678,966.78
308,491.034854860246,95413,954.13
309,491.119405494769,94718,947.18
310,491.203955957939,94282,942.82
311,491.288506249999,93933,939.33
312,491.373056371197,93416,934.16
313,491.457606321775,96376,963.76
314,491.54215610198,98059,980.59
315,491.626705712057,96380,963.8
316,491.711255152251,94851,948.51
317,491.795804422807,93623,936.23
318,491.88035352397,92905,929.05
319,491.964902455985,93217,932.17
320,492.049451219098,96272,962.72
321,492.133999813553,96604,966.04
322,492.218548239596,95011,950.11
323,492.303096497471,96617,966.17
324,492.387644587425,98529,985.29
325,492.472192509702,100066,1000.66
326,492.556740264546,105869,1058.69
327,492.641287852205,105258,1052.58
328,492.725835272921,99938,999.38
329,492.810382526942,97382,973.82
330,492.894929614511,104210,1042.1
331,492.979476535874,105442,1054.42
332,493.064023291276,100201,1002.01
333,493.148569880962,98913,989.13
334,493.233116305178,97672,976.72
335,493.317662564167,95712,957.12
336,493.402208658177,95108,951.08
337,493.486754587451,94015,940.15
338,493.571300352235,93395,933.95
339,493.655845952774,93227,932.27
340,493.740391389313,95850,958.5
341,493.824936662097,96489,964.89
342,493.909481771372,97242,972.42
343,493.994026717382,96920,969.2
344,494.078571500372,95183,951.83
345,494.163116120589,94628,946.28
346,494.247660578276,94335,943.35
347,494.33220487368,118099,1180.99
348,494.416749007044,124904,1249.04
349,494.501292978615,111785,1117.85
350,494.585836788637,103805,1038.05
351,494.670380437356,99303,993.03
352,494.754923925017,97184,971.84
353,494.839467251864,98628,986.28
354,494.924010418144,98389,983.89
355,495.0085534241,96027,960.27
356,495.093096269979,107107,1071.07
357,495.177638956025,109873,1098.73
358,495.262181482484,105635,1056.35
359,495.3467238496,104294,1042.94
360,495.431266057619,100833,1008.33
361,495.515808106786,100491,1004.91
362,495.600349997346,99575,995.75
363,495.684891729544,96623,966.23
364,495.769433303626,96127,961.27
365,495.853974719836,95452,954.52
366,495.938515978419,94109,941.09
367,496.023057079622,93639,936.39
368,496.107598023688,93455,934.55
369,496.192138810863,96036,960.36
370,496.276679441392,96465,964.65
371,496.361219915521,96060,960.6
372,496.445760233493,121328,1213.28
373,496.530300395556,127452,1274.52
374,496.614840401953,113185,1131.85
375,496.69938025293,109151,1091.51
376,496.783919948731,105471,1054.71
377,496.868459489603,102878,1028.78
378,496.95299887579,100739,1007.39
379,497.037538107538,103489,1034.89
380,497.12207718509,102993,1029.93
381,497.206616108694,101598,1015.98
382,497.291154878593,99893,998.93
383,497.375693495033,97198,971.98
384,497.460231958259,95334,953.34
385,497.544770268516,94358,943.58
386,497.629308426049,94158,941.58
387,497.713846431104,93708,937.08
388,497.798384283926,95951,959.51
389,497.882921984759,96357,963.57
390,497.967459533848,94765,947.65
391,498.05199693144,96929,969.29
392,498.136534177779,100783,1007.83
393,498.22107127311,100102,1001.02
394,498.305608217678,97117,971.17
395,498.390145011729,95285,952.85
396,498.474681655507,94426,944.26
397,498.559218149259,94084,940.84
398,498.643754493228,94063,940.63
399,498.72829068766,93628,936.28
400,498.8128267328,93154,931.54
401,498.897362628894,93178,931.78
402,498.981898376185,93329,933.29
403,499.066433974921,93513,935.13
404,499.150969425345,96552,965.52
405,499.235504727703,109294,1092.94
406,499.32003988224,110873,1108.73
407,499.404574889201,105860,1058.6
408,499.489109748831,102873,1028.73
409,499.573644461376,99235,992.35
410,499.65817902708,96720,967.2
411,499.742713446188,95450,954.5
412,499.827247718947,94804,948.04
413,499.9117818456,94002,940.02
414,499.996315826393,93096,930.96
415,500.080849661572,92905,929.05
416,500.165383351381,93198,931.98
417,500.249916896065,93216,932.16
418,500.33445029587,93546,935.46
419,500.41898355104,108311,1083.11
420,500.503516661822,112366,1123.66
421,500.588049628459,104243,1042.43
422,500.672582451197,99813,998.13
423,500.757115130282,97137,971.37
424,500.841647665958,95654,956.54
425,500.92618005847,94697,946.97
426,501.010712308064,115030,1150.3
427,501.095244414985,123108,1231.08
428,501.179776379478,115059,1150.59
429,501.264308201788,107508,1075.08
430,501.34883988216,104676,1046.76
431,501.433371420839,101791,1017.91
432,501.517902818071,97493,974.93
433,501.6024340741,98429,984.29
434,501.686965189172,100388,1003.88
435,501.771496163532,98650,986.5
436,501.856026997425,96046,960.46
437,501.940557691096,94517,945.17
438,502.02508824479,93665,936.65
439,502.109618658753,96595,965.95
440,502.194148933229,97313,973.13
441,502.278679068464,95547,955.47
442,502.363209064702,94786,947.86
443,502.44773892219,93925,939.25
444,502.532268641171,95791,957.91
445,502.616798221892,96290,962.9
446,502.701327664597,95085,950.85
447,502.785856969531,94319,943.19
448,502.87038613694,96450,964.5
449,502.954915167069,99468,994.68
450,503.039444060163,98484,984.84
451,503.123972816466,95973,959.73
452,503.208501436225,97789,977.89
453,503.293029919684,98553,985.53
454,503.377558267088,99395,993.95
455,503.462086478683,101854,1018.54
456,503.546614554714,103731,1037.31
457,503.631142495425,101729,1017.29
458,503.715670301062,98130,981.3
459,503.800197971871,95963,959.63
460,503.884725508095,94726,947.26
461,503.969252909981,96299,962.99
462,504.053780177773,99421,994.21
463,504.138307311717,98998,989.98
464,504.222834312058,99342,993.42
465,504.307361179041,99099,990.99
466,504.39188791291,99983,999.83
467,504.476414513912,100647,1006.47
468,504.560940982291,111711,1117.11
469,504.645467318292,112970,1129.7
470,504.729993522161,104408,1044.08
471,504.814519594143,102101,1021.01
472,504.899045534482,101857,1018.57
473,504.983571343424,103200,1032
474,505.068097021215,104466,1044.66
475,505.152622568098,104467,1044.67
476,505.23714798432,113168,1131.68
477,505.321673270126,112607,1126.07
478,505.40619842576,104456,1044.56
479,505.490723451468,99846,998.46
480,505.575248347494,99592,995.92
481,505.659773114085,98588,985.88
482,505.744297751485,119380,1193.8
483,505.828822259939,127255,1272.55
484,505.913346639693,114886,1148.86
485,505.997870890991,105809,1058.09
486,506.082395014079,100540,1005.4
487,506.166919009201,97792,977.92
488,506.251442876604,96111,961.11
489,506.335966616531,97526,975.26
490,506.420490229229,97147,971.47
491,506.505013714942,95500,955
492,506.589537073916,94961,949.61
493,506.674060306396,96869,968.69
494,506.758583412626,97501,975.01
495,506.843106392852,95934,959.34
496,506.927629247319,95029,950.29
497,507.012151976272,94506,945.06
498,507.096674579957,96843,968.43
499,507.181197058618,98102,981.02
500,507.2657194125,96768,967.68
501,507.350241641849,119082,1190.82
502,507.43476374691,127889,1278.89
503,507.519285727928,115485,1154.85
504,507.603807585148,106118,1061.18
505,507.688329318816,101021,1010.21
506,507.772850929175,100774,1007.74
507,507.857372416473,102403,1024.03
508,507.941893780953,100439,1004.39
509,508.02641502286,97684,976.84
510,508.110936142441,95793,957.93
511,508.195457139939,97079,970.79
512,508.279978015601,97014,970.14
513,508.364498769671,95782,957.82
514,508.449019402395,95037,950.37
515,508.533539914017,94480,944.8
516,508.618060304783,96679,966.79
517,508.702580574937,97039,970.39
518,508.787100724726,95690,956.9
519,508.871620754394,96082,960.82
520,508.956140664186,107591,1075.91
521,509.040660454347,113689,1136.89
522,509.125180125123,119950,1199.5
523,509.209699676758,117338,1173.38
524,509.294219109499,122323,1223.23
525,509.378738423589,120420,1204.2
526,509.463257619274,112018,1120.18
527,509.5477766968,105906,1059.06
528,509.632295656411,100192,1001.92
529,509.716814498352,96890,968.9
530,509.801333222869,94936,949.36
531,509.885851830207,94112,941.12
532,509.97037032061,94073,940.73
533,510.054888694324,93984,939.84
534,510.139406951595,96690,966.9
535,510.223925092667,97034,970.34
536,510.308443117785,95361,953.61
537,510.392961027195,94773,947.73
538,510.477478821141,96974,969.74
539,510.56199649987,100078,1000.78
540,510.646514063625,102194,1021.94
541,510.731031512652,103601,1036.01
542,510.815548847197,101399,1013.99
543,510.900066067503,98670,986.7
544,510.984583173818,96654,966.54
545,511.069100166384,97434,974.34
546,511.153617045449,97293,972.93
547,511.238133811256,98678,986.78
548,511.322650464052,98503,985.03
549,511.407167004081,96434,964.34
550,511.491683431587,101035,1010.35
551,511.576199746818,101712,1017.12
552,511.660715950017,101008,1010.08
553,511.745232041429,99981,999.81
554,511.829748021301,97242,972.42
555,511.914263889876,95820,958.2
556,511.9987796474,95879,958.79
557,512.083295294119,95609,956.09
558,512.167810830277,95390,953.9
559,512.252326256119,97166,971.66
560,512.336841571891,99523,995.23
561,512.421356777838,110237,1102.37
562,512.505871874205,111492,1114.92
563,512.590386861236,107051,1070.51
564,512.674901739178,103502,1035.02
565,512.759416508275,99636,996.36
566,512.843931168773,97088,970.88
567,512.928445720916,98182,981.82
568,513.01296016495,100797,1007.97
569,513.097474501119,99853,998.53
570,513.18198872967,97681,976.81
571,513.266502850847,96319,963.19
572,513.351016864895,98147,981.47
573,513.435530772059,98519,985.19
574,513.520044572585,96702,967.02
575,513.604558266717,95718,957.18
576,513.689071854701,100826,1008.26
577,513.773585336782,103530,1035.3
578,513.858098713206,103763,1037.63
579,513.942611984216,104605,1046.05
580,514.027125150058,107126,1071.26
581,514.111638210978,108128,1081.28
582,514.196151167221,104610,1046.1
583,514.280664019031,100335,1003.35
584,514.365176766654,97942,979.42
585,514.449689410336,98861,988.61
586,514.53420195032,101217,1012.17
587,514.618714386852,100128,1001.28
588,514.703226720178,97415,974.15
589,514.787738950542,95861,958.61
590,514.87225107819,95121,951.21
591,514.956763103367,94707,947.07
592,515.041275026318,94456,944.56
593,515.125786847287,100610,1006.1
594,515.210298566521,102012,1020.12
595,515.294810184265,98579,985.79
596,515.379321700762,96947,969.47
597,515.463833116259,96580,965.8
598,515.548344431001,96133,961.33
599,515.632855645233,98172,981.72
600,515.7173667592,98718,987.18
601,515.801877773147,98400,984
602,515.886388687319,100223,1002.23
603,515.970899501962,99459,994.59
604,516.05541021732,97151,971.51
605,516.139920833639,95797,957.97
606,516.224431351163,95432,954.32
607,516.308941770138,95480,954.8
608,516.39345209081,95341,953.41
609,516.477962313423,95009,950.09
610,516.562472438222,97255,972.55
611,516.646982465452,100715,1007.15
612,516.731492395359,104611,1046.11
613,516.816002228188,104133,1041.33
614,516.900511964184,100812,1008.12
615,516.985021603591,103766,1037.66
616,517.069531146656,109301,1093.01
617,517.154040593623,115662,1156.62
618,517.238549944738,112976,1129.76
619,517.323059200245,108056,1080.56
620,517.40756836039,104493,1044.93
621,517.492077425417,100903,1009.03
622,517.576586395573,98811,988.11
623,517.661095271101,120440,1204.4
624,517.745604052248,126059,1260.59
625,517.830112739258,113091,1130.91
626,517.914621332376,111311,1113.11
627,517.999129831848,108716,1087.16
628,518.083638237919,103390,1033.9
629,518.168146550834,100435,1004.35
630,518.252654770838,98438,984.38
631,518.337162898176,97479,974.79
632,518.421670933093,97214,972.14
633,518.506178875835,96842,968.42
634,518.590686726646,96617,966.17
635,518.675194485772,97179,971.79
636,518.759702153457,99857,998.57
637,518.844209729948,100447,1004.47
638,518.928717215489,99021,990.21
639,519.013224610325,100773,1007.73
640,519.097731914701,101615,1016.15
641,519.182239128863,100057,1000.57
642,519.266746253055,99075,990.75
643,519.351253287523,98489,984.89
644,519.435760232512,97772,977.72
645,519.520267088267,97544,975.44
646,519.604773855033,97435,974.35
647,519.689280533056,97231,972.31
648,519.77378712258,96978,969.78
649,519.85829362385,96853,968.53
650,519.942800037113,99983,999.83
651,520.027306362612,101044,1010.44
652,520.111812600593,99381,993.81
653,520.196318751301,98473,984.73
654,520.280824814981,97851,978.51
655,520.365330791879,97407,974.07
656,520.449836682239,97902,979.02
657,520.534342486307,98545,985.45
658,520.618848204327,98479,984.79
659,520.703353836546,100836,1008.36
660,520.787859383207,101285,1012.85
661,520.872364844557,105345,1053.45
662,520.95687022084,121230,1212.3
663,521.041375512301,122339,1223.39
664,521.125880719186,112305,1123.05
665,521.21038584174,106414,1064.14
666,521.294890880208,113355,1133.55
667,521.379395834834,114242,1142.42
668,521.463900705865,110473,1104.73
669,521.548405493545,107669,1076.69
670,521.632910198119,104068,1040.68
671,521.717414819833,102037,1020.37
672,521.801919358931,101041,1010.41
673,521.88642381566,100603,1006.03
674,521.970928190263,103057,1030.57
675,522.055432482986,272880,2728.8
676,522.139936694074,318989,3189.89
677,522.224440823773,230316,2303.16
678,522.308944872327,177139,1771.39
679,522.393448839982,145037,1450.37
680,522.477952726982,129285,1292.85
681,522.562456533574,132645,1326.45
682,522.646960260001,128367,1283.67
683,522.731463906509,120205,1202.05
684,522.815967473344,117256,1172.56
685,522.90047096075,112276,1122.76
686,522.984974368973,107479,1074.79
687,523.069477698257,104911,1049.11
688,523.153980948848,103514,1035.14
689,523.238484120991,102912,1029.12
690,523.322987214931,102837,1028.37
691,523.407490230914,105527,1055.27
692,523.491993169183,109306,1093.06
693,523.576496029985,137122,1371.22
694,523.660998813565,142727,1427.27
695,523.745501520167,149717,1497.17
696,523.830004150038,146495,1464.95
697,523.914506703421,128742,1287.42
698,523.999009180562,118718,1187.18
699,524.083511581707,112746,1127.46
700,524.1680139071,109077,1090.77
701,524.252516156987,107211,1072.11
702,524.337018331612,106389,1063.89
703,524.421520431221,108779,1087.79
704,524.506022456059,109659,1096.59
705,524.590524406371,108121,1081.21
706,524.675026282403,123492,1234.92
707,524.759528084398,128043,1280.43
708,524.844029812603,119420,1194.2
709,524.928531467263,114060,1140.6
710,525.013033048623,124596,1245.96
711,525.097534556927,127661,1276.61
712,525.182035992421,120012,1200.12
713,525.266537355351,115025,1150.25
714,525.351038645961,112312,1123.12
715,525.435539864496,113910,1139.1
716,525.520041011202,113944,1139.44
717,525.604542086324,112215,1122.15
718,525.689043090106,117722,1177.22
719,525.773544022794,118868,1188.68
720,525.858044884634,118267,1182.67
721,525.942545675869,117300,1173
722,526.027046396746,114573,1145.73
723,526.11154704751,113107,1131.07
724,526.196047628405,112574,1125.74
725,526.280548139677,115434,1154.34
726,526.36504858157,116409,1164.09
727,526.449548954331,115034,1150.34
728,526.534049258204,115063,1150.63
729,526.618549493434,117662,1176.62
730,526.703049660267,117975,1179.75
731,526.787549758947,116785,1167.85
732,526.87204978972,118511,1185.11
733,526.956549752831,119310,1193.1
734,527.041049648525,118522,1185.22
735,527.125549477046,118100,1181
736,527.210049238641,132086,1320.86
737,527.294548933555,137626,1376.26
738,527.379048562032,130694,1306.94
739,527.463548124317,125396,1253.96
740,527.548047620657,123793,1237.93
741,527.632547051295,123109,1231.09
742,527.717046416477,122272,1222.72
743,527.801545716449,125225,1252.25
744,527.886044951455,126002,1260.02
745,527.97054412174,130577,1305.77
746,528.05504322755,131443,1314.43
747,528.139542269129,128122,1281.22
748,528.224041246724,127961,1279.61
749,528.308540160578,129888,1298.88
750,528.393039010938,129891,1298.91
751,528.477537798047,128098,1280.98
752,528.562036522152,129189,1291.89
753,528.646535183498,132150,1321.5
754,528.731033782329,134182,1341.82
755,528.815532318891,133055,1330.55
756,528.900030793429,131267,1312.67
757,528.984529206188,130444,1304.44
758,529.069027557414,130338,1303.38
759,529.15352584735,130561,1305.61
760,529.238024076243,130610,1306.1
761,529.322522244338,131022,1310.22
762,529.407020351879,131772,1317.72
763,529.491518399112,132836,1328.36
764,529.576016386283,133577,1335.77
765,529.660514313635,134195,1341.95
766,529.745012181415,134659,1346.59
767,529.829509989866,135277,1352.77
768,529.914007739236,136170,1361.7
769,529.998505429768,139537,1395.37
770,530.083003061708,141103,1411.03
771,530.167500635301,140532,1405.32
772,530.251998150792,140598,1405.98
773,530.336495608426,141538,1415.38
774,530.420993008449,144777,1447.77
775,530.505490351105,148246,1482.46
776,530.589987636639,150566,1505.66
777,530.674484865298,152472,1524.72
778,530.758982037325,151133,1511.33
779,530.843479152966,148635,1486.35
780,530.927976212466,147439,1474.39
781,531.012473216071,147531,1475.31
782,531.096970164025,186788,1867.88
783,531.181467056574,200184,2001.84
784,531.265963893962,179414,1794.14
785,531.350460676435,165476,1654.76
786,531.434957404238,157689,1576.89
787,531.519454077616,152884,1528.84
788,531.603950696814,151294,1512.94
789,531.688447262078,149901,1499.01
790,531.772943773652,146717,1467.17
791,531.857440231782,143255,1432.55
792,531.941936636713,139605,1396.05
793,532.026432988689,138386,1383.86
794,532.110929287956,135354,1353.54
795,532.19542553476,132807,1328.07
796,532.279921729345,129017,1290.17
797,532.364417871956,123253,1232.53
798,532.448913962839,118138,1181.38
799,532.533410002239,114054,1140.54
800,532.6179059904,110783,1107.83
801,532.702401927568,107811,1078.11
802,532.786897813989,105145,1051.45
803,532.871393649906,108194,1081.94
804,532.955889435567,110581,1105.81
805,533.040385171214,107049,1070.49
806,533.124880857094,126238,1262.38
807,533.209376493452,129971,1299.71
808,533.293872080533,115911,1159.11
809,533.378367618582,107292,1072.92
810,533.462863107844,120043,1200.43
811,533.547358548564,121794,1217.94
812,533.631853940988,112776,1127.76
813,533.71634928536,106973,1069.73
814,533.800844581926,110244,1102.44
815,533.885339830931,109411,1094.11
816,533.96983503262,103446,1034.46
817,534.054330187238,99918,999.18
818,534.13882529503,100149,1001.49
819,534.223320356242,99657,996.57
820,534.307815371118,97469,974.69
821,534.392310339903,95949,959.49
822,534.476805262844,95070,950.7
823,534.561300140184,94606,946.06
824,534.64579497217,99541,995.41
825,534.730289759045,100904,1009.04
826,534.814784501056,100644,1006.44
827,534.899279198448,100005,1000.05
828,534.983773851465,97715,977.15
829,535.068268460352,99159,991.59
830,535.152763025356,106848,1068.48
831,535.23725754672,121639,1216.39
832,535.321752024691,121423,1214.23
833,535.406246459513,111219,1112.19
834,535.490740851431,104262,1042.62
835,535.575235200691,100066,1000.66
836,535.659729507538,97990,979.9
837,535.744223772216,404246,4042.46
838,535.828717994971,490857,4908.57
839,535.913212176048,325237,3252.37
840,535.997706315693,226659,2266.59
841,536.08220041415,178102,1781.02
842,536.166694471664,148220,1482.2
843,536.251188488481,125901,1259.01
844,536.335682464845,112583,1125.83
845,536.420176401003,105299,1052.99
846,536.504670297198,101066,1010.66
847,536.589164153677,98547,985.47
848,536.673657970684,97194,971.94
849,536.758151748464,97114,971.14
850,536.842645487263,96838,968.38
851,536.927139187325,96134,961.34
852,537.011632848896,98395,983.95
853,537.096126472221,99442,994.42
854,537.180620057546,101621,1016.21
855,537.265113605114,103872,1038.72
856,537.349607115172,102246,1022.46
857,537.434100587964,100274,1002.74
858,537.518594023736,99091,990.91
859,537.603087422733,98370,983.7
860,537.687580785199,98237,982.37
861,537.772074111381,100497,1004.97
862,537.856567401522,110190,1101.9
863,537.941060655869,122320,1223.2
864,538.025553874667,125676,1256.76
865,538.11004705816,131893,1318.93
866,538.194540206593,156462,1564.62
867,538.279033320213,200328,2003.28
868,538.363526399263,256526,2565.26
869,538.44801944399,311002,3110.02
870,538.532512454637,353093,3530.93
871,538.617005431451,380412,3804.12
872,538.701498374677,384062,3840.62
873,538.785991284559,365007,3650.07
874,538.870484161343,331587,3315.87
875,538.954977005273,298120,2981.2
876,539.039469816596,267308,2673.08
877,539.123962595556,240745,2407.45
878,539.208455342398,226726,2267.26
879,539.292948057368,216944,2169.44
880,539.37744074071,204224,2042.24
881,539.46193339267,195769,1957.69
882,539.546426013493,189788,1897.88
883,539.630918603424,186351,1863.51
884,539.715411162708,179336,1793.36
885,539.79990369159,171813,1718.13
886,539.884396190315,163981,1639.81
887,539.968888659129,174943,1749.43
888,540.053381098277,175953,1759.53
889,540.137873508003,157226,1572.26
890,540.222365888553,139973,1399.73
891,540.306858240173,127021,1270.21
892,540.391350563106,116655,1166.55
893,540.475842857599,114489,1144.89
894,540.560335123896,111177,1111.77
895,540.644827362243,108031,1080.31
896,540.729319572884,107838,1078.38
897,540.813811756066,105057,1050.57
898,540.898303912032,101454,1014.54
899,540.982796041028,99144,991.44
900,541.0672881433,97874,978.74
901,541.151780219092,97551,975.51
902,541.23627226865,97288,972.88
903,541.320764292218,96699,966.99
904,541.405256290042,96871,968.71
905,541.489748262367,98984,989.84
906,541.574240209438,103126,1031.26
907,541.6587321315,103089,1030.89
908,541.743224028798,103742,1037.42
909,541.827715901578,103525,1035.25
910,541.912207750085,101551,1015.51
911,541.996699574563,101851,1018.51
912,542.081191375258,103333,1033.33
913,542.165683152415,108279,1082.79
914,542.250174906279,111821,1118.21
915,542.334666637096,114131,1141.31
916,542.41915834511,118424,1184.24
917,542.503650030566,141767,1417.67
918,542.58814169371,156988,1569.88
919,542.672633334787,163533,1635.33
920,542.757124954042,170302,1703.02
921,542.841616551719,177590,1775.9
922,542.926108128065,192630,1926.3
923,543.010599683325,210747,2107.47
924,543.095091217743,231448,2314.48
925,543.179582731564,278903,2789.03
926,543.264074225034,313436,3134.36
927,543.348565698398,333447,3334.47
928,543.433057151901,360872,3608.72
929,543.517548585789,392176,3921.76
930,543.602040000305,429655,4296.55
931,543.686531395696,465292,4652.92
932,543.771022772206,493190,4931.9
933,543.855514130081,520426,5204.26
934,543.940005469566,547179,5471.79
935,544.024496790906,567889,5678.89
936,544.108988094346,590750,5907.5
937,544.193479380131,610162,6101.62
938,544.277970648506,621228,6212.28
939,544.362461899717,630466,6304.66
940,544.446953134009,642033,6420.33
941,544.531444351626,649833,6498.33
942,544.615935552814,656972,6569.72
943,544.700426737818,663984,6639.84
944,544.784917906884,668411,6684.11
945,544.869409060255,675662,6756.62
946,544.953900198178,681577,6815.77
947,545.038391320898,684783,6847.83
948,545.122882428659,687835,6878.35
949,545.207373521708,690185,6901.85
950,545.291864600288,693819,6938.19
951,545.376355664645,697635,6976.35
952,545.460846715024,726751,7267.51
953,545.545337751671,735726,7357.26
954,545.62982877483,722982,7229.82
955,545.714319784747,718384,7183.84
956,545.798810781666,717930,7179.3
957,545.883301765834,715119,7151.19
958,545.967792737495,714042,7140.42
959,546.052283696893,713422,7134.22
960,546.136774644275,715294,7152.94
961,546.221265579886,716602,7166.02
962,546.30575650397,716032,7160.32
963,546.390247416772,718528,7185.28
964,546.474738318539,721173,7211.73
965,546.559229209514,724377,7243.77
966,546.643720089944,729040,7290.4
967,546.728210960073,734271,7342.71
968,546.812701820146,741097,7410.97
969,546.897192670409,750210,7502.1
970,546.981683511106,754604,7546.04
971,547.066174342483,755819,7558.19
972,547.150665164785,759248,7592.48
973,547.235155978257,764906,7649.06
974,547.319646783145,766420,7664.2
975,547.404137579692,765011,7650.11
976,547.488628368145,764564,7645.64
977,547.573119148749,764151,7641.51
978,547.657609921748,763346,7633.46
979,547.742100687388,765830,7658.3
980,547.826591445914,767434,7674.34
981,547.911082197572,767872,7678.72
982,547.995572942605,769859,7698.59
983,548.08006368126,771034,7710.34
984,548.164554413782,772049,7720.49
985,548.249045140415,774021,7740.21
986,548.333535861404,776290,7762.9
987,548.418026576996,792648,7926.48
988,548.502517287435,799325,7993.25
989,548.587007992966,795846,7958.46
990,548.671498693834,795077,7950.77
991,548.755989390285,798806,7988.06
992,548.840480082563,802214,8022.14
993,548.924970770915,800833,8008.33
994,549.009461455584,799105,7991.05
995,549.093952136815,799565,7995.65
996,549.178442814856,798740,7987.4
997,549.262933489949,796200,7962
998,549.347424162341,801133,8011.33
999,549.431914832276,802272,8022.72
1000,549.5164055,798126,7981.26
1001,549.600896165758,797568,7975.68
1002,549.685386829794,798001,7980.01
1003,549.769877492355,797364,7973.64
1004,549.854368153685,798566,7985.66
1005,549.938858814029,814343,8143.43
1006,550.023349473633,820625,8206.25
1007,550.107840132742,817649,8176.49
1008,550.1923307916,815419,8154.19
1009,550.276821450453,811795,8117.95
1010,550.361312109546,810618,8106.18
1011,550.445802769124,813000,8130
1012,550.530293429432,814158,8141.58
1013,550.614784090716,812860,8128.6
1014,550.69927475322,812079,8120.79
1015,550.78376541719,811828,8118.28
1016,550.868256082871,810879,8108.79
1017,550.952746750508,810756,8107.56
1018,551.037237420346,812451,8124.51
1019,551.12172809263,812975,8129.75
1020,551.206218767606,811619,8116.19
1021,551.290709445518,809894,8098.94
1022,551.375200126611,808461,8084.61
1023,551.459690811131,810993,8109.93
1024,551.544181499323,810960,8109.6
1025,551.628672191433,808789,8087.89
1026,551.713162887704,807457,8074.57
1027,551.797653588383,807106,8071.06
1028,551.882144293714,807602,8076.02
1029,551.966635003943,807816,8078.16
1030,552.051125719314,811126,8111.26
1031,552.135616440073,816851,8168.51
1032,552.220107166465,817766,8177.66
1033,552.304597898735,817055,8170.55
1034,552.389088637129,815918,8159.18
1035,552.473579381891,831972,8319.72
1036,552.558070133266,835028,8350.28
1037,552.6425608915,825092,8250.92
1038,552.727051656838,819354,8193.54
1039,552.811542429524,835163,8351.63
1040,552.896033209805,836767,8367.67
1041,552.980523997925,825662,8256.62
1042,553.065014794129,817562,8175.62
1043,553.149505598662,810423,8104.23
1044,553.23399641177,805887,8058.87
1045,553.318487233698,805194,8051.94
1046,553.402978064691,815205,8152.05
1047,553.487468904993,823615,8236.15
1048,553.571959754851,817284,8172.84
1049,553.656450614509,807386,8073.86
1050,553.740941484213,801768,8017.68
1051,553.825432364206,804725,8047.25
1052,553.909923254736,805018,8050.18
1053,553.994414156046,806533,8065.33
1054,554.078905068382,806088,8060.88
1055,554.16339599199,802900,8029
1056,554.247886927113,800894,8008.94
1057,554.332377873998,817857,8178.57
1058,554.416868832889,821632,8216.32
1059,554.501359804032,810990,8109.9
1060,554.585850787671,804110,8041.1
1061,554.670341784053,800182,8001.82
1062,554.754832793421,797798,7977.98
1063,554.839323816021,795924,7959.24
1064,554.923814852099,793906,7939.06
1065,555.008305901899,791620,7916.2
1066,555.092796965667,795290,7952.9
1067,555.177288043647,794228,7942.28
1068,555.261779136085,811682,8116.82
1069,555.346270243226,814778,8147.78
1070,555.430761365315,802517,8025.17
1071,555.515252502597,796255,7962.55
1072,555.599743655318,790165,7901.65
1073,555.684234823722,784167,7841.67
1074,555.768726008055,783588,7835.88
1075,555.853217208561,784893,7848.93
1076,555.937708425486,781445,7814.45
1077,556.022199659075,797257,7972.57
1078,556.106690909574,800942,8009.42
1079,556.191182177226,792263,7922.63
1080,556.275673462278,785892,7858.92
1081,556.360164764975,781862,7818.62
1082,556.444656085561,782797,7827.97
1083,556.529147424282,780158,7801.58
1084,556.613638781383,776868,7768.68
1085,556.698130157109,774004,7740.04
1086,556.782621551706,773883,7738.83
1087,556.867112965417,773436,7734.36
1088,556.951604398489,775104,7751.04
1089,557.036095851167,778692,7786.92
1090,557.120587323695,775587,7755.87
1091,557.20507881632,768937,7689.37
1092,557.289570329285,763554,7635.54
1093,557.374061862836,762942,7629.42
1094,557.458553417219,761341,7613.41
1095,557.543044992678,759251,7592.51
1096,557.627536589459,756264,7562.64
1097,557.712028207806,755351,7553.51
1098,557.796519847966,753425,7534.25
1099,557.881011510182,754422,7544.22
1100,557.9655031947,755357,7553.57
1101,558.049994901765,750956,7509.56
1102,558.134486631623,745744,7457.44
1103,558.218978384519,742594,7425.94
1104,558.303470160697,743467,7434.67
1105,558.387961960402,743003,7430.03
1106,558.472453783881,742031,7420.31
1107,558.556945631378,741628,7416.28
1108,558.641437503137,764713,7647.13
1109,558.725929399405,777330,7773.3
1110,558.810421320427,764741,7647.41
1111,558.894913266447,751589,7515.89
1112,558.97940523771,743601,7436.01
1113,559.063897234463,740874,7408.74
1114,559.14838925695,741053,7410.53
1115,559.232881305415,737663,7376.63
1116,559.317373380105,732424,7324.24
1117,559.401865481264,732451,7324.51
1118,559.486357609138,731781,7317.81
1119,559.570849763971,727512,7275.12
1120,559.65534194601,724531,7245.31
1121,559.739834155498,725370,7253.7
1122,559.824326392681,723174,7231.74
1123,559.908818657804,721942,7219.42
1124,559.993310951113,720542,7205.42
1125,560.077803272852,716818,7168.18
1126,560.162295623266,712842,7128.42
1127,560.246788002602,710318,7103.18
1128,560.331280411103,711022,7110.22
1129,560.415772849015,712681,7126.81
1130,560.500265316583,712889,7128.89
1131,560.584757814052,715165,7151.65
1132,560.669250341668,712562,7125.62
1133,560.753742899676,706863,7068.63
1134,560.83823548832,706427,7064.27
1135,560.922728107845,705313,7053.13
1136,561.007220758498,701982,7019.82
1137,561.091713440523,700432,7004.32
1138,561.176206154165,698140,6981.4
1139,561.260698899669,696601,6966.01
1140,561.345191677281,695086,6950.86
1141,561.429684487245,692962,6929.62
1142,561.514177329807,690545,6905.45
1143,561.598670205212,688419,6884.19
1144,561.683163113705,686887,6868.87
1145,561.767656055531,684863,6848.63
1146,561.852149030935,684897,6848.97
1147,561.936642040163,686551,6865.51
1148,562.021135083459,683502,6835.02
1149,562.105628161069,679042,6790.42
1150,562.190121273237,678805,6788.05
1151,562.27461442021,676126,6761.26
1152,562.359107602232,681249,6812.49
1153,562.443600819547,680227,6802.27
1154,562.528094072403,676264,6762.64
1155,562.612587361042,679872,6798.72
1156,562.697080685712,678935,6789.35
1157,562.781574046656,675070,6750.7
1158,562.866067444119,684944,6849.44
1159,562.950560878348,683919,6839.19
1160,563.035054349587,672078,6720.78
1161,563.119547858082,667612,6676.12
1162,563.204041404076,665287,6652.87
1163,563.288534987816,662219,6622.19
1164,563.373028609547,659220,6592.2
1165,563.457522269514,656519,6565.19
1166,563.542015967961,654007,6540.07
1167,563.626509705135,655033,6550.33
1168,563.71100348128,657505,6575.05
1169,563.795497296641,655512,6555.12
1170,563.879991151464,651606,6516.06
1171,563.964485045993,648680,6486.8
1172,564.048978980475,646280,6462.8
1173,564.133472955153,644829,6448.29
1174,564.217966970273,642452,6424.52
1175,564.30246102608,643023,6430.23
1176,564.386955122819,645187,6451.87
1177,564.471449260736,644853,6448.53
1178,564.555943440075,641232,6412.32
1179,564.640437661083,636941,6369.41
1180,564.724931924002,689364,6893.64
1181,564.80942622908,704928,7049.28
1182,564.893920576561,674137,6741.37
1183,564.97841496669,656178,6561.78
1184,565.062909399713,644652,6446.52
1185,565.147403875874,644352,6443.52
1186,565.231898395419,641156,6411.56
1187,565.316392958592,632301,6323.01
1188,565.400887565639,626089,6260.89
1189,565.485382216806,622753,6227.53
1190,565.569876912336,621083,6210.83
1191,565.654371652476,619915,6199.15
1192,565.73886643747,621406,6214.06
1193,565.823361267564,621897,6218.97
1194,565.907856143003,636252,6362.52
1195,565.992351064031,638899,6388.99
1196,566.076846030894,628744,6287.44
1197,566.161341043838,621884,6218.84
1198,566.245836103106,617318,6173.18
1199,566.330331208945,615321,6153.21
1200,566.4148263616,613398,6133.98
1201,566.499321561315,613523,6135.23
1202,566.583816808336,612646,6126.46
1203,566.668312102908,612717,6127.17
1204,566.752807445276,610764,6107.64
1205,566.837302835685,608341,6083.41
1206,566.92179827438,608230,6082.3
1207,567.006293761607,606171,6061.71
1208,567.090789297611,602854,6028.54
1209,567.175284882636,604876,6048.76
1210,567.259780516928,604175,6041.75
1211,567.344276200732,599597,5995.97
1212,567.428771934293,597528,5975.28
1213,567.513267717856,598689,5986.89
1214,567.597763551667,597354,5973.54
1215,567.68225943597,594278,5942.78
1216,567.766755371011,609031,6090.31
1217,567.851251357034,612199,6121.99
1218,567.935747394286,602238,6022.38
1219,568.020243483011,601629,6016.29
1220,568.104739623454,599221,5992.21
1221,568.18923581586,612247,6122.47
1222,568.273732060474,613901,6139.01
1223,568.358228357543,601704,6017.04
1224,568.442724707309,594120,5941.2
1225,568.52722111002,589186,5891.86
1226,568.61171756592,585769,5857.69
1227,568.696214075254,583475,5834.75
1228,568.780710638267,581658,5816.58
1229,568.865207255205,580524,5805.24
1230,568.949703926312,579905,5799.05
1231,569.034200651834,581298,5812.98
1232,569.118697432015,581064,5810.64
1233,569.203194267102,578418,5784.18
1234,569.287691157338,578738,5787.38
1235,569.37218810297,582693,5826.93
1236,569.456685104242,590369,5903.69
1237,569.5411821614,588989,5889.89
1238,569.625679274688,581397,5813.97
1239,569.710176444352,578613,5786.13
1240,569.794673670637,575134,5751.34
1241,569.879170953788,571014,5710.14
1242,569.96366829405,571453,5714.53
1243,570.048165691668,575717,5757.17
1244,570.132663146887,574014,5740.14
1245,570.217160659954,575879,5758.79
1246,570.301658231112,574718,5747.18
1247,570.386155860606,569339,5693.39
1248,570.470653548683,566153,5661.53
1249,570.555151295587,563921,5639.21
1250,570.639649101562,562621,5626.21
1251,570.724146966856,561877,5618.77
1252,570.808644891712,563291,5632.91
1253,570.893142876375,566808,5668.08
1254,570.977640921091,567186,5671.86
1255,571.062139026105,566400,5664
1256,571.146637191662,579747,5797.47
1257,571.231135418007,580935,5809.35
1258,571.315633705386,570381,5703.81
1259,571.400132054043,567545,5675.45
1260,571.484630464223,567408,5674.08
1261,571.569128936172,563358,5633.58
1262,571.653627470135,557920,5579.2
1263,571.738126066357,558899,5588.99
1264,571.822624725083,559456,5594.56
1265,571.907123446559,554432,5544.32
1266,571.991622231028,554080,5540.8
1267,572.076121078737,556219,5562.19
1268,572.160619989931,552083,5520.83
1269,572.245118964855,547912,5479.12
1270,572.329618003753,544507,5445.07
1271,572.414117106872,543555,5435.55
1272,572.498616274455,546049,5460.49
1273,572.583115506749,542779,5427.79
1274,572.667614803999,537584,5375.84
1275,572.752114166448,535059,5350.59
1276,572.836613594344,534122,5341.22
1277,572.921113087931,533799,5337.99
1278,573.005612647453,532578,5325.78
1279,573.090112273157,531211,5312.11
1280,573.174611965286,533576,5335.76
1281,573.259111724088,538872,5388.72
1282,573.343611549805,544016,5440.16
1283,573.428111442685,562908,5629.08
1284,573.512611402971,566811,5668.11
1285,573.597111430909,590427,5904.27
1286,573.681611526744,593067,5930.67
1287,573.766111690721,576942,5769.42
1288,573.850611923086,563446,5634.46
1289,573.935112224083,550516,5505.16
1290,574.019612593957,543512,5435.12
1291,574.104113032955,539939,5399.39
1292,574.18861354132,539864,5398.64
1293,574.273114119298,538905,5389.05
1294,574.357614767134,538603,5386.03
1295,574.442115485074,536380,5363.8
1296,574.526616273362,570812,5708.12
1297,574.611117132243,579180,5791.8
1298,574.695618061963,570199,5701.99
1299,574.780119062767,563042,5630.42
1300,574.8646201349,549101,5491.01
1301,574.949121278607,541603,5416.03
1302,575.033622494133,538554,5385.54
1303,575.118123781723,536360,5363.6
1304,575.202625141623,531904,5319.04
1305,575.287126574078,526698,5266.98
1306,575.371628079332,523712,5237.12
1307,575.456129657631,522246,5222.46
1308,575.54063130922,521263,5212.63
1309,575.625133034344,523641,5236.41
1310,575.709634833249,528643,5286.43
1311,575.794136706179,527538,5275.38
1312,575.878638653379,523546,5235.46
1313,575.963140675095,520432,5204.32
1314,576.047642771572,518137,5181.37
1315,576.132144943055,517088,5170.88
1316,576.216647189789,520427,5204.27
1317,576.301149512019,520677,5206.77
1318,576.38565190999,517091,5170.91
1319,576.470154383948,515202,5152.02
1320,576.554656934138,515141,5151.41
1321,576.639159560804,517563,5175.63
1322,576.723662264192,517875,5178.75
1323,576.808165044547,541547,5415.47
1324,576.892667902114,549403,5494.03
1325,576.977170837139,534592,5345.92
1326,577.061673849866,522852,5228.52
1327,577.146176940541,516355,5163.55
1328,577.230680109408,513437,5134.37
1329,577.315183356713,511771,5117.71
1330,577.399686682701,513061,5130.61
1331,577.484190087617,531335,5313.35
1332,577.568693571706,533139,5331.39
1333,577.653197135214,520423,5204.23
1334,577.737700778385,515680,5156.8
1335,577.822204501465,511449,5114.49
1336,577.906708304698,506183,5061.83
1337,577.991212188331,528379,5283.79
1338,578.075716152607,533805,5338.05
1339,578.160220197773,522950,5229.5
1340,578.244724324073,514972,5149.72
1341,578.329228531752,513616,5136.16
1342,578.413732821056,514033,5140.33
1343,578.49823719223,508754,5087.54
1344,578.582741645518,503527,5035.27
1345,578.667246181166,503035,5030.35
1346,578.75175079942,502245,5022.45
1347,578.836255500524,502545,5025.45
1348,578.920760284723,507742,5077.42
1349,579.005265152262,507348,5073.48
1350,579.089770103388,503291,5032.91
1351,579.174275138344,500399,5003.99
1352,579.258780257375,498014,4980.14
1353,579.343285460728,496565,4965.65
1354,579.427790748647,495282,4952.82
1355,579.512296121378,493920,4939.2
1356,579.596801579165,493594,4935.94
1357,579.681307122253,494320,4943.2
1358,579.765812750888,494209,4942.09
1359,579.850318465315,493059,4930.59
1360,579.934824265779,491639,4916.39
1361,580.019330152525,490245,4902.45
1362,580.103836125799,504245,5042.45
1363,580.188342185844,506729,5067.29
1364,580.272848332908,499622,4996.22
1365,580.357354567233,495259,4952.59
1366,580.441860889067,491166,4911.66
1367,580.526367298654,487891,4878.91
1368,580.610873796238,490858,4908.58
1369,580.695380382066,490293,4902.93
1370,580.779887056382,486324,4863.24
1371,580.864393819432,486752,4867.52
1372,580.94890067146,486024,4860.24
1373,581.033407612712,482740,4827.4
1374,581.117914643433,481662,4816.62
1375,581.202421763867,481289,4812.89
1376,581.286928974261,480135,4801.35
1377,581.371436274859,482249,4822.49
1378,581.455943665907,482433,4824.33
1379,581.540451147649,482983,4829.83
1380,581.62495872033,482348,4823.48
1381,581.709466384197,479792,4797.92
1382,581.793974139493,478768,4787.68
1383,581.878481986465,483368,4833.68
1384,581.962989925357,483175,4831.75
1385,582.047497956414,484913,4849.13
1386,582.132006079881,486749,4867.49
1387,582.216514296004,483386,4833.86
1388,582.301022605028,479526,4795.26
1389,582.385531007198,484781,4847.81
1390,582.470039502758,485694,4856.94
1391,582.554548091955,481003,4810.03
1392,582.639056775033,478462,4784.62
1393,582.723565552238,476632,4766.32
1394,582.808074423814,475338,4753.38
1395,582.892583390007,474245,4742.45
1396,582.977092451061,478446,4784.46
1397,583.061601607223,479059,4790.59
1398,583.146110858736,476151,4761.51
1399,583.230620205847,475362,4753.62
1400,583.3151296488,473212,4732.12
1401,583.399639187841,473272,4732.72
1402,583.484148823214,472211,4722.11
1403,583.568658555165,469946,4699.46
1404,583.653168383939,468651,4686.51
1405,583.73767830978,473186,4731.86
1406,583.822188332935,474212,4742.12
1407,583.906698453649,472394,4723.94
1408,583.991208672165,469983,4699.83
1409,584.075718988731,466756,4667.56
1410,584.16022940359,467454,4674.54
1411,584.244739916987,466650,4666.5
1412,584.329250529169,464091,4640.91
1413,584.41376124038,461851,4618.51
1414,584.498272050865,460853,4608.53
1415,584.58278296087,460050,4600.5
1416,584.667293970638,466597,4665.97
1417,584.751805080417,474025,4740.25
1418,584.83631629045,470814,4708.14
1419,584.920827600983,464810,4648.1
1420,585.005339012262,461696,4616.96
1421,585.08985052453,462072,4620.72
1422,585.174362138034,463991,4639.91
1423,585.258873853018,464925,4649.25
1424,585.343385669727,462346,4623.46
1425,585.427897588408,458497,4584.97
1426,585.512409609304,456544,4565.44
1427,585.596921732661,455970,4559.7
1428,585.681433958724,457198,4571.98
1429,585.765946287739,457083,4570.83
1430,585.85045871995,458746,4587.46
1431,585.934971255602,461281,4612.81
1432,586.019483894941,465065,4650.65
1433,586.103996638212,465643,4656.43
1434,586.18850948566,460681,4606.81
1435,586.27302243753,456745,4567.45
1436,586.357535494067,453430,4534.3
1437,586.442048655516,469952,4699.52
1438,586.526561922122,490004,4900.04
1439,586.611075294132,482954,4829.54
1440,586.695588771789,468509,4685.09
1441,586.780102355339,459742,4597.42
1442,586.864616045027,457012,4570.12
1443,586.949129841097,454147,4541.47
1444,587.033643743797,449398,4493.98
1445,587.118157753369,447130,4471.3
1446,587.20267187006,445560,4455.6
1447,587.287186094115,443771,4437.71
1448,587.371700425779,443956,4439.56
1449,587.456214865296,443299,4432.99
1450,587.540729412912,441783,4417.83
1451,587.625244068873,441440,4414.4
1452,587.709758833423,443461,4434.61
1453,587.794273706808,444249,4442.49
1454,587.878788689272,443614,4436.14
1455,587.963303781061,442486,4424.86
1456,588.047818982419,441211,4412.11
1457,588.132334293593,442929,4429.29
1458,588.216849714827,445769,4457.69
1459,588.301365246366,444327,4443.27
1460,588.385880888455,441435,4414.35
1461,588.47039664134,438955,4389.55
1462,588.554912505266,437020,4370.2
1463,588.639428480477,439087,4390.87
1464,588.72394456722,442007,4420.07
1465,588.808460765738,445582,4455.82
1466,588.892977076278,442658,4426.58
1467,588.977493499084,436474,4364.74
1468,589.062010034401,432346,4323.46
1469,589.146526682475,429558,4295.58
1470,589.231043443551,427614,4276.14
1471,589.315560317874,425877,4258.77
1472,589.400077305689,425459,4254.59
1473,589.48459440724,425802,4258.02
1474,589.569111622774,427989,4279.89
1475,589.653628952536,433123,4331.23
1476,589.73814639677,432847,4328.47
1477,589.822663955722,429574,4295.74
1478,589.907181629636,495854,4958.54
1479,589.991699418759,518938,5189.38
1480,590.076217323334,489097,4890.97
1481,590.160735343608,465956,4659.56
1482,590.245253479825,447759,4477.59
1483,590.329771732231,437062,4370.62
1484,590.41429010107,455817,4558.17
1485,590.498808586588,458352,4583.52
1486,590.58332718903,442276,4422.76
1487,590.667845908641,434415,4344.15
1488,590.752364745666,429573,4295.73
1489,590.83688370035,425567,4255.67
1490,590.921402772939,425585,4255.85
1491,591.005921963678,429582,4295.82
1492,591.090441272811,428277,4282.77
1493,591.174960700584,426930,4269.3
1494,591.259480247241,426638,4266.38
1495,591.343999913029,426169,4261.69
1496,591.428519698192,423987,4239.87
1497,591.513039602976,420703,4207.03
1498,591.597559627625,418587,4185.87
1499,591.682079772385,417337,4173.37
1500,591.7666000375,416069,4160.69
1501,591.851120423216,416017,4160.17
1502,591.935640929779,415790,4157.9
1503,592.020161557432,416668,4166.68
1504,592.104682306422,416519,4165.19
1505,592.189203176993,414772,4147.72
1506,592.273724169391,413320,4133.2
1507,592.35824528386,412745,4127.45
1508,592.442766520647,411835,4118.35
1509,592.527287879995,413792,4137.92
1510,592.611809362151,414986,4149.86
1511,592.696330967358,435260,4352.6
1512,592.780852695863,439460,4394.6
1513,592.865374547911,426133,4261.33
1514,592.949896523746,417660,4176.6
1515,593.034418623614,412671,4126.71
1516,593.11894084776,439390,4393.9
1517,593.203463196429,445535,4455.35
1518,593.287985669866,428484,4284.84
1519,593.372508268317,418063,4180.63
1520,593.457030992026,412250,4122.5
1521,593.541553841238,408817,4088.17
1522,593.626076816199,406898,4068.98
1523,593.710599917154,405783,4057.83
1524,593.795123144348,404476,4044.76
1525,593.879646498027,403410,4034.1
1526,593.964169978434,407952,4079.52
1527,594.048693585816,409073,4090.73
1528,594.133217320417,405640,4056.4
1529,594.217741182483,406091,4060.91
1530,594.302265172259,405058,4050.58
1531,594.38678928999,404803,4048.03
1532,594.47131353592,404303,4043.03
1533,594.555837910296,404392,4043.92
1534,594.640362413363,402915,4029.15
1535,594.724887045364,417511,4175.11
1536,594.809411806547,420182,4201.82
1537,594.893936697155,409780,4097.8
1538,594.978461717434,408897,4088.97
1539,595.062986867629,407249,4072.49
1540,595.147512147985,402770,4027.7
1541,595.232037558747,405117,4051.17
1542,595.316563100161,410340,4103.4
1543,595.401088772471,407626,4076.26
1544,595.485614575923,401695,4016.95
1545,595.570140510762,398265,3982.65
1546,595.654666577233,396241,3962.41
1547,595.73919277558,397347,3973.47
1548,595.82371910605,398586,3985.86
1549,595.908245568888,397176,3971.76
1550,595.992772164338,400313,4003.13
1551,596.077298892645,405693,4056.93
1552,596.161825754055,402917,4029.17
1553,596.246352748813,397245,3972.45
1554,596.330879877164,394200,3942
1555,596.415407139353,403755,4037.55
1556,596.499934535626,405096,4050.96
1557,596.584462066227,397700,3977
1558,596.668989731401,395140,3951.4
1559,596.753517531394,394625,3946.25
1560,596.838045466451,393723,3937.23
1561,596.922573536817,390494,3904.94
1562,597.007101742737,386911,3869.11
1563,597.091630084456,408477,4084.77
1564,597.17615856222,425909,4259.09
1565,597.260687176273,416729,4167.29
1566,597.345215926861,405143,4051.43
1567,597.429744814228,402841,4028.41
1568,597.51427383862,397293,3972.93
1569,597.598803000283,390101,3901.01
1570,597.68333229946,391914,3919.14
1571,597.767861736398,390793,3907.93
1572,597.852391311341,391003,3910.03
1573,597.936921024535,389408,3894.08
1574,598.021450876224,387643,3876.43
1575,598.105980866655,388637,3886.37
1576,598.190510996071,385765,3857.65
1577,598.275041264718,384536,3845.36
1578,598.359571672842,385743,3857.43
1579,598.444102220687,387780,3877.8
1580,598.528632908498,385668,3856.68
1581,598.613163736522,383873,3838.73
1582,598.697694705001,388290,3882.9
1583,598.782225814183,389173,3891.73
1584,598.866757064312,386861,3868.61
1585,598.951288455633,383043,3830.43
1586,599.035819988391,381525,3815.25
1587,599.120351662832,382958,3829.58
1588,599.2048834792,380720,3807.2
1589,599.289415437741,376820,3768.2
1590,599.3739475387,374663,3746.63
1591,599.458479782322,376492,3764.92
1592,599.543012168852,379012,3790.12
1593,599.627544698535,379873,3798.73
1594,599.712077371617,376792,3767.92
1595,599.796610188342,373384,3733.84
1596,599.881143148956,374234,3742.34
1597,599.965676253703,376259,3762.59
1598,600.05020950283,374705,3747.05
1599,600.13474289658,371854,3718.54
1600,600.2192764352,370139,3701.39
1601,600.303810118934,371398,3713.98
1602,600.388343948028,371052,3710.52
1603,600.472877922726,368676,3686.76
1604,600.557412043273,369379,3693.79
1605,600.641946309916,368581,3685.81
1606,600.726480722899,366777,3667.77
1607,600.811015282466,365462,3654.62
1608,600.895549988864,364372,3643.72
1609,600.980084842338,362975,3629.75
1610,601.064619843132,364043,3640.43
1611,601.149154991491,364852,3648.52
1612,601.233690287662,366842,3668.42
1613,601.318225731888,366668,3666.68
1614,601.402761324415,364659,3646.59
1615,601.487297065489,365701,3657.01
1616,601.571832955354,365447,3654.47
1617,601.656368994255,365988,3659.88
1618,601.740905182438,364759,3647.59
1619,601.825441520148,361997,3619.97
1620,601.90997800763,363774,3637.74
1621,601.994514645128,366355,3663.55
1622,602.079051432889,367058,3670.58
1623,602.163588371157,365062,3650.62
1624,602.248125460177,364412,3644.12
1625,602.332662700195,363085,3630.85
1626,602.417200091456,363372,3633.72
1627,602.501737634204,362396,3623.96
1628,602.586275328686,359446,3594.46
1629,602.670813175145,357556,3575.56
1630,602.755351173828,364304,3643.04
1631,602.839889324979,365509,3655.09
1632,602.924427628843,363215,3632.15
1633,603.008966085667,363110,3631.1
1634,603.093504695693,360721,3607.21
1635,603.178043459169,357155,3571.55
1636,603.262582376339,357890,3578.9
1637,603.347121447448,359368,3593.68
1638,603.431660672741,358229,3582.29
1639,603.516200052464,355584,3555.84
1640,603.600739586861,352750,3527.5
1641,603.685279276178,351479,3514.79
1642,603.769819120659,351519,3515.19
1643,603.854359120551,350678,3506.78
1644,603.938899276098,352019,3520.19
1645,604.023439587545,354791,3547.91
1646,604.107980055137,353610,3536.1
1647,604.19252067912,353534,3535.34
1648,604.277061459738,352673,3526.73
1649,604.361602397237,349996,3499.96
1650,604.446143491862,348045,3480.45
1651,604.530684743859,355094,3550.94
1652,604.615226153471,365257,3652.57
1653,604.699767720944,364727,3647.27
1654,604.784309446525,357809,3578.09
1655,604.868851330456,354710,3547.1
1656,604.953393372984,357359,3573.59
1657,605.037935574354,359862,3598.62
1658,605.122477934812,355231,3552.31
1659,605.207020454601,367542,3675.42
1660,605.291563133967,369587,3695.87
1661,605.376105973156,358570,3585.7
1662,605.460648972412,351512,3515.12
1663,605.545192131981,346041,3460.41
1664,605.629735452108,342998,3429.98
1665,605.714278933038,341426,3414.26
1666,605.798822575015,346415,3464.15
1667,605.883366378286,347670,3476.7
1668,605.967910343095,344182,3441.82
1669,606.052454469688,341396,3413.96
1670,606.136998758309,339909,3399.09
1671,606.221543209204,342046,3420.46
1672,606.306087822618,342171,3421.71
1673,606.390632598795,339833,3398.33
1674,606.475177537982,341098,3410.98
1675,606.559722640423,343574,3435.74
1676,606.644267906364,344354,3443.54
1677,606.728813336049,344683,3446.83
1678,606.813358929724,341820,3418.2
1679,606.897904687633,338332,3383.32
1680,606.982450610022,336488,3364.88
1681,607.066996697137,335140,3351.4
1682,607.151542949221,336833,3368.33
1683,607.236089366521,339093,3390.93
1684,607.320635949282,337413,3374.13
1685,607.405182697748,334623,3346.23
1686,607.489729612165,336457,3364.57
1687,607.574276692777,336562,3365.62
1688,607.658823939831,334167,3341.67
1689,607.74337135357,335266,3352.66
1690,607.827918934241,337399,3373.99
1691,607.912466682089,335211,3352.11
1692,607.997014597358,332431,3324.31
1693,608.081562680293,339491,3394.91
1694,608.16611093114,340509,3405.09
1695,608.250659350145,337557,3375.57
1696,608.335207937551,337455,3374.55
1697,608.419756693605,336783,3367.83
1698,608.504305618551,333455,3334.55
1699,608.588854712634,333266,3332.66
1700,608.6734039761,331796,3317.96
1701,608.757953409194,337343,3373.43
1702,608.84250301216,341197,3411.97
1703,608.927052785245,336443,3364.43
1704,609.011602728693,331794,3317.94
1705,609.096152842749,328691,3286.91
1706,609.180703127658,325899,3258.99
1707,609.265253583666,324113,3241.13
1708,609.349804211018,323161,3231.61
1709,609.434355009958,325111,3251.11
1710,609.518905980733,325228,3252.28
1711,609.603457123586,328847,3288.47
1712,609.688008438764,356066,3560.66
1713,609.772559926511,359491,3594.91
1714,609.857111587073,342860,3428.6
1715,609.941663420694,333334,3333.34
1716,610.02621542762,327703,3277.03
1717,610.110767608096,327471,3274.71
1718,610.195319962366,326246,3262.46
1719,610.279872490677,322960,3229.6
1720,610.364425193274,320746,3207.46
1721,610.4489780704,319274,3192.74
1722,610.533531122303,318590,3185.9
1723,610.618084349226,318732,3187.32
1724,610.702637751414,321192,3211.92
1725,610.787191329114,323850,3238.5
1726,610.87174508257,322248,3222.48
1727,610.956299012027,324736,3247.36
1728,611.04085311773,324481,3244.81
1729,611.125407399925,320932,3209.32
1730,611.209961858857,318954,3189.54
1731,611.29451649477,337356,3373.56
1732,611.37907130791,347904,3479.04
1733,611.463626298523,337953,3379.53
1734,611.548181466852,329951,3299.51
1735,611.632736813144,330067,3300.67
1736,611.717292337643,327202,3272.02
1737,611.801848040595,321622,3216.22
1738,611.886403922244,317981,3179.81
1739,611.970959982837,318351,3183.51
1740,612.055516222617,320016,3200.16
1741,612.14007264183,321271,3212.71
1742,612.224629240722,321349,3213.49
1743,612.309186019537,319207,3192.07
1744,612.39374297852,326390,3263.9
1745,612.478300117917,327692,3276.92
1746,612.562857437973,334337,3343.37
1747,612.647414938933,335687,3356.87
1748,612.731972621042,325408,3254.08
1749,612.816530484545,317535,3175.35
1750,612.901088529688,327363,3273.63
1751,612.985646756714,328566,3285.66
1752,613.070205165871,321727,3217.27
1753,613.154763757402,316703,3167.03
1754,613.239322531553,311511,3115.11
1755,613.323881488569,311235,3112.35
1756,613.408440628695,310117,3101.17
1757,613.492999952176,307150,3071.5
1758,613.577559459258,307786,3077.86
1759,613.662119150185,309670,3096.7
1760,613.746679025203,308226,3082.26
1761,613.831239084557,304913,3049.13
1762,613.915799328492,305380,3053.8
1763,614.000359757252,304318,3043.18
1764,614.084920371084,301722,3017.22
1765,614.169481170232,300509,3005.09
1766,614.254042154942,299938,2999.38
1767,614.338603325458,298960,2989.6
1768,614.423164682026,301065,3010.65
1769,614.507726224891,303314,3033.14
1770,614.592287954298,301260,3012.6
1771,614.676849870492,312687,3126.87
1772,614.761411973718,315005,3150.05
1773,614.845974264222,306070,3060.7
1774,614.930536742248,300933,3009.33
1775,615.015099408042,300658,3006.58
1776,615.099662261849,298789,2987.89
1777,615.184225303914,295325,2953.25
1778,615.268788534481,296055,2960.55
1779,615.353351953797,295645,2956.45
1780,615.437915562106,298863,2988.63
1781,615.522479359654,298944,2989.44
1782,615.607043346685,294943,2949.43
1783,615.691607523446,305584,3055.84
1784,615.776171890179,307467,3074.67
1785,615.860736447132,299058,2990.58
1786,615.94530119455,293805,2938.05
1787,616.029866132676,293275,2932.75
1788,616.114431261757,292335,2923.35
1789,616.198996582037,292700,2927
1790,616.283562093762,293938,2939.38
1791,616.368127797177,294555,2945.55
1792,616.452693692527,292311,2923.11
1793,616.537259780057,288868,2888.68
1794,616.621826060012,289685,2896.85
1795,616.706392532638,291932,2919.32
1796,616.790959198179,290143,2901.43
1797,616.87552605688,286963,2869.63
1798,616.960093108988,303191,3031.91
1799,617.044660354746,306957,3069.57
1800,617.1292277944,303438,3034.38
1801,617.213795428195,305721,3057.21
1802,617.298363256377,299901,2999.01
1803,617.38293127919,291645,2916.45
1804,617.46749949688,286669,2866.69
1805,617.552067909691,283096,2830.96
1806,617.63663651787,280829,2808.29
1807,617.72120532166,629049,6290.49
1808,617.805774321307,730628,7306.28
1809,617.890343517057,543272,5432.72
1810,617.974912909154,429931,4299.31
1811,618.059482497843,364338,3643.38
1812,618.14405228337,326983,3269.83
1813,618.22862226598,305197,3051.97
1814,618.313192445918,292373,2923.73
1815,618.397762823429,297150,2971.5
1816,618.482333398757,298777,2987.77
1817,618.56690417215,290474,2904.74
1818,618.65147514385,286893,2868.93
1819,618.736046314105,283891,2838.91
1820,618.820617683158,280168,2801.68
1821,618.905189251254,278255,2782.55
1822,618.98976101864,277295,2772.95
1823,619.07433298556,275932,2759.32
1824,619.158905152259,279061,2790.61
1825,619.243477518983,297752,2977.52
1826,619.328050085976,299949,2999.49
1827,619.412622853484,290948,2909.48
1828,619.497195821751,287722,2877.22
1829,619.581768991023,289347,2893.47
1830,619.666342361546,286143,2861.43
1831,619.750915933564,279718,2797.18
1832,619.835489707321,276306,2763.06
1833,619.920063683065,279730,2797.3
1834,620.004637861039,281984,2819.84
1835,620.089212241489,278520,2785.2
1836,620.173786824659,274596,2745.96
1837,620.258361610796,273462,2734.62
1838,620.342936600144,272567,2725.67
1839,620.427511792947,271355,2713.55
1840,620.512087189453,275341,2753.41
1841,620.596662789905,298760,2987.6
1842,620.681238594548,309684,3096.84
1843,620.765814603629,297587,2975.87
1844,620.850390817391,284402,2844.02
1845,620.93496723608,278903,2789.03
1846,621.019543859942,280636,2806.36
1847,621.104120689221,278248,2782.48
1848,621.188697724162,274089,2740.89
1849,621.273274965011,270935,2709.35
1850,621.357852412012,267711,2677.11
1851,621.442430065412,266971,2669.71
1852,621.527007925454,266044,2660.44
1853,621.611585992385,267227,2672.27
1854,621.696164266449,268173,2681.73
1855,621.780742747892,266402,2664.02
1856,621.865321436958,264847,2648.47
1857,621.949900333892,264071,2640.71
1858,622.03447943894,266200,2662
1859,622.119058752348,266475,2664.75
1860,622.203638274359,264124,2641.24
1861,622.28821800522,266066,2660.66
1862,622.372797945175,266590,2665.9
1863,622.457378094469,264640,2646.4
1864,622.541958453348,262760,2627.6
1865,622.626539022057,262420,2624.2
1866,622.711119800841,262141,2621.41
1867,622.795700789945,261036,2610.36
1868,622.880281989613,270058,2700.58
1869,622.964863400093,271726,2717.26
1870,623.049445021627,265145,2651.45
1871,623.134026854462,261045,2610.45
1872,623.218608898843,258448,2584.48
1873,623.303191155015,260016,2600.16
1874,623.387773623222,260382,2603.82
1875,623.472356303711,261071,2610.71
1876,623.556939196726,262788,2627.88
1877,623.641522302512,260833,2608.33
1878,623.726105621315,257577,2575.77
1879,623.810689153379,258343,2583.43
1880,623.89527289895,257644,2576.44
1881,623.979856858273,258149,2581.49
1882,624.064441031593,262098,2620.98
1883,624.149025419156,263464,2634.64
1884,624.233610021205,265264,2652.64
1885,624.318194837987,265270,2652.7
1886,624.402779869747,263520,2635.2
1887,624.487365116729,264304,2643.04
1888,624.571950579179,263676,2636.76
1889,624.656536257342,258736,2587.36
1890,624.741122151463,254095,2540.95
1891,624.825708261788,253519,2535.19
1892,624.91029458856,257813,2578.13
1893,624.994881132027,256538,2565.38
1894,625.079467892432,254695,2546.95
1895,625.16405487002,252746,2527.46
1896,625.248642065038,249693,2496.93
1897,625.33322947773,275904,2759.04
1898,625.41781710834,285045,2850.45
1899,625.502404957115,382972,3829.72
1900,625.5869930243,406562,4065.62
1901,625.671581310139,339855,3398.55
1902,625.756169814878,644760,6447.6
1903,625.840758538762,717339,7173.39
1904,625.925347482035,516477,5164.77
1905,626.009936644944,406359,4063.59
1906,626.094526027733,340864,3408.64
1907,626.179115630648,297266,2972.66
1908,626.263705453933,272811,2728.11
1909,626.348295497833,260999,2609.99
1910,626.432885762595,252736,2527.36
1911,626.517476248462,246406,2464.06
1912,626.60206695568,254369,2543.69
1913,626.686657884495,255212,2552.12
1914,626.771249035151,247347,2473.47
1915,626.855840407893,247708,2477.08
1916,626.940432002967,245935,2459.35
1917,627.025023820618,243985,2439.85
1918,627.10961586109,254800,2548
1919,627.19420812463,254370,2543.7
1920,627.278800611482,253167,2531.67
1921,627.363393321891,252193,2521.93
1922,627.447986256102,274775,2747.75
1923,627.532579414361,277449,2774.49
1924,627.617172796912,258941,2589.41
1925,627.701766404002,247301,2473.01
1926,627.786360235874,240499,2404.99
1927,627.870954292774,239737,2397.37
1928,627.955548574948,237883,2378.83
1929,628.04014308264,246291,2462.91
1930,628.124737816095,247686,2476.86
1931,628.209332775559,242803,2428.03
1932,628.293927961276,239081,2390.81
1933,628.378523373493,234517,2345.17
1934,628.463119012454,231737,2317.37
1935,628.547714878403,230361,2303.61
1936,628.632310971587,232480,2324.8
1937,628.716907292251,234937,2349.37
1938,628.801503840639,236024,2360.24
1939,628.886100616996,233677,2336.77
1940,628.970697621569,230397,2303.97
1941,629.055294854601,228644,2286.44
1942,629.139892316339,230450,2304.5
1943,629.224490007026,232917,2329.17
1944,629.309087926909,231856,2318.56
1945,629.393686076233,231578,2315.78
1946,629.478284455242,230331,2303.31
1947,629.562883064182,227395,2273.95
1948,629.647481903298,225608,2256.08
1949,629.732080972835,224952,2249.52
1950,629.816680273037,226107,2261.07
1951,629.901279804152,225490,2254.9
1952,629.985879566422,226260,2262.6
1953,630.070479560095,228902,2289.02
1954,630.155079785414,229950,2299.5
1955,630.239680242624,227501,2275.01
1956,630.324280931972,224028,2240.28
1957,630.408881853702,228154,2281.54
1958,630.493483008059,229948,2299.48
1959,630.578084395288,225405,2254.05
1960,630.662686015635,221074,2210.74
1961,630.747287869345,222705,2227.05
1962,630.831889956662,222606,2226.06
1963,630.916492277832,219246,2192.46
1964,631.001094833101,217515,2175.15
1965,631.085697622712,216867,2168.67
1966,631.170300646912,219427,2194.27
1967,631.254903905945,220032,2200.32
1968,631.339507400056,223525,2235.25
1969,631.424111129492,225799,2257.99
1970,631.508715094496,228967,2289.67
1971,631.593319295314,236513,2365.13
1972,631.677923732192,235945,2359.45
1973,631.762528405373,230815,2308.15
1974,631.847133315104,227207,2272.07
1975,631.93173846163,222663,2226.63
1976,632.016343845195,220968,2209.68
1977,632.100949466045,218996,2189.96
1978,632.185555324425,215817,2158.17
1979,632.270161420579,213448,2134.48
1980,632.354767754754,212439,2124.39
1981,632.439374327195,213849,2138.49
1982,632.523981138146,214198,2141.98
1983,632.608588187852,212710,2127.1
1984,632.693195476559,212888,2128.88
1985,632.777803004512,212203,2122.03
1986,632.862410771956,211808,2118.08
1987,632.947018779136,211794,2117.94
1988,633.031627026297,211541,2115.41
1989,633.116235513685,212765,2127.65
1990,633.200844241544,217767,2177.67
1991,633.28545321012,217074,2170.74
1992,633.370062419658,212585,2125.85
1993,633.454671870403,210194,2101.94
1994,633.539281562599,208561,2085.61
1995,633.623891496493,207361,2073.61
1996,633.708501672329,207123,2071.23
1997,633.793112090353,209327,2093.27
1998,633.877722750809,209115,2091.15
1999,633.962333653943,206853,2068.53
2000,634.0469448,205444,2054.44
2001,634.131556189225,204748,2047.48
2002,634.216167821863,206769,2067.69
2003,634.300779698159,206749,2067.49
2004,634.385391818359,204753,2047.53
2005,634.470004182707,203747,2037.47
2006,634.554616791449,202871,2028.71
2007,634.639229644829,204612,2046.12
2008,634.723842743094,218581,2185.81
2009,634.808456086488,223406,2234.06
2010,634.893069675256,215864,2158.64
2011,634.977683509643,211456,2114.56
2012,635.062297589895,210743,2107.43
2013,635.146911916256,210451,2104.51
2014,635.231526488972,207107,2071.07
2015,635.316141308288,427319,4273.19
2016,635.400756374449,487303,4873.03
2017,635.4853716877,370759,3707.59
2018,635.569987248286,303021,3030.21
2019,635.654603056453,259482,2594.82
2020,635.739219112446,233344,2333.44
2021,635.823835416509,218863,2188.63
2022,635.908451968888,214584,2145.84
2023,635.993068769827,227160,2271.6
2024,636.077685819573,225623,2256.23
2025,636.16230311837,230795,2307.95
2026,636.246920666464,228051,2280.51
2027,636.331538464099,311842,3118.42
2028,636.41615651152,330572,3305.72
2029,636.500774808974,272847,2728.47
2030,636.585393356704,238595,2385.95
2031,636.670012154956,238915,2389.15
2032,636.754631203976,236243,2362.43
2033,636.839250504007,219582,2195.82
2034,636.923870055296,207568,2075.68
2035,637.008489858088,202580,2025.8
2036,637.093109912628,199181,1991.81
2037,637.17773021916,195632,1956.32
2038,637.26235077793,193362,1933.62
2039,637.346971589183,199459,1994.59
2040,637.431592653165,203413,2034.13
2041,637.51621397012,199190,1991.9
2042,637.600835540293,196716,1967.16
2043,637.68545736393,196307,1963.07
2044,637.770079441276,196259,1962.59
2045,637.854701772576,193952,1939.52
2046,637.939324358074,190858,1908.58
2047,638.023947198017,189161,1891.61
