Scan Date:,2025-05-24 15:22:22Z
Integration Time:,1000
Number of Averages:,100

Pixel Number,Wavelength (nm),Sum Spectrum,Averaged Spectrum
0,464.9839,78110,781.1
1,465.068515076491,77381,773.81
2,465.153129906126,77342,773.42
3,465.237744489151,77592,775.92
4,465.322358825812,77532,775.32
5,465.406972916352,77744,777.44
6,465.491586761018,77735,777.35
7,465.576200360054,77521,775.21
8,465.660813713705,77425,774.25
9,465.745426822218,77503,775.03
10,465.830039685836,77584,775.84
11,465.914652304805,77857,778.57
12,465.99926467937,78012,780.12
13,466.083876809776,78219,782.19
14,466.168488696269,78553,785.53
15,466.253100339093,198320,1983.2
16,466.337711738494,232063,2320.63
17,466.422322894716,168459,1684.59
18,466.506933808006,130732,1307.32
19,466.591544478607,109105,1091.05
20,466.676154906766,96819,968.19
21,466.760765092726,89808,898.08
22,466.845375036735,88568,885.68
23,466.929984739036,87476,874.76
24,467.014594199874,85360,853.6
25,467.099203419495,83770,837.7
26,467.183812398145,82325,823.25
27,467.268421136067,81490,814.9
28,467.353029633508,106900,1069
29,467.437637890711,115692,1156.92
30,467.522245907924,105404,1054.04
31,467.60685368539,97157,971.57
32,467.691461223355,90118,901.18
33,467.776068522063,86286,862.86
34,467.860675581761,84077,840.77
35,467.945282402693,86569,865.69
36,468.029888985104,91998,919.98
37,468.11449532924,91130,911.3
38,468.199101435345,89840,898.4
39,468.283707303665,87923,879.23
40,468.368312934445,84556,845.56
41,468.45291832793,85426,854.26
42,468.537523484364,88044,880.44
43,468.622128403994,108425,1084.25
44,468.706733087065,117639,1176.39
45,468.791337533821,106022,1060.22
46,468.875941744507,94735,947.35
47,468.96054571937,89051,890.51
48,469.045149458653,86169,861.69
49,469.129752962602,84397,843.97
50,469.214356231462,83023,830.23
51,469.298959265479,82181,821.81
52,469.383562064897,81876,818.76
53,469.468164629962,81678,816.78
54,469.552766960919,83987,839.87
55,469.637369058012,87689,876.89
56,469.721970921487,87199,871.99
57,469.80657255159,85167,851.67
58,469.891173948565,86230,862.3
59,469.975775112657,85416,854.16
60,470.060376044111,83006,830.06
61,470.144976743173,81854,818.54
62,470.229577210088,84314,843.14
63,470.314177445101,84707,847.07
64,470.398777448457,86103,861.03
65,470.483377220402,106650,1066.5
66,470.567976761179,113030,1130.3
67,470.652576071035,103268,1032.68
68,470.737175150215,94699,946.99
69,470.821773998963,88810,888.1
70,470.906372617525,88338,883.38
71,470.990971006146,87018,870.18
72,471.075569165072,113723,1137.23
73,471.160167094546,120642,1206.42
74,471.244764794815,107498,1074.98
75,471.329362266123,98438,984.38
76,471.413959508717,93990,939.9
77,471.498556522839,96368,963.68
78,471.583153308737,96909,969.09
79,471.667749866655,94174,941.74
80,471.752346196838,93357,933.57
81,471.836942299532,93216,932.16
82,471.921538174981,96637,966.37
83,472.00613382343,94797,947.97
84,472.090729245126,89164,891.64
85,472.175324440312,85357,853.57
86,472.259919409234,85739,857.39
87,472.344514152137,85243,852.43
88,472.429108669267,83016,830.16
89,472.513702960868,83150,831.5
90,472.598297027185,84813,848.13
91,472.682890868465,84417,844.17
92,472.767484484951,82682,826.82
93,472.852077876889,81350,813.5
94,472.936671044524,83592,835.92
95,473.021263988101,84564,845.64
96,473.105856707865,83508,835.08
97,473.190449204062,87885,878.85
98,473.275041476937,101608,1016.08
99,473.359633526735,107385,1073.85
100,473.4442253537,99869,998.69
101,473.528816958078,94535,945.35
102,473.613408340115,93288,932.88
103,473.697999500055,89883,898.83
104,473.782590438143,86034,860.34
105,473.867181154625,83894,838.94
106,473.951771649745,86385,863.85
107,474.03636192375,86288,862.88
108,474.120951976883,84119,841.19
109,474.20554180939,83168,831.68
110,474.290131421517,82466,824.66
111,474.374720813508,85380,853.8
112,474.459309985608,85714,857.14
113,474.543898938063,83482,834.82
114,474.628487671118,82147,821.47
115,474.713076185018,81571,815.71
116,474.797664480008,84683,846.83
117,474.882252556332,112445,1124.45
118,474.966840414238,120394,1203.94
119,475.051428053968,136555,1365.55
120,475.13601547577,134989,1349.89
121,475.220602679887,112362,1123.62
122,475.305189666564,98543,985.43
123,475.389776436048,90720,907.2
124,475.474362988583,86466,864.66
125,475.558949324414,83635,836.35
126,475.643535443787,82431,824.31
127,475.728121346946,82129,821.29
128,475.812707034136,81550,815.5
129,475.897292505604,102484,1024.84
130,475.981877761593,112192,1121.92
131,476.066462802349,104344,1043.44
132,476.151047628118,98785,987.85
133,476.235632239144,92705,927.05
134,476.320216635672,87060,870.6
135,476.404800817948,87251,872.51
136,476.489384786216,86948,869.48
137,476.573968540723,88524,885.24
138,476.658552081712,105971,1059.71
139,476.74313540943,108238,1082.38
140,476.827718524121,97461,974.61
141,476.91230142603,90484,904.84
142,476.996884115403,89029,890.29
143,477.081466592484,87473,874.73
144,477.166048857519,84641,846.41
145,477.250630910753,86168,861.68
146,477.335212752432,86186,861.86
147,477.419794382799,83917,839.17
148,477.504375802101,85150,851.5
149,477.588957010582,85830,858.3
150,477.673538008487,84022,840.22
151,477.758118796063,121453,1214.53
152,477.842699373553,131550,1315.5
153,477.927279741204,110370,1103.7
154,478.011859899259,97681,976.81
155,478.096439847965,90313,903.13
156,478.181019587566,86772,867.72
157,478.265599118308,84980,849.8
158,478.350178440435,83437,834.37
159,478.434757554193,82640,826.4
160,478.519336459827,93096,930.96
161,478.603915157582,95481,954.81
162,478.688493647704,89116,891.16
163,478.773071930436,140179,1401.79
164,478.857650006026,153564,1535.64
165,478.942227874716,123912,1239.12
166,479.026805536754,116295,1162.95
167,479.111382992383,110531,1105.31
168,479.19596024185,102285,1022.85
169,479.280537285398,95095,950.95
170,479.365114123274,88713,887.13
171,479.449690755722,84869,848.69
172,479.534267182988,82644,826.44
173,479.618843405317,81432,814.32
174,479.703419422953,83711,837.11
175,479.787995236142,87921,879.21
176,479.87257084513,87550,875.5
177,479.95714625016,85138,851.38
178,480.041721451479,83589,835.89
179,480.126296449331,82751,827.51
180,480.210871243962,84869,848.69
181,480.295445835617,85246,852.46
182,480.380020224541,86385,863.85
183,480.464594410979,85830,858.3
184,480.549168395175,86540,865.4
185,480.633742177377,86184,861.84
186,480.718315757827,83851,838.51
187,480.802889136772,82392,823.92
188,480.887462314457,81405,814.05
189,480.972035291127,80688,806.88
190,481.056608067026,84094,840.94
191,481.141180642401,96022,960.22
192,481.225753017496,97035,970.35
193,481.310325192556,89909,899.09
194,481.394897167827,88443,884.43
195,481.479468943554,87043,870.43
196,481.564040519981,84446,844.46
197,481.648611897354,82821,828.21
198,481.733183075918,81640,816.4
199,481.817754055918,83997,839.97
200,481.9023248376,84585,845.85
201,481.986895421208,85365,853.65
202,482.071465806988,116240,1162.4
203,482.156035995184,123086,1230.86
204,482.240605986042,107930,1079.3
205,482.325175779807,98024,980.24
206,482.409745376725,90686,906.86
207,482.494314777039,86242,862.42
208,482.578883980996,84051,840.51
209,482.663452988841,82630,826.3
210,482.748021800818,81245,812.45
211,482.832590417173,80932,809.32
212,482.91715883815,84288,842.88
213,483.001727063996,87650,876.5
214,483.086295094955,86519,865.19
215,483.170862931273,84041,840.41
216,483.255430573193,83302,833.02
217,483.339998020963,85945,859.45
218,483.424565274826,86429,864.29
219,483.509132335028,84304,843.04
220,483.593699201814,82698,826.98
221,483.678265875429,84568,845.68
222,483.762832356118,84584,845.84
223,483.847398644127,82498,824.98
224,483.9319647397,84599,845.99
225,484.016530643083,94951,949.51
226,484.101096354521,96125,961.25
227,484.185661874258,90323,903.23
228,484.270227202541,86323,863.23
229,484.354792339614,84112,841.12
230,484.439357285722,83195,831.95
231,484.523922041111,85602,856.02
232,484.608486606025,88312,883.12
233,484.69305098071,86790,867.9
234,484.777615165411,85796,857.96
235,484.862179160373,87987,879.87
236,484.946742965841,86817,868.17
237,485.03130658206,86260,862.6
238,485.115870009276,88625,886.25
239,485.200433247733,87412,874.12
240,485.284996297677,84689,846.89
241,485.369559159353,104789,1047.89
242,485.454121833005,112375,1123.75
243,485.53868431888,100891,1008.91
244,485.623246617222,93310,933.1
245,485.707808728276,88774,887.74
246,485.792370652288,85178,851.78
247,485.876932389502,85812,858.12
248,485.961493940164,85411,854.11
249,486.046055304519,83269,832.69
250,486.130616482813,82906,829.06
251,486.215177475289,82699,826.99
252,486.299738282193,88211,882.11
253,486.384298903771,89583,895.83
254,486.468859340268,85693,856.93
255,486.553419591928,83164,831.64
256,486.637979658997,82368,823.68
257,486.722539541719,81890,818.9
258,486.807099240341,83757,837.57
259,486.891658755108,84335,843.35
260,486.976218086263,82839,828.39
261,487.060777234053,81736,817.36
262,487.145336198723,81156,811.56
263,487.229894980517,80842,808.42
264,487.314453579682,80874,808.74
265,487.399011996461,80974,809.74
266,487.483570231101,80669,806.69
267,487.568128283845,80466,804.66
268,487.652686154941,80399,803.99
269,487.737243844632,80718,807.18
270,487.821801353163,84657,846.57
271,487.906358680781,85406,854.06
272,487.990915827729,83142,831.42
273,488.075472794253,82028,820.28
274,488.160029580599,85889,858.89
275,488.244586187011,86914,869.14
276,488.329142613735,84718,847.18
277,488.413698861015,89120,891.2
278,488.498254929097,89645,896.45
279,488.582810818225,88867,888.67
280,488.667366528646,88514,885.14
281,488.751922060605,85739,857.39
282,488.836477414345,83876,838.76
283,488.921032590113,83131,831.31
284,489.005587588153,83784,837.84
285,489.090142408711,109115,1091.15
286,489.174697052032,118145,1181.45
287,489.259251518361,107296,1072.96
288,489.343805807943,97788,977.88
289,489.428359921024,90125,901.25
290,489.512913857847,85698,856.98
291,489.597467618659,83821,838.21
292,489.682021203705,93413,934.13
293,489.76657461323,95689,956.89
294,489.851127847479,89309,893.09
295,489.935680906696,86881,868.81
296,490.020233791128,85175,851.75
297,490.104786501019,83060,830.6
298,490.189339036615,85136,851.36
299,490.27389139816,85426,854.26
300,490.3584435859,83264,832.64
301,490.44299560008,81932,819.32
302,490.527547440945,80908,809.08
303,490.612099108739,80306,803.06
304,490.69665060371,80049,800.49
305,490.7812019261,80013,800.13
306,490.865753076156,82897,828.97
307,490.950304054123,83910,839.1
308,491.034854860246,82580,825.8
309,491.119405494769,81722,817.22
310,491.203955957939,81309,813.09
311,491.288506249999,81385,813.85
312,491.373056371197,81261,812.61
313,491.457606321775,84272,842.72
314,491.54215610198,85836,858.36
315,491.626705712057,84113,841.13
316,491.711255152251,82337,823.37
317,491.795804422807,81376,813.76
318,491.88035352397,80685,806.85
319,491.964902455985,80596,805.96
320,492.049451219098,83791,837.91
321,492.133999813553,84449,844.49
322,492.218548239596,82810,828.1
323,492.303096497471,84709,847.09
324,492.387644587425,86884,868.84
325,492.472192509702,88362,883.62
326,492.556740264546,94164,941.64
327,492.641287852205,93446,934.46
328,492.725835272921,87602,876.02
329,492.810382526942,84803,848.03
330,492.894929614511,92324,923.24
331,492.979476535874,93946,939.46
332,493.064023291276,88582,885.82
333,493.148569880962,87236,872.36
334,493.233116305178,85822,858.22
335,493.317662564167,83193,831.93
336,493.402208658177,82328,823.28
337,493.486754587451,81618,816.18
338,493.571300352235,81024,810.24
339,493.655845952774,80584,805.84
340,493.740391389313,83358,833.58
341,493.824936662097,84050,840.5
342,493.909481771372,84501,845.01
343,493.994026717382,84143,841.43
344,494.078571500372,82363,823.63
345,494.163116120589,81722,817.22
346,494.247660578276,81390,813.9
347,494.33220487368,104783,1047.83
348,494.416749007044,111429,1114.29
349,494.501292978615,98817,988.17
350,494.585836788637,90775,907.75
351,494.670380437356,86274,862.74
352,494.754923925017,84505,845.05
353,494.839467251864,86479,864.79
354,494.924010418144,86084,860.84
355,495.0085534241,83712,837.12
356,495.093096269979,95462,954.62
357,495.177638956025,98180,981.8
358,495.262181482484,93675,936.75
359,495.3467238496,92504,925.04
360,495.431266057619,88815,888.15
361,495.515808106786,88371,883.71
362,495.600349997346,87189,871.89
363,495.684891729544,84403,844.03
364,495.769433303626,84349,843.49
365,495.853974719836,83675,836.75
366,495.938515978419,82053,820.53
367,496.023057079622,81255,812.55
368,496.107598023688,81205,812.05
369,496.192138810863,84059,840.59
370,496.276679441392,84500,845
371,496.361219915521,83918,839.18
372,496.445760233493,111179,1111.79
373,496.530300395556,118094,1180.94
374,496.614840401953,102585,1025.85
375,496.69938025293,97916,979.16
376,496.783919948731,93828,938.28
377,496.868459489603,91223,912.23
378,496.95299887579,88543,885.43
379,497.037538107538,91606,916.06
380,497.12207718509,91404,914.04
381,497.206616108694,89577,895.77
382,497.291154878593,87605,876.05
383,497.375693495033,84551,845.51
384,497.460231958259,82717,827.17
385,497.544770268516,81820,818.2
386,497.629308426049,81639,816.39
387,497.713846431104,80989,809.89
388,497.798384283926,83220,832.2
389,497.882921984759,83875,838.75
390,497.967459533848,82645,826.45
391,498.05199693144,84896,848.96
392,498.136534177779,88494,884.94
393,498.22107127311,87554,875.54
394,498.305608217678,84349,843.49
395,498.390145011729,82895,828.95
396,498.474681655507,81946,819.46
397,498.559218149259,81325,813.25
398,498.643754493228,81245,812.45
399,498.72829068766,80735,807.35
400,498.8128267328,80409,804.09
401,498.897362628894,80246,802.46
402,498.981898376185,80289,802.89
403,499.066433974921,80843,808.43
404,499.150969425345,83877,838.77
405,499.235504727703,97452,974.52
406,499.32003988224,99325,993.25
407,499.404574889201,94061,940.61
408,499.489109748831,90726,907.26
409,499.573644461376,86719,867.19
410,499.65817902708,84143,841.43
411,499.742713446188,82997,829.97
412,499.827247718947,82221,822.21
413,499.9117818456,81270,812.7
414,499.996315826393,80470,804.7
415,500.080849661572,80096,800.96
416,500.165383351381,80279,802.79
417,500.249916896065,80425,804.25
418,500.33445029587,81046,810.46
419,500.41898355104,96978,969.78
420,500.503516661822,101372,1013.72
421,500.588049628459,92604,926.04
422,500.672582451197,88050,880.5
423,500.757115130282,85530,855.3
424,500.841647665958,83505,835.05
425,500.92618005847,82252,822.52
426,501.010712308064,104093,1040.93
427,501.095244414985,112609,1126.09
428,501.179776379478,104062,1040.62
429,501.264308201788,96093,960.93
430,501.34883988216,92847,928.47
431,501.433371420839,89726,897.26
432,501.517902818071,85319,853.19
433,501.6024340741,86414,864.14
434,501.686965189172,88576,885.76
435,501.771496163532,86658,866.58
436,501.856026997425,83820,838.2
437,501.940557691096,82083,820.83
438,502.02508824479,81037,810.37
439,502.109618658753,84416,844.16
440,502.194148933229,85313,853.13
441,502.278679068464,82936,829.36
442,502.363209064702,81589,815.89
443,502.44773892219,80700,807
444,502.532268641171,83154,831.54
445,502.616798221892,84109,841.09
446,502.701327664597,82933,829.33
447,502.785856969531,82169,821.69
448,502.87038613694,84425,844.25
449,502.954915167069,87346,873.46
450,503.039444060163,85969,859.69
451,503.123972816466,83177,831.77
452,503.208501436225,85194,851.94
453,503.293029919684,86106,861.06
454,503.377558267088,87127,871.27
455,503.462086478683,89696,896.96
456,503.546614554714,91808,918.08
457,503.631142495425,89524,895.24
458,503.715670301062,85379,853.79
459,503.800197971871,82973,829.73
460,503.884725508095,81538,815.38
461,503.969252909981,83408,834.08
462,504.053780177773,86836,868.36
463,504.138307311717,86387,863.87
464,504.222834312058,87176,871.76
465,504.307361179041,86921,869.21
466,504.39188791291,87761,877.61
467,504.476414513912,88424,884.24
468,504.560940982291,100336,1003.36
469,504.645467318292,101920,1019.2
470,504.729993522161,92813,928.13
471,504.814519594143,90224,902.24
472,504.899045534482,90103,901.03
473,504.983571343424,91434,914.34
474,505.068097021215,92408,924.08
475,505.152622568098,92195,921.95
476,505.23714798432,101797,1017.97
477,505.321673270126,101197,1011.97
478,505.40619842576,92295,922.95
479,505.490723451468,87186,871.86
480,505.575248347494,86952,869.52
481,505.659773114085,86157,861.57
482,505.744297751485,108142,1081.42
483,505.828822259939,116697,1166.97
484,505.913346639693,103608,1036.08
485,505.997870890991,94019,940.19
486,506.082395014079,88309,883.09
487,506.166919009201,84963,849.63
488,506.251442876604,82966,829.66
489,506.335966616531,84485,844.85
490,506.420490229229,84577,845.77
491,506.505013714942,82971,829.71
492,506.589537073916,82177,821.77
493,506.674060306396,84418,844.18
494,506.758583412626,85178,851.78
495,506.843106392852,83386,833.86
496,506.927629247319,82238,822.38
497,507.012151976272,81284,812.84
498,507.096674579957,83615,836.15
499,507.181197058618,85296,852.96
500,507.2657194125,83980,839.8
501,507.350241641849,107721,1077.21
502,507.43476374691,117181,1171.81
503,507.519285727928,103981,1039.81
504,507.603807585148,94077,940.77
505,507.688329318816,89012,890.12
506,507.772850929175,88751,887.51
507,507.857372416473,90337,903.37
508,507.941893780953,88204,882.04
509,508.02641502286,85092,850.92
510,508.110936142441,83054,830.54
511,508.195457139939,84626,846.26
512,508.279978015601,84624,846.24
513,508.364498769671,83259,832.59
514,508.449019402395,82318,823.18
515,508.533539914017,81408,814.08
516,508.618060304783,83679,836.79
517,508.702580574937,83955,839.55
518,508.787100724726,82331,823.31
519,508.871620754394,82952,829.52
520,508.956140664186,95696,956.96
521,509.040660454347,102250,1022.5
522,509.125180125123,108920,1089.2
523,509.209699676758,106194,1061.94
524,509.294219109499,111697,1116.97
525,509.378738423589,109942,1099.42
526,509.463257619274,100815,1008.15
527,509.5477766968,94034,940.34
528,509.632295656411,87868,878.68
529,509.716814498352,84492,844.92
530,509.801333222869,82431,824.31
531,509.885851830207,81577,815.77
532,509.97037032061,81463,814.63
533,510.054888694324,81185,811.85
534,510.139406951595,84005,840.05
535,510.223925092667,84591,845.91
536,510.308443117785,82866,828.66
537,510.392961027195,82557,825.57
538,510.477478821141,84872,848.72
539,510.56199649987,87962,879.62
540,510.646514063625,90213,902.13
541,510.731031512652,91859,918.59
542,510.815548847197,89428,894.28
543,510.900066067503,86609,866.09
544,510.984583173818,84652,846.52
545,511.069100166384,85369,853.69
546,511.153617045449,84879,848.79
547,511.238133811256,85987,859.87
548,511.322650464052,85488,854.88
549,511.407167004081,83010,830.1
550,511.491683431587,87851,878.51
551,511.576199746818,88736,887.36
552,511.660715950017,88056,880.56
553,511.745232041429,86943,869.43
554,511.829748021301,84439,844.39
555,511.914263889876,83106,831.06
556,511.9987796474,83107,831.07
557,512.083295294119,82758,827.58
558,512.167810830277,82597,825.97
559,512.252326256119,84245,842.45
560,512.336841571891,86575,865.75
561,512.421356777838,98509,985.09
562,512.505871874205,99930,999.3
563,512.590386861236,95206,952.06
564,512.674901739178,91282,912.82
565,512.759416508275,86741,867.41
566,512.843931168773,84235,842.35
567,512.928445720916,85744,857.44
568,513.01296016495,88708,887.08
569,513.097474501119,87306,873.06
570,513.18198872967,84675,846.75
571,513.266502850847,82989,829.89
572,513.351016864895,84860,848.6
573,513.435530772059,85489,854.89
574,513.520044572585,83578,835.78
575,513.604558266717,82316,823.16
576,513.689071854701,87514,875.14
577,513.773585336782,90594,905.94
578,513.858098713206,91275,912.75
579,513.942611984216,92359,923.59
580,514.027125150058,94935,949.35
581,514.111638210978,96316,963.16
582,514.196151167221,92300,923
583,514.280664019031,87471,874.71
584,514.365176766654,84898,848.98
585,514.449689410336,85817,858.17
586,514.53420195032,88264,882.64
587,514.618714386852,87323,873.23
588,514.703226720178,84795,847.95
589,514.787738950542,83142,831.42
590,514.87225107819,82079,820.79
591,514.956763103367,81272,812.72
592,515.041275026318,80652,806.52
593,515.125786847287,86900,869
594,515.210298566521,88759,887.59
595,515.294810184265,85440,854.4
596,515.379321700762,83745,837.45
597,515.463833116259,83113,831.13
598,515.548344431001,82447,824.47
599,515.632855645233,84815,848.15
600,515.7173667592,85246,852.46
601,515.801877773147,84803,848.03
602,515.886388687319,86820,868.2
603,515.970899501962,86148,861.48
604,516.05541021732,83784,837.84
605,516.139920833639,82745,827.45
606,516.224431351163,82093,820.93
607,516.308941770138,81868,818.68
608,516.39345209081,81334,813.34
609,516.477962313423,80825,808.25
610,516.562472438222,83383,833.83
611,516.646982465452,87026,870.26
612,516.731492395359,90916,909.16
613,516.816002228188,90128,901.28
614,516.900511964184,86547,865.47
615,516.985021603591,90122,901.22
616,517.069531146656,96097,960.97
617,517.154040593623,102533,1025.33
618,517.238549944738,99657,996.57
619,517.323059200245,94625,946.25
620,517.40756836039,91104,911.04
621,517.492077425417,87426,874.26
622,517.576586395573,85028,850.28
623,517.661095271101,108247,1082.47
624,517.745604052248,113941,1139.41
625,517.830112739258,100064,1000.64
626,517.914621332376,98532,985.32
627,517.999129831848,96289,962.89
628,518.083638237919,90481,904.81
629,518.168146550834,86838,868.38
630,518.252654770838,84951,849.51
631,518.337162898176,83861,838.61
632,518.421670933093,82616,826.16
633,518.506178875835,81847,818.47
634,518.590686726646,81738,817.38
635,518.675194485772,82490,824.9
636,518.759702153457,85357,853.57
637,518.844209729948,85875,858.75
638,518.928717215489,84332,843.32
639,519.013224610325,86055,860.55
640,519.097731914701,86869,868.69
641,519.182239128863,85064,850.64
642,519.266746253055,83991,839.91
643,519.351253287523,83593,835.93
644,519.435760232512,83057,830.57
645,519.520267088267,82804,828.04
646,519.604773855033,82591,825.91
647,519.689280533056,82286,822.86
648,519.77378712258,82167,821.67
649,519.85829362385,82210,822.1
650,519.942800037113,85731,857.31
651,520.027306362612,86520,865.2
652,520.111812600593,84831,848.31
653,520.196318751301,83864,838.64
654,520.280824814981,83014,830.14
655,520.365330791879,82620,826.2
656,520.449836682239,82910,829.1
657,520.534342486307,83364,833.64
658,520.618848204327,83450,834.5
659,520.703353836546,86077,860.77
660,520.787859383207,86431,864.31
661,520.872364844557,90247,902.47
662,520.95687022084,107037,1070.37
663,521.041375512301,108291,1082.91
664,521.125880719186,97899,978.99
665,521.21038584174,91744,917.44
666,521.294890880208,99264,992.64
667,521.379395834834,100177,1001.77
668,521.463900705865,95883,958.83
669,521.548405493545,92936,929.36
670,521.632910198119,89214,892.14
671,521.717414819833,87031,870.31
672,521.801919358931,85447,854.47
673,521.88642381566,84708,847.08
674,521.970928190263,87587,875.87
675,522.055432482986,203283,2032.83
676,522.139936694074,233490,2334.9
677,522.224440823773,173771,1737.71
678,522.308944872327,137677,1376.77
679,522.393448839982,115271,1152.71
680,522.477952726982,105289,1052.89
681,522.562456533574,113102,1131.02
682,522.646960260001,111149,1111.49
683,522.731463906509,103867,1038.67
684,522.815967473344,101400,1014
685,522.90047096075,96266,962.66
686,522.984974368973,91249,912.49
687,523.069477698257,88459,884.59
688,523.153980948848,87011,870.11
689,523.238484120991,86185,861.85
690,523.322987214931,85963,859.63
691,523.407490230914,88817,888.17
692,523.491993169183,92797,927.97
693,523.576496029985,122341,1223.41
694,523.660998813565,127900,1279
695,523.745501520167,134881,1348.81
696,523.830004150038,131467,1314.67
697,523.914506703421,112772,1127.72
698,523.999009180562,101690,1016.9
699,524.083511581707,94679,946.79
700,524.1680139071,90721,907.21
701,524.252516156987,88546,885.46
702,524.337018331612,87345,873.45
703,524.421520431221,89675,896.75
704,524.506022456059,90602,906.02
705,524.590524406371,89140,891.4
706,524.675026282403,105983,1059.83
707,524.759528084398,111037,1110.37
708,524.844029812603,101260,1012.6
709,524.928531467263,95192,951.92
710,525.013033048623,106868,1068.68
711,525.097534556927,109926,1099.26
712,525.182035992421,100982,1009.82
713,525.266537355351,95500,955
714,525.351038645961,92571,925.71
715,525.435539864496,94080,940.8
716,525.520041011202,93910,939.1
717,525.604542086324,92115,921.15
718,525.689043090106,98306,983.06
719,525.773544022794,99589,995.89
720,525.858044884634,99153,991.53
721,525.942545675869,97945,979.45
722,526.027046396746,94545,945.45
723,526.11154704751,92538,925.38
724,526.196047628405,91762,917.62
725,526.280548139677,94988,949.88
726,526.36504858157,95694,956.94
727,526.449548954331,93509,935.09
728,526.534049258204,92662,926.62
729,526.618549493434,95319,953.19
730,526.703049660267,95773,957.73
731,526.787549758947,94032,940.32
732,526.87204978972,95639,956.39
733,526.956549752831,96563,965.63
734,527.041049648525,95516,955.16
735,527.125549477046,94365,943.65
736,527.210049238641,109337,1093.37
737,527.294548933555,115322,1153.22
738,527.379048562032,107720,1077.2
739,527.463548124317,101948,1019.48
740,527.548047620657,99578,995.78
741,527.632547051295,98174,981.74
742,527.717046416477,97336,973.36
743,527.801545716449,101384,1013.84
744,527.886044951455,102725,1027.25
745,527.97054412174,107615,1076.15
746,528.05504322755,107823,1078.23
747,528.139542269129,103158,1031.58
748,528.224041246724,102244,1022.44
749,528.308540160578,103841,1038.41
750,528.393039010938,103259,1032.59
751,528.477537798047,101221,1012.21
752,528.562036522152,102680,1026.8
753,528.646535183498,105822,1058.22
754,528.731033782329,107632,1076.32
755,528.815532318891,105929,1059.29
756,528.900030793429,103674,1036.74
757,528.984529206188,102610,1026.1
758,529.069027557414,102128,1021.28
759,529.15352584735,101835,1018.35
760,529.238024076243,101665,1016.65
761,529.322522244338,101718,1017.18
762,529.407020351879,102115,1021.15
763,529.491518399112,102648,1026.48
764,529.576016386283,102973,1029.73
765,529.660514313635,103218,1032.18
766,529.745012181415,103226,1032.26
767,529.829509989866,103592,1035.92
768,529.914007739236,104131,1041.31
769,529.998505429768,107462,1074.62
770,530.083003061708,109307,1093.07
771,530.167500635301,108408,1084.08
772,530.251998150792,107781,1077.81
773,530.336495608426,108204,1082.04
774,530.420993008449,111183,1111.83
775,530.505490351105,114681,1146.81
776,530.589987636639,116674,1166.74
777,530.674484865298,117828,1178.28
778,530.758982037325,115871,1158.71
779,530.843479152966,112922,1129.22
780,530.927976212466,111034,1110.34
781,531.012473216071,110446,1104.46
782,531.096970164025,151691,1516.91
783,531.181467056574,165119,1651.19
784,531.265963893962,142480,1424.8
785,531.350460676435,126566,1265.66
786,531.434957404238,117255,1172.55
787,531.519454077616,111406,1114.06
788,531.603950696814,108918,1089.18
789,531.688447262078,106655,1066.55
790,531.772943773652,103289,1032.89
791,531.857440231782,100218,1002.18
792,531.941936636713,97570,975.7
793,532.026432988689,98058,980.58
794,532.110929287956,97061,970.61
795,532.19542553476,96807,968.07
796,532.279921729345,95642,956.42
797,532.364417871956,92779,927.79
798,532.448913962839,90632,906.32
799,532.533410002239,89305,893.05
800,532.6179059904,88529,885.29
801,532.702401927568,87357,873.57
802,532.786897813989,86138,861.38
803,532.871393649906,91223,912.23
804,532.955889435567,95505,955.05
805,533.040385171214,92724,927.24
806,533.124880857094,113515,1135.15
807,533.209376493452,117882,1178.82
808,533.293872080533,103065,1030.65
809,533.378367618582,94300,943
810,533.462863107844,108513,1085.13
811,533.547358548564,110651,1106.51
812,533.631853940988,101216,1012.16
813,533.71634928536,95272,952.72
814,533.800844581926,99011,990.11
815,533.885339830931,97967,979.67
816,533.96983503262,91603,916.03
817,534.054330187238,87637,876.37
818,534.13882529503,87448,874.48
819,534.223320356242,86800,868
820,534.307815371118,84764,847.64
821,534.392310339903,83460,834.6
822,534.476805262844,82648,826.48
823,534.561300140184,82208,822.08
824,534.64579497217,87592,875.92
825,534.730289759045,88837,888.37
826,534.814784501056,88260,882.6
827,534.899279198448,87519,875.19
828,534.983773851465,84872,848.72
829,535.068268460352,86203,862.03
830,535.152763025356,94808,948.08
831,535.23725754672,111062,1110.62
832,535.321752024691,110913,1109.13
833,535.406246459513,99295,992.95
834,535.490740851431,91801,918.01
835,535.575235200691,87396,873.96
836,535.659729507538,84903,849.03
837,535.744223772216,420989,4209.89
838,535.828717994971,516110,5161.1
839,535.913212176048,334265,3342.65
840,535.997706315693,225902,2259.02
841,536.08220041415,172575,1725.75
842,536.166694471664,139951,1399.51
843,536.251188488481,115611,1156.11
844,536.335682464845,101287,1012.87
845,536.420176401003,93173,931.73
846,536.504670297198,88475,884.75
847,536.589164153677,85561,855.61
848,536.673657970684,83710,837.1
849,536.758151748464,83606,836.06
850,536.842645487263,83504,835.04
851,536.927139187325,82738,827.38
852,537.011632848896,85405,854.05
853,537.096126472221,86506,865.06
854,537.180620057546,88446,884.46
855,537.265113605114,90786,907.86
856,537.349607115172,89045,890.45
857,537.434100587964,87113,871.13
858,537.518594023736,85609,856.09
859,537.603087422733,84299,842.99
860,537.687580785199,83868,838.68
861,537.772074111381,86523,865.23
862,537.856567401522,96312,963.12
863,537.941060655869,106794,1067.94
864,538.025553874667,103828,1038.28
865,538.11004705816,97448,974.48
866,538.194540206593,98101,981.01
867,538.279033320213,107922,1079.22
868,538.363526399263,129819,1298.19
869,538.44801944399,160599,1605.99
870,538.532512454637,193696,1936.96
871,538.617005431451,223774,2237.74
872,538.701498374677,243449,2434.49
873,538.785991284559,250678,2506.78
874,538.870484161343,244286,2442.86
875,538.954977005273,233010,2330.1
876,539.039469816596,216655,2166.55
877,539.123962595556,197447,1974.47
878,539.208455342398,187274,1872.74
879,539.292948057368,179847,1798.47
880,539.37744074071,168453,1684.53
881,539.46193339267,161083,1610.83
882,539.546426013493,156901,1569.01
883,539.630918603424,155069,1550.69
884,539.715411162708,148863,1488.63
885,539.79990369159,142309,1423.09
886,539.884396190315,135492,1354.92
887,539.968888659129,149346,1493.46
888,540.053381098277,153380,1533.8
889,540.137873508003,136886,1368.86
890,540.222365888553,121803,1218.03
891,540.306858240173,111099,1110.99
892,540.391350563106,102982,1029.82
893,540.475842857599,102307,1023.07
894,540.560335123896,99419,994.19
895,540.644827362243,96073,960.73
896,540.729319572884,95568,955.68
897,540.813811756066,92264,922.64
898,540.898303912032,88492,884.92
899,540.982796041028,86168,861.68
900,541.0672881433,84858,848.58
901,541.151780219092,84591,845.91
902,541.23627226865,84651,846.51
903,541.320764292218,84581,845.81
904,541.405256290042,84975,849.75
905,541.489748262367,87549,875.49
906,541.574240209438,92524,925.24
907,541.6587321315,93201,932.01
908,541.743224028798,94453,944.53
909,541.827715901578,95419,954.19
910,541.912207750085,95241,952.41
911,541.996699574563,97545,975.45
912,542.081191375258,101232,1012.32
913,542.165683152415,109039,1090.39
914,542.250174906279,116314,1163.14
915,542.334666637096,122903,1229.03
916,542.41915834511,132203,1322.03
917,542.503650030566,162908,1629.08
918,542.58814169371,185376,1853.76
919,542.672633334787,198728,1987.28
920,542.757124954042,213614,2136.14
921,542.841616551719,229455,2294.55
922,542.926108128065,253319,2533.19
923,543.010599683325,277706,2777.06
924,543.095091217743,301275,3012.75
925,543.179582731564,348954,3489.54
926,543.264074225034,378844,3788.44
927,543.348565698398,388681,3886.81
928,543.433057151901,402759,4027.59
929,543.517548585789,418335,4183.35
930,543.602040000305,439029,4390.29
931,543.686531395696,457649,4576.49
932,543.771022772206,469238,4692.38
933,543.855514130081,481805,4818.05
934,543.940005469566,496159,4961.59
935,544.024496790906,505387,5053.87
936,544.108988094346,519606,5196.06
937,544.193479380131,532076,5320.76
938,544.277970648506,537272,5372.72
939,544.362461899717,542912,5429.12
940,544.446953134009,553930,5539.3
941,544.531444351626,561256,5612.56
942,544.615935552814,567118,5671.18
943,544.700426737818,573970,5739.7
944,544.784917906884,578715,5787.15
945,544.869409060255,585989,5859.89
946,544.953900198178,591172,5911.72
947,545.038391320898,593215,5932.15
948,545.122882428659,593972,5939.72
949,545.207373521708,594681,5946.81
950,545.291864600288,596293,5962.93
951,545.376355664645,597561,5975.61
952,545.460846715024,626932,6269.32
953,545.545337751671,635740,6357.4
954,545.62982877483,622656,6226.56
955,545.714319784747,619549,6195.49
956,545.798810781666,621437,6214.37
957,545.883301765834,620662,6206.62
958,545.967792737495,622133,6221.33
959,546.052283696893,625181,6251.81
960,546.136774644275,629808,6298.08
961,546.221265579886,633323,6333.23
962,546.30575650397,635391,6353.91
963,546.390247416772,638646,6386.46
964,546.474738318539,641352,6413.52
965,546.559229209514,644055,6440.55
966,546.643720089944,647244,6472.44
967,546.728210960073,650350,6503.5
968,546.812701820146,654898,6548.98
969,546.897192670409,660240,6602.4
970,546.981683511106,661281,6612.81
971,547.066174342483,660650,6606.5
972,547.150665164785,662378,6623.78
973,547.235155978257,666419,6664.19
974,547.319646783145,667562,6675.62
975,547.404137579692,666919,6669.19
976,547.488628368145,666926,6669.26
977,547.573119148749,667576,6675.76
978,547.657609921748,669644,6696.44
979,547.742100687388,675481,6754.81
980,547.826591445914,678736,6787.36
981,547.911082197572,679737,6797.37
982,547.995572942605,683180,6831.8
983,548.08006368126,686093,6860.93
984,548.164554413782,687872,6878.72
985,548.249045140415,689915,6899.15
986,548.333535861404,692652,6926.52
987,548.418026576996,708861,7088.61
988,548.502517287435,713718,7137.18
989,548.587007992966,707606,7076.06
990,548.671498693834,703651,7036.51
991,548.755989390285,706259,7062.59
992,548.840480082563,709881,7098.81
993,548.924970770915,707894,7078.94
994,549.009461455584,705146,7051.46
995,549.093952136815,706549,7065.49
996,549.178442814856,706283,7062.83
997,549.262933489949,704333,7043.33
998,549.347424162341,710857,7108.57
999,549.431914832276,713445,7134.45
1000,549.5164055,711010,7110.1
1001,549.600896165758,712018,7120.18
1002,549.685386829794,713356,7133.56
1003,549.769877492355,713326,7133.26
1004,549.854368153685,714917,7149.17
1005,549.938858814029,732028,7320.28
1006,550.023349473633,739457,7394.57
1007,550.107840132742,735155,7351.55
1008,550.1923307916,730778,7307.78
1009,550.276821450453,726229,7262.29
1010,550.361312109546,724126,7241.26
1011,550.445802769124,725604,7256.04
1012,550.530293429432,725930,7259.3
1013,550.614784090716,723971,7239.71
1014,550.69927475322,722124,7221.24
1015,550.78376541719,721386,7213.86
1016,550.868256082871,720206,7202.06
1017,550.952746750508,719663,7196.63
1018,551.037237420346,721803,7218.03
1019,551.12172809263,722444,7224.44
1020,551.206218767606,721826,7218.26
1021,551.290709445518,721023,7210.23
1022,551.375200126611,720622,7206.22
1023,551.459690811131,724802,7248.02
1024,551.544181499323,726203,7262.03
1025,551.628672191433,725024,7250.24
1026,551.713162887704,724180,7241.8
1027,551.797653588383,724101,7241.01
1028,551.882144293714,724241,7242.41
1029,551.966635003943,724280,7242.8
1030,552.051125719314,727292,7272.92
1031,552.135616440073,732096,7320.96
1032,552.220107166465,731022,7310.22
1033,552.304597898735,729603,7296.03
1034,552.389088637129,728500,7285
1035,552.473579381891,744704,7447.04
1036,552.558070133266,747297,7472.97
1037,552.6425608915,736716,7367.16
1038,552.727051656838,730254,7302.54
1039,552.811542429524,746871,7468.71
1040,552.896033209805,748634,7486.34
1041,552.980523997925,737043,7370.43
1042,553.065014794129,729602,7296.02
1043,553.149505598662,722935,7229.35
1044,553.23399641177,718697,7186.97
1045,553.318487233698,718871,7188.71
1046,553.402978064691,730210,7302.1
1047,553.487468904993,740462,7404.62
1048,553.571959754851,734955,7349.55
1049,553.656450614509,725541,7255.41
1050,553.740941484213,720386,7203.86
1051,553.825432364206,722951,7229.51
1052,553.909923254736,722860,7228.6
1053,553.994414156046,724426,7244.26
1054,554.078905068382,723359,7233.59
1055,554.16339599199,718616,7186.16
1056,554.247886927113,715516,7155.16
1057,554.332377873998,732328,7323.28
1058,554.416868832889,735355,7353.55
1059,554.501359804032,723315,7233.15
1060,554.585850787671,715972,7159.72
1061,554.670341784053,711188,7111.88
1062,554.754832793421,707726,7077.26
1063,554.839323816021,704653,7046.53
1064,554.923814852099,702032,7020.32
1065,555.008305901899,699548,6995.48
1066,555.092796965667,703763,7037.63
1067,555.177288043647,703652,7036.52
1068,555.261779136085,722760,7227.6
1069,555.346270243226,726095,7260.95
1070,555.430761365315,713484,7134.84
1071,555.515252502597,707723,7077.23
1072,555.599743655318,701875,7018.75
1073,555.684234823722,696826,6968.26
1074,555.768726008055,697325,6973.25
1075,555.853217208561,698289,6982.89
1076,555.937708425486,695002,6950.02
1077,556.022199659075,711475,7114.75
1078,556.106690909574,714812,7148.12
1079,556.191182177226,704818,7048.18
1080,556.275673462278,696718,6967.18
1081,556.360164764975,692152,6921.52
1082,556.444656085561,692804,6928.04
1083,556.529147424282,688881,6888.81
1084,556.613638781383,683615,6836.15
1085,556.698130157109,679775,6797.75
1086,556.782621551706,679611,6796.11
1087,556.867112965417,678055,6780.55
1088,556.951604398489,678873,6788.73
1089,557.036095851167,681712,6817.12
1090,557.120587323695,677370,6773.7
1091,557.20507881632,670400,6704
1092,557.289570329285,665118,6651.18
1093,557.374061862836,664465,6644.65
1094,557.458553417219,662916,6629.16
1095,557.543044992678,661650,6616.5
1096,557.627536589459,659401,6594.01
1097,557.712028207806,659035,6590.35
1098,557.796519847966,657719,6577.19
1099,557.881011510182,659586,6595.86
1100,557.9655031947,661552,6615.52
1101,558.049994901765,657602,6576.02
1102,558.134486631623,652070,6520.7
1103,558.218978384519,648620,6486.2
1104,558.303470160697,649225,6492.25
1105,558.387961960402,647573,6475.73
1106,558.472453783881,646003,6460.03
1107,558.556945631378,644627,6446.27
1108,558.641437503137,667727,6677.27
1109,558.725929399405,681214,6812.14
1110,558.810421320427,667697,6676.97
1111,558.894913266447,652872,6528.72
1112,558.97940523771,644097,6440.97
1113,559.063897234463,640805,6408.05
1114,559.14838925695,640103,6401.03
1115,559.232881305415,635775,6357.75
1116,559.317373380105,629687,6296.87
1117,559.401865481264,629513,6295.13
1118,559.486357609138,628802,6288.02
1119,559.570849763971,624716,6247.16
1120,559.65534194601,621654,6216.54
1121,559.739834155498,622441,6224.41
1122,559.824326392681,620609,6206.09
1123,559.908818657804,619214,6192.14
1124,559.993310951113,616728,6167.28
1125,560.077803272852,612763,6127.63
1126,560.162295623266,609640,6096.4
1127,560.246788002602,607483,6074.83
1128,560.331280411103,608352,6083.52
1129,560.415772849015,610465,6104.65
1130,560.500265316583,611222,6112.22
1131,560.584757814052,613492,6134.92
1132,560.669250341668,610464,6104.64
1133,560.753742899676,603760,6037.6
1134,560.83823548832,601696,6016.96
1135,560.922728107845,599420,5994.2
1136,561.007220758498,595847,5958.47
1137,561.091713440523,593262,5932.62
1138,561.176206154165,589907,5899.07
1139,561.260698899669,587522,5875.22
1140,561.345191677281,585225,5852.25
1141,561.429684487245,582518,5825.18
1142,561.514177329807,580462,5804.62
1143,561.598670205212,578622,5786.22
1144,561.683163113705,577161,5771.61
1145,561.767656055531,574785,5747.85
1146,561.852149030935,575353,5753.53
1147,561.936642040163,578231,5782.31
1148,562.021135083459,575557,5755.57
1149,562.105628161069,570759,5707.59
1150,562.190121273237,570450,5704.5
1151,562.27461442021,568450,5684.5
1152,562.359107602232,574253,5742.53
1153,562.443600819547,573663,5736.63
1154,562.528094072403,569613,5696.13
1155,562.612587361042,573665,5736.65
1156,562.697080685712,573743,5737.43
1157,562.781574046656,569678,5696.78
1158,562.866067444119,580109,5801.09
1159,562.950560878348,578873,5788.73
1160,563.035054349587,565906,5659.06
1161,563.119547858082,560855,5608.55
1162,563.204041404076,557884,5578.84
1163,563.288534987816,553919,5539.19
1164,563.373028609547,549620,5496.2
1165,563.457522269514,546657,5466.57
1166,563.542015967961,544198,5441.98
1167,563.626509705135,544930,5449.3
1168,563.71100348128,546815,5468.15
1169,563.795497296641,543926,5439.26
1170,563.879991151464,539137,5391.37
1171,563.964485045993,535875,5358.75
1172,564.048978980475,533755,5337.55
1173,564.133472955153,532151,5321.51
1174,564.217966970273,530318,5303.18
1175,564.30246102608,531604,5316.04
1176,564.386955122819,533310,5333.1
1177,564.471449260736,533387,5333.87
1178,564.555943440075,529922,5299.22
1179,564.640437661083,525312,5253.12
1180,564.724931924002,583798,5837.98
1181,564.80942622908,601357,6013.57
1182,564.893920576561,567086,5670.86
1183,564.97841496669,547249,5472.49
1184,565.062909399713,534469,5344.69
1185,565.147403875874,534195,5341.95
1186,565.231898395419,531069,5310.69
1187,565.316392958592,522018,5220.18
1188,565.400887565639,516057,5160.57
1189,565.485382216806,512770,5127.7
1190,565.569876912336,510710,5107.1
1191,565.654371652476,508597,5085.97
1192,565.73886643747,508896,5088.96
1193,565.823361267564,508341,5083.41
1194,565.907856143003,523023,5230.23
1195,565.992351064031,525675,5256.75
1196,566.076846030894,514781,5147.81
1197,566.161341043838,507177,5071.77
1198,566.245836103106,501330,5013.3
1199,566.330331208945,498579,4985.79
1200,566.4148263616,496684,4966.84
1201,566.499321561315,497085,4970.85
1202,566.583816808336,495637,4956.37
1203,566.668312102908,495816,4958.16
1204,566.752807445276,494287,4942.87
1205,566.837302835685,492014,4920.14
1206,566.92179827438,492408,4924.08
1207,567.006293761607,491018,4910.18
1208,567.090789297611,488097,4880.97
1209,567.175284882636,490601,4906.01
1210,567.259780516928,489918,4899.18
1211,567.344276200732,485217,4852.17
1212,567.428771934293,482243,4822.43
1213,567.513267717856,483464,4834.64
1214,567.597763551667,482710,4827.1
1215,567.68225943597,479788,4797.88
1216,567.766755371011,495452,4954.52
1217,567.851251357034,498871,4988.71
1218,567.935747394286,488123,4881.23
1219,568.020243483011,487412,4874.12
1220,568.104739623454,484965,4849.65
1221,568.18923581586,498370,4983.7
1222,568.273732060474,499678,4996.78
1223,568.358228357543,486085,4860.85
1224,568.442724707309,477931,4779.31
1225,568.52722111002,473208,4732.08
1226,568.61171756592,470013,4700.13
1227,568.696214075254,467673,4676.73
1228,568.780710638267,465578,4655.78
1229,568.865207255205,464036,4640.36
1230,568.949703926312,463406,4634.06
1231,569.034200651834,464712,4647.12
1232,569.118697432015,463988,4639.88
1233,569.203194267102,460784,4607.84
1234,569.287691157338,461522,4615.22
1235,569.37218810297,466032,4660.32
1236,569.456685104242,473513,4735.13
1237,569.5411821614,472435,4724.35
1238,569.625679274688,465180,4651.8
1239,569.710176444352,462662,4626.62
1240,569.794673670637,459801,4598.01
1241,569.879170953788,455432,4554.32
1242,569.96366829405,455820,4558.2
1243,570.048165691668,461085,4610.85
1244,570.132663146887,459753,4597.53
1245,570.217160659954,461019,4610.19
1246,570.301658231112,459784,4597.84
1247,570.386155860606,454276,4542.76
1248,570.470653548683,451187,4511.87
1249,570.555151295587,448908,4489.08
1250,570.639649101562,446866,4468.66
1251,570.724146966856,445256,4452.56
1252,570.808644891712,446562,4465.62
1253,570.893142876375,450643,4506.43
1254,570.977640921091,450914,4509.14
1255,571.062139026105,449634,4496.34
1256,571.146637191662,462878,4628.78
1257,571.231135418007,463438,4634.38
1258,571.315633705386,451448,4514.48
1259,571.400132054043,447307,4473.07
1260,571.484630464223,447011,4470.11
1261,571.569128936172,442508,4425.08
1262,571.653627470135,437305,4373.05
1263,571.738126066357,439548,4395.48
1264,571.822624725083,441927,4419.27
1265,571.907123446559,438567,4385.67
1266,571.991622231028,440172,4401.72
1267,572.076121078737,443736,4437.36
1268,572.160619989931,440085,4400.85
1269,572.245118964855,435924,4359.24
1270,572.329618003753,431855,4318.55
1271,572.414117106872,430429,4304.29
1272,572.498616274455,433216,4332.16
1273,572.583115506749,429876,4298.76
1274,572.667614803999,423136,4231.36
1275,572.752114166448,419430,4194.3
1276,572.836613594344,418439,4184.39
1277,572.921113087931,418688,4186.88
1278,573.005612647453,418570,4185.7
1279,573.090112273157,418218,4182.18
1280,573.174611965286,421345,4213.45
1281,573.259111724088,427602,4276.02
1282,573.343611549805,433668,4336.68
1283,573.428111442685,453755,4537.55
1284,573.512611402971,456608,4566.08
1285,573.597111430909,480343,4803.43
1286,573.681611526744,482210,4822.1
1287,573.766111690721,463466,4634.66
1288,573.850611923086,448016,4480.16
1289,573.935112224083,433842,4338.42
1290,574.019612593957,425532,4255.32
1291,574.104113032955,420944,4209.44
1292,574.18861354132,421320,4213.2
1293,574.273114119298,420775,4207.75
1294,574.357614767134,420956,4209.56
1295,574.442115485074,419472,4194.72
1296,574.526616273362,456960,4569.6
1297,574.611117132243,465391,4653.91
1298,574.695618061963,455667,4556.67
1299,574.780119062767,448018,4480.18
1300,574.8646201349,433102,4331.02
1301,574.949121278607,425302,4253.02
1302,575.033622494133,422344,4223.44
1303,575.118123781723,420370,4203.7
1304,575.202625141623,415487,4154.87
1305,575.287126574078,409886,4098.86
1306,575.371628079332,406934,4069.34
1307,575.456129657631,406101,4061.01
1308,575.54063130922,405290,4052.9
1309,575.625133034344,408329,4083.29
1310,575.709634833249,413515,4135.15
1311,575.794136706179,411944,4119.44
1312,575.878638653379,407718,4077.18
1313,575.963140675095,404875,4048.75
1314,576.047642771572,402583,4025.83
1315,576.132144943055,400891,4008.91
1316,576.216647189789,403732,4037.32
1317,576.301149512019,404305,4043.05
1318,576.38565190999,401391,4013.91
1319,576.470154383948,399330,3993.3
1320,576.554656934138,398706,3987.06
1321,576.639159560804,401589,4015.89
1322,576.723662264192,401827,4018.27
1323,576.808165044547,426197,4261.97
1324,576.892667902114,434242,4342.42
1325,576.977170837139,419144,4191.44
1326,577.061673849866,407005,4070.05
1327,577.146176940541,400194,4001.94
1328,577.230680109408,397251,3972.51
1329,577.315183356713,395145,3951.45
1330,577.399686682701,395922,3959.22
1331,577.484190087617,415775,4157.75
1332,577.568693571706,418692,4186.92
1333,577.653197135214,406367,4063.67
1334,577.737700778385,401825,4018.25
1335,577.822204501465,397514,3975.14
1336,577.906708304698,392588,3925.88
1337,577.991212188331,417769,4177.69
1338,578.075716152607,423836,4238.36
1339,578.160220197773,411188,4111.88
1340,578.244724324073,402551,4025.51
1341,578.329228531752,401408,4014.08
1342,578.413732821056,402074,4020.74
1343,578.49823719223,396521,3965.21
1344,578.582741645518,390784,3907.84
1345,578.667246181166,390234,3902.34
1346,578.75175079942,389191,3891.91
1347,578.836255500524,389805,3898.05
1348,578.920760284723,395542,3955.42
1349,579.005265152262,394571,3945.71
1350,579.089770103388,389706,3897.06
1351,579.174275138344,386618,3866.18
1352,579.258780257375,384247,3842.47
1353,579.343285460728,382609,3826.09
1354,579.427790748647,381532,3815.32
1355,579.512296121378,380177,3801.77
1356,579.596801579165,379168,3791.68
1357,579.681307122253,379327,3793.27
1358,579.765812750888,378775,3787.75
1359,579.850318465315,377805,3778.05
1360,579.934824265779,376884,3768.84
1361,580.019330152525,375906,3759.06
1362,580.103836125799,391525,3915.25
1363,580.188342185844,394991,3949.91
1364,580.272848332908,387855,3878.55
1365,580.357354567233,382870,3828.7
1366,580.441860889067,378575,3785.75
1367,580.526367298654,375692,3756.92
1368,580.610873796238,379249,3792.49
1369,580.695380382066,379288,3792.88
1370,580.779887056382,374976,3749.76
1371,580.864393819432,375786,3757.86
1372,580.94890067146,375669,3756.69
1373,581.033407612712,372784,3727.84
1374,581.117914643433,371337,3713.37
1375,581.202421763867,370617,3706.17
1376,581.286928974261,369904,3699.04
1377,581.371436274859,371581,3715.81
1378,581.455943665907,370854,3708.54
1379,581.540451147649,371657,3716.57
1380,581.62495872033,370918,3709.18
1381,581.709466384197,367873,3678.73
1382,581.793974139493,366896,3668.96
1383,581.878481986465,372208,3722.08
1384,581.962989925357,372158,3721.58
1385,582.047497956414,374127,3741.27
1386,582.132006079881,375716,3757.16
1387,582.216514296004,371415,3714.15
1388,582.301022605028,367857,3678.57
1389,582.385531007198,374241,3742.41
1390,582.470039502758,375042,3750.42
1391,582.554548091955,369604,3696.04
1392,582.639056775033,366463,3664.63
1393,582.723565552238,363871,3638.71
1394,582.808074423814,362096,3620.96
1395,582.892583390007,360664,3606.64
1396,582.977092451061,365555,3655.55
1397,583.061601607223,366719,3667.19
1398,583.146110858736,364324,3643.24
1399,583.230620205847,364262,3642.62
1400,583.3151296488,361624,3616.24
1401,583.399639187841,360931,3609.31
1402,583.484148823214,360378,3603.78
1403,583.568658555165,357999,3579.99
1404,583.653168383939,356425,3564.25
1405,583.73767830978,361140,3611.4
1406,583.822188332935,362236,3622.36
1407,583.906698453649,360875,3608.75
1408,583.991208672165,358399,3583.99
1409,584.075718988731,354679,3546.79
1410,584.16022940359,355087,3550.87
1411,584.244739916987,354968,3549.68
1412,584.329250529169,352392,3523.92
1413,584.41376124038,350897,3508.97
1414,584.498272050865,350638,3506.38
1415,584.58278296087,350775,3507.75
1416,584.667293970638,358081,3580.81
1417,584.751805080417,365356,3653.56
1418,584.83631629045,362264,3622.64
1419,584.920827600983,356269,3562.69
1420,585.005339012262,352351,3523.51
1421,585.08985052453,352538,3525.38
1422,585.174362138034,354656,3546.56
1423,585.258873853018,355302,3553.02
1424,585.343385669727,352723,3527.23
1425,585.427897588408,349005,3490.05
1426,585.512409609304,346235,3462.35
1427,585.596921732661,344723,3447.23
1428,585.681433958724,345990,3459.9
1429,585.765946287739,345661,3456.61
1430,585.85045871995,347016,3470.16
1431,585.934971255602,349835,3498.35
1432,586.019483894941,354275,3542.75
1433,586.103996638212,355378,3553.78
1434,586.18850948566,350636,3506.36
1435,586.27302243753,346878,3468.78
1436,586.357535494067,343771,3437.71
1437,586.442048655516,361370,3613.7
1438,586.526561922122,383302,3833.02
1439,586.611075294132,375923,3759.23
1440,586.695588771789,359976,3599.76
1441,586.780102355339,350666,3506.66
1442,586.864616045027,347738,3477.38
1443,586.949129841097,344568,3445.68
1444,587.033643743797,340428,3404.28
1445,587.118157753369,338146,3381.46
1446,587.20267187006,336755,3367.55
1447,587.287186094115,335564,3355.64
1448,587.371700425779,334983,3349.83
1449,587.456214865296,334478,3344.78
1450,587.540729412912,334013,3340.13
1451,587.625244068873,333709,3337.09
1452,587.709758833423,335449,3354.49
1453,587.794273706808,336040,3360.4
1454,587.878788689272,335577,3355.77
1455,587.963303781061,334441,3344.41
1456,588.047818982419,333109,3331.09
1457,588.132334293593,334927,3349.27
1458,588.216849714827,337643,3376.43
1459,588.301365246366,335633,3356.33
1460,588.385880888455,332274,3322.74
1461,588.47039664134,329968,3299.68
1462,588.554912505266,327776,3277.76
1463,588.639428480477,329947,3299.47
1464,588.72394456722,334235,3342.35
1465,588.808460765738,339009,3390.09
1466,588.892977076278,336672,3366.72
1467,588.977493499084,331115,3311.15
1468,589.062010034401,327045,3270.45
1469,589.146526682475,323745,3237.45
1470,589.231043443551,322073,3220.73
1471,589.315560317874,320301,3203.01
1472,589.400077305689,319385,3193.85
1473,589.48459440724,318782,3187.82
1474,589.569111622774,320950,3209.5
1475,589.653628952536,325806,3258.06
1476,589.73814639677,325347,3253.47
1477,589.822663955722,321854,3218.54
1478,589.907181629636,393532,3935.32
1479,589.991699418759,418635,4186.35
1480,590.076217323334,386068,3860.68
1481,590.160735343608,360959,3609.59
1482,590.245253479825,341605,3416.05
1483,590.329771732231,330296,3302.96
1484,590.41429010107,350574,3505.74
1485,590.498808586588,354045,3540.45
1486,590.58332718903,337187,3371.87
1487,590.667845908641,328873,3288.73
1488,590.752364745666,323398,3233.98
1489,590.83688370035,318550,3185.5
1490,590.921402772939,318889,3188.89
1491,591.005921963678,323331,3233.31
1492,591.090441272811,321689,3216.89
1493,591.174960700584,319638,3196.38
1494,591.259480247241,319829,3198.29
1495,591.343999913029,320052,3200.52
1496,591.428519698192,317513,3175.13
1497,591.513039602976,314163,3141.63
1498,591.597559627625,312477,3124.77
1499,591.682079772385,311247,3112.47
1500,591.7666000375,309816,3098.16
1501,591.851120423216,309498,3094.98
1502,591.935640929779,309165,3091.65
1503,592.020161557432,309964,3099.64
1504,592.104682306422,310163,3101.63
1505,592.189203176993,308897,3088.97
1506,592.273724169391,307435,3074.35
1507,592.35824528386,306062,3060.62
1508,592.442766520647,305128,3051.28
1509,592.527287879995,307399,3073.99
1510,592.611809362151,308010,3080.1
1511,592.696330967358,329895,3298.95
1512,592.780852695863,334325,3343.25
1513,592.865374547911,320565,3205.65
1514,592.949896523746,312714,3127.14
1515,593.034418623614,308115,3081.15
1516,593.11894084776,336727,3367.27
1517,593.203463196429,343269,3432.69
1518,593.287985669866,325346,3253.46
1519,593.372508268317,314588,3145.88
1520,593.457030992026,308308,3083.08
1521,593.541553841238,304366,3043.66
1522,593.626076816199,302129,3021.29
1523,593.710599917154,300622,3006.22
1524,593.795123144348,299257,2992.57
1525,593.879646498027,297905,2979.05
1526,593.964169978434,302738,3027.38
1527,594.048693585816,304360,3043.6
1528,594.133217320417,301044,3010.44
1529,594.217741182483,301638,3016.38
1530,594.302265172259,300353,3003.53
1531,594.38678928999,300053,3000.53
1532,594.47131353592,299230,2992.3
1533,594.555837910296,299397,2993.97
1534,594.640362413363,298654,2986.54
1535,594.724887045364,313755,3137.55
1536,594.809411806547,316947,3169.47
1537,594.893936697155,306388,3063.88
1538,594.978461717434,305255,3052.55
1539,595.062986867629,303029,3030.29
1540,595.147512147985,298349,2983.49
1541,595.232037558747,301292,3012.92
1542,595.316563100161,306851,3068.51
1543,595.401088772471,304079,3040.79
1544,595.485614575923,298231,2982.31
1545,595.570140510762,294053,2940.53
1546,595.654666577233,291110,2911.1
1547,595.73919277558,292401,2924.01
1548,595.82371910605,293404,2934.04
1549,595.908245568888,291735,2917.35
1550,595.992772164338,295248,2952.48
1551,596.077298892645,301124,3011.24
1552,596.161825754055,298275,2982.75
1553,596.246352748813,292029,2920.29
1554,596.330879877164,288391,2883.91
1555,596.415407139353,298533,2985.33
1556,596.499934535626,300789,3007.89
1557,596.584462066227,294008,2940.08
1558,596.668989731401,292139,2921.39
1559,596.753517531394,292497,2924.97
1560,596.838045466451,292021,2920.21
1561,596.922573536817,288499,2884.99
1562,597.007101742737,284751,2847.51
1563,597.091630084456,308135,3081.35
1564,597.17615856222,327459,3274.59
1565,597.260687176273,317899,3178.99
1566,597.345215926861,304880,3048.8
1567,597.429744814228,301463,3014.63
1568,597.51427383862,295277,2952.77
1569,597.598803000283,287596,2875.96
1570,597.68333229946,289187,2891.87
1571,597.767861736398,287598,2875.98
1572,597.852391311341,288290,2882.9
1573,597.936921024535,287019,2870.19
1574,598.021450876224,285071,2850.71
1575,598.105980866655,285848,2858.48
1576,598.190510996071,283046,2830.46
1577,598.275041264718,281884,2818.84
1578,598.359571672842,283034,2830.34
1579,598.444102220687,285020,2850.2
1580,598.528632908498,282607,2826.07
1581,598.613163736522,280848,2808.48
1582,598.697694705001,285733,2857.33
1583,598.782225814183,286818,2868.18
1584,598.866757064312,284303,2843.03
1585,598.951288455633,280190,2801.9
1586,599.035819988391,278296,2782.96
1587,599.120351662832,279602,2796.02
1588,599.2048834792,277170,2771.7
1589,599.289415437741,273570,2735.7
1590,599.3739475387,271643,2716.43
1591,599.458479782322,273445,2734.45
1592,599.543012168852,276152,2761.52
1593,599.627544698535,277186,2771.86
1594,599.712077371617,274643,2746.43
1595,599.796610188342,271152,2711.52
1596,599.881143148956,271904,2719.04
1597,599.965676253703,273786,2737.86
1598,600.05020950283,271911,2719.11
1599,600.13474289658,268594,2685.94
1600,600.2192764352,266823,2668.23
1601,600.303810118934,268519,2685.19
1602,600.388343948028,268306,2683.06
1603,600.472877922726,266112,2661.12
1604,600.557412043273,267343,2673.43
1605,600.641946309916,266942,2669.42
1606,600.726480722899,264726,2647.26
1607,600.811015282466,263137,2631.37
1608,600.895549988864,261854,2618.54
1609,600.980084842338,260841,2608.41
1610,601.064619843132,262819,2628.19
1611,601.149154991491,263580,2635.8
1612,601.233690287662,265241,2652.41
1613,601.318225731888,264796,2647.96
1614,601.402761324415,262450,2624.5
1615,601.487297065489,263783,2637.83
1616,601.571832955354,264079,2640.79
1617,601.656368994255,264816,2648.16
1618,601.740905182438,263844,2638.44
1619,601.825441520148,261051,2610.51
1620,601.90997800763,262819,2628.19
1621,601.994514645128,265305,2653.05
1622,602.079051432889,265468,2654.68
1623,602.163588371157,263163,2631.63
1624,602.248125460177,262764,2627.64
1625,602.332662700195,261676,2616.76
1626,602.417200091456,261991,2619.91
1627,602.501737634204,260665,2606.65
1628,602.586275328686,257605,2576.05
1629,602.670813175145,255727,2557.27
1630,602.755351173828,262921,2629.21
1631,602.839889324979,264479,2644.79
1632,602.924427628843,262191,2621.91
1633,603.008966085667,262447,2624.47
1634,603.093504695693,259519,2595.19
1635,603.178043459169,255549,2555.49
1636,603.262582376339,256851,2568.51
1637,603.347121447448,258673,2586.73
1638,603.431660672741,257473,2574.73
1639,603.516200052464,254447,2544.47
1640,603.600739586861,252039,2520.39
1641,603.685279276178,250784,2507.84
1642,603.769819120659,250619,2506.19
1643,603.854359120551,249726,2497.26
1644,603.938899276098,251504,2515.04
1645,604.023439587545,254731,2547.31
1646,604.107980055137,253253,2532.53
1647,604.19252067912,252785,2527.85
1648,604.277061459738,253785,2537.85
1649,604.361602397237,251301,2513.01
1650,604.446143491862,247864,2478.64
1651,604.530684743859,256453,2564.53
1652,604.615226153471,268263,2682.63
1653,604.699767720944,267556,2675.56
1654,604.784309446525,259901,2599.01
1655,604.868851330456,255787,2557.87
1656,604.953393372984,258503,2585.03
1657,605.037935574354,261442,2614.42
1658,605.122477934812,256881,2568.81
1659,605.207020454601,270393,2703.93
1660,605.291563133967,271806,2718.06
1661,605.376105973156,259801,2598.01
1662,605.460648972412,252228,2522.28
1663,605.545192131981,247028,2470.28
1664,605.629735452108,243801,2438.01
1665,605.714278933038,241462,2414.62
1666,605.798822575015,246703,2467.03
1667,605.883366378286,247903,2479.03
1668,605.967910343095,243651,2436.51
1669,606.052454469688,240910,2409.1
1670,606.136998758309,239412,2394.12
1671,606.221543209204,241731,2417.31
1672,606.306087822618,241683,2416.83
1673,606.390632598795,239219,2392.19
1674,606.475177537982,240850,2408.5
1675,606.559722640423,243832,2438.32
1676,606.644267906364,244705,2447.05
1677,606.728813336049,244856,2448.56
1678,606.813358929724,242162,2421.62
1679,606.897904687633,238514,2385.14
1680,606.982450610022,236275,2362.75
1681,607.066996697137,234448,2344.48
1682,607.151542949221,236450,2364.5
1683,607.236089366521,239644,2396.44
1684,607.320635949282,238209,2382.09
1685,607.405182697748,235380,2353.8
1686,607.489729612165,237453,2374.53
1687,607.574276692777,237423,2374.23
1688,607.658823939831,234321,2343.21
1689,607.74337135357,235343,2353.43
1690,607.827918934241,237344,2373.44
1691,607.912466682089,235208,2352.08
1692,607.997014597358,232146,2321.46
1693,608.081562680293,239787,2397.87
1694,608.16611093114,241146,2411.46
1695,608.250659350145,238587,2385.87
1696,608.335207937551,238547,2385.47
1697,608.419756693605,237403,2374.03
1698,608.504305618551,234100,2341
1699,608.588854712634,233703,2337.03
1700,608.6734039761,232513,2325.13
1701,608.757953409194,238833,2388.33
1702,608.84250301216,242600,2426
1703,608.927052785245,236959,2369.59
1704,609.011602728693,232217,2322.17
1705,609.096152842749,229298,2292.98
1706,609.180703127658,226963,2269.63
1707,609.265253583666,225130,2251.3
1708,609.349804211018,224281,2242.81
1709,609.434355009958,226412,2264.12
1710,609.518905980733,226432,2264.32
1711,609.603457123586,230247,2302.47
1712,609.688008438764,259448,2594.48
1713,609.772559926511,263373,2633.73
1714,609.857111587073,245633,2456.33
1715,609.941663420694,234745,2347.45
1716,610.02621542762,228243,2282.43
1717,610.110767608096,228296,2282.96
1718,610.195319962366,227262,2272.62
1719,610.279872490677,223638,2236.38
1720,610.364425193274,221385,2213.85
1721,610.4489780704,220666,2206.66
1722,610.533531122303,220047,2200.47
1723,610.618084349226,220018,2200.18
1724,610.702637751414,222595,2225.95
1725,610.787191329114,225158,2251.58
1726,610.87174508257,223622,2236.22
1727,610.956299012027,226322,2263.22
1728,611.04085311773,225877,2258.77
1729,611.125407399925,221919,2219.19
1730,611.209961858857,218719,2187.19
1731,611.29451649477,238042,2380.42
1732,611.37907130791,250383,2503.83
1733,611.463626298523,240258,2402.58
1734,611.548181466852,231628,2316.28
1735,611.632736813144,231720,2317.2
1736,611.717292337643,228627,2286.27
1737,611.801848040595,222410,2224.1
1738,611.886403922244,218728,2187.28
1739,611.970959982837,219504,2195.04
1740,612.055516222617,220799,2207.99
1741,612.14007264183,221980,2219.8
1742,612.224629240722,222747,2227.47
1743,612.309186019537,220379,2203.79
1744,612.39374297852,228901,2289.01
1745,612.478300117917,230462,2304.62
1746,612.562857437973,237012,2370.12
1747,612.647414938933,238026,2380.26
1748,612.731972621042,227294,2272.94
1749,612.816530484545,218973,2189.73
1750,612.901088529688,229451,2294.51
1751,612.985646756714,230747,2307.47
1752,613.070205165871,223568,2235.68
1753,613.154763757402,218328,2183.28
1754,613.239322531553,213619,2136.19
1755,613.323881488569,213578,2135.78
1756,613.408440628695,211924,2119.24
1757,613.492999952176,208790,2087.9
1758,613.577559459258,210154,2101.54
1759,613.662119150185,212769,2127.69
1760,613.746679025203,210916,2109.16
1761,613.831239084557,207922,2079.22
1762,613.915799328492,209140,2091.4
1763,614.000359757252,208665,2086.65
1764,614.084920371084,206611,2066.11
1765,614.169481170232,205426,2054.26
1766,614.254042154942,204879,2048.79
1767,614.338603325458,203967,2039.67
1768,614.423164682026,206010,2060.1
1769,614.507726224891,208845,2088.45
1770,614.592287954298,207337,2073.37
1771,614.676849870492,220075,2200.75
1772,614.761411973718,222561,2225.61
1773,614.845974264222,212776,2127.76
1774,614.930536742248,207113,2071.13
1775,615.015099408042,206922,2069.22
1776,615.099662261849,205357,2053.57
1777,615.184225303914,202267,2022.67
1778,615.268788534481,203377,2033.77
1779,615.353351953797,202834,2028.34
1780,615.437915562106,206235,2062.35
1781,615.522479359654,206954,2069.54
1782,615.607043346685,202835,2028.35
1783,615.691607523446,214236,2142.36
1784,615.776171890179,216490,2164.9
1785,615.860736447132,207474,2074.74
1786,615.94530119455,201947,2019.47
1787,616.029866132676,201383,2013.83
1788,616.114431261757,200672,2006.72
1789,616.198996582037,201406,2014.06
1790,616.283562093762,203156,2031.56
1791,616.368127797177,203932,2039.32
1792,616.452693692527,201120,2011.2
1793,616.537259780057,196947,1969.47
1794,616.621826060012,197765,1977.65
1795,616.706392532638,200539,2005.39
1796,616.790959198179,198820,1988.2
1797,616.87552605688,195164,1951.64
1798,616.960093108988,212882,2128.82
1799,617.044660354746,217462,2174.62
1800,617.1292277944,214204,2142.04
1801,617.213795428195,217133,2171.33
1802,617.298363256377,211067,2110.67
1803,617.38293127919,202139,2021.39
1804,617.46749949688,196480,1964.8
1805,617.552067909691,192846,1928.46
1806,617.63663651787,190958,1909.58
1807,617.72120532166,562906,5629.06
1808,617.805774321307,672301,6723.01
1809,617.890343517057,472468,4724.68
1810,617.974912909154,350929,3509.29
1811,618.059482497843,280593,2805.93
1812,618.14405228337,240874,2408.74
1813,618.22862226598,218090,2180.9
1814,618.313192445918,204229,2042.29
1815,618.397762823429,208766,2087.66
1816,618.482333398757,210964,2109.64
1817,618.56690417215,202475,2024.75
1818,618.65147514385,198258,1982.58
1819,618.736046314105,194975,1949.75
1820,618.820617683158,191376,1913.76
1821,618.905189251254,189452,1894.52
1822,618.98976101864,188228,1882.28
1823,619.07433298556,186736,1867.36
1824,619.158905152259,189699,1896.99
1825,619.243477518983,209397,2093.97
1826,619.328050085976,211797,2117.97
1827,619.412622853484,202639,2026.39
1828,619.497195821751,199450,1994.5
1829,619.581768991023,201247,2012.47
1830,619.666342361546,197913,1979.13
1831,619.750915933564,191277,1912.77
1832,619.835489707321,187547,1875.47
1833,619.920063683065,191552,1915.52
1834,620.004637861039,194377,1943.77
1835,620.089212241489,190383,1903.83
1836,620.173786824659,186180,1861.8
1837,620.258361610796,184888,1848.88
1838,620.342936600144,183765,1837.65
1839,620.427511792947,182857,1828.57
1840,620.512087189453,187430,1874.3
1841,620.596662789905,212375,2123.75
1842,620.681238594548,224310,2243.1
1843,620.765814603629,211762,2117.62
1844,620.850390817391,197928,1979.28
1845,620.93496723608,192097,1920.97
1846,621.019543859942,194158,1941.58
1847,621.104120689221,191951,1919.51
1848,621.188697724162,188146,1881.46
1849,621.273274965011,185066,1850.66
1850,621.357852412012,181479,1814.79
1851,621.442430065412,180389,1803.89
1852,621.527007925454,179430,1794.3
1853,621.611585992385,180736,1807.36
1854,621.696164266449,181580,1815.8
1855,621.780742747892,179766,1797.66
1856,621.865321436958,178078,1780.78
1857,621.949900333892,177445,1774.45
1858,622.03447943894,179621,1796.21
1859,622.119058752348,179894,1798.94
1860,622.203638274359,177922,1779.22
1861,622.28821800522,180123,1801.23
1862,622.372797945175,180434,1804.34
1863,622.457378094469,178540,1785.4
1864,622.541958453348,176955,1769.55
1865,622.626539022057,177099,1770.99
1866,622.711119800841,176866,1768.66
1867,622.795700789945,175753,1757.53
1868,622.880281989613,185931,1859.31
1869,622.964863400093,187782,1877.82
1870,623.049445021627,180801,1808.01
1871,623.134026854462,177207,1772.07
1872,623.218608898843,174848,1748.48
1873,623.303191155015,176609,1766.09
1874,623.387773623222,177546,1775.46
1875,623.472356303711,178522,1785.22
1876,623.556939196726,180113,1801.13
1877,623.641522302512,177913,1779.13
1878,623.726105621315,174277,1742.77
1879,623.810689153379,174916,1749.16
1880,623.89527289895,174429,1744.29
1881,623.979856858273,174969,1749.69
1882,624.064441031593,179194,1791.94
1883,624.149025419156,180632,1806.32
1884,624.233610021205,182533,1825.33
1885,624.318194837987,182622,1826.22
1886,624.402779869747,180841,1808.41
1887,624.487365116729,181681,1816.81
1888,624.571950579179,181151,1811.51
1889,624.656536257342,176437,1764.37
1890,624.741122151463,171557,1715.57
1891,624.825708261788,171195,1711.95
1892,624.91029458856,176406,1764.06
1893,624.994881132027,175603,1756.03
1894,625.079467892432,173703,1737.03
1895,625.16405487002,171666,1716.66
1896,625.248642065038,168582,1685.82
1897,625.33322947773,196883,1968.83
1898,625.41781710834,206674,2066.74
1899,625.502404957115,310124,3101.24
1900,625.5869930243,335485,3354.85
1901,625.671581310139,264804,2648.04
1902,625.756169814878,583267,5832.67
1903,625.840758538762,660086,6600.86
1904,625.925347482035,450425,4504.25
1905,626.009936644944,335259,3352.59
1906,626.094526027733,266049,2660.49
1907,626.179115630648,220201,2202.01
1908,626.263705453933,194504,1945.04
1909,626.348295497833,182280,1822.8
1910,626.432885762595,173882,1738.82
1911,626.517476248462,168287,1682.87
1912,626.60206695568,177285,1772.85
1913,626.686657884495,177483,1774.83
1914,626.771249035151,168320,1683.2
1915,626.855840407893,168521,1685.21
1916,626.940432002967,166797,1667.97
1917,627.025023820618,165644,1656.44
1918,627.10961586109,177891,1778.91
1919,627.19420812463,177815,1778.15
1920,627.278800611482,177047,1770.47
1921,627.363393321891,175981,1759.81
1922,627.447986256102,199636,1996.36
1923,627.532579414361,202514,2025.14
1924,627.617172796912,182455,1824.55
1925,627.701766404002,170014,1700.14
1926,627.786360235874,163019,1630.19
1927,627.870954292774,161946,1619.46
1928,627.955548574948,159821,1598.21
1929,628.04014308264,169059,1690.59
1930,628.124737816095,170650,1706.5
1931,628.209332775559,165117,1651.17
1932,628.293927961276,160558,1605.58
1933,628.378523373493,155812,1558.12
1934,628.463119012454,152801,1528.01
1935,628.547714878403,151530,1515.3
1936,628.632310971587,153974,1539.74
1937,628.716907292251,156648,1566.48
1938,628.801503840639,157721,1577.21
1939,628.886100616996,155735,1557.35
1940,628.970697621569,152411,1524.11
1941,629.055294854601,150470,1504.7
1942,629.139892316339,152254,1522.54
1943,629.224490007026,154907,1549.07
1944,629.309087926909,153686,1536.86
1945,629.393686076233,153242,1532.42
1946,629.478284455242,151594,1515.94
1947,629.562883064182,148576,1485.76
1948,629.647481903298,146851,1468.51
1949,629.732080972835,145972,1459.72
1950,629.816680273037,147628,1476.28
1951,629.901279804152,147610,1476.1
1952,629.985879566422,148693,1486.93
1953,630.070479560095,151411,1514.11
1954,630.155079785414,151857,1518.57
1955,630.239680242624,148882,1488.82
1956,630.324280931972,145643,1456.43
1957,630.408881853702,150141,1501.41
1958,630.493483008059,152625,1526.25
1959,630.578084395288,148773,1487.73
1960,630.662686015635,144931,1449.31
1961,630.747287869345,147409,1474.09
1962,630.831889956662,147843,1478.43
1963,630.916492277832,144436,1444.36
1964,631.001094833101,141774,1417.74
1965,631.085697622712,140303,1403.03
1966,631.170300646912,142581,1425.81
1967,631.254903905945,142885,1428.85
1968,631.339507400056,146588,1465.88
1969,631.424111129492,149077,1490.77
1970,631.508715094496,151948,1519.48
1971,631.593319295314,159634,1596.34
1972,631.677923732192,159129,1591.29
1973,631.762528405373,153618,1536.18
1974,631.847133315104,149794,1497.94
1975,631.93173846163,145016,1450.16
1976,632.016343845195,143884,1438.84
1977,632.100949466045,141948,1419.48
1978,632.185555324425,138489,1384.89
1979,632.270161420579,136420,1364.2
1980,632.354767754754,135687,1356.87
1981,632.439374327195,137502,1375.02
1982,632.523981138146,137401,1374.01
1983,632.608588187852,135085,1350.85
1984,632.693195476559,135408,1354.08
1985,632.777803004512,135284,1352.84
1986,632.862410771956,134766,1347.66
1987,632.947018779136,134777,1347.77
1988,633.031627026297,134595,1345.95
1989,633.116235513685,136386,1363.86
1990,633.200844241544,141888,1418.88
1991,633.28545321012,141260,1412.6
1992,633.370062419658,136403,1364.03
1993,633.454671870403,133876,1338.76
1994,633.539281562599,132281,1322.81
1995,633.623891496493,130879,1308.79
1996,633.708501672329,130081,1300.81
1997,633.793112090353,132427,1324.27
1998,633.877722750809,132624,1326.24
1999,633.962333653943,130712,1307.12
2000,634.0469448,129142,1291.42
2001,634.131556189225,128234,1282.34
2002,634.216167821863,130651,1306.51
2003,634.300779698159,131204,1312.04
2004,634.385391818359,129199,1291.99
2005,634.470004182707,127936,1279.36
2006,634.554616791449,126979,1269.79
2007,634.639229644829,129172,1291.72
2008,634.723842743094,144194,1441.94
2009,634.808456086488,149401,1494.01
2010,634.893069675256,141175,1411.75
2011,634.977683509643,136906,1369.06
2012,635.062297589895,136495,1364.95
2013,635.146911916256,136032,1360.32
2014,635.231526488972,132990,1329.9
2015,635.316141308288,276657,2766.57
2016,635.400756374449,315478,3154.78
2017,635.4853716877,240405,2404.05
2018,635.569987248286,197056,1970.56
2019,635.654603056453,167364,1673.64
2020,635.739219112446,148725,1487.25
2021,635.823835416509,138332,1383.32
2022,635.908451968888,137663,1376.63
2023,635.993068769827,153169,1531.69
2024,636.077685819573,152566,1525.66
2025,636.16230311837,158811,1588.11
2026,636.246920666464,156217,1562.17
2027,636.331538464099,244777,2447.77
2028,636.41615651152,264926,2649.26
2029,636.500774808974,204149,2041.49
2030,636.585393356704,167839,1678.39
2031,636.670012154956,168644,1686.44
2032,636.754631203976,166027,1660.27
2033,636.839250504007,148416,1484.16
2034,636.923870055296,135724,1357.24
2035,637.008489858088,130650,1306.5
2036,637.093109912628,127665,1276.65
2037,637.17773021916,124112,1241.12
2038,637.26235077793,121747,1217.47
2039,637.346971589183,128717,1287.17
2040,637.431592653165,133201,1332.01
2041,637.51621397012,128912,1289.12
2042,637.600835540293,126110,1261.1
2043,637.68545736393,125837,1258.37
2044,637.770079441276,126380,1263.8
2045,637.854701772576,123912,1239.12
2046,637.939324358074,120622,1206.22
2047,638.023947198017,118844,1188.44
