Scan Date:,2025-05-24 16:14:22Z
Integration Time:,1000
Number of Averages:,100

Pixel Number,Wavelength (nm),Sum Spectrum,Averaged Spectrum
0,464.9839,28382,283.82
1,465.068515076491,28003,280.03
2,465.153129906126,28116,281.16
3,465.237744489151,27844,278.44
4,465.322358825812,27541,275.41
5,465.406972916352,27637,276.37
6,465.491586761018,27918,279.18
7,465.576200360054,27912,279.12
8,465.660813713705,27756,277.56
9,465.745426822218,27806,278.06
10,465.830039685836,28090,280.9
11,465.914652304805,28168,281.68
12,465.99926467937,28249,282.49
13,466.083876809776,28421,284.21
14,466.168488696269,28162,281.62
15,466.253100339093,196608,1966.08
16,466.337711738494,244351,2443.51
17,466.422322894716,155342,1553.42
18,466.506933808006,102531,1025.31
19,466.591544478607,72125,721.25
20,466.676154906766,54568,545.68
21,466.760765092726,44530,445.3
22,466.845375036735,42871,428.71
23,466.929984739036,41484,414.84
24,467.014594199874,38465,384.65
25,467.099203419495,36018,360.18
26,467.183812398145,33991,339.91
27,467.268421136067,33281,332.81
28,467.353029633508,68047,680.47
29,467.437637890711,80009,800.09
30,467.522245907924,66163,661.63
31,467.60685368539,54826,548.26
32,467.691461223355,45120,451.2
33,467.776068522063,40123,401.23
34,467.860675581761,36774,367.74
35,467.945282402693,40384,403.84
36,468.029888985104,48052,480.52
37,468.11449532924,46609,466.09
38,468.199101435345,44200,442
39,468.283707303665,41169,411.69
40,468.368312934445,36425,364.25
41,468.45291832793,38014,380.14
42,468.537523484364,41846,418.46
43,468.622128403994,69496,694.96
44,468.706733087065,82084,820.84
45,468.791337533821,66820,668.2
46,468.875941744507,51837,518.37
47,468.96054571937,43979,439.79
48,469.045149458653,39596,395.96
49,469.129752962602,36809,368.09
50,469.214356231462,34715,347.15
51,469.298959265479,33673,336.73
52,469.383562064897,33358,333.58
53,469.468164629962,32898,328.98
54,469.552766960919,36118,361.18
55,469.637369058012,41207,412.07
56,469.721970921487,40410,404.1
57,469.80657255159,37435,374.35
58,469.891173948565,39167,391.67
59,469.975775112657,38442,384.42
60,470.060376044111,35156,351.56
61,470.144976743173,33812,338.12
62,470.229577210088,37653,376.53
63,470.314177445101,38210,382.1
64,470.398777448457,39837,398.37
65,470.483377220402,67346,673.46
66,470.567976761179,75698,756.98
67,470.652576071035,62509,625.09
68,470.737175150215,51053,510.53
69,470.821773998963,42953,429.53
70,470.906372617525,42197,421.97
71,470.990971006146,40140,401.4
72,471.075569165072,76240,762.4
73,471.160167094546,86085,860.85
74,471.244764794815,68570,685.7
75,471.329362266123,56117,561.17
76,471.413959508717,49791,497.91
77,471.498556522839,53028,530.28
78,471.583153308737,53652,536.52
79,471.667749866655,49674,496.74
80,471.752346196838,48472,484.72
81,471.836942299532,48440,484.4
82,471.921538174981,53106,531.06
83,472.00613382343,50278,502.78
84,472.090729245126,42517,425.17
85,472.175324440312,37863,378.63
86,472.259919409234,39083,390.83
87,472.344514152137,38543,385.43
88,472.429108669267,35138,351.38
89,472.513702960868,34891,348.91
90,472.598297027185,37092,370.92
91,472.682890868465,36549,365.49
92,472.767484484951,34040,340.4
93,472.852077876889,32239,322.39
94,472.936671044524,35672,356.72
95,473.021263988101,36980,369.8
96,473.105856707865,35449,354.49
97,473.190449204062,41557,415.57
98,473.275041476937,60245,602.45
99,473.359633526735,68497,684.97
100,473.4442253537,58308,583.08
101,473.528816958078,50804,508.04
102,473.613408340115,49479,494.79
103,473.697999500055,45132,451.32
104,473.782590438143,39322,393.22
105,473.867181154625,36288,362.88
106,473.951771649745,39487,394.87
107,474.03636192375,39363,393.63
108,474.120951976883,36456,364.56
109,474.20554180939,34984,349.84
110,474.290131421517,33760,337.6
111,474.374720813508,37522,375.22
112,474.459309985608,38163,381.63
113,474.543898938063,35338,353.38
114,474.628487671118,34064,340.64
115,474.713076185018,33421,334.21
116,474.797664480008,37609,376.09
117,474.882252556332,73909,739.09
118,474.966840414238,84373,843.73
119,475.051428053968,105764,1057.64
120,475.13601547577,103286,1032.86
121,475.220602679887,73390,733.9
122,475.305189666564,55134,551.34
123,475.389776436048,44732,447.32
124,475.474362988583,39089,390.89
125,475.558949324414,35640,356.4
126,475.643535443787,33877,338.77
127,475.728121346946,33341,333.41
128,475.812707034136,32607,326.07
129,475.897292505604,60556,605.56
130,475.981877761593,73716,737.16
131,476.066462802349,63938,639.38
132,476.151047628118,56544,565.44
133,476.235632239144,48197,481.97
134,476.320216635672,40548,405.48
135,476.404800817948,40668,406.68
136,476.489384786216,40188,401.88
137,476.573968540723,42381,423.81
138,476.658552081712,66026,660.26
139,476.74313540943,69152,691.52
140,476.827718524121,54427,544.27
141,476.91230142603,44853,448.53
142,476.996884115403,43061,430.61
143,477.081466592484,41116,411.16
144,477.166048857519,36926,369.26
145,477.250630910753,38774,387.74
146,477.335212752432,38717,387.17
147,477.419794382799,35925,359.25
148,477.504375802101,38061,380.61
149,477.588957010582,38790,387.9
150,477.673538008487,36576,365.76
151,477.758118796063,87870,878.7
152,477.842699373553,101492,1014.92
153,477.927279741204,72245,722.45
154,478.011859899259,54622,546.22
155,478.096439847965,44299,442.99
156,478.181019587566,39256,392.56
157,478.265599118308,37091,370.91
158,478.350178440435,34996,349.96
159,478.434757554193,33882,338.82
160,478.519336459827,48242,482.42
161,478.603915157582,51556,515.56
162,478.688493647704,42723,427.23
163,478.773071930436,112255,1122.55
164,478.857650006026,130315,1303.15
165,478.942227874716,89974,899.74
166,479.026805536754,80809,808.09
167,479.111382992383,73584,735.84
168,479.19596024185,61514,615.14
169,479.280537285398,51161,511.61
170,479.365114123274,42628,426.28
171,479.449690755722,37614,376.14
172,479.534267182988,34563,345.63
173,479.618843405317,32873,328.73
174,479.703419422953,36003,360.03
175,479.787995236142,41828,418.28
176,479.87257084513,41055,410.55
177,479.95714625016,37468,374.68
178,480.041721451479,35046,350.46
179,480.126296449331,33905,339.05
180,480.210871243962,36859,368.59
181,480.295445835617,37561,375.61
182,480.380020224541,39017,390.17
183,480.464594410979,38530,385.3
184,480.549168395175,39569,395.69
185,480.633742177377,39421,394.21
186,480.718315757827,36144,361.44
187,480.802889136772,34321,343.21
188,480.887462314457,33101,331.01
189,480.972035291127,32186,321.86
190,481.056608067026,36513,365.13
191,481.141180642401,52234,522.34
192,481.225753017496,53322,533.22
193,481.310325192556,43740,437.4
194,481.394897167827,41953,419.53
195,481.479468943554,39997,399.97
196,481.564040519981,36477,364.77
197,481.648611897354,34266,342.66
198,481.733183075918,32713,327.13
199,481.817754055918,36173,361.73
200,481.9023248376,36859,368.59
201,481.986895421208,38066,380.66
202,482.071465806988,79341,793.41
203,482.156035995184,88067,880.67
204,482.240605986042,67858,678.58
205,482.325175779807,54833,548.33
206,482.409745376725,44871,448.71
207,482.494314777039,38938,389.38
208,482.578883980996,35793,357.93
209,482.663452988841,34367,343.67
210,482.748021800818,33179,331.79
211,482.832590417173,32689,326.89
212,482.91715883815,37121,371.21
213,483.001727063996,41616,416.16
214,483.086295094955,40071,400.71
215,483.170862931273,36812,368.12
216,483.255430573193,35707,357.07
217,483.339998020963,38819,388.19
218,483.424565274826,39429,394.29
219,483.509132335028,36377,363.77
220,483.593699201814,34311,343.11
221,483.678265875429,37260,372.6
222,483.762832356118,37419,374.19
223,483.847398644127,34201,342.01
224,483.9319647397,36156,361.56
225,484.016530643083,50617,506.17
226,484.101096354521,52583,525.83
227,484.185661874258,44861,448.61
228,484.270227202541,39630,396.3
229,484.354792339614,36067,360.67
230,484.439357285722,34472,344.72
231,484.523922041111,37679,376.79
232,484.608486606025,42053,420.53
233,484.69305098071,40558,405.58
234,484.777615165411,39195,391.95
235,484.862179160373,41683,416.83
236,484.946742965841,40017,400.17
237,485.03130658206,39824,398.24
238,485.115870009276,43013,430.13
239,485.200433247733,41488,414.88
240,485.284996297677,37518,375.18
241,485.369559159353,65710,657.1
242,485.454121833005,76678,766.78
243,485.53868431888,60499,604.99
244,485.623246617222,49707,497.07
245,485.707808728276,42973,429.73
246,485.792370652288,37894,378.94
247,485.876932389502,38772,387.72
248,485.961493940164,38321,383.21
249,486.046055304519,35530,355.3
250,486.130616482813,34956,349.56
251,486.215177475289,34742,347.42
252,486.299738282193,42081,420.81
253,486.384298903771,43768,437.68
254,486.468859340268,38705,387.05
255,486.553419591928,35166,351.66
256,486.637979658997,33613,336.13
257,486.722539541719,32898,328.98
258,486.807099240341,35649,356.49
259,486.891658755108,36177,361.77
260,486.976218086263,33847,338.47
261,487.060777234053,32514,325.14
262,487.145336198723,31947,319.47
263,487.229894980517,31363,313.63
264,487.314453579682,31643,316.43
265,487.399011996461,31932,319.32
266,487.483570231101,31635,316.35
267,487.568128283845,31507,315.07
268,487.652686154941,31060,310.6
269,487.737243844632,31258,312.58
270,487.821801353163,37001,370.01
271,487.906358680781,38335,383.35
272,487.990915827729,35400,354
273,488.075472794253,33807,338.07
274,488.160029580599,38567,385.67
275,488.244586187011,39846,398.46
276,488.329142613735,36672,366.72
277,488.413698861015,42634,426.34
278,488.498254929097,43729,437.29
279,488.582810818225,43428,434.28
280,488.667366528646,43270,432.7
281,488.751922060605,39212,392.12
282,488.836477414345,37630,376.3
283,488.921032590113,36891,368.91
284,489.005587588153,37505,375.05
285,489.090142408711,70993,709.93
286,489.174697052032,82244,822.44
287,489.259251518361,67293,672.93
288,489.343805807943,54482,544.82
289,489.428359921024,44577,445.77
290,489.512913857847,38683,386.83
291,489.597467618659,36132,361.32
292,489.682021203705,49003,490.03
293,489.76657461323,51939,519.39
294,489.851127847479,43206,432.06
295,489.935680906696,40301,403.01
296,490.020233791128,37878,378.78
297,490.104786501019,34525,345.25
298,490.189339036615,37361,373.61
299,490.27389139816,37966,379.66
300,490.3584435859,35003,350.03
301,490.44299560008,33056,330.56
302,490.527547440945,32080,320.8
303,490.612099108739,31312,313.12
304,490.69665060371,30921,309.21
305,490.7812019261,31100,311
306,490.865753076156,35360,353.6
307,490.950304054123,36958,369.58
308,491.034854860246,35294,352.94
309,491.119405494769,33969,339.69
310,491.203955957939,33094,330.94
311,491.288506249999,32964,329.64
312,491.373056371197,32317,323.17
313,491.457606321775,36490,364.9
314,491.54215610198,38962,389.62
315,491.626705712057,36427,364.27
316,491.711255152251,34023,340.23
317,491.795804422807,32335,323.35
318,491.88035352397,31538,315.38
319,491.964902455985,31841,318.41
320,492.049451219098,36388,363.88
321,492.133999813553,37235,372.35
322,492.218548239596,34673,346.73
323,492.303096497471,36896,368.96
324,492.387644587425,39838,398.38
325,492.472192509702,42060,420.6
326,492.556740264546,50315,503.15
327,492.641287852205,49230,492.3
328,492.725835272921,41150,411.5
329,492.810382526942,37902,379.02
330,492.894929614511,49248,492.48
331,492.979476535874,51163,511.63
332,493.064023291276,43222,432.22
333,493.148569880962,41216,412.16
334,493.233116305178,39135,391.35
335,493.317662564167,35520,355.2
336,493.402208658177,34402,344.02
337,493.486754587451,33189,331.89
338,493.571300352235,32105,321.05
339,493.655845952774,31485,314.85
340,493.740391389313,35741,357.41
341,493.824936662097,36854,368.54
342,493.909481771372,37325,373.25
343,493.994026717382,36441,364.41
344,494.078571500372,33717,337.17
345,494.163116120589,32590,325.9
346,494.247660578276,32171,321.71
347,494.33220487368,69934,699.34
348,494.416749007044,80722,807.22
349,494.501292978615,60883,608.83
350,494.585836788637,48254,482.54
351,494.670380437356,40788,407.88
352,494.754923925017,37313,373.13
353,494.839467251864,39972,399.72
354,494.924010418144,39135,391.35
355,495.0085534241,35487,354.87
356,495.093096269979,52789,527.89
357,495.177638956025,56966,569.66
358,495.262181482484,50149,501.49
359,495.3467238496,48018,480.18
360,495.431266057619,42705,427.05
361,495.515808106786,42131,421.31
362,495.600349997346,40758,407.58
363,495.684891729544,36867,368.67
364,495.769433303626,36440,364.4
365,495.853974719836,35289,352.89
366,495.938515978419,33041,330.41
367,496.023057079622,31962,319.62
368,496.107598023688,31693,316.93
369,496.192138810863,35887,358.87
370,496.276679441392,36740,367.4
371,496.361219915521,36367,363.67
372,496.445760233493,72923,729.23
373,496.530300395556,81599,815.99
374,496.614840401953,60625,606.25
375,496.69938025293,54650,546.5
376,496.783919948731,49603,496.03
377,496.868459489603,45999,459.99
378,496.95299887579,42470,424.7
379,497.037538107538,46194,461.94
380,497.12207718509,45481,454.81
381,497.206616108694,43172,431.72
382,497.291154878593,41146,411.46
383,497.375693495033,37330,373.3
384,497.460231958259,34500,345
385,497.544770268516,33260,332.6
386,497.629308426049,33193,331.93
387,497.713846431104,32398,323.98
388,497.798384283926,35335,353.35
389,497.882921984759,35999,359.99
390,497.967459533848,33891,338.91
391,498.05199693144,36710,367.1
392,498.136534177779,41767,417.67
393,498.22107127311,40603,406.03
394,498.305608217678,36556,365.56
395,498.390145011729,34329,343.29
396,498.474681655507,33098,330.98
397,498.559218149259,32581,325.81
398,498.643754493228,32380,323.8
399,498.72829068766,31518,315.18
400,498.8128267328,30823,308.23
401,498.897362628894,30797,307.97
402,498.981898376185,31154,311.54
403,499.066433974921,31793,317.93
404,499.150969425345,36081,360.81
405,499.235504727703,54406,544.06
406,499.32003988224,56817,568.17
407,499.404574889201,49654,496.54
408,499.489109748831,45345,453.45
409,499.573644461376,40207,402.07
410,499.65817902708,36406,364.06
411,499.742713446188,34230,342.3
412,499.827247718947,33050,330.5
413,499.9117818456,32658,326.58
414,499.996315826393,32051,320.51
415,500.080849661572,31699,316.99
416,500.165383351381,31500,315
417,500.249916896065,31270,312.7
418,500.33445029587,31807,318.07
419,500.41898355104,53520,535.2
420,500.503516661822,59673,596.73
421,500.588049628459,47818,478.18
422,500.672582451197,41263,412.63
423,500.757115130282,37472,374.72
424,500.841647665958,35003,350.03
425,500.92618005847,33527,335.27
426,501.010712308064,62998,629.98
427,501.095244414985,74433,744.33
428,501.179776379478,62621,626.21
429,501.264308201788,51675,516.75
430,501.34883988216,47382,473.82
431,501.433371420839,43533,435.33
432,501.517902818071,37649,376.49
433,501.6024340741,39413,394.13
434,501.686965189172,42256,422.56
435,501.771496163532,39459,394.59
436,501.856026997425,35710,357.1
437,501.940557691096,33536,335.36
438,502.02508824479,32333,323.33
439,502.109618658753,36768,367.68
440,502.194148933229,37557,375.57
441,502.278679068464,34456,344.56
442,502.363209064702,33434,334.34
443,502.44773892219,32632,326.32
444,502.532268641171,35772,357.72
445,502.616798221892,36901,369.01
446,502.701327664597,34977,349.77
447,502.785856969531,33533,335.33
448,502.87038613694,36258,362.58
449,502.954915167069,40658,406.58
450,503.039444060163,39089,390.89
451,503.123972816466,35804,358.04
452,503.208501436225,38526,385.26
453,503.293029919684,39389,393.89
454,503.377558267088,40896,408.96
455,503.462086478683,44317,443.17
456,503.546614554714,46885,468.85
457,503.631142495425,43741,437.41
458,503.715670301062,38344,383.44
459,503.800197971871,35117,351.17
460,503.884725508095,33142,331.42
461,503.969252909981,35852,358.52
462,504.053780177773,40839,408.39
463,504.138307311717,39946,399.46
464,504.222834312058,40361,403.61
465,504.307361179041,39856,398.56
466,504.39188791291,40415,404.15
467,504.476414513912,41456,414.56
468,504.560940982291,58014,580.14
469,504.645467318292,60028,600.28
470,504.729993522161,47582,475.82
471,504.814519594143,43948,439.48
472,504.899045534482,43713,437.13
473,504.983571343424,46419,464.19
474,505.068097021215,48059,480.59
475,505.152622568098,47378,473.78
476,505.23714798432,59927,599.27
477,505.321673270126,59197,591.97
478,505.40619842576,47257,472.57
479,505.490723451468,40385,403.85
480,505.575248347494,40074,400.74
481,505.659773114085,38592,385.92
482,505.744297751485,68358,683.58
483,505.828822259939,79984,799.84
484,505.913346639693,62229,622.29
485,505.997870890991,49111,491.11
486,506.082395014079,41603,416.03
487,506.166919009201,37662,376.62
488,506.251442876604,35147,351.47
489,506.335966616531,37175,371.75
490,506.420490229229,37113,371.13
491,506.505013714942,35012,350.12
492,506.589537073916,34171,341.71
493,506.674060306396,36986,369.86
494,506.758583412626,38203,382.03
495,506.843106392852,36028,360.28
496,506.927629247319,34213,342.13
497,507.012151976272,32825,328.25
498,507.096674579957,36093,360.93
499,507.181197058618,38002,380.02
500,507.2657194125,36062,360.62
501,507.350241641849,68233,682.33
502,507.43476374691,80723,807.23
503,507.519285727928,62893,628.93
504,507.603807585148,49326,493.26
505,507.688329318816,42109,421.09
506,507.772850929175,41954,419.54
507,507.857372416473,44185,441.85
508,507.941893780953,41456,414.56
509,508.02641502286,37703,377.03
510,508.110936142441,35231,352.31
511,508.195457139939,36940,369.4
512,508.279978015601,36565,365.65
513,508.364498769671,34477,344.77
514,508.449019402395,33365,333.65
515,508.533539914017,32174,321.74
516,508.618060304783,35125,351.25
517,508.702580574937,35924,359.24
518,508.787100724726,33593,335.93
519,508.871620754394,34182,341.82
520,508.956140664186,51910,519.1
521,509.040660454347,61010,610.1
522,509.125180125123,69912,699.12
523,509.209699676758,66245,662.45
524,509.294219109499,74422,744.22
525,509.378738423589,71659,716.59
526,509.463257619274,58733,587.33
527,509.5477766968,49717,497.17
528,509.632295656411,41252,412.52
529,509.716814498352,36558,365.58
530,509.801333222869,33953,339.53
531,509.885851830207,32518,325.18
532,509.97037032061,32074,320.74
533,510.054888694324,31476,314.76
534,510.139406951595,35995,359.95
535,510.223925092667,36940,369.4
536,510.308443117785,34118,341.18
537,510.392961027195,33623,336.23
538,510.477478821141,37243,372.43
539,510.56199649987,41408,414.08
540,510.646514063625,44364,443.64
541,510.731031512652,46421,464.21
542,510.815548847197,43020,430.2
543,510.900066067503,39030,390.3
544,510.984583173818,36132,361.32
545,511.069100166384,37519,375.19
546,511.153617045449,37403,374.03
547,511.238133811256,38708,387.08
548,511.322650464052,38274,382.74
549,511.407167004081,35117,351.17
550,511.491683431587,41578,415.78
551,511.576199746818,42762,427.62
552,511.660715950017,41880,418.8
553,511.745232041429,40449,404.49
554,511.829748021301,36722,367.22
555,511.914263889876,34638,346.38
556,511.9987796474,34779,347.79
557,512.083295294119,34195,341.95
558,512.167810830277,33454,334.54
559,512.252326256119,36048,360.48
560,512.336841571891,39619,396.19
561,512.421356777838,56263,562.63
562,512.505871874205,58408,584.08
563,512.590386861236,51463,514.63
564,512.674901739178,45602,456.02
565,512.759416508275,39584,395.84
566,512.843931168773,36083,360.83
567,512.928445720916,37866,378.66
568,513.01296016495,41620,416.2
569,513.097474501119,39735,397.35
570,513.18198872967,35953,359.53
571,513.266502850847,33978,339.78
572,513.351016864895,37006,370.06
573,513.435530772059,37960,379.6
574,513.520044572585,35180,351.8
575,513.604558266717,33167,331.67
576,513.689071854701,40383,403.83
577,513.773585336782,44582,445.82
578,513.858098713206,45447,454.47
579,513.942611984216,46667,466.67
580,514.027125150058,50214,502.14
581,514.111638210978,51711,517.11
582,514.196151167221,46196,461.96
583,514.280664019031,39519,395.19
584,514.365176766654,36136,361.36
585,514.449689410336,37558,375.58
586,514.53420195032,41022,410.22
587,514.618714386852,39467,394.67
588,514.703226720178,35499,354.99
589,514.787738950542,33467,334.67
590,514.87225107819,32105,321.05
591,514.956763103367,31349,313.49
592,515.041275026318,31071,310.71
593,515.125786847287,40175,401.75
594,515.210298566521,42652,426.52
595,515.294810184265,37494,374.94
596,515.379321700762,34945,349.45
597,515.463833116259,34024,340.24
598,515.548344431001,32914,329.14
599,515.632855645233,36021,360.21
600,515.7173667592,36922,369.22
601,515.801877773147,36190,361.9
602,515.886388687319,38869,388.69
603,515.970899501962,38176,381.76
604,516.05541021732,35052,350.52
605,516.139920833639,33210,332.1
606,516.224431351163,32133,321.33
607,516.308941770138,31886,318.86
608,516.39345209081,31718,317.18
609,516.477962313423,30990,309.9
610,516.562472438222,34684,346.84
611,516.646982465452,39860,398.6
612,516.731492395359,44965,449.65
613,516.816002228188,43841,438.41
614,516.900511964184,38738,387.38
615,516.985021603591,42968,429.68
616,517.069531146656,50815,508.15
617,517.154040593623,59648,596.48
618,517.238549944738,55641,556.41
619,517.323059200245,48821,488.21
620,517.40756836039,43942,439.42
621,517.492077425417,38720,387.2
622,517.576586395573,35544,355.44
623,517.661095271101,66743,667.43
624,517.745604052248,74841,748.41
625,517.830112739258,56250,562.5
626,517.914621332376,53960,539.6
627,517.999129831848,50715,507.15
628,518.083638237919,43231,432.31
629,518.168146550834,38483,384.83
630,518.252654770838,35220,352.2
631,518.337162898176,33712,337.12
632,518.421670933093,32716,327.16
633,518.506178875835,31861,318.61
634,518.590686726646,31362,313.62
635,518.675194485772,31929,319.29
636,518.759702153457,35858,358.58
637,518.844209729948,36936,369.36
638,518.928717215489,34768,347.68
639,519.013224610325,37191,371.91
640,519.097731914701,38305,383.05
641,519.182239128863,36359,363.59
642,519.266746253055,34990,349.9
643,519.351253287523,33985,339.85
644,519.435760232512,32991,329.91
645,519.520267088267,32748,327.48
646,519.604773855033,32477,324.77
647,519.689280533056,31781,317.81
648,519.77378712258,31916,319.16
649,519.85829362385,31719,317.19
650,519.942800037113,35760,357.6
651,520.027306362612,36831,368.31
652,520.111812600593,34152,341.52
653,520.196318751301,32413,324.13
654,520.280824814981,31360,313.6
655,520.365330791879,30951,309.51
656,520.449836682239,31585,315.85
657,520.534342486307,32139,321.39
658,520.618848204327,32127,321.27
659,520.703353836546,35336,353.36
660,520.787859383207,35714,357.14
661,520.872364844557,41331,413.31
662,520.95687022084,64166,641.66
663,521.041375512301,65492,654.92
664,521.125880719186,50973,509.73
665,521.21038584174,42904,429.04
666,521.294890880208,53238,532.38
667,521.379395834834,54489,544.89
668,521.463900705865,48359,483.59
669,521.548405493545,43708,437.08
670,521.632910198119,38308,383.08
671,521.717414819833,35489,354.89
672,521.801919358931,33654,336.54
673,521.88642381566,32454,324.54
674,521.970928190263,35995,359.95
675,522.055432482986,235772,2357.72
676,522.139936694074,289030,2890.3
677,522.224440823773,184975,1849.75
678,522.308944872327,122600,1226
679,522.393448839982,84567,845.67
680,522.477952726982,66460,664.6
681,522.562456533574,74508,745.08
682,522.646960260001,70117,701.17
683,522.731463906509,58830,588.3
684,522.815967473344,54582,545.82
685,522.90047096075,47547,475.47
686,522.984974368973,40638,406.38
687,523.069477698257,36506,365.06
688,523.153980948848,34368,343.68
689,523.238484120991,33022,330.22
690,523.322987214931,32430,324.3
691,523.407490230914,36448,364.48
692,523.491993169183,41732,417.32
693,523.576496029985,80650,806.5
694,523.660998813565,88042,880.42
695,523.745501520167,97798,977.98
696,523.830004150038,93275,932.75
697,523.914506703421,68087,680.87
698,523.999009180562,53059,530.59
699,524.083511581707,43795,437.95
700,524.1680139071,38664,386.64
701,524.252516156987,35644,356.44
702,524.337018331612,33717,337.17
703,524.421520431221,36549,365.49
704,524.506022456059,37457,374.57
705,524.590524406371,35265,352.65
706,524.675026282403,57949,579.49
707,524.759528084398,64539,645.39
708,524.844029812603,51310,513.1
709,524.928531467263,42725,427.25
710,525.013033048623,57751,577.51
711,525.097534556927,61718,617.18
712,525.182035992421,49722,497.22
713,525.266537355351,41995,419.95
714,525.351038645961,37750,377.5
715,525.435539864496,39885,398.85
716,525.520041011202,39839,398.39
717,525.604542086324,37133,371.33
718,525.689043090106,45130,451.3
719,525.773544022794,46283,462.83
720,525.858044884634,44852,448.52
721,525.942545675869,42976,429.76
722,526.027046396746,38477,384.77
723,526.11154704751,36042,360.42
724,526.196047628405,34799,347.99
725,526.280548139677,38652,386.52
726,526.36504858157,39371,393.71
727,526.449548954331,36458,364.58
728,526.534049258204,35624,356.24
729,526.618549493434,38843,388.43
730,526.703049660267,38999,389.99
731,526.787549758947,36867,368.67
732,526.87204978972,39076,390.76
733,526.956549752831,40015,400.15
734,527.041049648525,37985,379.85
735,527.125549477046,35830,358.3
736,527.210049238641,55431,554.31
737,527.294548933555,63377,633.77
738,527.379048562032,52761,527.61
739,527.463548124317,44807,448.07
740,527.548047620657,41613,416.13
741,527.632547051295,39289,392.89
742,527.717046416477,37461,374.61
743,527.801545716449,42904,429.04
744,527.886044951455,43989,439.89
745,527.97054412174,50432,504.32
746,528.05504322755,50318,503.18
747,528.139542269129,43217,432.17
748,528.224041246724,41533,415.33
749,528.308540160578,43397,433.97
750,528.393039010938,42209,422.09
751,528.477537798047,38625,386.25
752,528.562036522152,39642,396.42
753,528.646535183498,43140,431.4
754,528.731033782329,45551,455.51
755,528.815532318891,43170,431.7
756,528.900030793429,39631,396.31
757,528.984529206188,37357,373.57
758,529.069027557414,35934,359.34
759,529.15352584735,34966,349.66
760,529.238024076243,34230,342.3
761,529.322522244338,33600,336
762,529.407020351879,33594,335.94
763,529.491518399112,33905,339.05
764,529.576016386283,33874,338.74
765,529.660514313635,33626,336.26
766,529.745012181415,33245,332.45
767,529.829509989866,33006,330.06
768,529.914007739236,32843,328.43
769,529.998505429768,36663,366.63
770,530.083003061708,38278,382.78
771,530.167500635301,36346,363.46
772,530.251998150792,35205,352.05
773,530.336495608426,35520,355.2
774,530.420993008449,39114,391.14
775,530.505490351105,43433,434.33
776,530.589987636639,45905,459.05
777,530.674484865298,47186,471.86
778,530.758982037325,44348,443.48
779,530.843479152966,39788,397.88
780,530.927976212466,37050,370.5
781,531.012473216071,36246,362.46
782,531.096970164025,95173,951.73
783,531.181467056574,114720,1147.2
784,531.265963893962,83318,833.18
785,531.350460676435,62130,621.3
786,531.434957404238,50092,500.92
787,531.519454077616,43045,430.45
788,531.603950696814,41387,413.87
789,531.688447262078,40970,409.7
790,531.772943773652,38556,385.56
791,531.857440231782,36009,360.09
792,531.941936636713,34137,341.37
793,532.026432988689,36823,368.23
794,532.110929287956,37734,377.34
795,532.19542553476,39351,393.51
796,532.279921729345,39041,390.41
797,532.364417871956,35793,357.93
798,532.448913962839,33529,335.29
799,532.533410002239,32780,327.8
800,532.6179059904,32844,328.44
801,532.702401927568,32370,323.7
802,532.786897813989,32153,321.53
803,532.871393649906,40097,400.97
804,532.955889435567,46176,461.76
805,533.040385171214,43129,431.29
806,533.124880857094,71757,717.57
807,533.209376493452,78031,780.31
808,533.293872080533,58668,586.68
809,533.378367618582,47047,470.47
810,533.462863107844,67450,674.5
811,533.547358548564,71072,710.72
812,533.631853940988,58089,580.89
813,533.71634928536,49826,498.26
814,533.800844581926,55101,551.01
815,533.885339830931,53477,534.77
816,533.96983503262,44359,443.59
817,534.054330187238,38685,386.85
818,534.13882529503,38907,389.07
819,534.223320356242,38068,380.68
820,534.307815371118,34717,347.17
821,534.392310339903,32714,327.14
822,534.476805262844,31677,316.77
823,534.561300140184,31183,311.83
824,534.64579497217,38864,388.64
825,534.730289759045,40874,408.74
826,534.814784501056,40416,404.16
827,534.899279198448,39427,394.27
828,534.983773851465,36076,360.76
829,535.068268460352,37563,375.63
830,535.152763025356,48885,488.85
831,535.23725754672,71067,710.67
832,535.321752024691,70964,709.64
833,535.406246459513,55402,554.02
834,535.490740851431,44840,448.4
835,535.575235200691,38653,386.53
836,535.659729507538,35364,353.64
837,535.744223772216,513876,5138.76
838,535.828717994971,650173,6501.73
839,535.913212176048,390299,3902.99
840,535.997706315693,236456,2364.56
841,536.08220041415,160196,1601.96
842,536.166694471664,113123,1131.23
843,536.251188488481,78295,782.95
844,536.335682464845,58165,581.65
845,536.420176401003,47047,470.47
846,536.504670297198,40127,401.27
847,536.589164153677,35805,358.05
848,536.673657970684,33858,338.58
849,536.758151748464,34241,342.41
850,536.842645487263,33668,336.68
851,536.927139187325,32601,326.01
852,537.011632848896,35788,357.88
853,537.096126472221,36885,368.85
854,537.180620057546,39846,398.46
855,537.265113605114,43408,434.08
856,537.349607115172,40875,408.75
857,537.434100587964,37920,379.2
858,537.518594023736,35715,357.15
859,537.603087422733,33991,339.91
860,537.687580785199,33624,336.24
861,537.772074111381,36847,368.47
862,537.856567401522,49539,495.39
863,537.941060655869,63499,634.99
864,538.025553874667,59379,593.79
865,538.11004705816,48651,486.51
866,538.194540206593,42746,427.46
867,538.279033320213,40253,402.53
868,538.363526399263,41289,412.89
869,538.44801944399,45904,459.04
870,538.532512454637,53161,531.61
871,538.617005431451,66293,662.93
872,538.701498374677,78279,782.79
873,538.785991284559,88253,882.53
874,538.870484161343,98073,980.73
875,538.954977005273,110762,1107.62
876,539.039469816596,118096,1180.96
877,539.123962595556,119274,1192.74
878,539.208455342398,125389,1253.89
879,539.292948057368,126263,1262.63
880,539.37744074071,116750,1167.5
881,539.46193339267,109948,1099.48
882,539.546426013493,104903,1049.03
883,539.630918603424,103098,1030.98
884,539.715411162708,96384,963.84
885,539.79990369159,89215,892.15
886,539.884396190315,82377,823.77
887,539.968888659129,104919,1049.19
888,540.053381098277,114178,1141.78
889,540.137873508003,95033,950.33
890,540.222365888553,78485,784.85
891,540.306858240173,68451,684.51
892,540.391350563106,61528,615.28
893,540.475842857599,64186,641.86
894,540.560335123896,62035,620.35
895,540.644827362243,58055,580.55
896,540.729319572884,57494,574.94
897,540.813811756066,52229,522.29
898,540.898303912032,45436,454.36
899,540.982796041028,40552,405.52
900,541.0672881433,37136,371.36
901,541.151780219092,35234,352.34
902,541.23627226865,33584,335.84
903,541.320764292218,32582,325.82
904,541.405256290042,32394,323.94
905,541.489748262367,34803,348.03
906,541.574240209438,40377,403.77
907,541.6587321315,40133,401.33
908,541.743224028798,40493,404.93
909,541.827715901578,39663,396.63
910,541.912207750085,36098,360.98
911,541.996699574563,34632,346.32
912,542.081191375258,34283,342.83
913,542.165683152415,38003,380.03
914,542.250174906279,38645,386.45
915,542.334666637096,36156,361.56
916,542.41915834511,35026,350.26
917,542.503650030566,59582,595.82
918,542.58814169371,70247,702.47
919,542.672633334787,66054,660.54
920,542.757124954042,58970,589.7
921,542.841616551719,49889,498.89
922,542.926108128065,48659,486.59
923,543.010599683325,47328,473.28
924,543.095091217743,45018,450.18
925,543.179582731564,74967,749.67
926,543.264074225034,82911,829.11
927,543.348565698398,66400,664
928,543.433057151901,56884,568.84
929,543.517548585789,51537,515.37
930,543.602040000305,56450,564.5
931,543.686531395696,61487,614.87
932,543.771022772206,58154,581.54
933,543.855514130081,57679,576.79
934,543.940005469566,59990,599.9
935,544.024496790906,57325,573.25
936,544.108988094346,61295,612.95
937,544.193479380131,64806,648.06
938,544.277970648506,60502,605.02
939,544.362461899717,55530,555.3
940,544.446953134009,57714,577.14
941,544.531444351626,57646,576.46
942,544.615935552814,56992,569.92
943,544.700426737818,57739,577.39
944,544.784917906884,56383,563.83
945,544.869409060255,58508,585.08
946,544.953900198178,58888,588.88
947,545.038391320898,56224,562.24
948,545.122882428659,54163,541.63
949,545.207373521708,52715,527.15
950,545.291864600288,52231,522.31
951,545.376355664645,51969,519.69
952,545.460846715024,88220,882.2
953,545.545337751671,98899,988.99
954,545.62982877483,79905,799.05
955,545.714319784747,72024,720.24
956,545.798810781666,70800,708
957,545.883301765834,66136,661.36
958,545.967792737495,63979,639.79
959,546.052283696893,62435,624.35
960,546.136774644275,62714,627.14
961,546.221265579886,61444,614.44
962,546.30575650397,58212,582.12
963,546.390247416772,56204,562.04
964,546.474738318539,54643,546.43
965,546.559229209514,54557,545.57
966,546.643720089944,54424,544.24
967,546.728210960073,53936,539.36
968,546.812701820146,56745,567.45
969,546.897192670409,62996,629.96
970,546.981683511106,63298,632.98
971,547.066174342483,59811,598.11
972,547.150665164785,59815,598.15
973,547.235155978257,63086,630.86
974,547.319646783145,62420,624.2
975,547.404137579692,59927,599.27
976,547.488628368145,58057,580.57
977,547.573119148749,56504,565.04
978,547.657609921748,55966,559.66
979,547.742100687388,59428,594.28
980,547.826591445914,60001,600.01
981,547.911082197572,58349,583.49
982,547.995572942605,58021,580.21
983,548.08006368126,57423,574.23
984,548.164554413782,56793,567.93
985,548.249045140415,56225,562.25
986,548.333535861404,56698,566.98
987,548.418026576996,76550,765.5
988,548.502517287435,81637,816.37
989,548.587007992966,71660,716.6
990,548.671498693834,65711,657.11
991,548.755989390285,69096,690.96
992,548.840480082563,72963,729.63
993,548.924970770915,69071,690.71
994,549.009461455584,64680,646.8
995,549.093952136815,66006,660.06
996,549.178442814856,64971,649.71
997,549.262933489949,61441,614.41
998,549.347424162341,68350,683.5
999,549.431914832276,69984,699.84
1000,549.5164055,64933,649.33
1001,549.600896165758,64292,642.92
1002,549.685386829794,63193,631.93
1003,549.769877492355,60967,609.67
1004,549.854368153685,60283,602.83
1005,549.938858814029,80474,804.74
1006,550.023349473633,89615,896.15
1007,550.107840132742,83962,839.62
1008,550.1923307916,76241,762.41
1009,550.276821450453,68684,686.84
1010,550.361312109546,64800,648
1011,550.445802769124,66766,667.66
1012,550.530293429432,66920,669.2
1013,550.614784090716,63941,639.41
1014,550.69927475322,62264,622.64
1015,550.78376541719,61103,611.03
1016,550.868256082871,60181,601.81
1017,550.952746750508,60428,604.28
1018,551.037237420346,64001,640.01
1019,551.12172809263,65220,652.2
1020,551.206218767606,63475,634.75
1021,551.290709445518,62379,623.79
1022,551.375200126611,61477,614.77
1023,551.459690811131,65615,656.15
1024,551.544181499323,67040,670.4
1025,551.628672191433,64723,647.23
1026,551.713162887704,63174,631.74
1027,551.797653588383,61936,619.36
1028,551.882144293714,61291,612.91
1029,551.966635003943,61465,614.65
1030,552.051125719314,65893,658.93
1031,552.135616440073,73872,738.72
1032,552.220107166465,73404,734.04
1033,552.304597898735,71493,714.93
1034,552.389088637129,69928,699.28
1035,552.473579381891,90524,905.24
1036,552.558070133266,95410,954.1
1037,552.6425608915,81847,818.47
1038,552.727051656838,73854,738.54
1039,552.811542429524,97879,978.79
1040,552.896033209805,102970,1029.7
1041,552.980523997925,90075,900.75
1042,553.065014794129,80803,808.03
1043,553.149505598662,72970,729.7
1044,553.23399641177,68707,687.07
1045,553.318487233698,70326,703.26
1046,553.402978064691,85515,855.15
1047,553.487468904993,99785,997.85
1048,553.571959754851,93331,933.31
1049,553.656450614509,80482,804.82
1050,553.740941484213,72803,728.03
1051,553.825432364206,76233,762.33
1052,553.909923254736,76411,764.11
1053,553.994414156046,78573,785.73
1054,554.078905068382,77233,772.33
1055,554.16339599199,71441,714.41
1056,554.247886927113,68502,685.02
1057,554.332377873998,93708,937.08
1058,554.416868832889,100197,1001.97
1059,554.501359804032,85151,851.51
1060,554.585850787671,76616,766.16
1061,554.670341784053,71719,717.19
1062,554.754832793421,68723,687.23
1063,554.839323816021,66954,669.54
1064,554.923814852099,65713,657.13
1065,555.008305901899,65388,653.88
1066,555.092796965667,73444,734.44
1067,555.177288043647,75235,752.35
1068,555.261779136085,99952,999.52
1069,555.346270243226,105829,1058.29
1070,555.430761365315,92905,929.05
1071,555.515252502597,87664,876.64
1072,555.599743655318,81968,819.68
1073,555.684234823722,75961,759.61
1074,555.768726008055,75978,759.78
1075,555.853217208561,78512,785.12
1076,555.937708425486,75528,755.28
1077,556.022199659075,98290,982.9
1078,556.106690909574,103599,1035.99
1079,556.191182177226,92033,920.33
1080,556.275673462278,83743,837.43
1081,556.360164764975,79865,798.65
1082,556.444656085561,81920,819.2
1083,556.529147424282,78783,787.83
1084,556.613638781383,74021,740.21
1085,556.698130157109,71548,715.48
1086,556.782621551706,73267,732.67
1087,556.867112965417,72941,729.41
1088,556.951604398489,76413,764.13
1089,557.036095851167,84166,841.66
1090,557.120587323695,81500,815
1091,557.20507881632,74580,745.8
1092,557.289570329285,70641,706.41
1093,557.374061862836,72464,724.64
1094,557.458553417219,73782,737.82
1095,557.543044992678,74897,748.97
1096,557.627536589459,74222,742.22
1097,557.712028207806,75669,756.69
1098,557.796519847966,74649,746.49
1099,557.881011510182,78739,787.39
1100,557.9655031947,82966,829.66
1101,558.049994901765,78879,788.79
1102,558.134486631623,73548,735.48
1103,558.218978384519,70323,703.23
1104,558.303470160697,72409,724.09
1105,558.387961960402,72319,723.19
1106,558.472453783881,72642,726.42
1107,558.556945631378,73620,736.2
1108,558.641437503137,104750,1047.5
1109,558.725929399405,122689,1226.89
1110,558.810421320427,107248,1072.48
1111,558.894913266447,90449,904.49
1112,558.97940523771,80943,809.43
1113,559.063897234463,78778,787.78
1114,559.14838925695,80320,803.2
1115,559.232881305415,77865,778.65
1116,559.317373380105,73232,732.32
1117,559.401865481264,74880,748.8
1118,559.486357609138,75038,750.38
1119,559.570849763971,71723,717.23
1120,559.65534194601,70408,704.08
1121,559.739834155498,74188,741.88
1122,559.824326392681,74520,745.2
1123,559.908818657804,75412,754.12
1124,559.993310951113,74748,747.48
1125,560.077803272852,71777,717.77
1126,560.162295623266,70216,702.16
1127,560.246788002602,68780,687.8
1128,560.331280411103,72151,721.51
1129,560.415772849015,76691,766.91
1130,560.500265316583,79796,797.96
1131,560.584757814052,85660,856.6
1132,560.669250341668,83375,833.75
1133,560.753742899676,76149,761.49
1134,560.83823548832,76143,761.43
1135,560.922728107845,75086,750.86
1136,561.007220758498,71812,718.12
1137,561.091713440523,70214,702.14
1138,561.176206154165,69197,691.97
1139,561.260698899669,68909,689.09
1140,561.345191677281,68398,683.98
1141,561.429684487245,67775,677.75
1142,561.514177329807,67650,676.5
1143,561.598670205212,67819,678.19
1144,561.683163113705,69085,690.85
1145,561.767656055531,69227,692.27
1146,561.852149030935,72348,723.48
1147,561.936642040163,77132,771.32
1148,562.021135083459,75868,758.68
1149,562.105628161069,72510,725.1
1150,562.190121273237,74838,748.38
1151,562.27461442021,74896,748.96
1152,562.359107602232,84560,845.6
1153,562.443600819547,86184,861.84
1154,562.528094072403,82208,822.08
1155,562.612587361042,88827,888.27
1156,562.697080685712,90928,909.28
1157,562.781574046656,87937,879.37
1158,562.866067444119,103429,1034.29
1159,562.950560878348,103478,1034.78
1160,563.035054349587,88451,884.51
1161,563.119547858082,83649,836.49
1162,563.204041404076,80261,802.61
1163,563.288534987816,76693,766.93
1164,563.373028609547,73776,737.76
1165,563.457522269514,71614,716.14
1166,563.542015967961,70488,704.88
1167,563.626509705135,73448,734.48
1168,563.71100348128,77937,779.37
1169,563.795497296641,76437,764.37
1170,563.879991151464,72707,727.07
1171,563.964485045993,70399,703.99
1172,564.048978980475,69314,693.14
1173,564.133472955153,69888,698.88
1174,564.217966970273,69928,699.28
1175,564.30246102608,73586,735.86
1176,564.386955122819,78094,780.94
1177,564.471449260736,80102,801.02
1178,564.555943440075,77491,774.91
1179,564.640437661083,73212,732.12
1180,564.724931924002,154866,1548.66
1181,564.80942622908,181395,1813.95
1182,564.893920576561,136607,1366.07
1183,564.97841496669,111527,1115.27
1184,565.062909399713,96424,964.24
1185,565.147403875874,96703,967.03
1186,565.231898395419,92922,929.22
1187,565.316392958592,82988,829.88
1188,565.400887565639,76787,767.87
1189,565.485382216806,73043,730.43
1190,565.569876912336,70971,709.71
1191,565.654371652476,69696,696.96
1192,565.73886643747,72018,720.18
1193,565.823361267564,73175,731.75
1194,565.907856143003,94722,947.22
1195,565.992351064031,100421,1004.21
1196,566.076846030894,87696,876.96
1197,566.161341043838,79606,796.06
1198,566.245836103106,74383,743.83
1199,566.330331208945,71739,717.39
1200,566.4148263616,70668,706.68
1201,566.499321561315,73905,739.05
1202,566.583816808336,74323,743.23
1203,566.668312102908,75668,756.68
1204,566.752807445276,74990,749.9
1205,566.837302835685,73751,737.51
1206,566.92179827438,74852,748.52
1207,567.006293761607,73939,739.39
1208,567.090789297611,71614,716.14
1209,567.175284882636,75959,759.59
1210,567.259780516928,77253,772.53
1211,567.344276200732,73789,737.89
1212,567.428771934293,71619,716.19
1213,567.513267717856,73886,738.86
1214,567.597763551667,73846,738.46
1215,567.68225943597,71491,714.91
1216,567.766755371011,93737,937.37
1217,567.851251357034,99836,998.36
1218,567.935747394286,86952,869.52
1219,568.020243483011,87041,870.41
1220,568.104739623454,84824,848.24
1221,568.18923581586,104227,1042.27
1222,568.273732060474,107631,1076.31
1223,568.358228357543,91389,913.89
1224,568.442724707309,82055,820.55
1225,568.52722111002,76428,764.28
1226,568.61171756592,72683,726.83
1227,568.696214075254,71234,712.34
1228,568.780710638267,70360,703.6
1229,568.865207255205,69420,694.2
1230,568.949703926312,69724,697.24
1231,569.034200651834,73828,738.28
1232,569.118697432015,74322,743.22
1233,569.203194267102,71923,719.23
1234,569.287691157338,74234,742.34
1235,569.37218810297,81003,810.03
1236,569.456685104242,91980,919.8
1237,569.5411821614,91473,914.73
1238,569.625679274688,83356,833.56
1239,569.710176444352,81786,817.86
1240,569.794673670637,78972,789.72
1241,569.879170953788,74206,742.06
1242,569.96366829405,75140,751.4
1243,570.048165691668,82986,829.86
1244,570.132663146887,82614,826.14
1245,570.217160659954,84933,849.33
1246,570.301658231112,84266,842.66
1247,570.386155860606,78465,784.65
1248,570.470653548683,74918,749.18
1249,570.555151295587,72483,724.83
1250,570.639649101562,70970,709.7
1251,570.724146966856,69922,699.22
1252,570.808644891712,73246,732.46
1253,570.893142876375,79162,791.62
1254,570.977640921091,79210,792.1
1255,571.062139026105,78500,785
1256,571.146637191662,98096,980.96
1257,571.231135418007,101066,1010.66
1258,571.315633705386,87282,872.82
1259,571.400132054043,82771,827.71
1260,571.484630464223,83626,836.26
1261,571.569128936172,80094,800.94
1262,571.653627470135,74939,749.39
1263,571.738126066357,80275,802.75
1264,571.822624725083,85323,853.23
1265,571.907123446559,80990,809.9
1266,571.991622231028,84442,844.42
1267,572.076121078737,90864,908.64
1268,572.160619989931,87411,874.11
1269,572.245118964855,84114,841.14
1270,572.329618003753,80922,809.22
1271,572.414117106872,81386,813.86
1272,572.498616274455,86480,864.8
1273,572.583115506749,83286,832.86
1274,572.667614803999,76269,762.69
1275,572.752114166448,72272,722.72
1276,572.836613594344,70897,708.97
1277,572.921113087931,70762,707.62
1278,573.005612647453,70079,700.79
1279,573.090112273157,69572,695.72
1280,573.174611965286,73610,736.1
1281,573.259111724088,81744,817.44
1282,573.343611549805,90246,902.46
1283,573.428111442685,116816,1168.16
1284,573.512611402971,120805,1208.05
1285,573.597111430909,151092,1510.92
1286,573.681611526744,154630,1546.3
1287,573.766111690721,132541,1325.41
1288,573.850611923086,113172,1131.72
1289,573.935112224083,94110,941.1
1290,574.019612593957,83211,832.11
1291,574.104113032955,77919,779.19
1292,574.18861354132,78622,786.22
1293,574.273114119298,77441,774.41
1294,574.357614767134,77426,774.26
1295,574.442115485074,76043,760.43
1296,574.526616273362,127809,1278.09
1297,574.611117132243,141719,1417.19
1298,574.695618061963,130304,1303.04
1299,574.780119062767,121114,1211.14
1300,574.8646201349,102220,1022.2
1301,574.949121278607,92053,920.53
1302,575.033622494133,87657,876.57
1303,575.118123781723,85452,854.52
1304,575.202625141623,80645,806.45
1305,575.287126574078,75056,750.56
1306,575.371628079332,72769,727.69
1307,575.456129657631,71778,717.78
1308,575.54063130922,71008,710.08
1309,575.625133034344,74859,748.59
1310,575.709634833249,81686,816.86
1311,575.794136706179,80680,806.8
1312,575.878638653379,75772,757.72
1313,575.963140675095,72339,723.39
1314,576.047642771572,70036,700.36
1315,576.132144943055,69593,695.93
1316,576.216647189789,74421,744.21
1317,576.301149512019,75247,752.47
1318,576.38565190999,72057,720.57
1319,576.470154383948,69954,699.54
1320,576.554656934138,69583,695.83
1321,576.639159560804,74152,741.52
1322,576.723662264192,75516,755.16
1323,576.808165044547,108146,1081.46
1324,576.892667902114,119474,1194.74
1325,576.977170837139,100114,1001.14
1326,577.061673849866,85951,859.51
1327,577.146176940541,78260,782.6
1328,577.230680109408,74325,743.25
1329,577.315183356713,72356,723.56
1330,577.399686682701,74748,747.48
1331,577.484190087617,101290,1012.9
1332,577.568693571706,105770,1057.7
1333,577.653197135214,89858,898.58
1334,577.737700778385,84716,847.16
1335,577.822204501465,80371,803.71
1336,577.906708304698,74524,745.24
1337,577.991212188331,110764,1107.64
1338,578.075716152607,120041,1200.41
1339,578.160220197773,102411,1024.11
1340,578.244724324073,91041,910.41
1341,578.329228531752,89642,896.42
1342,578.413732821056,90438,904.38
1343,578.49823719223,83980,839.8
1344,578.582741645518,76946,769.46
1345,578.667246181166,76862,768.62
1346,578.75175079942,76115,761.15
1347,578.836255500524,77064,770.64
1348,578.920760284723,85182,851.82
1349,579.005265152262,84248,842.48
1350,579.089770103388,78032,780.32
1351,579.174275138344,73957,739.57
1352,579.258780257375,71117,711.17
1353,579.343285460728,69938,699.38
1354,579.427790748647,69290,692.9
1355,579.512296121378,68539,685.39
1356,579.596801579165,67864,678.64
1357,579.681307122253,68553,685.53
1358,579.765812750888,68931,689.31
1359,579.850318465315,68233,682.33
1360,579.934824265779,67818,678.18
1361,580.019330152525,67725,677.25
1362,580.103836125799,88795,887.95
1363,580.188342185844,94702,947.02
1364,580.272848332908,86722,867.22
1365,580.357354567233,80841,808.41
1366,580.441860889067,75207,752.07
1367,580.526367298654,71648,716.48
1368,580.610873796238,77419,774.19
1369,580.695380382066,78495,784.95
1370,580.779887056382,73875,738.75
1371,580.864393819432,76992,769.92
1372,580.94890067146,77285,772.85
1373,581.033407612712,73143,731.43
1374,581.117914643433,70836,708.36
1375,581.202421763867,69813,698.13
1376,581.286928974261,69246,692.46
1377,581.371436274859,72048,720.48
1378,581.455943665907,72510,725.1
1379,581.540451147649,74185,741.85
1380,581.62495872033,73571,735.71
1381,581.709466384197,70047,700.47
1382,581.793974139493,68417,684.17
1383,581.878481986465,75386,753.86
1384,581.962989925357,77009,770.09
1385,582.047497956414,81004,810.04
1386,582.132006079881,84870,848.7
1387,582.216514296004,79800,798
1388,582.301022605028,74304,743.04
1389,582.385531007198,82199,821.99
1390,582.470039502758,83701,837.01
1391,582.554548091955,77121,771.21
1392,582.639056775033,73002,730.02
1393,582.723565552238,69879,698.79
1394,582.808074423814,68569,685.69
1395,582.892583390007,68011,680.11
1396,582.977092451061,75410,754.1
1397,583.061601607223,77535,775.35
1398,583.146110858736,75241,752.41
1399,583.230620205847,75237,752.37
1400,583.3151296488,72957,729.57
1401,583.399639187841,73677,736.77
1402,583.484148823214,73024,730.24
1403,583.568658555165,70541,705.41
1404,583.653168383939,69246,692.46
1405,583.73767830978,75641,756.41
1406,583.822188332935,77611,776.11
1407,583.906698453649,77143,771.43
1408,583.991208672165,75004,750.04
1409,584.075718988731,71185,711.85
1410,584.16022940359,72576,725.76
1411,584.244739916987,71965,719.65
1412,584.329250529169,69300,693
1413,584.41376124038,67594,675.94
1414,584.498272050865,67025,670.25
1415,584.58278296087,67072,670.72
1416,584.667293970638,77362,773.62
1417,584.751805080417,87703,877.03
1418,584.83631629045,84274,842.74
1419,584.920827600983,76995,769.95
1420,585.005339012262,72599,725.99
1421,585.08985052453,73673,736.73
1422,585.174362138034,76845,768.45
1423,585.258873853018,78785,787.85
1424,585.343385669727,75913,759.13
1425,585.427897588408,71360,713.6
1426,585.512409609304,68678,686.78
1427,585.596921732661,67135,671.35
1428,585.681433958724,68967,689.67
1429,585.765946287739,69358,693.58
1430,585.85045871995,71898,718.98
1431,585.934971255602,76376,763.76
1432,586.019483894941,83209,832.09
1433,586.103996638212,85517,855.17
1434,586.18850948566,79512,795.12
1435,586.27302243753,74228,742.28
1436,586.357535494067,70637,706.37
1437,586.442048655516,95456,954.56
1438,586.526561922122,124718,1247.18
1439,586.611075294132,115816,1158.16
1440,586.695588771789,94851,948.51
1441,586.780102355339,83264,832.64
1442,586.864616045027,79905,799.05
1443,586.949129841097,75808,758.08
1444,587.033643743797,70751,707.51
1445,587.118157753369,67905,679.05
1446,587.20267187006,66498,664.98
1447,587.287186094115,65950,659.5
1448,587.371700425779,65640,656.4
1449,587.456214865296,65184,651.84
1450,587.540729412912,64972,649.72
1451,587.625244068873,64715,647.15
1452,587.709758833423,68200,682
1453,587.794273706808,69616,696.16
1454,587.878788689272,68263,682.63
1455,587.963303781061,66638,666.38
1456,588.047818982419,65827,658.27
1457,588.132334293593,69083,690.83
1458,588.216849714827,74091,740.91
1459,588.301365246366,73059,730.59
1460,588.385880888455,69433,694.33
1461,588.47039664134,67113,671.13
1462,588.554912505266,65988,659.88
1463,588.639428480477,69620,696.2
1464,588.72394456722,76573,765.73
1465,588.808460765738,84112,841.12
1466,588.892977076278,81836,818.36
1467,588.977493499084,74541,745.41
1468,589.062010034401,69912,699.12
1469,589.146526682475,67405,674.05
1470,589.231043443551,66006,660.06
1471,589.315560317874,65091,650.91
1472,589.400077305689,64322,643.22
1473,589.48459440724,63988,639.88
1474,589.569111622774,67725,677.25
1475,589.653628952536,74566,745.66
1476,589.73814639677,74418,744.18
1477,589.822663955722,70152,701.52
1478,589.907181629636,172572,1725.72
1479,589.991699418759,208501,2085.01
1480,590.076217323334,161771,1617.71
1481,590.160735343608,126070,1260.7
1482,590.245253479825,99575,995.75
1483,590.329771732231,84127,841.27
1484,590.41429010107,111680,1116.8
1485,590.498808586588,116772,1167.72
1486,590.58332718903,94840,948.4
1487,590.667845908641,85085,850.85
1488,590.752364745666,78309,783.09
1489,590.83688370035,72132,721.32
1490,590.921402772939,72113,721.13
1491,591.005921963678,78995,789.95
1492,591.090441272811,77854,778.54
1493,591.174960700584,75504,755.04
1494,591.259480247241,76515,765.15
1495,591.343999913029,77053,770.53
1496,591.428519698192,74089,740.89
1497,591.513039602976,69638,696.38
1498,591.597559627625,67240,672.4
1499,591.682079772385,65798,657.98
1500,591.7666000375,64349,643.49
1501,591.851120423216,64031,640.31
1502,591.935640929779,64285,642.85
1503,592.020161557432,66449,664.49
1504,592.104682306422,66741,667.41
1505,592.189203176993,65020,650.2
1506,592.273724169391,63785,637.85
1507,592.35824528386,63223,632.23
1508,592.442766520647,63179,631.79
1509,592.527287879995,67599,675.99
1510,592.611809362151,69037,690.37
1511,592.696330967358,97981,979.81
1512,592.780852695863,105041,1050.41
1513,592.865374547911,87360,873.6
1514,592.949896523746,77174,771.74
1515,593.034418623614,71365,713.65
1516,593.11894084776,108820,1088.2
1517,593.203463196429,117981,1179.81
1518,593.287985669866,95125,951.25
1519,593.372508268317,81599,815.99
1520,593.457030992026,74146,741.46
1521,593.541553841238,69644,696.44
1522,593.626076816199,67821,678.21
1523,593.710599917154,66288,662.88
1524,593.795123144348,64738,647.38
1525,593.879646498027,63844,638.44
1526,593.964169978434,71107,711.07
1527,594.048693585816,73542,735.42
1528,594.133217320417,69232,692.32
1529,594.217741182483,70281,702.81
1530,594.302265172259,69585,695.85
1531,594.38678928999,70666,706.66
1532,594.47131353592,70132,701.32
1533,594.555837910296,70655,706.55
1534,594.640362413363,69589,695.89
1535,594.724887045364,90150,901.5
1536,594.809411806547,95171,951.71
1537,594.893936697155,81423,814.23
1538,594.978461717434,81186,811.86
1539,595.062986867629,78545,785.45
1540,595.147512147985,72026,720.26
1541,595.232037558747,75913,759.13
1542,595.316563100161,83391,833.91
1543,595.401088772471,81479,814.79
1544,595.485614575923,74870,748.7
1545,595.570140510762,69863,698.63
1546,595.654666577233,66886,668.86
1547,595.73919277558,69006,690.06
1548,595.82371910605,70485,704.85
1549,595.908245568888,68658,686.58
1550,595.992772164338,73760,737.6
1551,596.077298892645,82487,824.87
1552,596.161825754055,79585,795.85
1553,596.246352748813,71855,718.55
1554,596.330879877164,68085,680.85
1555,596.415407139353,82812,828.12
1556,596.499934535626,86301,863.01
1557,596.584462066227,77847,778.47
1558,596.668989731401,76375,763.75
1559,596.753517531394,77392,773.92
1560,596.838045466451,77798,777.98
1561,596.922573536817,73974,739.74
1562,597.007101742737,69168,691.68
1563,597.091630084456,102535,1025.35
1564,597.17615856222,128293,1282.93
1565,597.260687176273,114398,1143.98
1566,597.345215926861,97092,970.92
1567,597.429744814228,92655,926.55
1568,597.51427383862,84932,849.32
1569,597.598803000283,75005,750.05
1570,597.68333229946,77036,770.36
1571,597.767861736398,75270,752.7
1572,597.852391311341,76396,763.96
1573,597.936921024535,75528,755.28
1574,598.021450876224,73595,735.95
1575,598.105980866655,74608,746.08
1576,598.190510996071,71090,710.9
1577,598.275041264718,70557,705.57
1578,598.359571672842,72731,727.31
1579,598.444102220687,75494,754.94
1580,598.528632908498,72873,728.73
1581,598.613163736522,71733,717.33
1582,598.697694705001,78797,787.97
1583,598.782225814183,80326,803.26
1584,598.866757064312,77907,779.07
1585,598.951288455633,73244,732.44
1586,599.035819988391,71534,715.34
1587,599.120351662832,73772,737.72
1588,599.2048834792,70864,708.64
1589,599.289415437741,66023,660.23
1590,599.3739475387,64322,643.22
1591,599.458479782322,68102,681.02
1592,599.543012168852,72117,721.17
1593,599.627544698535,73705,737.05
1594,599.712077371617,70608,706.08
1595,599.796610188342,66257,662.57
1596,599.881143148956,68337,683.37
1597,599.965676253703,72281,722.81
1598,600.05020950283,70620,706.2
1599,600.13474289658,66183,661.83
1600,600.2192764352,63806,638.06
1601,600.303810118934,66503,665.03
1602,600.388343948028,66494,664.94
1603,600.472877922726,63826,638.26
1604,600.557412043273,66265,662.65
1605,600.641946309916,66121,661.21
1606,600.726480722899,63860,638.6
1607,600.811015282466,62506,625.06
1608,600.895549988864,61360,613.6
1609,600.980084842338,60100,601
1610,601.064619843132,62760,627.6
1611,601.149154991491,64255,642.55
1612,601.233690287662,67441,674.41
1613,601.318225731888,67607,676.07
1614,601.402761324415,64465,644.65
1615,601.487297065489,66134,661.34
1616,601.571832955354,66796,667.96
1617,601.656368994255,68451,684.51
1618,601.740905182438,67348,673.48
1619,601.825441520148,63997,639.97
1620,601.90997800763,66899,668.99
1621,601.994514645128,71070,710.7
1622,602.079051432889,72629,726.29
1623,602.163588371157,69986,699.86
1624,602.248125460177,69433,694.33
1625,602.332662700195,68582,685.82
1626,602.417200091456,69394,693.94
1627,602.501737634204,67808,678.08
1628,602.586275328686,64286,642.86
1629,602.670813175145,62340,623.4
1630,602.755351173828,72513,725.13
1631,602.839889324979,74851,748.51
1632,602.924427628843,72022,720.22
1633,603.008966085667,72863,728.63
1634,603.093504695693,69829,698.29
1635,603.178043459169,65233,652.33
1636,603.262582376339,67270,672.7
1637,603.347121447448,69755,697.55
1638,603.431660672741,68575,685.75
1639,603.516200052464,65581,655.81
1640,603.600739586861,62871,628.71
1641,603.685279276178,61558,615.58
1642,603.769819120659,61958,619.58
1643,603.854359120551,61132,611.32
1644,603.938899276098,64775,647.75
1645,604.023439587545,69655,696.55
1646,604.107980055137,68258,682.58
1647,604.19252067912,67863,678.63
1648,604.277061459738,69589,695.89
1649,604.361602397237,67045,670.45
1650,604.446143491862,62986,629.86
1651,604.530684743859,79354,793.54
1652,604.615226153471,96716,967.16
1653,604.699767720944,93854,938.54
1654,604.784309446525,82398,823.98
1655,604.868851330456,76362,763.62
1656,604.953393372984,79716,797.16
1657,605.037935574354,83800,838
1658,605.122477934812,78066,780.66
1659,605.207020454601,95739,957.39
1660,605.291563133967,98230,982.3
1661,605.376105973156,82808,828.08
1662,605.460648972412,73287,732.87
1663,605.545192131981,66585,665.85
1664,605.629735452108,62601,626.01
1665,605.714278933038,60252,602.52
1666,605.798822575015,67461,674.61
1667,605.883366378286,69577,695.77
1668,605.967910343095,64483,644.83
1669,606.052454469688,61355,613.55
1670,606.136998758309,60337,603.37
1671,606.221543209204,64155,641.55
1672,606.306087822618,64757,647.57
1673,606.390632598795,62053,620.53
1674,606.475177537982,64031,640.31
1675,606.559722640423,67828,678.28
1676,606.644267906364,69656,696.56
1677,606.728813336049,70507,705.07
1678,606.813358929724,67226,672.26
1679,606.897904687633,62783,627.83
1680,606.982450610022,60348,603.48
1681,607.066996697137,58823,588.23
1682,607.151542949221,61606,616.06
1683,607.236089366521,66135,661.35
1684,607.320635949282,64536,645.36
1685,607.405182697748,60875,608.75
1686,607.489729612165,64244,642.44
1687,607.574276692777,64764,647.64
1688,607.658823939831,61501,615.01
1689,607.74337135357,63550,635.5
1690,607.827918934241,67186,671.86
1691,607.912466682089,65261,652.61
1692,607.997014597358,61553,615.53
1693,608.081562680293,72015,720.15
1694,608.16611093114,74263,742.63
1695,608.250659350145,71053,710.53
1696,608.335207937551,70950,709.5
1697,608.419756693605,69837,698.37
1698,608.504305618551,65754,657.54
1699,608.588854712634,65608,656.08
1700,608.6734039761,64600,646
1701,608.757953409194,73664,736.64
1702,608.84250301216,80019,800.19
1703,608.927052785245,73549,735.49
1704,609.011602728693,66995,669.95
1705,609.096152842749,63042,630.42
1706,609.180703127658,60217,602.17
1707,609.265253583666,58287,582.87
1708,609.349804211018,57822,578.22
1709,609.434355009958,61384,613.84
1710,609.518905980733,61574,615.74
1711,609.603457123586,67219,672.19
1712,609.688008438764,106410,1064.1
1713,609.772559926511,111723,1117.23
1714,609.857111587073,87917,879.17
1715,609.941663420694,74184,741.84
1716,610.02621542762,66019,660.19
1717,610.110767608096,66198,661.98
1718,610.195319962366,64779,647.79
1719,610.279872490677,60457,604.57
1720,610.364425193274,57816,578.16
1721,610.4489780704,56652,566.52
1722,610.533531122303,56457,564.57
1723,610.618084349226,57655,576.55
1724,610.702637751414,61813,618.13
1725,610.787191329114,65478,654.78
1726,610.87174508257,63527,635.27
1727,610.956299012027,67536,675.36
1728,611.04085311773,67842,678.42
1729,611.125407399925,63076,630.76
1730,611.209961858857,59746,597.46
1731,611.29451649477,86118,861.18
1732,611.37907130791,102256,1022.56
1733,611.463626298523,88977,889.77
1734,611.548181466852,78205,782.05
1735,611.632736813144,78662,786.62
1736,611.717292337643,74927,749.27
1737,611.801848040595,67125,671.25
1738,611.886403922244,62597,625.97
1739,611.970959982837,63647,636.47
1740,612.055516222617,65692,656.92
1741,612.14007264183,67685,676.85
1742,612.224629240722,69489,694.89
1743,612.309186019537,67288,672.88
1744,612.39374297852,79650,796.5
1745,612.478300117917,82612,826.12
1746,612.562857437973,92190,921.9
1747,612.647414938933,94500,945
1748,612.731972621042,80231,802.31
1749,612.816530484545,69110,691.1
1750,612.901088529688,83289,832.89
1751,612.985646756714,85154,851.54
1752,613.070205165871,75764,757.64
1753,613.154763757402,68922,689.22
1754,613.239322531553,62708,627.08
1755,613.323881488569,63401,634.01
1756,613.408440628695,62306,623.06
1757,613.492999952176,58627,586.27
1758,613.577559459258,60529,605.29
1759,613.662119150185,63812,638.12
1760,613.746679025203,61726,617.26
1761,613.831239084557,58361,583.61
1762,613.915799328492,60577,605.77
1763,614.000359757252,60560,605.6
1764,614.084920371084,57902,579.02
1765,614.169481170232,56650,566.5
1766,614.254042154942,56612,566.12
1767,614.338603325458,56130,561.3
1768,614.423164682026,59828,598.28
1769,614.507726224891,64446,644.46
1770,614.592287954298,62332,623.32
1771,614.676849870492,80227,802.27
1772,614.761411973718,83927,839.27
1773,614.845974264222,70574,705.74
1774,614.930536742248,63041,630.41
1775,615.015099408042,63107,631.07
1776,615.099662261849,61997,619.97
1777,615.184225303914,58449,584.49
1778,615.268788534481,60319,603.19
1779,615.353351953797,59835,598.35
1780,615.437915562106,64737,647.37
1781,615.522479359654,66243,662.43
1782,615.607043346685,61262,612.62
1783,615.691607523446,77917,779.17
1784,615.776171890179,81216,812.16
1785,615.860736447132,69168,691.68
1786,615.94530119455,62286,622.86
1787,616.029866132676,61895,618.95
1788,616.114431261757,61113,611.13
1789,616.198996582037,61952,619.52
1790,616.283562093762,64249,642.49
1791,616.368127797177,65949,659.49
1792,616.452693692527,63081,630.81
1793,616.537259780057,58280,582.8
1794,616.621826060012,59831,598.31
1795,616.706392532638,63767,637.67
1796,616.790959198179,61965,619.65
1797,616.87552605688,57534,575.34
1798,616.960093108988,81128,811.28
1799,617.044660354746,87394,873.94
1800,617.1292277944,83234,832.34
1801,617.213795428195,87763,877.63
1802,617.298363256377,80461,804.61
1803,617.38293127919,68771,687.71
1804,617.46749949688,61730,617.3
1805,617.552067909691,57502,575.02
1806,617.63663651787,54692,546.92
1807,617.72120532166,580907,5809.07
1808,617.805774321307,737440,7374.4
1809,617.890343517057,454035,4540.35
1810,617.974912909154,282377,2823.77
1811,618.059482497843,183487,1834.87
1812,618.14405228337,127373,1273.73
1813,618.22862226598,95010,950.1
1814,618.313192445918,76069,760.69
1815,618.397762823429,82504,825.04
1816,618.482333398757,85631,856.31
1817,618.56690417215,74544,745.44
1818,618.65147514385,69301,693.01
1819,618.736046314105,64704,647.04
1820,618.820617683158,59368,593.68
1821,618.905189251254,56790,567.9
1822,618.98976101864,55830,558.3
1823,619.07433298556,54464,544.64
1824,619.158905152259,58750,587.5
1825,619.243477518983,85908,859.08
1826,619.328050085976,89831,898.31
1827,619.412622853484,77914,779.14
1828,619.497195821751,73698,736.98
1829,619.581768991023,76269,762.69
1830,619.666342361546,71506,715.06
1831,619.750915933564,62633,626.33
1832,619.835489707321,57676,576.76
1833,619.920063683065,63044,630.44
1834,620.004637861039,67214,672.14
1835,620.089212241489,62433,624.33
1836,620.173786824659,56898,568.98
1837,620.258361610796,55357,553.57
1838,620.342936600144,54308,543.08
1839,620.427511792947,53146,531.46
1840,620.512087189453,59911,599.11
1841,620.596662789905,93519,935.19
1842,620.681238594548,109983,1099.83
1843,620.765814603629,94031,940.31
1844,620.850390817391,75883,758.83
1845,620.93496723608,68670,686.7
1846,621.019543859942,71853,718.53
1847,621.104120689221,69064,690.64
1848,621.188697724162,63809,638.09
1849,621.273274965011,59585,595.85
1850,621.357852412012,55096,550.96
1851,621.442430065412,54299,542.99
1852,621.527007925454,53213,532.13
1853,621.611585992385,55128,551.28
1854,621.696164266449,56729,567.29
1855,621.780742747892,54633,546.33
1856,621.865321436958,52336,523.36
1857,621.949900333892,51652,516.52
1858,622.03447943894,54835,548.35
1859,622.119058752348,55627,556.27
1860,622.203638274359,53183,531.83
1861,622.28821800522,56286,562.86
1862,622.372797945175,56951,569.51
1863,622.457378094469,54750,547.5
1864,622.541958453348,52930,529.3
1865,622.626539022057,53348,533.48
1866,622.711119800841,53278,532.78
1867,622.795700789945,51658,516.58
1868,622.880281989613,66166,661.66
1869,622.964863400093,70105,701.05
1870,623.049445021627,61268,612.68
1871,623.134026854462,56188,561.88
1872,623.218608898843,52871,528.71
1873,623.303191155015,55575,555.75
1874,623.387773623222,57280,572.8
1875,623.472356303711,59206,592.06
1876,623.556939196726,61919,619.19
1877,623.641522302512,59491,594.91
1878,623.726105621315,55019,550.19
1879,623.810689153379,56268,562.68
1880,623.89527289895,55601,556.01
1881,623.979856858273,56631,566.31
1882,624.064441031593,63087,630.87
1883,624.149025419156,66031,660.31
1884,624.233610021205,68971,689.71
1885,624.318194837987,69046,690.46
1886,624.402779869747,66670,666.7
1887,624.487365116729,68617,686.17
1888,624.571950579179,68783,687.83
1889,624.656536257342,62606,626.06
1890,624.741122151463,56203,562.03
1891,624.825708261788,56184,561.84
1892,624.91029458856,63650,636.5
1893,624.994881132027,62580,625.8
1894,625.079467892432,59802,598.02
1895,625.16405487002,57305,573.05
1896,625.248642065038,53317,533.17
1897,625.33322947773,91950,919.5
1898,625.41781710834,106051,1060.51
1899,625.502404957115,234993,2349.93
1900,625.5869930243,266382,2663.82
1901,625.671581310139,177827,1778.27
1902,625.756169814878,649778,6497.78
1903,625.840758538762,767994,7679.94
1904,625.925347482035,464621,4646.21
1905,626.009936644944,297888,2978.88
1906,626.094526027733,198676,1986.76
1907,626.179115630648,133844,1338.44
1908,626.263705453933,97483,974.83
1909,626.348295497833,80195,801.95
1910,626.432885762595,68576,685.76
1911,626.517476248462,60277,602.77
1912,626.60206695568,72393,723.93
1913,626.686657884495,73480,734.8
1914,626.771249035151,61801,618.01
1915,626.855840407893,62812,628.12
1916,626.940432002967,61294,612.94
1917,627.025023820618,60849,608.49
1918,627.10961586109,77466,774.66
1919,627.19420812463,77095,770.95
1920,627.278800611482,76936,769.36
1921,627.363393321891,75985,759.85
1922,627.447986256102,106779,1067.79
1923,627.532579414361,110211,1102.11
1924,627.617172796912,83733,837.33
1925,627.701766404002,67520,675.2
1926,627.786360235874,58118,581.18
1927,627.870954292774,57334,573.34
1928,627.955548574948,55430,554.3
1929,628.04014308264,68653,686.53
1930,628.124737816095,71273,712.73
1931,628.209332775559,64283,642.83
1932,628.293927961276,58748,587.48
1933,628.378523373493,52754,527.54
1934,628.463119012454,49201,492.01
1935,628.547714878403,48080,480.8
1936,628.632310971587,52100,521
1937,628.716907292251,56178,561.78
1938,628.801503840639,57732,577.32
1939,628.886100616996,54795,547.95
1940,628.970697621569,50475,504.75
1941,629.055294854601,48601,486.01
1942,629.139892316339,51387,513.87
1943,629.224490007026,55117,551.17
1944,629.309087926909,53788,537.88
1945,629.393686076233,54108,541.08
1946,629.478284455242,52793,527.93
1947,629.562883064182,49254,492.54
1948,629.647481903298,47425,474.25
1949,629.732080972835,46793,467.93
1950,629.816680273037,49471,494.71
1951,629.901279804152,49456,494.56
1952,629.985879566422,50913,509.13
1953,630.070479560095,55106,551.06
1954,630.155079785414,56802,568.02
1955,630.239680242624,53459,534.59
1956,630.324280931972,49105,491.05
1957,630.408881853702,56078,560.78
1958,630.493483008059,60137,601.37
1959,630.578084395288,55008,550.08
1960,630.662686015635,49922,499.22
1961,630.747287869345,53806,538.06
1962,630.831889956662,54694,546.94
1963,630.916492277832,50290,502.9
1964,631.001094833101,47431,474.31
1965,631.085697622712,46121,461.21
1966,631.170300646912,49555,495.55
1967,631.254903905945,50127,501.27
1968,631.339507400056,55355,553.55
1969,631.424111129492,58644,586.44
1970,631.508715094496,62865,628.65
1971,631.593319295314,74054,740.54
1972,631.677923732192,73364,733.64
1973,631.762528405373,66385,663.85
1974,631.847133315104,61693,616.93
1975,631.93173846163,55332,553.32
1976,632.016343845195,53435,534.35
1977,632.100949466045,51155,511.55
1978,632.185555324425,47361,473.61
1979,632.270161420579,45292,452.92
1980,632.354767754754,45002,450.02
1981,632.439374327195,47524,475.24
1982,632.523981138146,47269,472.69
1983,632.608588187852,44658,446.58
1984,632.693195476559,45636,456.36
1985,632.777803004512,45917,459.17
1986,632.862410771956,45617,456.17
1987,632.947018779136,45771,457.71
1988,633.031627026297,46004,460.04
1989,633.116235513685,49325,493.25
1990,633.200844241544,57201,572.01
1991,633.28545321012,56485,564.85
1992,633.370062419658,50405,504.05
1993,633.454671870403,47048,470.48
1994,633.539281562599,45199,451.99
1995,633.623891496493,43911,439.11
1996,633.708501672329,43129,431.29
1997,633.793112090353,46614,466.14
1998,633.877722750809,47170,471.7
1999,633.962333653943,44850,448.5
2000,634.0469448,43247,432.47
2001,634.131556189225,42179,421.79
2002,634.216167821863,45283,452.83
2003,634.300779698159,45778,457.78
2004,634.385391818359,43416,434.16
2005,634.470004182707,42568,425.68
2006,634.554616791449,42062,420.62
2007,634.639229644829,45251,452.51
2008,634.723842743094,65548,655.48
2009,634.808456086488,72715,727.15
2010,634.893069675256,62003,620.03
2011,634.977683509643,56588,565.88
2012,635.062297589895,56733,567.33
2013,635.146911916256,56502,565.02
2014,635.231526488972,52303,523.03
2015,635.316141308288,259310,2593.1
2016,635.400756374449,315724,3157.24
2017,635.4853716877,207843,2078.43
2018,635.569987248286,145477,1454.77
2019,635.654603056453,103068,1030.68
2020,635.739219112446,77101,771.01
2021,635.823835416509,62920,629.2
2022,635.908451968888,62720,627.2
2023,635.993068769827,83954,839.54
2024,636.077685819573,82561,825.61
2025,636.16230311837,90815,908.15
2026,636.246920666464,87326,873.26
2027,636.331538464099,213472,2134.72
2028,636.41615651152,242770,2427.7
2029,636.500774808974,157556,1575.56
2030,636.585393356704,106994,1069.94
2031,636.670012154956,106707,1067.07
2032,636.754631203976,102158,1021.58
2033,636.839250504007,78718,787.18
2034,636.923870055296,62351,623.51
2035,637.008489858088,55749,557.49
2036,637.093109912628,51697,516.97
2037,637.17773021916,46894,468.94
2038,637.26235077793,43595,435.95
2039,637.346971589183,52982,529.82
2040,637.431592653165,59608,596.08
2041,637.51621397012,54423,544.23
2042,637.600835540293,51042,510.42
2043,637.68545736393,51261,512.61
2044,637.770079441276,52020,520.2
2045,637.854701772576,49117,491.17
2046,637.939324358074,44913,449.13
2047,638.023947198017,42727,427.27
