Scan Date:,2025-05-24 16:49:50Z
Integration Time:,1000
Number of Averages:,100

Pixel Number,Wavelength (nm),Sum Spectrum,Averaged Spectrum
0,464.9839,18865,188.65
1,465.068515076491,18463,184.63
2,465.153129906126,18501,185.01
3,465.237744489151,18609,186.09
4,465.322358825812,18222,182.22
5,465.406972916352,17851,178.51
6,465.491586761018,18257,182.57
7,465.576200360054,18575,185.75
8,465.660813713705,18803,188.03
9,465.745426822218,19121,191.21
10,465.830039685836,19000,190
11,465.914652304805,18992,189.92
12,465.99926467937,19080,190.8
13,466.083876809776,18914,189.14
14,466.168488696269,19025,190.25
15,466.253100339093,197409,1974.09
16,466.337711738494,247939,2479.39
17,466.422322894716,153661,1536.61
18,466.506933808006,97802,978.02
19,466.591544478607,65648,656.48
20,466.676154906766,46995,469.95
21,466.760765092726,36101,361.01
22,466.845375036735,34180,341.8
23,466.929984739036,32707,327.07
24,467.014594199874,29482,294.82
25,467.099203419495,27294,272.94
26,467.183812398145,25463,254.63
27,467.268421136067,24418,244.18
28,467.353029633508,61013,610.13
29,467.437637890711,73755,737.55
30,467.522245907924,59030,590.3
31,467.60685368539,46723,467.23
32,467.691461223355,36396,363.96
33,467.776068522063,31020,310.2
34,467.860675581761,27714,277.14
35,467.945282402693,31817,318.17
36,468.029888985104,40476,404.76
37,468.11449532924,38816,388.16
38,468.199101435345,36371,363.71
39,468.283707303665,33385,333.85
40,468.368312934445,28739,287.39
41,468.45291832793,30088,300.88
42,468.537523484364,33705,337.05
43,468.622128403994,62632,626.32
44,468.706733087065,75723,757.23
45,468.791337533821,59407,594.07
46,468.875941744507,43705,437.05
47,468.96054571937,35410,354.1
48,469.045149458653,30946,309.46
49,469.129752962602,28029,280.29
50,469.214356231462,25993,259.93
51,469.298959265479,25020,250.2
52,469.383562064897,24781,247.81
53,469.468164629962,24689,246.89
54,469.552766960919,27993,279.93
55,469.637369058012,33158,331.58
56,469.721970921487,31748,317.48
57,469.80657255159,28690,286.9
58,469.891173948565,31033,310.33
59,469.975775112657,30341,303.41
60,470.060376044111,26782,267.82
61,470.144976743173,25128,251.28
62,470.229577210088,28401,284.01
63,470.314177445101,29130,291.3
64,470.398777448457,31342,313.42
65,470.483377220402,60458,604.58
66,470.567976761179,69035,690.35
67,470.652576071035,54989,549.89
68,470.737175150215,42900,429
69,470.821773998963,34390,343.9
70,470.906372617525,33591,335.91
71,470.990971006146,31904,319.04
72,471.075569165072,70566,705.66
73,471.160167094546,80644,806.44
74,471.244764794815,61653,616.53
75,471.329362266123,48531,485.31
76,471.413959508717,42281,422.81
77,471.498556522839,45528,455.28
78,471.583153308737,46002,460.02
79,471.667749866655,41932,419.32
80,471.752346196838,40772,407.72
81,471.836942299532,40789,407.89
82,471.921538174981,45628,456.28
83,472.00613382343,42767,427.67
84,472.090729245126,34615,346.15
85,472.175324440312,29501,295.01
86,472.259919409234,30503,305.03
87,472.344514152137,29929,299.29
88,472.429108669267,26755,267.55
89,472.513702960868,26479,264.79
90,472.598297027185,28897,288.97
91,472.682890868465,28656,286.56
92,472.767484484951,26269,262.69
93,472.852077876889,24240,242.4
94,472.936671044524,27386,273.86
95,473.021263988101,28445,284.45
96,473.105856707865,26860,268.6
97,473.190449204062,32984,329.84
98,473.275041476937,52992,529.92
99,473.359633526735,61879,618.79
100,473.4442253537,50855,508.55
101,473.528816958078,42533,425.33
102,473.613408340115,40849,408.49
103,473.697999500055,36315,363.15
104,473.782590438143,30659,306.59
105,473.867181154625,27686,276.86
106,473.951771649745,31124,311.24
107,474.03636192375,30973,309.73
108,474.120951976883,27654,276.54
109,474.20554180939,26237,262.37
110,474.290131421517,25068,250.68
111,474.374720813508,28922,289.22
112,474.459309985608,29452,294.52
113,474.543898938063,26423,264.23
114,474.628487671118,24936,249.36
115,474.713076185018,24156,241.56
116,474.797664480008,28299,282.99
117,474.882252556332,67150,671.5
118,474.966840414238,78855,788.55
119,475.051428053968,101126,1011.26
120,475.13601547577,98378,983.78
121,475.220602679887,66730,667.3
122,475.305189666564,47547,475.47
123,475.389776436048,36721,367.21
124,475.474362988583,30975,309.75
125,475.558949324414,27176,271.76
126,475.643535443787,25379,253.79
127,475.728121346946,24891,248.91
128,475.812707034136,23988,239.88
129,475.897292505604,53450,534.5
130,475.981877761593,67354,673.54
131,476.066462802349,56384,563.84
132,476.151047628118,48453,484.53
133,476.235632239144,39793,397.93
134,476.320216635672,32028,320.28
135,476.404800817948,32081,320.81
136,476.489384786216,31694,316.94
137,476.573968540723,34034,340.34
138,476.658552081712,59071,590.71
139,476.74313540943,62694,626.94
140,476.827718524121,47096,470.96
141,476.91230142603,36951,369.51
142,476.996884115403,35025,350.25
143,477.081466592484,32838,328.38
144,477.166048857519,28420,284.2
145,477.250630910753,30501,305.01
146,477.335212752432,30530,305.3
147,477.419794382799,27468,274.68
148,477.504375802101,29426,294.26
149,477.588957010582,30261,302.61
150,477.673538008487,27905,279.05
151,477.758118796063,82451,824.51
152,477.842699373553,97028,970.28
153,477.927279741204,66084,660.84
154,478.011859899259,47276,472.76
155,478.096439847965,36017,360.17
156,478.181019587566,30910,309.1
157,478.265599118308,28639,286.39
158,478.350178440435,26464,264.64
159,478.434757554193,25316,253.16
160,478.519336459827,40515,405.15
161,478.603915157582,43917,439.17
162,478.688493647704,34732,347.32
163,478.773071930436,108611,1086.11
164,478.857650006026,127665,1276.65
165,478.942227874716,84848,848.48
166,479.026805536754,75155,751.55
167,479.111382992383,67323,673.23
168,479.19596024185,54581,545.81
169,479.280537285398,43581,435.81
170,479.365114123274,34406,344.06
171,479.449690755722,28868,288.68
172,479.534267182988,25397,253.97
173,479.618843405317,23642,236.42
174,479.703419422953,27296,272.96
175,479.787995236142,33518,335.18
176,479.87257084513,32543,325.43
177,479.95714625016,28895,288.95
178,480.041721451479,26531,265.31
179,480.126296449331,25280,252.8
180,480.210871243962,28310,283.1
181,480.295445835617,28951,289.51
182,480.380020224541,30163,301.63
183,480.464594410979,29745,297.45
184,480.549168395175,31166,311.66
185,480.633742177377,30947,309.47
186,480.718315757827,27454,274.54
187,480.802889136772,25293,252.93
188,480.887462314457,24072,240.72
189,480.972035291127,23195,231.95
190,481.056608067026,27895,278.95
191,481.141180642401,44927,449.27
192,481.225753017496,46170,461.7
193,481.310325192556,35664,356.64
194,481.394897167827,33462,334.62
195,481.479468943554,31475,314.75
196,481.564040519981,28203,282.03
197,481.648611897354,26430,264.3
198,481.733183075918,24605,246.05
199,481.817754055918,28006,280.06
200,481.9023248376,28561,285.61
201,481.986895421208,29484,294.84
202,482.071465806988,72856,728.56
203,482.156035995184,82280,822.8
204,482.240605986042,60974,609.74
205,482.325175779807,47211,472.11
206,482.409745376725,37034,370.34
207,482.494314777039,30814,308.14
208,482.578883980996,27448,274.48
209,482.663452988841,25529,255.29
210,482.748021800818,23997,239.97
211,482.832590417173,23313,233.13
212,482.91715883815,27604,276.04
213,483.001727063996,32661,326.61
214,483.086295094955,31575,315.75
215,483.170862931273,28078,280.78
216,483.255430573193,26853,268.53
217,483.339998020963,29970,299.7
218,483.424565274826,30560,305.6
219,483.509132335028,27616,276.16
220,483.593699201814,25588,255.88
221,483.678265875429,28271,282.71
222,483.762832356118,28249,282.49
223,483.847398644127,25307,253.07
224,483.9319647397,27908,279.08
225,484.016530643083,42750,427.5
226,484.101096354521,44720,447.2
227,484.185661874258,36654,366.54
228,484.270227202541,31197,311.97
229,484.354792339614,27684,276.84
230,484.439357285722,26238,262.38
231,484.523922041111,29486,294.86
232,484.608486606025,33648,336.48
233,484.69305098071,31928,319.28
234,484.777615165411,30636,306.36
235,484.862179160373,33305,333.05
236,484.946742965841,31593,315.93
237,485.03130658206,31201,312.01
238,485.115870009276,34693,346.93
239,485.200433247733,32957,329.57
240,485.284996297677,29114,291.14
241,485.369559159353,59574,595.74
242,485.454121833005,71105,711.05
243,485.53868431888,53640,536.4
244,485.623246617222,42257,422.57
245,485.707808728276,35280,352.8
246,485.792370652288,29603,296.03
247,485.876932389502,30146,301.46
248,485.961493940164,29458,294.58
249,486.046055304519,26493,264.93
250,486.130616482813,25917,259.17
251,486.215177475289,25991,259.91
252,486.299738282193,33715,337.15
253,486.384298903771,35540,355.4
254,486.468859340268,30291,302.91
255,486.553419591928,26792,267.92
256,486.637979658997,25721,257.21
257,486.722539541719,24652,246.52
258,486.807099240341,27202,272.02
259,486.891658755108,27744,277.44
260,486.976218086263,25363,253.63
261,487.060777234053,24132,241.32
262,487.145336198723,23152,231.52
263,487.229894980517,22477,224.77
264,487.314453579682,23155,231.55
265,487.399011996461,23674,236.74
266,487.483570231101,23076,230.76
267,487.568128283845,22505,225.05
268,487.652686154941,22250,222.5
269,487.737243844632,22595,225.95
270,487.821801353163,27873,278.73
271,487.906358680781,28864,288.64
272,487.990915827729,25855,258.55
273,488.075472794253,24686,246.86
274,488.160029580599,30099,300.99
275,488.244586187011,31185,311.85
276,488.329142613735,28003,280.03
277,488.413698861015,34545,345.45
278,488.498254929097,35371,353.71
279,488.582810818225,34827,348.27
280,488.667366528646,34482,344.82
281,488.751922060605,30023,300.23
282,488.836477414345,28249,282.49
283,488.921032590113,27651,276.51
284,489.005587588153,28353,283.53
285,489.090142408711,64059,640.59
286,489.174697052032,76370,763.7
287,489.259251518361,60829,608.29
288,489.343805807943,47282,472.82
289,489.428359921024,36445,364.45
290,489.512913857847,29968,299.68
291,489.597467618659,26872,268.72
292,489.682021203705,40559,405.59
293,489.76657461323,44033,440.33
294,489.851127847479,34720,347.2
295,489.935680906696,31602,316.02
296,490.020233791128,29348,293.48
297,490.104786501019,25996,259.96
298,490.189339036615,28417,284.17
299,490.27389139816,28931,289.31
300,490.3584435859,26012,260.12
301,490.44299560008,24198,241.98
302,490.527547440945,23057,230.57
303,490.612099108739,22178,221.78
304,490.69665060371,21851,218.51
305,490.7812019261,22156,221.56
306,490.865753076156,26573,265.73
307,490.950304054123,28075,280.75
308,491.034854860246,25897,258.97
309,491.119405494769,24643,246.43
310,491.203955957939,24263,242.63
311,491.288506249999,24514,245.14
312,491.373056371197,23707,237.07
313,491.457606321775,27632,276.32
314,491.54215610198,30265,302.65
315,491.626705712057,27688,276.88
316,491.711255152251,25111,251.11
317,491.795804422807,23592,235.92
318,491.88035352397,22784,227.84
319,491.964902455985,23167,231.67
320,492.049451219098,27807,278.07
321,492.133999813553,28460,284.6
322,492.218548239596,25851,258.51
323,492.303096497471,28387,283.87
324,492.387644587425,31813,318.13
325,492.472192509702,34254,342.54
326,492.556740264546,42944,429.44
327,492.641287852205,41556,415.56
328,492.725835272921,33007,330.07
329,492.810382526942,29414,294.14
330,492.894929614511,41259,412.59
331,492.979476535874,43282,432.82
332,493.064023291276,34829,348.29
333,493.148569880962,32713,327.13
334,493.233116305178,30416,304.16
335,493.317662564167,26619,266.19
336,493.402208658177,25582,255.82
337,493.486754587451,24796,247.96
338,493.571300352235,23804,238.04
339,493.655845952774,23182,231.82
340,493.740391389313,27144,271.44
341,493.824936662097,27963,279.63
342,493.909481771372,28263,282.63
343,493.994026717382,27389,273.89
344,494.078571500372,24888,248.88
345,494.163116120589,24330,243.3
346,494.247660578276,24062,240.62
347,494.33220487368,63345,633.45
348,494.416749007044,74604,746.04
349,494.501292978615,53308,533.08
350,494.585836788637,39877,398.77
351,494.670380437356,32293,322.93
352,494.754923925017,28857,288.57
353,494.839467251864,31307,313.07
354,494.924010418144,30596,305.96
355,495.0085534241,27042,270.42
356,495.093096269979,44814,448.14
357,495.177638956025,49026,490.26
358,495.262181482484,42362,423.62
359,495.3467238496,40429,404.29
360,495.431266057619,34731,347.31
361,495.515808106786,33770,337.7
362,495.600349997346,32289,322.89
363,495.684891729544,28317,283.17
364,495.769433303626,27876,278.76
365,495.853974719836,26623,266.23
366,495.938515978419,24688,246.88
367,496.023057079622,23875,238.75
368,496.107598023688,23848,238.48
369,496.192138810863,27952,279.52
370,496.276679441392,28313,283.13
371,496.361219915521,27796,277.96
372,496.445760233493,66093,660.93
373,496.530300395556,75313,753.13
374,496.614840401953,53381,533.81
375,496.69938025293,47214,472.14
376,496.783919948731,41768,417.68
377,496.868459489603,37943,379.43
378,496.95299887579,34301,343.01
379,497.037538107538,38735,387.35
380,497.12207718509,38285,382.85
381,497.206616108694,35581,355.81
382,497.291154878593,32885,328.85
383,497.375693495033,28775,287.75
384,497.460231958259,25991,259.91
385,497.544770268516,24771,247.71
386,497.629308426049,24656,246.56
387,497.713846431104,23942,239.42
388,497.798384283926,27054,270.54
389,497.882921984759,27738,277.38
390,497.967459533848,25669,256.69
391,498.05199693144,28936,289.36
392,498.136534177779,34196,341.96
393,498.22107127311,32785,327.85
394,498.305608217678,28380,283.8
395,498.390145011729,25908,259.08
396,498.474681655507,24473,244.73
397,498.559218149259,23713,237.13
398,498.643754493228,23746,237.46
399,498.72829068766,23034,230.34
400,498.8128267328,22219,222.19
401,498.897362628894,22226,222.26
402,498.981898376185,22285,222.85
403,499.066433974921,22831,228.31
404,499.150969425345,27724,277.24
405,499.235504727703,46952,469.52
406,499.32003988224,49214,492.14
407,499.404574889201,41749,417.49
408,499.489109748831,36906,369.06
409,499.573644461376,31269,312.69
410,499.65817902708,27509,275.09
411,499.742713446188,25389,253.89
412,499.827247718947,24331,243.31
413,499.9117818456,23904,239.04
414,499.996315826393,23168,231.68
415,500.080849661572,22617,226.17
416,500.165383351381,22535,225.35
417,500.249916896065,22213,222.13
418,500.33445029587,22925,229.25
419,500.41898355104,46419,464.19
420,500.503516661822,52953,529.53
421,500.588049628459,39915,399.15
422,500.672582451197,32860,328.6
423,500.757115130282,28993,289.93
424,500.841647665958,26474,264.74
425,500.92618005847,24604,246.04
426,501.010712308064,55386,553.86
427,501.095244414985,67509,675.09
428,501.179776379478,55350,553.5
429,501.264308201788,44150,441.5
430,501.34883988216,39518,395.18
431,501.433371420839,35084,350.84
432,501.517902818071,29018,290.18
433,501.6024340741,31008,310.08
434,501.686965189172,33902,339.02
435,501.771496163532,30916,309.16
436,501.856026997425,27000,270
437,501.940557691096,24724,247.24
438,502.02508824479,23749,237.49
439,502.109618658753,28073,280.73
440,502.194148933229,28626,286.26
441,502.278679068464,25349,253.49
442,502.363209064702,24477,244.77
443,502.44773892219,23851,238.51
444,502.532268641171,27170,271.7
445,502.616798221892,28314,283.14
446,502.701327664597,26443,264.43
447,502.785856969531,24975,249.75
448,502.87038613694,27679,276.79
449,502.954915167069,32015,320.15
450,503.039444060163,30560,305.6
451,503.123972816466,27114,271.14
452,503.208501436225,29838,298.38
453,503.293029919684,30827,308.27
454,503.377558267088,32314,323.14
455,503.462086478683,35879,358.79
456,503.546614554714,38714,387.14
457,503.631142495425,35507,355.07
458,503.715670301062,29758,297.58
459,503.800197971871,26104,261.04
460,503.884725508095,24345,243.45
461,503.969252909981,27551,275.51
462,504.053780177773,32551,325.51
463,504.138307311717,31795,317.95
464,504.222834312058,32508,325.08
465,504.307361179041,32185,321.85
466,504.39188791291,33329,333.29
467,504.476414513912,34406,344.06
468,504.560940982291,51391,513.91
469,504.645467318292,53315,533.15
470,504.729993522161,40091,400.91
471,504.814519594143,36317,363.17
472,504.899045534482,36379,363.79
473,504.983571343424,39182,391.82
474,505.068097021215,40622,406.22
475,505.152622568098,39743,397.43
476,505.23714798432,52957,529.57
477,505.321673270126,52438,524.38
478,505.40619842576,40148,401.48
479,505.490723451468,32532,325.32
480,505.575248347494,31814,318.14
481,505.659773114085,30327,303.27
482,505.744297751485,61662,616.62
483,505.828822259939,73634,736.34
484,505.913346639693,55004,550.04
485,505.997870890991,41364,413.64
486,506.082395014079,33427,334.27
487,506.166919009201,28900,289
488,506.251442876604,25864,258.64
489,506.335966616531,27908,279.08
490,506.420490229229,28053,280.53
491,506.505013714942,26156,261.56
492,506.589537073916,25106,251.06
493,506.674060306396,27621,276.21
494,506.758583412626,29012,290.12
495,506.843106392852,26855,268.55
496,506.927629247319,25334,253.34
497,507.012151976272,24003,240.03
498,507.096674579957,27550,275.5
499,507.181197058618,29768,297.68
500,507.2657194125,27722,277.22
501,507.350241641849,60953,609.53
502,507.43476374691,74209,742.09
503,507.519285727928,55410,554.1
504,507.603807585148,41342,413.42
505,507.688329318816,33799,337.99
506,507.772850929175,32944,329.44
507,507.857372416473,35434,354.34
508,507.941893780953,32792,327.92
509,508.02641502286,28759,287.59
510,508.110936142441,26198,261.98
511,508.195457139939,28423,284.23
512,508.279978015601,28348,283.48
513,508.364498769671,26326,263.26
514,508.449019402395,25072,250.72
515,508.533539914017,23789,237.89
516,508.618060304783,26626,266.26
517,508.702580574937,27039,270.39
518,508.787100724726,25038,250.38
519,508.871620754394,26030,260.3
520,508.956140664186,44595,445.95
521,509.040660454347,54061,540.61
522,509.125180125123,63943,639.43
523,509.209699676758,59899,598.99
524,509.294219109499,69034,690.34
525,509.378738423589,66427,664.27
526,509.463257619274,52261,522.61
527,509.5477766968,42665,426.65
528,509.632295656411,33573,335.73
529,509.716814498352,28353,283.53
530,509.801333222869,25320,253.2
531,509.885851830207,23860,238.6
532,509.97037032061,23614,236.14
533,510.054888694324,23223,232.23
534,510.139406951595,28189,281.89
535,510.223925092667,29314,293.14
536,510.308443117785,26398,263.98
537,510.392961027195,25535,255.35
538,510.477478821141,28937,289.37
539,510.56199649987,33300,333
540,510.646514063625,36508,365.08
541,510.731031512652,38640,386.4
542,510.815548847197,34821,348.21
543,510.900066067503,30443,304.43
544,510.984583173818,27336,273.36
545,511.069100166384,28879,288.79
546,511.153617045449,28684,286.84
547,511.238133811256,30090,300.9
548,511.322650464052,29627,296.27
549,511.407167004081,26310,263.1
550,511.491683431587,33197,331.97
551,511.576199746818,34287,342.87
552,511.660715950017,33192,331.92
553,511.745232041429,31680,316.8
554,511.829748021301,27891,278.91
555,511.914263889876,25634,256.34
556,511.9987796474,25534,255.34
557,512.083295294119,25110,251.1
558,512.167810830277,24809,248.09
559,512.252326256119,27594,275.94
560,512.336841571891,31604,316.04
561,512.421356777838,49677,496.77
562,512.505871874205,51723,517.23
563,512.590386861236,44257,442.57
564,512.674901739178,38234,382.34
565,512.759416508275,31525,315.25
566,512.843931168773,27603,276.03
567,512.928445720916,29587,295.87
568,513.01296016495,33611,336.11
569,513.097474501119,31540,315.4
570,513.18198872967,27672,276.72
571,513.266502850847,25633,256.33
572,513.351016864895,28704,287.04
573,513.435530772059,29652,296.52
574,513.520044572585,26826,268.26
575,513.604558266717,24768,247.68
576,513.689071854701,32155,321.55
577,513.773585336782,36642,366.42
578,513.858098713206,37341,373.41
579,513.942611984216,39079,390.79
580,514.027125150058,43065,430.65
581,514.111638210978,44475,444.75
582,514.196151167221,38703,387.03
583,514.280664019031,31574,315.74
584,514.365176766654,27835,278.35
585,514.449689410336,29241,292.41
586,514.53420195032,32723,327.23
587,514.618714386852,30983,309.83
588,514.703226720178,27005,270.05
589,514.787738950542,24948,249.48
590,514.87225107819,23411,234.11
591,514.956763103367,22420,224.2
592,515.041275026318,22142,221.42
593,515.125786847287,31922,319.22
594,515.210298566521,34781,347.81
595,515.294810184265,29634,296.34
596,515.379321700762,26814,268.14
597,515.463833116259,25763,257.63
598,515.548344431001,24501,245.01
599,515.632855645233,27888,278.88
600,515.7173667592,28666,286.66
601,515.801877773147,27854,278.54
602,515.886388687319,30634,306.34
603,515.970899501962,29671,296.71
604,516.05541021732,26360,263.6
605,516.139920833639,24611,246.11
606,516.224431351163,23395,233.95
607,516.308941770138,23074,230.74
608,516.39345209081,22797,227.97
609,516.477962313423,22385,223.85
610,516.562472438222,26309,263.09
611,516.646982465452,31613,316.13
612,516.731492395359,36967,369.67
613,516.816002228188,36070,360.7
614,516.900511964184,30919,309.19
615,516.985021603591,35409,354.09
616,517.069531146656,43739,437.39
617,517.154040593623,53179,531.79
618,517.238549944738,48843,488.43
619,517.323059200245,41448,414.48
620,517.40756836039,36162,361.62
621,517.492077425417,30457,304.57
622,517.576586395573,26533,265.33
623,517.661095271101,58701,587.01
624,517.745604052248,67224,672.24
625,517.830112739258,48169,481.69
626,517.914621332376,46266,462.66
627,517.999129831848,43033,430.33
628,518.083638237919,34947,349.47
629,518.168146550834,29783,297.83
630,518.252654770838,26537,265.37
631,518.337162898176,25132,251.32
632,518.421670933093,24076,240.76
633,518.506178875835,23436,234.36
634,518.590686726646,23017,230.17
635,518.675194485772,23468,234.68
636,518.759702153457,27512,275.12
637,518.844209729948,28622,286.22
638,518.928717215489,26141,261.41
639,519.013224610325,28476,284.76
640,519.097731914701,29417,294.17
641,519.182239128863,27085,270.85
642,519.266746253055,25516,255.16
643,519.351253287523,24401,244.01
644,519.435760232512,23948,239.48
645,519.520267088267,23835,238.35
646,519.604773855033,23174,231.74
647,519.689280533056,22568,225.68
648,519.77378712258,22457,224.57
649,519.85829362385,22203,222.03
650,519.942800037113,26882,268.82
651,520.027306362612,28176,281.76
652,520.111812600593,25638,256.38
653,520.196318751301,23949,239.49
654,520.280824814981,22668,226.68
655,520.365330791879,21941,219.41
656,520.449836682239,22524,225.24
657,520.534342486307,23393,233.93
658,520.618848204327,23017,230.17
659,520.703353836546,26561,265.61
660,520.787859383207,27417,274.17
661,520.872364844557,32962,329.62
662,520.95687022084,56932,569.32
663,521.041375512301,58799,587.99
664,521.125880719186,43458,434.58
665,521.21038584174,34406,344.06
666,521.294890880208,45153,451.53
667,521.379395834834,46332,463.32
668,521.463900705865,39964,399.64
669,521.548405493545,35435,354.35
670,521.632910198119,29768,297.68
671,521.717414819833,26610,266.1
672,521.801919358931,24710,247.1
673,521.88642381566,23430,234.3
674,521.970928190263,27278,272.78
675,522.055432482986,220197,2201.97
676,522.139936694074,271372,2713.72
677,522.224440823773,171106,1711.06
678,522.308944872327,110960,1109.6
679,522.393448839982,74052,740.52
680,522.477952726982,56718,567.18
681,522.562456533574,66392,663.92
682,522.646960260001,62484,624.84
683,522.731463906509,50911,509.11
684,522.815967473344,46842,468.42
685,522.90047096075,39182,391.82
686,522.984974368973,31930,319.3
687,523.069477698257,27823,278.23
688,523.153980948848,25430,254.3
689,523.238484120991,24233,242.33
690,523.322987214931,23812,238.12
691,523.407490230914,27911,279.11
692,523.491993169183,33423,334.23
693,523.576496029985,74504,745.04
694,523.660998813565,82377,823.77
695,523.745501520167,92875,928.75
696,523.830004150038,87913,879.13
697,523.914506703421,61018,610.18
698,523.999009180562,44908,449.08
699,524.083511581707,35008,350.08
700,524.1680139071,29390,293.9
701,524.252516156987,26357,263.57
702,524.337018331612,24456,244.56
703,524.421520431221,27733,277.33
704,524.506022456059,28907,289.07
705,524.590524406371,26282,262.82
706,524.675026282403,50122,501.22
707,524.759528084398,57056,570.56
708,524.844029812603,42973,429.73
709,524.928531467263,34191,341.91
710,525.013033048623,50374,503.74
711,525.097534556927,54408,544.08
712,525.182035992421,41865,418.65
713,525.266537355351,33728,337.28
714,525.351038645961,29379,293.79
715,525.435539864496,31816,318.16
716,525.520041011202,31308,313.08
717,525.604542086324,28399,283.99
718,525.689043090106,36684,366.84
719,525.773544022794,37927,379.27
720,525.858044884634,37119,371.19
721,525.942545675869,35418,354.18
722,526.027046396746,30436,304.36
723,526.11154704751,27533,275.33
724,526.196047628405,26323,263.23
725,526.280548139677,30421,304.21
726,526.36504858157,30890,308.9
727,526.449548954331,27812,278.12
728,526.534049258204,26374,263.74
729,526.618549493434,29670,296.7
730,526.703049660267,30115,301.15
731,526.787549758947,27483,274.83
732,526.87204978972,29613,296.13
733,526.956549752831,30268,302.68
734,527.041049648525,28264,282.64
735,527.125549477046,26606,266.06
736,527.210049238641,47258,472.58
737,527.294548933555,55305,553.05
738,527.379048562032,44090,440.9
739,527.463548124317,35523,355.23
740,527.548047620657,32088,320.88
741,527.632547051295,29656,296.56
742,527.717046416477,27856,278.56
743,527.801545716449,33627,336.27
744,527.886044951455,35133,351.33
745,527.97054412174,41972,419.72
746,528.05504322755,42590,425.9
747,528.139542269129,35610,356.1
748,528.224041246724,33217,332.17
749,528.308540160578,34690,346.9
750,528.393039010938,33317,333.17
751,528.477537798047,29195,291.95
752,528.562036522152,30031,300.31
753,528.646535183498,33862,338.62
754,528.731033782329,36438,364.38
755,528.815532318891,34062,340.62
756,528.900030793429,30283,302.83
757,528.984529206188,27876,278.76
758,529.069027557414,26347,263.47
759,529.15352584735,25397,253.97
760,529.238024076243,24783,247.83
761,529.322522244338,24269,242.69
762,529.407020351879,24146,241.46
763,529.491518399112,24478,244.78
764,529.576016386283,24383,243.83
765,529.660514313635,24269,242.69
766,529.745012181415,24106,241.06
767,529.829509989866,24061,240.61
768,529.914007739236,24181,241.81
769,529.998505429768,28154,281.54
770,530.083003061708,29658,296.58
771,530.167500635301,27627,276.27
772,530.251998150792,25977,259.77
773,530.336495608426,25750,257.5
774,530.420993008449,29332,293.32
775,530.505490351105,33949,339.49
776,530.589987636639,36422,364.22
777,530.674484865298,37615,376.15
778,530.758982037325,34673,346.73
779,530.843479152966,30146,301.46
780,530.927976212466,27433,274.33
781,531.012473216071,26686,266.86
782,531.096970164025,88986,889.86
783,531.181467056574,109564,1095.64
784,531.265963893962,76204,762.04
785,531.350460676435,53514,535.14
786,531.434957404238,40856,408.56
787,531.519454077616,33747,337.47
788,531.603950696814,32469,324.69
789,531.688447262078,32247,322.47
790,531.772943773652,29761,297.61
791,531.857440231782,26867,268.67
792,531.941936636713,24878,248.78
793,532.026432988689,27887,278.87
794,532.110929287956,28872,288.72
795,532.19542553476,30547,305.47
796,532.279921729345,30117,301.17
797,532.364417871956,27083,270.83
798,532.448913962839,25202,252.02
799,532.533410002239,24459,244.59
800,532.6179059904,24226,242.26
801,532.702401927568,23175,231.75
802,532.786897813989,22667,226.67
803,532.871393649906,31409,314.09
804,532.955889435567,37986,379.86
805,533.040385171214,34772,347.72
806,533.124880857094,64997,649.97
807,533.209376493452,71597,715.97
808,533.293872080533,51259,512.59
809,533.378367618582,38924,389.24
810,533.462863107844,60409,604.09
811,533.547358548564,64210,642.1
812,533.631853940988,50376,503.76
813,533.71634928536,41634,416.34
814,533.800844581926,47322,473.22
815,533.885339830931,45891,458.91
816,533.96983503262,36192,361.92
817,534.054330187238,30423,304.23
818,534.13882529503,30682,306.82
819,534.223320356242,29725,297.25
820,534.307815371118,26511,265.11
821,534.392310339903,24473,244.73
822,534.476805262844,23371,233.71
823,534.561300140184,22622,226.22
824,534.64579497217,30437,304.37
825,534.730289759045,32450,324.5
826,534.814784501056,31900,319
827,534.899279198448,30989,309.89
828,534.983773851465,27490,274.9
829,535.068268460352,29119,291.19
830,535.152763025356,40998,409.98
831,535.23725754672,64354,643.54
832,535.321752024691,63998,639.98
833,535.406246459513,47714,477.14
834,535.490740851431,36776,367.76
835,535.575235200691,30030,300.3
836,535.659729507538,26585,265.85
837,535.744223772216,533787,5337.87
838,535.828717994971,678331,6783.31
839,535.913212176048,402909,4029.09
840,535.997706315693,239690,2396.9
841,536.08220041415,158548,1585.48
842,536.166694471664,108746,1087.46
843,536.251188488481,72315,723.15
844,536.335682464845,51181,511.81
845,536.420176401003,39302,393.02
846,536.504670297198,32033,320.33
847,536.589164153677,27316,273.16
848,536.673657970684,24870,248.7
849,536.758151748464,25274,252.74
850,536.842645487263,24849,248.49
851,536.927139187325,23353,233.53
852,537.011632848896,26640,266.4
853,537.096126472221,28336,283.36
854,537.180620057546,31720,317.2
855,537.265113605114,35252,352.52
856,537.349607115172,32437,324.37
857,537.434100587964,29519,295.19
858,537.518594023736,27180,271.8
859,537.603087422733,25249,252.49
860,537.687580785199,24694,246.94
861,537.772074111381,28094,280.94
862,537.856567401522,42002,420.02
863,537.941060655869,57248,572.48
864,538.025553874667,52411,524.11
865,538.11004705816,40466,404.66
866,538.194540206593,34389,343.89
867,538.279033320213,32313,323.13
868,538.363526399263,34529,345.29
869,538.44801944399,39877,398.77
870,538.532512454637,46893,468.93
871,538.617005431451,58535,585.35
872,538.701498374677,67629,676.29
873,538.785991284559,73287,732.87
874,538.870484161343,78878,788.78
875,538.954977005273,87685,876.85
876,539.039469816596,92120,921.2
877,539.123962595556,92003,920.03
878,539.208455342398,98848,988.48
879,539.292948057368,102154,1021.54
880,539.37744074071,94656,946.56
881,539.46193339267,90174,901.74
882,539.546426013493,87351,873.51
883,539.630918603424,87291,872.91
884,539.715411162708,80970,809.7
885,539.79990369159,74047,740.47
886,539.884396190315,67759,677.59
887,539.968888659129,92642,926.42
888,540.053381098277,103196,1031.96
889,540.137873508003,83608,836.08
890,540.222365888553,66384,663.84
891,540.306858240173,55495,554.95
892,540.391350563106,47901,479.01
893,540.475842857599,50997,509.97
894,540.560335123896,49541,495.41
895,540.644827362243,45940,459.4
896,540.729319572884,46168,461.68
897,540.813811756066,41435,414.35
898,540.898303912032,34847,348.47
899,540.982796041028,30663,306.63
900,541.0672881433,27800,278
901,541.151780219092,26542,265.42
902,541.23627226865,25236,252.36
903,541.320764292218,23819,238.19
904,541.405256290042,23480,234.8
905,541.489748262367,26285,262.85
906,541.574240209438,32537,325.37
907,541.6587321315,32205,322.05
908,541.743224028798,32449,324.49
909,541.827715901578,31333,313.33
910,541.912207750085,27269,272.69
911,541.996699574563,25794,257.94
912,542.081191375258,25015,250.15
913,542.165683152415,28829,288.29
914,542.250174906279,29767,297.67
915,542.334666637096,27019,270.19
916,542.41915834511,25554,255.54
917,542.503650030566,51255,512.55
918,542.58814169371,62463,624.63
919,542.672633334787,58129,581.29
920,542.757124954042,50357,503.57
921,542.841616551719,40657,406.57
922,542.926108128065,39341,393.41
923,543.010599683325,37845,378.45
924,543.095091217743,35290,352.9
925,543.179582731564,66855,668.55
926,543.264074225034,74980,749.8
927,543.348565698398,56670,566.7
928,543.433057151901,46062,460.62
929,543.517548585789,40252,402.52
930,543.602040000305,45253,452.53
931,543.686531395696,50419,504.19
932,543.771022772206,47067,470.67
933,543.855514130081,46699,466.99
934,543.940005469566,49260,492.6
935,544.024496790906,46313,463.13
936,544.108988094346,50212,502.12
937,544.193479380131,53689,536.89
938,544.277970648506,48839,488.39
939,544.362461899717,43494,434.94
940,544.446953134009,45808,458.08
941,544.531444351626,46005,460.05
942,544.615935552814,45633,456.33
943,544.700426737818,46057,460.57
944,544.784917906884,44143,441.43
945,544.869409060255,46367,463.67
946,544.953900198178,46799,467.99
947,545.038391320898,43695,436.95
948,545.122882428659,41660,416.6
949,545.207373521708,40640,406.4
950,545.291864600288,39666,396.66
951,545.376355664645,39146,391.46
952,545.460846715024,77707,777.07
953,545.545337751671,89298,892.98
954,545.62982877483,69385,693.85
955,545.714319784747,60934,609.34
956,545.798810781666,59283,592.83
957,545.883301765834,54124,541.24
958,545.967792737495,52094,520.94
959,546.052283696893,50618,506.18
960,546.136774644275,50889,508.89
961,546.221265579886,49151,491.51
962,546.30575650397,45604,456.04
963,546.390247416772,43498,434.98
964,546.474738318539,41998,419.98
965,546.559229209514,41914,419.14
966,546.643720089944,41534,415.34
967,546.728210960073,40907,409.07
968,546.812701820146,43771,437.71
969,546.897192670409,50347,503.47
970,546.981683511106,50687,506.87
971,547.066174342483,46853,468.53
972,547.150665164785,46543,465.43
973,547.235155978257,49749,497.49
974,547.319646783145,48893,488.93
975,547.404137579692,46284,462.84
976,547.488628368145,44514,445.14
977,547.573119148749,43103,431.03
978,547.657609921748,42786,427.86
979,547.742100687388,46538,465.38
980,547.826591445914,47644,476.44
981,547.911082197572,46222,462.22
982,547.995572942605,45538,455.38
983,548.08006368126,44204,442.04
984,548.164554413782,43243,432.43
985,548.249045140415,42832,428.32
986,548.333535861404,42939,429.39
987,548.418026576996,63718,637.18
988,548.502517287435,69263,692.63
989,548.587007992966,58667,586.67
990,548.671498693834,52307,523.07
991,548.755989390285,55830,558.3
992,548.840480082563,60027,600.27
993,548.924970770915,55661,556.61
994,549.009461455584,50731,507.31
995,549.093952136815,51948,519.48
996,549.178442814856,50851,508.51
997,549.262933489949,47319,473.19
998,549.347424162341,54623,546.23
999,549.431914832276,55774,557.74
1000,549.5164055,50253,502.53
1001,549.600896165758,49719,497.19
1002,549.685386829794,48752,487.52
1003,549.769877492355,46462,464.62
1004,549.854368153685,45717,457.17
1005,549.938858814029,66820,668.2
1006,550.023349473633,76434,764.34
1007,550.107840132742,70214,702.14
1008,550.1923307916,61990,619.9
1009,550.276821450453,54097,540.97
1010,550.361312109546,50024,500.24
1011,550.445802769124,52253,522.53
1012,550.530293429432,52383,523.83
1013,550.614784090716,49205,492.05
1014,550.69927475322,47398,473.98
1015,550.78376541719,46236,462.36
1016,550.868256082871,45177,451.77
1017,550.952746750508,45229,452.29
1018,551.037237420346,49055,490.55
1019,551.12172809263,50253,502.53
1020,551.206218767606,48207,482.07
1021,551.290709445518,46726,467.26
1022,551.375200126611,45897,458.97
1023,551.459690811131,50407,504.07
1024,551.544181499323,51533,515.33
1025,551.628672191433,49208,492.08
1026,551.713162887704,47669,476.69
1027,551.797653588383,46301,463.01
1028,551.882144293714,45526,455.26
1029,551.966635003943,45569,455.69
1030,552.051125719314,50322,503.22
1031,552.135616440073,58939,589.39
1032,552.220107166465,58511,585.11
1033,552.304597898735,56410,564.1
1034,552.389088637129,54263,542.63
1035,552.473579381891,75992,759.92
1036,552.558070133266,81032,810.32
1037,552.6425608915,66724,667.24
1038,552.727051656838,58357,583.57
1039,552.811542429524,83558,835.58
1040,552.896033209805,88583,885.83
1041,552.980523997925,75003,750.03
1042,553.065014794129,65645,656.45
1043,553.149505598662,57507,575.07
1044,553.23399641177,53015,530.15
1045,553.318487233698,54665,546.65
1046,553.402978064691,70479,704.79
1047,553.487468904993,85214,852.14
1048,553.571959754851,78490,784.9
1049,553.656450614509,64763,647.63
1050,553.740941484213,56621,566.21
1051,553.825432364206,60263,602.63
1052,553.909923254736,60498,604.98
1053,553.994414156046,62680,626.8
1054,554.078905068382,60916,609.16
1055,554.16339599199,54766,547.66
1056,554.247886927113,51933,519.33
1057,554.332377873998,78761,787.61
1058,554.416868832889,85318,853.18
1059,554.501359804032,69067,690.67
1060,554.585850787671,59553,595.53
1061,554.670341784053,54040,540.4
1062,554.754832793421,50861,508.61
1063,554.839323816021,49069,490.69
1064,554.923814852099,47901,479.01
1065,555.008305901899,47911,479.11
1066,555.092796965667,56741,567.41
1067,555.177288043647,58690,586.9
1068,555.261779136085,84762,847.62
1069,555.346270243226,90650,906.5
1070,555.430761365315,76765,767.65
1071,555.515252502597,71008,710.08
1072,555.599743655318,64805,648.05
1073,555.684234823722,58169,581.69
1074,555.768726008055,58170,581.7
1075,555.853217208561,60845,608.45
1076,555.937708425486,57724,577.24
1077,556.022199659075,81937,819.37
1078,556.106690909574,87815,878.15
1079,556.191182177226,75318,753.18
1080,556.275673462278,66109,661.09
1081,556.360164764975,61854,618.54
1082,556.444656085561,64333,643.33
1083,556.529147424282,61012,610.12
1084,556.613638781383,56006,560.06
1085,556.698130157109,53531,535.31
1086,556.782621551706,55429,554.29
1087,556.867112965417,55052,550.52
1088,556.951604398489,58570,585.7
1089,557.036095851167,67087,670.87
1090,557.120587323695,64360,643.6
1091,557.20507881632,56729,567.29
1092,557.289570329285,52393,523.93
1093,557.374061862836,53947,539.47
1094,557.458553417219,54908,549.08
1095,557.543044992678,55847,558.47
1096,557.627536589459,55031,550.31
1097,557.712028207806,56891,568.91
1098,557.796519847966,56014,560.14
1099,557.881011510182,60630,606.3
1100,557.9655031947,65209,652.09
1101,558.049994901765,60427,604.27
1102,558.134486631623,54470,544.7
1103,558.218978384519,50926,509.26
1104,558.303470160697,53194,531.94
1105,558.387961960402,53226,532.26
1106,558.472453783881,53537,535.37
1107,558.556945631378,54754,547.54
1108,558.641437503137,87744,877.44
1109,558.725929399405,106669,1066.69
1110,558.810421320427,90319,903.19
1111,558.894913266447,72328,723.28
1112,558.97940523771,62169,621.69
1113,559.063897234463,60189,601.89
1114,559.14838925695,61979,619.79
1115,559.232881305415,58882,588.82
1116,559.317373380105,53740,537.4
1117,559.401865481264,55283,552.83
1118,559.486357609138,55010,550.1
1119,559.570849763971,51485,514.85
1120,559.65534194601,50264,502.64
1121,559.739834155498,54314,543.14
1122,559.824326392681,54824,548.24
1123,559.908818657804,55871,558.71
1124,559.993310951113,54888,548.88
1125,560.077803272852,51746,517.46
1126,560.162295623266,49901,499.01
1127,560.246788002602,48621,486.21
1128,560.331280411103,52182,521.82
1129,560.415772849015,56937,569.37
1130,560.500265316583,60075,600.75
1131,560.584757814052,66090,660.9
1132,560.669250341668,63896,638.96
1133,560.753742899676,56636,566.36
1134,560.83823548832,56903,569.03
1135,560.922728107845,55757,557.57
1136,561.007220758498,51981,519.81
1137,561.091713440523,50436,504.36
1138,561.176206154165,49188,491.88
1139,561.260698899669,48752,487.52
1140,561.345191677281,48309,483.09
1141,561.429684487245,47805,478.05
1142,561.514177329807,47680,476.8
1143,561.598670205212,47414,474.14
1144,561.683163113705,48576,485.76
1145,561.767656055531,48716,487.16
1146,561.852149030935,52070,520.7
1147,561.936642040163,57185,571.85
1148,562.021135083459,55729,557.29
1149,562.105628161069,52364,523.64
1150,562.190121273237,54938,549.38
1151,562.27461442021,54818,548.18
1152,562.359107602232,65298,652.98
1153,562.443600819547,66752,667.52
1154,562.528094072403,62179,621.79
1155,562.612587361042,69316,693.16
1156,562.697080685712,71665,716.65
1157,562.781574046656,68211,682.11
1158,562.866067444119,84399,843.99
1159,562.950560878348,84407,844.07
1160,563.035054349587,68739,687.39
1161,563.119547858082,63662,636.62
1162,563.204041404076,60039,600.39
1163,563.288534987816,56433,564.33
1164,563.373028609547,53382,533.82
1165,563.457522269514,51145,511.45
1166,563.542015967961,49758,497.58
1167,563.626509705135,52708,527.08
1168,563.71100348128,57331,573.31
1169,563.795497296641,55737,557.37
1170,563.879991151464,51769,517.69
1171,563.964485045993,49675,496.75
1172,564.048978980475,48446,484.46
1173,564.133472955153,49023,490.23
1174,564.217966970273,49121,491.21
1175,564.30246102608,52742,527.42
1176,564.386955122819,57208,572.08
1177,564.471449260736,59824,598.24
1178,564.555943440075,57304,573.04
1179,564.640437661083,52912,529.12
1180,564.724931924002,140919,1409.19
1181,564.80942622908,169253,1692.53
1182,564.893920576561,120811,1208.11
1183,564.97841496669,93339,933.39
1184,565.062909399713,76717,767.17
1185,565.147403875874,76997,769.97
1186,565.231898395419,73109,731.09
1187,565.316392958592,61901,619.01
1188,565.400887565639,55185,551.85
1189,565.485382216806,51705,517.05
1190,565.569876912336,49764,497.64
1191,565.654371652476,48447,484.47
1192,565.73886643747,50974,509.74
1193,565.823361267564,52241,522.41
1194,565.907856143003,74982,749.82
1195,565.992351064031,80862,808.62
1196,566.076846030894,67254,672.54
1197,566.161341043838,58784,587.84
1198,566.245836103106,53427,534.27
1199,566.330331208945,50357,503.57
1200,566.4148263616,49067,490.67
1201,566.499321561315,52137,521.37
1202,566.583816808336,52173,521.73
1203,566.668312102908,53409,534.09
1204,566.752807445276,52619,526.19
1205,566.837302835685,51118,511.18
1206,566.92179827438,52260,522.6
1207,567.006293761607,51440,514.4
1208,567.090789297611,48983,489.83
1209,567.175284882636,53156,531.56
1210,567.259780516928,54815,548.15
1211,567.344276200732,51338,513.38
1212,567.428771934293,49103,491.03
1213,567.513267717856,51871,518.71
1214,567.597763551667,51842,518.42
1215,567.68225943597,49083,490.83
1216,567.766755371011,72644,726.44
1217,567.851251357034,79154,791.54
1218,567.935747394286,65411,654.11
1219,568.020243483011,65330,653.3
1220,568.104739623454,62757,627.57
1221,568.18923581586,83227,832.27
1222,568.273732060474,86752,867.52
1223,568.358228357543,69526,695.26
1224,568.442724707309,59563,595.63
1225,568.52722111002,53935,539.35
1226,568.61171756592,50410,504.1
1227,568.696214075254,49166,491.66
1228,568.780710638267,48126,481.26
1229,568.865207255205,47159,471.59
1230,568.949703926312,47535,475.35
1231,569.034200651834,51583,515.83
1232,569.118697432015,51888,518.88
1233,569.203194267102,49468,494.68
1234,569.287691157338,51917,519.17
1235,569.37218810297,59110,591.1
1236,569.456685104242,71033,710.33
1237,569.5411821614,70406,704.06
1238,569.625679274688,61497,614.97
1239,569.710176444352,60008,600.08
1240,569.794673670637,57095,570.95
1241,569.879170953788,52113,521.13
1242,569.96366829405,53575,535.75
1243,570.048165691668,61904,619.04
1244,570.132663146887,60966,609.66
1245,570.217160659954,63277,632.77
1246,570.301658231112,62334,623.34
1247,570.386155860606,56057,560.57
1248,570.470653548683,52556,525.56
1249,570.555151295587,50395,503.95
1250,570.639649101562,48812,488.12
1251,570.724146966856,47650,476.5
1252,570.808644891712,50927,509.27
1253,570.893142876375,56576,565.76
1254,570.977640921091,56607,566.07
1255,571.062139026105,55962,559.62
1256,571.146637191662,76536,765.36
1257,571.231135418007,79183,791.83
1258,571.315633705386,64650,646.5
1259,571.400132054043,60495,604.95
1260,571.484630464223,61342,613.42
1261,571.569128936172,57853,578.53
1262,571.653627470135,52749,527.49
1263,571.738126066357,58918,589.18
1264,571.822624725083,64232,642.32
1265,571.907123446559,59309,593.09
1266,571.991622231028,62404,624.04
1267,572.076121078737,69162,691.62
1268,572.160619989931,65922,659.22
1269,572.245118964855,62334,623.34
1270,572.329618003753,58780,587.8
1271,572.414117106872,59263,592.63
1272,572.498616274455,65141,651.41
1273,572.583115506749,62170,621.7
1274,572.667614803999,54701,547.01
1275,572.752114166448,50392,503.92
1276,572.836613594344,48936,489.36
1277,572.921113087931,48669,486.69
1278,573.005612647453,47800,478
1279,573.090112273157,46780,467.8
1280,573.174611965286,50557,505.57
1281,573.259111724088,59288,592.88
1282,573.343611549805,68041,680.41
1283,573.428111442685,96204,962.04
1284,573.512611402971,100890,1008.9
1285,573.597111430909,132725,1327.25
1286,573.681611526744,136427,1364.27
1287,573.766111690721,112557,1125.57
1288,573.850611923086,92194,921.94
1289,573.935112224083,72463,724.63
1290,574.019612593957,60873,608.73
1291,574.104113032955,55213,552.13
1292,574.18861354132,55999,559.99
1293,574.273114119298,54978,549.78
1294,574.357614767134,55443,554.43
1295,574.442115485074,53702,537.02
1296,574.526616273362,108687,1086.87
1297,574.611117132243,123411,1234.11
1298,574.695618061963,110925,1109.25
1299,574.780119062767,101150,1011.5
1300,574.8646201349,81277,812.77
1301,574.949121278607,70763,707.63
1302,575.033622494133,66767,667.67
1303,575.118123781723,64394,643.94
1304,575.202625141623,58947,589.47
1305,575.287126574078,52794,527.94
1306,575.371628079332,49878,498.78
1307,575.456129657631,48866,488.66
1308,575.54063130922,48313,483.13
1309,575.625133034344,52014,520.14
1310,575.709634833249,59488,594.88
1311,575.794136706179,58506,585.06
1312,575.878638653379,53303,533.03
1313,575.963140675095,49738,497.38
1314,576.047642771572,47260,472.6
1315,576.132144943055,46571,465.71
1316,576.216647189789,51966,519.66
1317,576.301149512019,53235,532.35
1318,576.38565190999,49679,496.79
1319,576.470154383948,47208,472.08
1320,576.554656934138,46725,467.25
1321,576.639159560804,51538,515.38
1322,576.723662264192,52868,528.68
1323,576.808165044547,87216,872.16
1324,576.892667902114,99300,993
1325,576.977170837139,79150,791.5
1326,577.061673849866,64271,642.71
1327,577.146176940541,55922,559.22
1328,577.230680109408,51548,515.48
1329,577.315183356713,49495,494.95
1330,577.399686682701,51699,516.99
1331,577.484190087617,79897,798.97
1332,577.568693571706,84944,849.44
1333,577.653197135214,68225,682.25
1334,577.737700778385,63013,630.13
1335,577.822204501465,58592,585.92
1336,577.906708304698,52490,524.9
1337,577.991212188331,91258,912.58
1338,578.075716152607,101156,1011.56
1339,578.160220197773,82174,821.74
1340,578.244724324073,70048,700.48
1341,578.329228531752,68416,684.16
1342,578.413732821056,69455,694.55
1343,578.49823719223,62192,621.92
1344,578.582741645518,54477,544.77
1345,578.667246181166,54119,541.19
1346,578.75175079942,53391,533.91
1347,578.836255500524,54469,544.69
1348,578.920760284723,62955,629.55
1349,579.005265152262,62656,626.56
1350,579.089770103388,56283,562.83
1351,579.174275138344,51810,518.1
1352,579.258780257375,48308,483.08
1353,579.343285460728,46802,468.02
1354,579.427790748647,46197,461.97
1355,579.512296121378,45371,453.71
1356,579.596801579165,44716,447.16
1357,579.681307122253,45413,454.13
1358,579.765812750888,45391,453.91
1359,579.850318465315,44545,445.45
1360,579.934824265779,44194,441.94
1361,580.019330152525,44045,440.45
1362,580.103836125799,66694,666.94
1363,580.188342185844,73337,733.37
1364,580.272848332908,65182,651.82
1365,580.357354567233,58899,588.99
1366,580.441860889067,52621,526.21
1367,580.526367298654,49447,494.47
1368,580.610873796238,55694,556.94
1369,580.695380382066,56499,564.99
1370,580.779887056382,51452,514.52
1371,580.864393819432,54763,547.63
1372,580.94890067146,55093,550.93
1373,581.033407612712,50715,507.15
1374,581.117914643433,48173,481.73
1375,581.202421763867,47324,473.24
1376,581.286928974261,47041,470.41
1377,581.371436274859,50205,502.05
1378,581.455943665907,50657,506.57
1379,581.540451147649,52309,523.09
1380,581.62495872033,51670,516.7
1381,581.709466384197,48290,482.9
1382,581.793974139493,46480,464.8
1383,581.878481986465,53407,534.07
1384,581.962989925357,54996,549.96
1385,582.047497956414,59016,590.16
1386,582.132006079881,62950,629.5
1387,582.216514296004,57719,577.19
1388,582.301022605028,51999,519.99
1389,582.385531007198,60345,603.45
1390,582.470039502758,61879,618.79
1391,582.554548091955,55171,551.71
1392,582.639056775033,51350,513.5
1393,582.723565552238,48186,481.86
1394,582.808074423814,46724,467.24
1395,582.892583390007,45964,459.64
1396,582.977092451061,53827,538.27
1397,583.061601607223,56006,560.06
1398,583.146110858736,53154,531.54
1399,583.230620205847,53095,530.95
1400,583.3151296488,50871,508.71
1401,583.399639187841,51666,516.66
1402,583.484148823214,50811,508.11
1403,583.568658555165,47775,477.75
1404,583.653168383939,46093,460.93
1405,583.73767830978,52954,529.54
1406,583.822188332935,54951,549.51
1407,583.906698453649,54013,540.13
1408,583.991208672165,52198,521.98
1409,584.075718988731,48687,486.87
1410,584.16022940359,50436,504.36
1411,584.244739916987,50163,501.63
1412,584.329250529169,47229,472.29
1413,584.41376124038,45544,455.44
1414,584.498272050865,44741,447.41
1415,584.58278296087,44548,445.48
1416,584.667293970638,55439,554.39
1417,584.751805080417,66436,664.36
1418,584.83631629045,63370,633.7
1419,584.920827600983,55518,555.18
1420,585.005339012262,50526,505.26
1421,585.08985052453,51635,516.35
1422,585.174362138034,55045,550.45
1423,585.258873853018,57024,570.24
1424,585.343385669727,54231,542.31
1425,585.427897588408,49499,494.99
1426,585.512409609304,46410,464.1
1427,585.596921732661,44822,448.22
1428,585.681433958724,47114,471.14
1429,585.765946287739,47765,477.65
1430,585.85045871995,50360,503.6
1431,585.934971255602,54675,546.75
1432,586.019483894941,61759,617.59
1433,586.103996638212,64350,643.5
1434,586.18850948566,58022,580.22
1435,586.27302243753,52462,524.62
1436,586.357535494067,48952,489.52
1437,586.442048655516,75210,752.1
1438,586.526561922122,106059,1060.59
1439,586.611075294132,96703,967.03
1440,586.695588771789,74306,743.06
1441,586.780102355339,61575,615.75
1442,586.864616045027,58409,584.09
1443,586.949129841097,54529,545.29
1444,587.033643743797,49005,490.05
1445,587.118157753369,46231,462.31
1446,587.20267187006,44841,448.41
1447,587.287186094115,43685,436.85
1448,587.371700425779,43054,430.54
1449,587.456214865296,42634,426.34
1450,587.540729412912,42605,426.05
1451,587.625244068873,42619,426.19
1452,587.709758833423,46494,464.94
1453,587.794273706808,47887,478.87
1454,587.878788689272,46389,463.89
1455,587.963303781061,45083,450.83
1456,588.047818982419,44148,441.48
1457,588.132334293593,47347,473.47
1458,588.216849714827,52407,524.07
1459,588.301365246366,51392,513.92
1460,588.385880888455,48016,480.16
1461,588.47039664134,45582,455.82
1462,588.554912505266,44002,440.02
1463,588.639428480477,47657,476.57
1464,588.72394456722,54788,547.88
1465,588.808460765738,63098,630.98
1466,588.892977076278,60766,607.66
1467,588.977493499084,52790,527.9
1468,589.062010034401,47931,479.31
1469,589.146526682475,45100,451
1470,589.231043443551,43457,434.57
1471,589.315560317874,42631,426.31
1472,589.400077305689,42160,421.6
1473,589.48459440724,41798,417.98
1474,589.569111622774,45642,456.42
1475,589.653628952536,52938,529.38
1476,589.73814639677,52985,529.85
1477,589.822663955722,48948,489.48
1478,589.907181629636,158779,1587.79
1479,589.991699418759,197179,1971.79
1480,590.076217323334,146913,1469.13
1481,590.160735343608,108504,1085.04
1482,590.245253479825,80119,801.19
1483,590.329771732231,63195,631.95
1484,590.41429010107,92428,924.28
1485,590.498808586588,97872,978.72
1486,590.58332718903,74674,746.74
1487,590.667845908641,64173,641.73
1488,590.752364745666,57107,571.07
1489,590.83688370035,50845,508.45
1490,590.921402772939,50990,509.9
1491,591.005921963678,58262,582.62
1492,591.090441272811,56975,569.75
1493,591.174960700584,54535,545.35
1494,591.259480247241,55678,556.78
1495,591.343999913029,56551,565.51
1496,591.428519698192,53331,533.31
1497,591.513039602976,48350,483.5
1498,591.597559627625,45731,457.31
1499,591.682079772385,44530,445.3
1500,591.7666000375,43217,432.17
1501,591.851120423216,42574,425.74
1502,591.935640929779,42433,424.33
1503,592.020161557432,44519,445.19
1504,592.104682306422,44829,448.29
1505,592.189203176993,43029,430.29
1506,592.273724169391,41813,418.13
1507,592.35824528386,41087,410.87
1508,592.442766520647,40958,409.58
1509,592.527287879995,45669,456.69
1510,592.611809362151,47339,473.39
1511,592.696330967358,77897,778.97
1512,592.780852695863,85356,853.56
1513,592.865374547911,66888,668.88
1514,592.949896523746,56185,561.85
1515,593.034418623614,50313,503.13
1516,593.11894084776,90260,902.6
1517,593.203463196429,100066,1000.66
1518,593.287985669866,76028,760.28
1519,593.372508268317,61539,615.39
1520,593.457030992026,53275,532.75
1521,593.541553841238,48447,484.47
1522,593.626076816199,46629,466.29
1523,593.710599917154,44669,446.69
1524,593.795123144348,42794,427.94
1525,593.879646498027,42003,420.03
1526,593.964169978434,49576,495.76
1527,594.048693585816,52261,522.61
1528,594.133217320417,47771,477.71
1529,594.217741182483,48678,486.78
1530,594.302265172259,48103,481.03
1531,594.38678928999,49351,493.51
1532,594.47131353592,48415,484.15
1533,594.555837910296,48896,488.96
1534,594.640362413363,47814,478.14
1535,594.724887045364,69741,697.41
1536,594.809411806547,75086,750.86
1537,594.893936697155,60801,608.01
1538,594.978461717434,60463,604.63
1539,595.062986867629,57925,579.25
1540,595.147512147985,51498,514.98
1541,595.232037558747,56203,562.03
1542,595.316563100161,64187,641.87
1543,595.401088772471,62023,620.23
1544,595.485614575923,54586,545.86
1545,595.570140510762,49256,492.56
1546,595.654666577233,45887,458.87
1547,595.73919277558,47791,477.91
1548,595.82371910605,49613,496.13
1549,595.908245568888,47974,479.74
1550,595.992772164338,53547,535.47
1551,596.077298892645,62824,628.24
1552,596.161825754055,59716,597.16
1553,596.246352748813,51708,517.08
1554,596.330879877164,47551,475.51
1555,596.415407139353,62698,626.98
1556,596.499934535626,66402,664.02
1557,596.584462066227,57427,574.27
1558,596.668989731401,56061,560.61
1559,596.753517531394,57521,575.21
1560,596.838045466451,58149,581.49
1561,596.922573536817,53916,539.16
1562,597.007101742737,48822,488.22
1563,597.091630084456,84733,847.33
1564,597.17615856222,112493,1124.93
1565,597.260687176273,97504,975.04
1566,597.345215926861,78804,788.04
1567,597.429744814228,73652,736.52
1568,597.51427383862,65069,650.69
1569,597.598803000283,54638,546.38
1570,597.68333229946,57167,571.67
1571,597.767861736398,55852,558.52
1572,597.852391311341,57376,573.76
1573,597.936921024535,56014,560.14
1574,598.021450876224,53340,533.4
1575,598.105980866655,54692,546.92
1576,598.190510996071,51528,515.28
1577,598.275041264718,50829,508.29
1578,598.359571672842,53273,532.73
1579,598.444102220687,55899,558.99
1580,598.528632908498,52941,529.41
1581,598.613163736522,51748,517.48
1582,598.697694705001,59242,592.42
1583,598.782225814183,60919,609.19
1584,598.866757064312,58318,583.18
1585,598.951288455633,53233,532.33
1586,599.035819988391,51440,514.4
1587,599.120351662832,53857,538.57
1588,599.2048834792,50970,509.7
1589,599.289415437741,45855,458.55
1590,599.3739475387,43806,438.06
1591,599.458479782322,47667,476.67
1592,599.543012168852,52034,520.34
1593,599.627544698535,53776,537.76
1594,599.712077371617,50385,503.85
1595,599.796610188342,45860,458.6
1596,599.881143148956,48139,481.39
1597,599.965676253703,52037,520.37
1598,600.05020950283,50135,501.35
1599,600.13474289658,45876,458.76
1600,600.2192764352,43349,433.49
1601,600.303810118934,46295,462.95
1602,600.388343948028,46359,463.59
1603,600.472877922726,43495,434.95
1604,600.557412043273,46108,461.08
1605,600.641946309916,46108,461.08
1606,600.726480722899,43735,437.35
1607,600.811015282466,42511,425.11
1608,600.895549988864,41334,413.34
1609,600.980084842338,40376,403.76
1610,601.064619843132,43165,431.65
1611,601.149154991491,44429,444.29
1612,601.233690287662,47432,474.32
1613,601.318225731888,48179,481.79
1614,601.402761324415,45258,452.58
1615,601.487297065489,46870,468.7
1616,601.571832955354,47126,471.26
1617,601.656368994255,48397,483.97
1618,601.740905182438,47247,472.47
1619,601.825441520148,43888,438.88
1620,601.90997800763,47112,471.12
1621,601.994514645128,51531,515.31
1622,602.079051432889,52629,526.29
1623,602.163588371157,49773,497.73
1624,602.248125460177,49373,493.73
1625,602.332662700195,48307,483.07
1626,602.417200091456,49125,491.25
1627,602.501737634204,47809,478.09
1628,602.586275328686,44267,442.67
1629,602.670813175145,41872,418.72
1630,602.755351173828,52788,527.88
1631,602.839889324979,56027,560.27
1632,602.924427628843,52882,528.82
1633,603.008966085667,53373,533.73
1634,603.093504695693,50388,503.88
1635,603.178043459169,45595,455.95
1636,603.262582376339,47330,473.3
1637,603.347121447448,50047,500.47
1638,603.431660672741,49047,490.47
1639,603.516200052464,45545,455.45
1640,603.600739586861,42388,423.88
1641,603.685279276178,41011,410.11
1642,603.769819120659,41158,411.58
1643,603.854359120551,40641,406.41
1644,603.938899276098,44855,448.55
1645,604.023439587545,50003,500.03
1646,604.107980055137,48483,484.83
1647,604.19252067912,48151,481.51
1648,604.277061459738,50361,503.61
1649,604.361602397237,47801,478.01
1650,604.446143491862,43712,437.12
1651,604.530684743859,61474,614.74
1652,604.615226153471,79869,798.69
1653,604.699767720944,76577,765.77
1654,604.784309446525,64021,640.21
1655,604.868851330456,57307,573.07
1656,604.953393372984,60869,608.69
1657,605.037935574354,65196,651.96
1658,605.122477934812,58835,588.35
1659,605.207020454601,77925,779.25
1660,605.291563133967,80755,807.55
1661,605.376105973156,64558,645.58
1662,605.460648972412,54483,544.83
1663,605.545192131981,47385,473.85
1664,605.629735452108,43146,431.46
1665,605.714278933038,40930,409.3
1666,605.798822575015,48514,485.14
1667,605.883366378286,50261,502.61
1668,605.967910343095,44966,449.66
1669,606.052454469688,41507,415.07
1670,606.136998758309,40331,403.31
1671,606.221543209204,44168,441.68
1672,606.306087822618,44769,447.69
1673,606.390632598795,41961,419.61
1674,606.475177537982,44154,441.54
1675,606.559722640423,48638,486.38
1676,606.644267906364,50830,508.3
1677,606.728813336049,51912,519.12
1678,606.813358929724,48484,484.84
1679,606.897904687633,43571,435.71
1680,606.982450610022,41075,410.75
1681,607.066996697137,39534,395.34
1682,607.151542949221,42924,429.24
1683,607.236089366521,47783,477.83
1684,607.320635949282,46276,462.76
1685,607.405182697748,42462,424.62
1686,607.489729612165,45341,453.41
1687,607.574276692777,45589,455.89
1688,607.658823939831,42248,422.48
1689,607.74337135357,44393,443.93
1690,607.827918934241,48294,482.94
1691,607.912466682089,46467,464.67
1692,607.997014597358,42398,423.98
1693,608.081562680293,53217,532.17
1694,608.16611093114,55317,553.17
1695,608.250659350145,51928,519.28
1696,608.335207937551,52201,522.01
1697,608.419756693605,51292,512.92
1698,608.504305618551,47337,473.37
1699,608.588854712634,47181,471.81
1700,608.6734039761,45768,457.68
1701,608.757953409194,54804,548.04
1702,608.84250301216,61591,615.91
1703,608.927052785245,55060,550.6
1704,609.011602728693,48701,487.01
1705,609.096152842749,44738,447.38
1706,609.180703127658,41346,413.46
1707,609.265253583666,39241,392.41
1708,609.349804211018,39003,390.03
1709,609.434355009958,42617,426.17
1710,609.518905980733,42832,428.32
1711,609.603457123586,48889,488.89
1712,609.688008438764,89791,897.91
1713,609.772559926511,95207,952.07
1714,609.857111587073,70395,703.95
1715,609.941663420694,55875,558.75
1716,610.02621542762,47615,476.15
1717,610.110767608096,47819,478.19
1718,610.195319962366,46473,464.73
1719,610.279872490677,42160,421.6
1720,610.364425193274,39767,397.67
1721,610.4489780704,38651,386.51
1722,610.533531122303,38294,382.94
1723,610.618084349226,39182,391.82
1724,610.702637751414,43413,434.13
1725,610.787191329114,47354,473.54
1726,610.87174508257,45560,455.6
1727,610.956299012027,49806,498.06
1728,611.04085311773,49581,495.81
1729,611.125407399925,43931,439.31
1730,611.209961858857,40431,404.31
1731,611.29451649477,68562,685.62
1732,611.37907130791,86045,860.45
1733,611.463626298523,72133,721.33
1734,611.548181466852,61007,610.07
1735,611.632736813144,61884,618.84
1736,611.717292337643,57719,577.19
1737,611.801848040595,49318,493.18
1738,611.886403922244,44449,444.49
1739,611.970959982837,45711,457.11
1740,612.055516222617,47966,479.66
1741,612.14007264183,50139,501.39
1742,612.224629240722,51965,519.65
1743,612.309186019537,49988,499.88
1744,612.39374297852,63361,633.61
1745,612.478300117917,66197,661.97
1746,612.562857437973,76217,762.17
1747,612.647414938933,78640,786.4
1748,612.731972621042,63846,638.46
1749,612.816530484545,51826,518.26
1750,612.901088529688,66464,664.64
1751,612.985646756714,68324,683.24
1752,613.070205165871,58234,582.34
1753,613.154763757402,51100,511
1754,613.239322531553,44661,446.61
1755,613.323881488569,45090,450.9
1756,613.408440628695,43901,439.01
1757,613.492999952176,40353,403.53
1758,613.577559459258,42548,425.48
1759,613.662119150185,46301,463.01
1760,613.746679025203,44046,440.46
1761,613.831239084557,40429,404.29
1762,613.915799328492,42664,426.64
1763,614.000359757252,42758,427.58
1764,614.084920371084,40260,402.6
1765,614.169481170232,38912,389.12
1766,614.254042154942,39078,390.78
1767,614.338603325458,38453,384.53
1768,614.423164682026,42133,421.33
1769,614.507726224891,46911,469.11
1770,614.592287954298,44847,448.47
1771,614.676849870492,63817,638.17
1772,614.761411973718,67958,679.58
1773,614.845974264222,53822,538.22
1774,614.930536742248,46058,460.58
1775,615.015099408042,46221,462.21
1776,615.099662261849,44833,448.33
1777,615.184225303914,41162,411.62
1778,615.268788534481,43211,432.11
1779,615.353351953797,42936,429.36
1780,615.437915562106,48135,481.35
1781,615.522479359654,49057,490.57
1782,615.607043346685,43405,434.05
1783,615.691607523446,61242,612.42
1784,615.776171890179,64889,648.89
1785,615.860736447132,52122,521.22
1786,615.94530119455,45012,450.12
1787,616.029866132676,45049,450.49
1788,616.114431261757,44324,443.24
1789,616.198996582037,45266,452.66
1790,616.283562093762,47778,477.78
1791,616.368127797177,49458,494.58
1792,616.452693692527,46457,464.57
1793,616.537259780057,41126,411.26
1794,616.621826060012,42703,427.03
1795,616.706392532638,47162,471.62
1796,616.790959198179,45375,453.75
1797,616.87552605688,40785,407.85
1798,616.960093108988,65831,658.31
1799,617.044660354746,72750,727.5
1800,617.1292277944,68532,685.32
1801,617.213795428195,72864,728.64
1802,617.298363256377,64628,646.28
1803,617.38293127919,52238,522.38
1804,617.46749949688,44779,447.79
1805,617.552067909691,40137,401.37
1806,617.63663651787,37235,372.35
1807,617.72120532166,512181,5121.81
1808,617.805774321307,654072,6540.72
1809,617.890343517057,399349,3993.49
1810,617.974912909154,243632,2436.32
1811,618.059482497843,153573,1535.73
1812,618.14405228337,102899,1028.99
1813,618.22862226598,73529,735.29
1814,618.313192445918,56074,560.74
1815,618.397762823429,64904,649.04
1816,618.482333398757,69186,691.86
1817,618.56690417215,57814,578.14
1818,618.65147514385,52272,522.72
1819,618.736046314105,47847,478.47
1820,618.820617683158,42436,424.36
1821,618.905189251254,39728,397.28
1822,618.98976101864,38799,387.99
1823,619.07433298556,37509,375.09
1824,619.158905152259,42425,424.25
1825,619.243477518983,71057,710.57
1826,619.328050085976,74570,745.7
1827,619.412622853484,61808,618.08
1828,619.497195821751,57296,572.96
1829,619.581768991023,60234,602.34
1830,619.666342361546,55665,556.65
1831,619.750915933564,46371,463.71
1832,619.835489707321,41114,411.14
1833,619.920063683065,46924,469.24
1834,620.004637861039,51290,512.9
1835,620.089212241489,46318,463.18
1836,620.173786824659,40500,405
1837,620.258361610796,39198,391.98
1838,620.342936600144,38051,380.51
1839,620.427511792947,36424,364.24
1840,620.512087189453,43261,432.61
1841,620.596662789905,78887,788.87
1842,620.681238594548,96304,963.04
1843,620.765814603629,79253,792.53
1844,620.850390817391,60351,603.51
1845,620.93496723608,53053,530.53
1846,621.019543859942,56533,565.33
1847,621.104120689221,53670,536.7
1848,621.188697724162,48160,481.6
1849,621.273274965011,43417,434.17
1850,621.357852412012,38824,388.24
1851,621.442430065412,38025,380.25
1852,621.527007925454,36710,367.1
1853,621.611585992385,38646,386.46
1854,621.696164266449,40212,402.12
1855,621.780742747892,38142,381.42
1856,621.865321436958,36132,361.32
1857,621.949900333892,35354,353.54
1858,622.03447943894,38660,386.6
1859,622.119058752348,39425,394.25
1860,622.203638274359,36834,368.34
1861,622.28821800522,40229,402.29
1862,622.372797945175,41261,412.61
1863,622.457378094469,38810,388.1
1864,622.541958453348,36443,364.43
1865,622.626539022057,36794,367.94
1866,622.711119800841,37245,372.45
1867,622.795700789945,36211,362.11
1868,622.880281989613,51484,514.84
1869,622.964863400093,54824,548.24
1870,623.049445021627,45138,451.38
1871,623.134026854462,40111,401.11
1872,623.218608898843,37006,370.06
1873,623.303191155015,39796,397.96
1874,623.387773623222,41292,412.92
1875,623.472356303711,43152,431.52
1876,623.556939196726,45954,459.54
1877,623.641522302512,43425,434.25
1878,623.726105621315,38897,388.97
1879,623.810689153379,40280,402.8
1880,623.89527289895,39915,399.15
1881,623.979856858273,41388,413.88
1882,624.064441031593,48156,481.56
1883,624.149025419156,50858,508.58
1884,624.233610021205,53955,539.55
1885,624.318194837987,54164,541.64
1886,624.402779869747,51736,517.36
1887,624.487365116729,53819,538.19
1888,624.571950579179,53903,539.03
1889,624.656536257342,47142,471.42
1890,624.741122151463,40361,403.61
1891,624.825708261788,40645,406.45
1892,624.91029458856,48597,485.97
1893,624.994881132027,47921,479.21
1894,625.079467892432,44984,449.84
1895,625.16405487002,42002,420.02
1896,625.248642065038,38024,380.24
1897,625.33322947773,78453,784.53
1898,625.41781710834,93085,930.85
1899,625.502404957115,227304,2273.04
1900,625.5869930243,260185,2601.85
1901,625.671581310139,167841,1678.41
1902,625.756169814878,647633,6476.33
1903,625.840758538762,767737,7677.37
1904,625.925347482035,457990,4579.9
1905,626.009936644944,288188,2881.88
1906,626.094526027733,187061,1870.61
1907,626.179115630648,120874,1208.74
1908,626.263705453933,83913,839.13
1909,626.348295497833,66102,661.02
1910,626.432885762595,53948,539.48
1911,626.517476248462,45489,454.89
1912,626.60206695568,58199,581.99
1913,626.686657884495,59351,593.51
1914,626.771249035151,47428,474.28
1915,626.855840407893,48697,486.97
1916,626.940432002967,46751,467.51
1917,627.025023820618,46257,462.57
1918,627.10961586109,64077,640.77
1919,627.19420812463,63691,636.91
1920,627.278800611482,63552,635.52
1921,627.363393321891,62845,628.45
1922,627.447986256102,95421,954.21
1923,627.532579414361,99027,990.27
1924,627.617172796912,71230,712.3
1925,627.701766404002,54311,543.11
1926,627.786360235874,44528,445.28
1927,627.870954292774,43188,431.88
1928,627.955548574948,40723,407.23
1929,628.04014308264,54772,547.72
1930,628.124737816095,57716,577.16
1931,628.209332775559,50685,506.85
1932,628.293927961276,45059,450.59
1933,628.378523373493,38736,387.36
1934,628.463119012454,34862,348.62
1935,628.547714878403,33360,333.6
1936,628.632310971587,37547,375.47
1937,628.716907292251,42141,421.41
1938,628.801503840639,44035,440.35
1939,628.886100616996,40733,407.33
1940,628.970697621569,36208,362.08
1941,629.055294854601,34197,341.97
1942,629.139892316339,37126,371.26
1943,629.224490007026,41222,412.22
1944,629.309087926909,39832,398.32
1945,629.393686076233,39936,399.36
1946,629.478284455242,38550,385.5
1947,629.562883064182,34776,347.76
1948,629.647481903298,32839,328.39
1949,629.732080972835,32233,322.33
1950,629.816680273037,34981,349.81
1951,629.901279804152,35118,351.18
1952,629.985879566422,36867,368.67
1953,630.070479560095,41206,412.06
1954,630.155079785414,42947,429.47
1955,630.239680242624,39685,396.85
1956,630.324280931972,35465,354.65
1957,630.408881853702,42996,429.96
1958,630.493483008059,46872,468.72
1959,630.578084395288,41393,413.93
1960,630.662686015635,36058,360.58
1961,630.747287869345,40287,402.87
1962,630.831889956662,41187,411.87
1963,630.916492277832,36713,367.13
1964,631.001094833101,33485,334.85
1965,631.085697622712,31754,317.54
1966,631.170300646912,35506,355.06
1967,631.254903905945,36398,363.98
1968,631.339507400056,41914,419.14
1969,631.424111129492,45868,458.68
1970,631.508715094496,50465,504.65
1971,631.593319295314,62437,624.37
1972,631.677923732192,62097,620.97
1973,631.762528405373,54418,544.18
1974,631.847133315104,49609,496.09
1975,631.93173846163,43131,431.31
1976,632.016343845195,41163,411.63
1977,632.100949466045,38934,389.34
1978,632.185555324425,34506,345.06
1979,632.270161420579,31748,317.48
1980,632.354767754754,30921,309.21
1981,632.439374327195,33729,337.29
1982,632.523981138146,33937,339.37
1983,632.608588187852,31475,314.75
1984,632.693195476559,32596,325.96
1985,632.777803004512,33033,330.33
1986,632.862410771956,32964,329.64
1987,632.947018779136,33192,331.92
1988,633.031627026297,33131,331.31
1989,633.116235513685,36522,365.22
1990,633.200844241544,44870,448.7
1991,633.28545321012,44205,442.05
1992,633.370062419658,37592,375.92
1993,633.454671870403,33757,337.57
1994,633.539281562599,31681,316.81
1995,633.623891496493,30583,305.83
1996,633.708501672329,30081,300.81
1997,633.793112090353,33514,335.14
1998,633.877722750809,34096,340.96
1999,633.962333653943,31599,315.99
2000,634.0469448,30063,300.63
2001,634.131556189225,29400,294
2002,634.216167821863,32814,328.14
2003,634.300779698159,33637,336.37
2004,634.385391818359,31507,315.07
2005,634.470004182707,30876,308.76
2006,634.554616791449,29877,298.77
2007,634.639229644829,32924,329.24
2008,634.723842743094,54525,545.25
2009,634.808456086488,61915,619.15
2010,634.893069675256,50059,500.59
2011,634.977683509643,44669,446.69
2012,635.062297589895,44980,449.8
2013,635.146911916256,44897,448.97
2014,635.231526488972,40352,403.52
2015,635.316141308288,256155,2561.55
2016,635.400756374449,314991,3149.91
2017,635.4853716877,202588,2025.88
2018,635.569987248286,137064,1370.64
2019,635.654603056453,92894,928.94
2020,635.739219112446,66105,661.05
2021,635.823835416509,51524,515.24
2022,635.908451968888,51308,513.08
2023,635.993068769827,73592,735.92
2024,636.077685819573,72391,723.91
2025,636.16230311837,81098,810.98
2026,636.246920666464,77228,772.28
2027,636.331538464099,211770,2117.7
2028,636.41615651152,243185,2431.85
2029,636.500774808974,152366,1523.66
2030,636.585393356704,98398,983.98
2031,636.670012154956,98104,981.04
2032,636.754631203976,93743,937.43
2033,636.839250504007,69015,690.15
2034,636.923870055296,51235,512.35
2035,637.008489858088,44055,440.55
2036,637.093109912628,39848,398.48
2037,637.17773021916,34888,348.88
2038,637.26235077793,31412,314.12
2039,637.346971589183,41936,419.36
2040,637.431592653165,49235,492.35
2041,637.51621397012,43539,435.39
2042,637.600835540293,39732,397.32
2043,637.68545736393,39833,398.33
2044,637.770079441276,40647,406.47
2045,637.854701772576,37345,373.45
2046,637.939324358074,32881,328.81
2047,638.023947198017,30286,302.86
