Scan Date:,2025-05-24 15:19:59Z
Integration Time:,1000
Number of Averages:,100

Pixel Number,Wavelength (nm),Sum Spectrum,Averaged Spectrum
0,464.9839,83365,833.65
1,465.068515076491,82587,825.87
2,465.153129906126,82733,827.33
3,465.237744489151,82953,829.53
4,465.322358825812,82902,829.02
5,465.406972916352,82617,826.17
6,465.491586761018,82461,824.61
7,465.576200360054,82849,828.49
8,465.660813713705,83029,830.29
9,465.745426822218,82937,829.37
10,465.830039685836,82814,828.14
11,465.914652304805,82974,829.74
12,465.99926467937,83210,832.1
13,466.083876809776,83277,832.77
14,466.168488696269,83083,830.83
15,466.253100339093,198787,1987.87
16,466.337711738494,231692,2316.92
17,466.422322894716,170463,1704.63
18,466.506933808006,134227,1342.27
19,466.591544478607,113402,1134.02
20,466.676154906766,101351,1013.51
21,466.760765092726,94230,942.3
22,466.845375036735,92787,927.87
23,466.929984739036,91894,918.94
24,467.014594199874,89959,899.59
25,467.099203419495,88407,884.07
26,467.183812398145,87129,871.29
27,467.268421136067,86621,866.21
28,467.353029633508,111374,1113.74
29,467.437637890711,119687,1196.87
30,467.522245907924,109637,1096.37
31,467.60685368539,101642,1016.42
32,467.691461223355,94725,947.25
33,467.776068522063,91025,910.25
34,467.860675581761,88716,887.16
35,467.945282402693,91121,911.21
36,468.029888985104,96378,963.78
37,468.11449532924,95574,955.74
38,468.199101435345,94559,945.59
39,468.283707303665,92735,927.35
40,468.368312934445,89651,896.51
41,468.45291832793,90749,907.49
42,468.537523484364,93192,931.92
43,468.622128403994,113009,1130.09
44,468.706733087065,122169,1221.69
45,468.791337533821,111265,1112.65
46,468.875941744507,100498,1004.98
47,468.96054571937,94473,944.73
48,469.045149458653,90845,908.45
49,469.129752962602,88968,889.68
50,469.214356231462,87722,877.22
51,469.298959265479,86880,868.8
52,469.383562064897,86609,866.09
53,469.468164629962,86311,863.11
54,469.552766960919,88394,883.94
55,469.637369058012,92207,922.07
56,469.721970921487,91714,917.14
57,469.80657255159,89789,897.89
58,469.891173948565,91062,910.62
59,469.975775112657,90649,906.49
60,470.060376044111,88659,886.59
61,470.144976743173,87461,874.61
62,470.229577210088,89625,896.25
63,470.314177445101,89922,899.22
64,470.398777448457,91109,911.09
65,470.483377220402,110992,1109.92
66,470.567976761179,116831,1168.31
67,470.652576071035,107019,1070.19
68,470.737175150215,98951,989.51
69,470.821773998963,93461,934.61
70,470.906372617525,93083,930.83
71,470.990971006146,91829,918.29
72,471.075569165072,117974,1179.74
73,471.160167094546,125091,1250.91
74,471.244764794815,112316,1123.16
75,471.329362266123,103222,1032.22
76,471.413959508717,98709,987.09
77,471.498556522839,100820,1008.2
78,471.583153308737,101348,1013.48
79,471.667749866655,98441,984.41
80,471.752346196838,97771,977.71
81,471.836942299532,97832,978.32
82,471.921538174981,101148,1011.48
83,472.00613382343,99258,992.58
84,472.090729245126,93451,934.51
85,472.175324440312,90056,900.56
86,472.259919409234,90969,909.69
87,472.344514152137,90554,905.54
88,472.429108669267,88220,882.2
89,472.513702960868,87947,879.47
90,472.598297027185,89625,896.25
91,472.682890868465,89325,893.25
92,472.767484484951,87824,878.24
93,472.852077876889,86772,867.72
94,472.936671044524,89049,890.49
95,473.021263988101,89759,897.59
96,473.105856707865,88738,887.38
97,473.190449204062,92869,928.69
98,473.275041476937,105779,1057.79
99,473.359633526735,111399,1113.99
100,473.4442253537,103938,1039.38
101,473.528816958078,98512,985.12
102,473.613408340115,97734,977.34
103,473.697999500055,94773,947.73
104,473.782590438143,91079,910.79
105,473.867181154625,89110,891.1
106,473.951771649745,91551,915.51
107,474.03636192375,91746,917.46
108,474.120951976883,89485,894.85
109,474.20554180939,88358,883.58
110,474.290131421517,87491,874.91
111,474.374720813508,89988,899.88
112,474.459309985608,90382,903.82
113,474.543898938063,88735,887.35
114,474.628487671118,87663,876.63
115,474.713076185018,87101,871.01
116,474.797664480008,90128,901.28
117,474.882252556332,116682,1166.82
118,474.966840414238,124383,1243.83
119,475.051428053968,140116,1401.16
120,475.13601547577,138300,1383
121,475.220602679887,116310,1163.1
122,475.305189666564,103106,1031.06
123,475.389776436048,95650,956.5
124,475.474362988583,91630,916.3
125,475.558949324414,89017,890.17
126,475.643535443787,87632,876.32
127,475.728121346946,86985,869.85
128,475.812707034136,86347,863.47
129,475.897292505604,106557,1065.57
130,475.981877761593,116186,1161.86
131,476.066462802349,109059,1090.59
132,476.151047628118,103642,1036.42
133,476.235632239144,97632,976.32
134,476.320216635672,92062,920.62
135,476.404800817948,92151,921.51
136,476.489384786216,91829,918.29
137,476.573968540723,93419,934.19
138,476.658552081712,110171,1101.71
139,476.74313540943,112409,1124.09
140,476.827718524121,102025,1020.25
141,476.91230142603,95288,952.88
142,476.996884115403,93959,939.59
143,477.081466592484,92645,926.45
144,477.166048857519,89576,895.76
145,477.250630910753,91097,910.97
146,477.335212752432,91169,911.69
147,477.419794382799,88951,889.51
148,477.504375802101,90255,902.55
149,477.588957010582,90637,906.37
150,477.673538008487,88869,888.69
151,477.758118796063,125345,1253.45
152,477.842699373553,135336,1353.36
153,477.927279741204,114845,1148.45
154,478.011859899259,102249,1022.49
155,478.096439847965,94824,948.24
156,478.181019587566,91529,915.29
157,478.265599118308,89769,897.69
158,478.350178440435,87940,879.4
159,478.434757554193,87379,873.79
160,478.519336459827,97984,979.84
161,478.603915157582,100416,1004.16
162,478.688493647704,93703,937.03
163,478.773071930436,143090,1430.9
164,478.857650006026,156086,1560.86
165,478.942227874716,127461,1274.61
166,479.026805536754,120032,1200.32
167,479.111382992383,114453,1144.53
168,479.19596024185,106060,1060.6
169,479.280537285398,99040,990.4
170,479.365114123274,93047,930.47
171,479.449690755722,89688,896.88
172,479.534267182988,87774,877.74
173,479.618843405317,86516,865.16
174,479.703419422953,88727,887.27
175,479.787995236142,92895,928.95
176,479.87257084513,92401,924.01
177,479.95714625016,89809,898.09
178,480.041721451479,87938,879.38
179,480.126296449331,87160,871.6
180,480.210871243962,89382,893.82
181,480.295445835617,89761,897.61
182,480.380020224541,90656,906.56
183,480.464594410979,90178,901.78
184,480.549168395175,91265,912.65
185,480.633742177377,91259,912.59
186,480.718315757827,88988,889.88
187,480.802889136772,87553,875.53
188,480.887462314457,86617,866.17
189,480.972035291127,86092,860.92
190,481.056608067026,89281,892.81
191,481.141180642401,100795,1007.95
192,481.225753017496,101722,1017.22
193,481.310325192556,94744,947.44
194,481.394897167827,93427,934.27
195,481.479468943554,92074,920.74
196,481.564040519981,89538,895.38
197,481.648611897354,87910,879.1
198,481.733183075918,86528,865.28
199,481.817754055918,89005,890.05
200,481.9023248376,89578,895.78
201,481.986895421208,90281,902.81
202,482.071465806988,120306,1203.06
203,482.156035995184,126911,1269.11
204,482.240605986042,112156,1121.56
205,482.325175779807,102823,1028.23
206,482.409745376725,95774,957.74
207,482.494314777039,91197,911.97
208,482.578883980996,88764,887.64
209,482.663452988841,87711,877.11
210,482.748021800818,86918,869.18
211,482.832590417173,86443,864.43
212,482.91715883815,88980,889.8
213,483.001727063996,92310,923.1
214,483.086295094955,91522,915.22
215,483.170862931273,89080,890.8
216,483.255430573193,88297,882.97
217,483.339998020963,90627,906.27
218,483.424565274826,90885,908.85
219,483.509132335028,88902,889.02
220,483.593699201814,87650,876.5
221,483.678265875429,89674,896.74
222,483.762832356118,89925,899.25
223,483.847398644127,88008,880.08
224,483.9319647397,89628,896.28
225,484.016530643083,99650,996.5
226,484.101096354521,100695,1006.95
227,484.185661874258,94884,948.84
228,484.270227202541,91325,913.25
229,484.354792339614,89134,891.34
230,484.439357285722,88206,882.06
231,484.523922041111,90317,903.17
232,484.608486606025,92829,928.29
233,484.69305098071,91588,915.88
234,484.777615165411,90683,906.83
235,484.862179160373,92646,926.46
236,484.946742965841,91558,915.58
237,485.03130658206,91136,911.36
238,485.115870009276,93411,934.11
239,485.200433247733,92347,923.47
240,485.284996297677,89553,895.53
241,485.369559159353,109270,1092.7
242,485.454121833005,117299,1172.99
243,485.53868431888,106059,1060.59
244,485.623246617222,98311,983.11
245,485.707808728276,93721,937.21
246,485.792370652288,90234,902.34
247,485.876932389502,90655,906.55
248,485.961493940164,90389,903.89
249,486.046055304519,88475,884.75
250,486.130616482813,88067,880.67
251,486.215177475289,87839,878.39
252,486.299738282193,93025,930.25
253,486.384298903771,94226,942.26
254,486.468859340268,90536,905.36
255,486.553419591928,88083,880.83
256,486.637979658997,87205,872.05
257,486.722539541719,86866,868.66
258,486.807099240341,88652,886.52
259,486.891658755108,89025,890.25
260,486.976218086263,87322,873.22
261,487.060777234053,86422,864.22
262,487.145336198723,85825,858.25
263,487.229894980517,85276,852.76
264,487.314453579682,85693,856.93
265,487.399011996461,86047,860.47
266,487.483570231101,85603,856.03
267,487.568128283845,85370,853.7
268,487.652686154941,85047,850.47
269,487.737243844632,85276,852.76
270,487.821801353163,89563,895.63
271,487.906358680781,90437,904.37
272,487.990915827729,88212,882.12
273,488.075472794253,87033,870.33
274,488.160029580599,90495,904.95
275,488.244586187011,91514,915.14
276,488.329142613735,89574,895.74
277,488.413698861015,93662,936.62
278,488.498254929097,94195,941.95
279,488.582810818225,93876,938.76
280,488.667366528646,93669,936.69
281,488.751922060605,90755,907.55
282,488.836477414345,88839,888.39
283,488.921032590113,88283,882.83
284,489.005587588153,89157,891.57
285,489.090142408711,113630,1136.3
286,489.174697052032,122101,1221.01
287,489.259251518361,111640,1116.4
288,489.343805807943,102553,1025.53
289,489.428359921024,94971,949.71
290,489.512913857847,90604,906.04
291,489.597467618659,88946,889.46
292,489.682021203705,97960,979.6
293,489.76657461323,99904,999.04
294,489.851127847479,93710,937.1
295,489.935680906696,91459,914.59
296,490.020233791128,89916,899.16
297,490.104786501019,88050,880.5
298,490.189339036615,90234,902.34
299,490.27389139816,90324,903.24
300,490.3584435859,88111,881.11
301,490.44299560008,86743,867.43
302,490.527547440945,85961,859.61
303,490.612099108739,85613,856.13
304,490.69665060371,85128,851.28
305,490.7812019261,85131,851.31
306,490.865753076156,88055,880.55
307,490.950304054123,89291,892.91
308,491.034854860246,88186,881.86
309,491.119405494769,87233,872.33
310,491.203955957939,86803,868.03
311,491.288506249999,86587,865.87
312,491.373056371197,85961,859.61
313,491.457606321775,88673,886.73
314,491.54215610198,90270,902.7
315,491.626705712057,88701,887.01
316,491.711255152251,87195,871.95
317,491.795804422807,86206,862.06
318,491.88035352397,85755,857.55
319,491.964902455985,85721,857.21
320,492.049451219098,88776,887.76
321,492.133999813553,89228,892.28
322,492.218548239596,87656,876.56
323,492.303096497471,89360,893.6
324,492.387644587425,91165,911.65
325,492.472192509702,92522,925.22
326,492.556740264546,98796,987.96
327,492.641287852205,98350,983.5
328,492.725835272921,92684,926.84
329,492.810382526942,90214,902.14
330,492.894929614511,97547,975.47
331,492.979476535874,98520,985.2
332,493.064023291276,93122,931.22
333,493.148569880962,92027,920.27
334,493.233116305178,90724,907.24
335,493.317662564167,88449,884.49
336,493.402208658177,87703,877.03
337,493.486754587451,87292,872.92
338,493.571300352235,86670,866.7
339,493.655845952774,86034,860.34
340,493.740391389313,88667,886.67
341,493.824936662097,89370,893.7
342,493.909481771372,89820,898.2
343,493.994026717382,89475,894.75
344,494.078571500372,87695,876.95
345,494.163116120589,86831,868.31
346,494.247660578276,86512,865.12
347,494.33220487368,109496,1094.96
348,494.416749007044,115982,1159.82
349,494.501292978615,103779,1037.79
350,494.585836788637,96207,962.07
351,494.670380437356,91399,913.99
352,494.754923925017,89128,891.28
353,494.839467251864,91146,911.46
354,494.924010418144,90849,908.49
355,495.0085534241,88465,884.65
356,495.093096269979,100031,1000.31
357,495.177638956025,102890,1028.9
358,495.262181482484,98393,983.93
359,495.3467238496,97311,973.11
360,495.431266057619,93692,936.92
361,495.515808106786,93278,932.78
362,495.600349997346,92156,921.56
363,495.684891729544,89308,893.08
364,495.769433303626,88933,889.33
365,495.853974719836,88031,880.31
366,495.938515978419,86559,865.59
367,496.023057079622,86124,861.24
368,496.107598023688,85993,859.93
369,496.192138810863,88644,886.44
370,496.276679441392,89300,893
371,496.361219915521,89283,892.83
372,496.445760233493,115707,1157.07
373,496.530300395556,122264,1222.64
374,496.614840401953,107246,1072.46
375,496.69938025293,102776,1027.76
376,496.783919948731,98961,989.61
377,496.868459489603,96286,962.86
378,496.95299887579,93477,934.77
379,497.037538107538,96330,963.3
380,497.12207718509,96105,961.05
381,497.206616108694,94467,944.67
382,497.291154878593,92776,927.76
383,497.375693495033,90005,900.05
384,497.460231958259,87994,879.94
385,497.544770268516,86860,868.6
386,497.629308426049,86776,867.76
387,497.713846431104,86348,863.48
388,497.798384283926,88443,884.43
389,497.882921984759,88898,888.98
390,497.967459533848,87697,876.97
391,498.05199693144,90127,901.27
392,498.136534177779,93656,936.56
393,498.22107127311,92325,923.25
394,498.305608217678,89213,892.13
395,498.390145011729,87621,876.21
396,498.474681655507,86459,864.59
397,498.559218149259,85938,859.38
398,498.643754493228,86341,863.41
399,498.72829068766,85979,859.79
400,498.8128267328,85316,853.16
401,498.897362628894,85187,851.87
402,498.981898376185,85619,856.19
403,499.066433974921,86025,860.25
404,499.150969425345,88983,889.83
405,499.235504727703,102153,1021.53
406,499.32003988224,103947,1039.47
407,499.404574889201,98756,987.56
408,499.489109748831,95488,954.88
409,499.573644461376,91487,914.87
410,499.65817902708,88759,887.59
411,499.742713446188,87332,873.32
412,499.827247718947,86834,868.34
413,499.9117818456,86562,865.62
414,499.996315826393,85782,857.82
415,500.080849661572,85597,855.97
416,500.165383351381,85725,857.25
417,500.249916896065,85633,856.33
418,500.33445029587,85855,858.55
419,500.41898355104,101643,1016.43
420,500.503516661822,106025,1060.25
421,500.588049628459,97066,970.66
422,500.672582451197,92476,924.76
423,500.757115130282,89956,899.56
424,500.841647665958,88268,882.68
425,500.92618005847,87252,872.52
426,501.010712308064,108502,1085.02
427,501.095244414985,117003,1170.03
428,501.179776379478,108620,1086.2
429,501.264308201788,100730,1007.3
430,501.34883988216,97477,974.77
431,501.433371420839,94503,945.03
432,501.517902818071,90452,904.52
433,501.6024340741,91544,915.44
434,501.686965189172,93456,934.56
435,501.771496163532,91663,916.63
436,501.856026997425,89017,890.17
437,501.940557691096,87329,873.29
438,502.02508824479,86563,865.63
439,502.109618658753,89341,893.41
440,502.194148933229,89631,896.31
441,502.278679068464,87762,877.62
442,502.363209064702,87150,871.5
443,502.44773892219,86384,863.84
444,502.532268641171,88959,889.59
445,502.616798221892,89881,898.81
446,502.701327664597,88251,882.51
447,502.785856969531,87026,870.26
448,502.87038613694,89243,892.43
449,502.954915167069,92478,924.78
450,503.039444060163,91255,912.55
451,503.123972816466,88663,886.63
452,503.208501436225,90637,906.37
453,503.293029919684,91511,915.11
454,503.377558267088,92278,922.78
455,503.462086478683,94631,946.31
456,503.546614554714,96572,965.72
457,503.631142495425,94249,942.49
458,503.715670301062,90259,902.59
459,503.800197971871,88091,880.91
460,503.884725508095,86890,868.9
461,503.969252909981,88710,887.1
462,504.053780177773,92010,920.1
463,504.138307311717,91492,914.92
464,504.222834312058,92197,921.97
465,504.307361179041,92080,920.8
466,504.39188791291,92493,924.93
467,504.476414513912,93054,930.54
468,504.560940982291,104870,1048.7
469,504.645467318292,106300,1063
470,504.729993522161,97114,971.14
471,504.814519594143,94334,943.34
472,504.899045534482,94137,941.37
473,504.983571343424,96075,960.75
474,505.068097021215,97114,971.14
475,505.152622568098,96835,968.35
476,505.23714798432,105935,1059.35
477,505.321673270126,105333,1053.33
478,505.40619842576,96820,968.2
479,505.490723451468,92055,920.55
480,505.575248347494,91853,918.53
481,505.659773114085,90919,909.19
482,505.744297751485,112305,1123.05
483,505.828822259939,120432,1204.32
484,505.913346639693,107734,1077.34
485,505.997870890991,98352,983.52
486,506.082395014079,92908,929.08
487,506.166919009201,89797,897.97
488,506.251442876604,88033,880.33
489,506.335966616531,89575,895.75
490,506.420490229229,89733,897.33
491,506.505013714942,88388,883.88
492,506.589537073916,87795,877.95
493,506.674060306396,89743,897.43
494,506.758583412626,90518,905.18
495,506.843106392852,88879,888.79
496,506.927629247319,87839,878.39
497,507.012151976272,87015,870.15
498,507.096674579957,89171,891.71
499,507.181197058618,90340,903.4
500,507.2657194125,88772,887.72
501,507.350241641849,111854,1118.54
502,507.43476374691,121072,1210.72
503,507.519285727928,108371,1083.71
504,507.603807585148,98558,985.58
505,507.688329318816,93313,933.13
506,507.772850929175,92889,928.89
507,507.857372416473,94435,944.35
508,507.941893780953,92648,926.48
509,508.02641502286,90098,900.98
510,508.110936142441,88157,881.57
511,508.195457139939,89255,892.55
512,508.279978015601,89276,892.76
513,508.364498769671,88307,883.07
514,508.449019402395,87639,876.39
515,508.533539914017,86829,868.29
516,508.618060304783,88653,886.53
517,508.702580574937,88943,889.43
518,508.787100724726,87430,874.3
519,508.871620754394,88184,881.84
520,508.956140664186,100495,1004.95
521,509.040660454347,106781,1067.81
522,509.125180125123,113056,1130.56
523,509.209699676758,110439,1104.39
524,509.294219109499,115425,1154.25
525,509.378738423589,113369,1133.69
526,509.463257619274,104731,1047.31
527,509.5477766968,98729,987.29
528,509.632295656411,92968,929.68
529,509.716814498352,89769,897.69
530,509.801333222869,87930,879.3
531,509.885851830207,86905,869.05
532,509.97037032061,86671,866.71
533,510.054888694324,86504,865.04
534,510.139406951595,89256,892.56
535,510.223925092667,89573,895.73
536,510.308443117785,87623,876.23
537,510.392961027195,87471,874.71
538,510.477478821141,89927,899.27
539,510.56199649987,92859,928.59
540,510.646514063625,94944,949.44
541,510.731031512652,96516,965.16
542,510.815548847197,94257,942.57
543,510.900066067503,91054,910.54
544,510.984583173818,88812,888.12
545,511.069100166384,89877,898.77
546,511.153617045449,89685,896.85
547,511.238133811256,90726,907.26
548,511.322650464052,90454,904.54
549,511.407167004081,88231,882.31
550,511.491683431587,93051,930.51
551,511.576199746818,94161,941.61
552,511.660715950017,93562,935.62
553,511.745232041429,92410,924.1
554,511.829748021301,89723,897.23
555,511.914263889876,87997,879.97
556,511.9987796474,87835,878.35
557,512.083295294119,87375,873.75
558,512.167810830277,87077,870.77
559,512.252326256119,88926,889.26
560,512.336841571891,91331,913.31
561,512.421356777838,103157,1031.57
562,512.505871874205,104683,1046.83
563,512.590386861236,100175,1001.75
564,512.674901739178,96454,964.54
565,512.759416508275,92126,921.26
566,512.843931168773,89597,895.97
567,512.928445720916,90884,908.84
568,513.01296016495,93638,936.38
569,513.097474501119,92398,923.98
570,513.18198872967,89706,897.06
571,513.266502850847,88198,881.98
572,513.351016864895,90079,900.79
573,513.435530772059,90604,906.04
574,513.520044572585,88833,888.33
575,513.604558266717,87507,875.07
576,513.689071854701,92382,923.82
577,513.773585336782,95543,955.43
578,513.858098713206,96253,962.53
579,513.942611984216,97302,973.02
580,514.027125150058,99950,999.5
581,514.111638210978,101229,1012.29
582,514.196151167221,97437,974.37
583,514.280664019031,92578,925.78
584,514.365176766654,89939,899.39
585,514.449689410336,90807,908.07
586,514.53420195032,93211,932.11
587,514.618714386852,92125,921.25
588,514.703226720178,89658,896.58
589,514.787738950542,88279,882.79
590,514.87225107819,87287,872.87
591,514.956763103367,86612,866.12
592,515.041275026318,86243,862.43
593,515.125786847287,92622,926.22
594,515.210298566521,94343,943.43
595,515.294810184265,90819,908.19
596,515.379321700762,89267,892.67
597,515.463833116259,88816,888.16
598,515.548344431001,88001,880.01
599,515.632855645233,90116,901.16
600,515.7173667592,90428,904.28
601,515.801877773147,89799,897.99
602,515.886388687319,91605,916.05
603,515.970899501962,91106,911.06
604,516.05541021732,89022,890.22
605,516.139920833639,87870,878.7
606,516.224431351163,87383,873.83
607,516.308941770138,87247,872.47
608,516.39345209081,86828,868.28
609,516.477962313423,86550,865.5
610,516.562472438222,89012,890.12
611,516.646982465452,92424,924.24
612,516.731492395359,96417,964.17
613,516.816002228188,95942,959.42
614,516.900511964184,92181,921.81
615,516.985021603591,95327,953.27
616,517.069531146656,100998,1009.98
617,517.154040593623,107519,1075.19
618,517.238549944738,104734,1047.34
619,517.323059200245,99650,996.5
620,517.40756836039,96181,961.81
621,517.492077425417,92504,925.04
622,517.576586395573,90179,901.79
623,517.661095271101,112667,1126.67
624,517.745604052248,118385,1183.85
625,517.830112739258,104802,1048.02
626,517.914621332376,102908,1029.08
627,517.999129831848,100497,1004.97
628,518.083638237919,95219,952.19
629,518.168146550834,91948,919.48
630,518.252654770838,89630,896.3
631,518.337162898176,88562,885.62
632,518.421670933093,88296,882.96
633,518.506178875835,87991,879.91
634,518.590686726646,87482,874.82
635,518.675194485772,87955,879.55
636,518.759702153457,90884,908.84
637,518.844209729948,91352,913.52
638,518.928717215489,89510,895.1
639,519.013224610325,91279,912.79
640,519.097731914701,92188,921.88
641,519.182239128863,90727,907.27
642,519.266746253055,89811,898.11
643,519.351253287523,89133,891.33
644,519.435760232512,88714,887.14
645,519.520267088267,88555,885.55
646,519.604773855033,88201,882.01
647,519.689280533056,87732,877.32
648,519.77378712258,87821,878.21
649,519.85829362385,87656,876.56
650,519.942800037113,90842,908.42
651,520.027306362612,91556,915.56
652,520.111812600593,89862,898.62
653,520.196318751301,88970,889.7
654,520.280824814981,88440,884.4
655,520.365330791879,88150,881.5
656,520.449836682239,88546,885.46
657,520.534342486307,89186,891.86
658,520.618848204327,89056,890.56
659,520.703353836546,91276,912.76
660,520.787859383207,91620,916.2
661,520.872364844557,95727,957.27
662,520.95687022084,112012,1120.12
663,521.041375512301,113250,1132.5
664,521.125880719186,102904,1029.04
665,521.21038584174,96531,965.31
666,521.294890880208,103876,1038.76
667,521.379395834834,105131,1051.31
668,521.463900705865,101023,1010.23
669,521.548405493545,98080,980.8
670,521.632910198119,94581,945.81
671,521.717414819833,92427,924.27
672,521.801919358931,90995,909.95
673,521.88642381566,90268,902.68
674,521.970928190263,92911,929.11
675,522.055432482986,217947,2179.47
676,522.139936694074,251148,2511.48
677,522.224440823773,186212,1862.12
678,522.308944872327,147196,1471.96
679,522.393448839982,123333,1233.33
680,522.477952726982,112403,1124.03
681,522.562456533574,119277,1192.77
682,522.646960260001,116902,1169.02
683,522.731463906509,109416,1094.16
684,522.815967473344,106808,1068.08
685,522.90047096075,101834,1018.34
686,522.984974368973,96995,969.95
687,523.069477698257,94255,942.55
688,523.153980948848,92848,928.48
689,523.238484120991,92089,920.89
690,523.322987214931,91638,916.38
691,523.407490230914,94478,944.78
692,523.491993169183,98611,986.11
693,523.576496029985,127370,1273.7
694,523.660998813565,133103,1331.03
695,523.745501520167,140061,1400.61
696,523.830004150038,136670,1366.7
697,523.914506703421,118296,1182.96
698,523.999009180562,107307,1073.07
699,524.083511581707,100904,1009.04
700,524.1680139071,97311,973.11
701,524.252516156987,95237,952.37
702,524.337018331612,94480,944.8
703,524.421520431221,96958,969.58
704,524.506022456059,97504,975.04
705,524.590524406371,95875,958.75
706,524.675026282403,112193,1121.93
707,524.759528084398,117042,1170.42
708,524.844029812603,107838,1078.38
709,524.928531467263,102187,1021.87
710,525.013033048623,113205,1132.05
711,525.097534556927,116161,1161.61
712,525.182035992421,107736,1077.36
713,525.266537355351,102462,1024.62
714,525.351038645961,99596,995.96
715,525.435539864496,101199,1011.99
716,525.520041011202,100832,1008.32
717,525.604542086324,99043,990.43
718,525.689043090106,104917,1049.17
719,525.773544022794,105924,1059.24
720,525.858044884634,105402,1054.02
721,525.942545675869,104507,1045.07
722,526.027046396746,101526,1015.26
723,526.11154704751,99883,998.83
724,526.196047628405,99216,992.16
725,526.280548139677,101994,1019.94
726,526.36504858157,102751,1027.51
727,526.449548954331,100894,1008.94
728,526.534049258204,100276,1002.76
729,526.618549493434,102879,1028.79
730,526.703049660267,103593,1035.93
731,526.787549758947,102217,1022.17
732,526.87204978972,103742,1037.42
733,526.956549752831,104552,1045.52
734,527.041049648525,103311,1033.11
735,527.125549477046,102125,1021.25
736,527.210049238641,116831,1168.31
737,527.294548933555,122676,1226.76
738,527.379048562032,115055,1150.55
739,527.463548124317,109698,1096.98
740,527.548047620657,107876,1078.76
741,527.632547051295,106752,1067.52
742,527.717046416477,105845,1058.45
743,527.801545716449,109872,1098.72
744,527.886044951455,111140,1111.4
745,527.97054412174,115690,1156.9
746,528.05504322755,115730,1157.3
747,528.139542269129,111494,1114.94
748,528.224041246724,110866,1108.66
749,528.308540160578,112397,1123.97
750,528.393039010938,112210,1122.1
751,528.477537798047,110316,1103.16
752,528.562036522152,111685,1116.85
753,528.646535183498,114704,1147.04
754,528.731033782329,116519,1165.19
755,528.815532318891,115076,1150.76
756,528.900030793429,112828,1128.28
757,528.984529206188,111537,1115.37
758,529.069027557414,110903,1109.03
759,529.15352584735,111112,1111.12
760,529.238024076243,111188,1111.88
761,529.322522244338,111096,1110.96
762,529.407020351879,111620,1116.2
763,529.491518399112,112559,1125.59
764,529.576016386283,113224,1132.24
765,529.660514313635,113533,1135.33
766,529.745012181415,113852,1138.52
767,529.829509989866,114338,1143.38
768,529.914007739236,114713,1147.13
769,529.998505429768,117854,1178.54
770,530.083003061708,119340,1193.4
771,530.167500635301,118336,1183.36
772,530.251998150792,118096,1180.96
773,530.336495608426,118793,1187.93
774,530.420993008449,121561,1215.61
775,530.505490351105,125307,1253.07
776,530.589987636639,127904,1279.04
777,530.674484865298,129020,1290.2
778,530.758982037325,126936,1269.36
779,530.843479152966,124125,1241.25
780,530.927976212466,122619,1226.19
781,531.012473216071,121982,1219.82
782,531.096970164025,162086,1620.86
783,531.181467056574,175089,1750.89
784,531.265963893962,152826,1528.26
785,531.350460676435,137394,1373.94
786,531.434957404238,128162,1281.62
787,531.519454077616,121982,1219.82
788,531.603950696814,119220,1192.2
789,531.688447262078,116656,1166.56
790,531.772943773652,112720,1127.2
791,531.857440231782,109082,1090.82
792,531.941936636713,105783,1057.83
793,532.026432988689,105764,1057.64
794,532.110929287956,104668,1046.68
795,532.19542553476,104429,1044.29
796,532.279921729345,102816,1028.16
797,532.364417871956,99600,996
798,532.448913962839,97288,972.88
799,532.533410002239,95803,958.03
800,532.6179059904,94494,944.94
801,532.702401927568,93105,931.05
802,532.786897813989,92072,920.72
803,532.871393649906,97396,973.96
804,532.955889435567,101443,1014.43
805,533.040385171214,98638,986.38
806,533.124880857094,118688,1186.88
807,533.209376493452,122824,1228.24
808,533.293872080533,108308,1083.08
809,533.378367618582,99639,996.39
810,533.462863107844,112910,1129.1
811,533.547358548564,114864,1148.64
812,533.631853940988,105704,1057.04
813,533.71634928536,99991,999.91
814,533.800844581926,103779,1037.79
815,533.885339830931,102691,1026.91
816,533.96983503262,96186,961.86
817,534.054330187238,92319,923.19
818,534.13882529503,92476,924.76
819,534.223320356242,91959,919.59
820,534.307815371118,89818,898.18
821,534.392310339903,88335,883.35
822,534.476805262844,87857,878.57
823,534.561300140184,87866,878.66
824,534.64579497217,92970,929.7
825,534.730289759045,94133,941.33
826,534.814784501056,94047,940.47
827,534.899279198448,93610,936.1
828,534.983773851465,91123,911.23
829,535.068268460352,92082,920.82
830,535.152763025356,99998,999.98
831,535.23725754672,115698,1156.98
832,535.321752024691,115493,1154.93
833,535.406246459513,104360,1043.6
834,535.490740851431,97116,971.16
835,535.575235200691,92950,929.5
836,535.659729507538,90657,906.57
837,535.744223772216,415133,4151.33
838,535.828717994971,506777,5067.77
839,535.913212176048,331044,3310.44
840,535.997706315693,226649,2266.49
841,536.08220041415,175192,1751.92
842,536.166694471664,143275,1432.75
843,536.251188488481,119527,1195.27
844,536.335682464845,105532,1055.32
845,536.420176401003,98066,980.66
846,536.504670297198,93652,936.52
847,536.589164153677,90673,906.73
848,536.673657970684,88979,889.79
849,536.758151748464,88974,889.74
850,536.842645487263,88866,888.66
851,536.927139187325,87846,878.46
852,537.011632848896,90217,902.17
853,537.096126472221,91379,913.79
854,537.180620057546,93428,934.28
855,537.265113605114,96117,961.17
856,537.349607115172,94385,943.85
857,537.434100587964,92128,921.28
858,537.518594023736,90693,906.93
859,537.603087422733,89762,897.62
860,537.687580785199,89569,895.69
861,537.772074111381,91977,919.77
862,537.856567401522,101516,1015.16
863,537.941060655869,111771,1117.71
864,538.025553874667,108668,1086.68
865,538.11004705816,102600,1026
866,538.194540206593,104539,1045.39
867,538.279033320213,117292,1172.92
868,538.363526399263,145009,1450.09
869,538.44801944399,182112,1821.12
870,538.532512454637,222361,2223.61
871,538.617005431451,262319,2623.19
872,538.701498374677,288504,2885.04
873,538.785991284559,298238,2982.38
874,538.870484161343,291913,2919.13
875,538.954977005273,276791,2767.91
876,539.039469816596,254505,2545.05
877,539.123962595556,231060,2310.6
878,539.208455342398,218166,2181.66
879,539.292948057368,207798,2077.98
880,539.37744074071,194676,1946.76
881,539.46193339267,186223,1862.23
882,539.546426013493,180236,1802.36
883,539.630918603424,176164,1761.64
884,539.715411162708,168125,1681.25
885,539.79990369159,159390,1593.9
886,539.884396190315,151181,1511.81
887,539.968888659129,163765,1637.65
888,540.053381098277,166746,1667.46
889,540.137873508003,149002,1490.02
890,540.222365888553,132419,1324.19
891,540.306858240173,120624,1206.24
892,540.391350563106,111368,1113.68
893,540.475842857599,109613,1096.13
894,540.560335123896,105977,1059.77
895,540.644827362243,102091,1020.91
896,540.729319572884,101700,1017
897,540.813811756066,98504,985.04
898,540.898303912032,94357,943.57
899,540.982796041028,92047,920.47
900,541.0672881433,90913,909.13
901,541.151780219092,90637,906.37
902,541.23627226865,90343,903.43
903,541.320764292218,90188,901.88
904,541.405256290042,90869,908.69
905,541.489748262367,93390,933.9
906,541.574240209438,97923,979.23
907,541.6587321315,98869,988.69
908,541.743224028798,100600,1006
909,541.827715901578,101879,1018.79
910,541.912207750085,102480,1024.8
911,541.996699574563,105674,1056.74
912,542.081191375258,110181,1101.81
913,542.165683152415,119235,1192.35
914,542.250174906279,127902,1279.02
915,542.334666637096,136062,1360.62
916,542.41915834511,147659,1476.59
917,542.503650030566,180501,1805.01
918,542.58814169371,205703,2057.03
919,542.672633334787,222766,2227.66
920,542.757124954042,242069,2420.69
921,542.841616551719,263303,2633.03
922,542.926108128065,292174,2921.74
923,543.010599683325,322324,3223.24
924,543.095091217743,352300,3523
925,543.179582731564,405780,4057.8
926,543.264074225034,440804,4408.04
927,543.348565698398,456707,4567.07
928,543.433057151901,475517,4755.17
929,543.517548585789,495237,4952.37
930,543.602040000305,520340,5203.4
931,543.686531395696,543133,5431.33
932,543.771022772206,558656,5586.56
933,543.855514130081,574741,5747.41
934,543.940005469566,591369,5913.69
935,544.024496790906,602803,6028.03
936,544.108988094346,619413,6194.13
937,544.193479380131,634595,6345.95
938,544.277970648506,642567,6425.67
939,544.362461899717,650240,6502.4
940,544.446953134009,662708,6627.08
941,544.531444351626,672395,6723.95
942,544.615935552814,680198,6801.98
943,544.700426737818,688594,6885.94
944,544.784917906884,694713,6947.13
945,544.869409060255,702763,7027.63
946,544.953900198178,708820,7088.2
947,545.038391320898,711342,7113.42
948,545.122882428659,712829,7128.29
949,545.207373521708,713716,7137.16
950,545.291864600288,716003,7160.03
951,545.376355664645,718588,7185.88
952,545.460846715024,747782,7477.82
953,545.545337751671,756072,7560.72
954,545.62982877483,743473,7434.73
955,545.714319784747,740423,7404.23
956,545.798810781666,742651,7426.51
957,545.883301765834,742769,7427.69
958,545.967792737495,745362,7453.62
959,546.052283696893,749350,7493.5
960,546.136774644275,755253,7552.53
961,546.221265579886,760531,7605.31
962,546.30575650397,763395,7633.95
963,546.390247416772,767433,7674.33
964,546.474738318539,771273,7712.73
965,546.559229209514,774693,7746.93
966,546.643720089944,778169,7781.69
967,546.728210960073,781247,7812.47
968,546.812701820146,786438,7864.38
969,546.897192670409,793132,7931.32
970,546.981683511106,794969,7949.69
971,547.066174342483,794785,7947.85
972,547.150665164785,797376,7973.76
973,547.235155978257,802051,8020.51
974,547.319646783145,803124,8031.24
975,547.404137579692,801799,8017.99
976,547.488628368145,801980,8019.8
977,547.573119148749,803252,8032.52
978,547.657609921748,805884,8058.84
979,547.742100687388,812063,8120.63
980,547.826591445914,815904,8159.04
981,547.911082197572,818276,8182.76
982,547.995572942605,822632,8226.32
983,548.08006368126,825419,8254.19
984,548.164554413782,827732,8277.32
985,548.249045140415,830221,8302.21
986,548.333535861404,833015,8330.15
987,548.418026576996,850011,8500.11
988,548.502517287435,856066,8560.66
989,548.587007992966,850938,8509.38
990,548.671498693834,847216,8472.16
991,548.755989390285,849271,8492.71
992,548.840480082563,853186,8531.86
993,548.924970770915,851284,8512.84
994,549.009461455584,848821,8488.21
995,549.093952136815,850372,8503.72
996,549.178442814856,850365,8503.65
997,549.262933489949,848860,8488.6
998,549.347424162341,855020,8550.2
999,549.431914832276,857803,8578.03
1000,549.5164055,854954,8549.54
1001,549.600896165758,855330,8553.3
1002,549.685386829794,857355,8573.55
1003,549.769877492355,858641,8586.41
1004,549.854368153685,860897,8608.97
1005,549.938858814029,878572,8785.72
1006,550.023349473633,885664,8856.64
1007,550.107840132742,880823,8808.23
1008,550.1923307916,876790,8767.9
1009,550.276821450453,872841,8728.41
1010,550.361312109546,871000,8710
1011,550.445802769124,872212,8722.12
1012,550.530293429432,872118,8721.18
1013,550.614784090716,869719,8697.19
1014,550.69927475322,868311,8683.11
1015,550.78376541719,868184,8681.84
1016,550.868256082871,866584,8665.84
1017,550.952746750508,865661,8656.61
1018,551.037237420346,867904,8679.04
1019,551.12172809263,869738,8697.38
1020,551.206218767606,869207,8692.07
1021,551.290709445518,867892,8678.92
1022,551.375200126611,867583,8675.83
1023,551.459690811131,871933,8719.33
1024,551.544181499323,873482,8734.82
1025,551.628672191433,872952,8729.52
1026,551.713162887704,872891,8728.91
1027,551.797653588383,872978,8729.78
1028,551.882144293714,872265,8722.65
1029,551.966635003943,872007,8720.07
1030,552.051125719314,875010,8750.1
1031,552.135616440073,880183,8801.83
1032,552.220107166465,880455,8804.55
1033,552.304597898735,878918,8789.18
1034,552.389088637129,877746,8777.46
1035,552.473579381891,893863,8938.63
1036,552.558070133266,895814,8958.14
1037,552.6425608915,884478,8844.78
1038,552.727051656838,878035,8780.35
1039,552.811542429524,893651,8936.51
1040,552.896033209805,894916,8949.16
1041,552.980523997925,884327,8843.27
1042,553.065014794129,876938,8769.38
1043,553.149505598662,869805,8698.05
1044,553.23399641177,864885,8648.85
1045,553.318487233698,864014,8640.14
1046,553.402978064691,874758,8747.58
1047,553.487468904993,884950,8849.5
1048,553.571959754851,879683,8796.83
1049,553.656450614509,870705,8707.05
1050,553.740941484213,865616,8656.16
1051,553.825432364206,868202,8682.02
1052,553.909923254736,868498,8684.98
1053,553.994414156046,870226,8702.26
1054,554.078905068382,869158,8691.58
1055,554.16339599199,864127,8641.27
1056,554.247886927113,860774,8607.74
1057,554.332377873998,877080,8770.8
1058,554.416868832889,879320,8793.2
1059,554.501359804032,867090,8670.9
1060,554.585850787671,859941,8599.41
1061,554.670341784053,855228,8552.28
1062,554.754832793421,852185,8521.85
1063,554.839323816021,848883,8488.83
1064,554.923814852099,846065,8460.65
1065,555.008305901899,843463,8434.63
1066,555.092796965667,846404,8464.04
1067,555.177288043647,844908,8449.08
1068,555.261779136085,863621,8636.21
1069,555.346270243226,867206,8672.06
1070,555.430761365315,854490,8544.9
1071,555.515252502597,848492,8484.92
1072,555.599743655318,842500,8425
1073,555.684234823722,836283,8362.83
1074,555.768726008055,835825,8358.25
1075,555.853217208561,837177,8371.77
1076,555.937708425486,833998,8339.98
1077,556.022199659075,850398,8503.98
1078,556.106690909574,853266,8532.66
1079,556.191182177226,842835,8428.35
1080,556.275673462278,835509,8355.09
1081,556.360164764975,830426,8304.26
1082,556.444656085561,830251,8302.51
1083,556.529147424282,826314,8263.14
1084,556.613638781383,821451,8214.51
1085,556.698130157109,817256,8172.56
1086,556.782621551706,816041,8160.41
1087,556.867112965417,814325,8143.25
1088,556.951604398489,815036,8150.36
1089,557.036095851167,817941,8179.41
1090,557.120587323695,813487,8134.87
1091,557.20507881632,805770,8057.7
1092,557.289570329285,799751,7997.51
1093,557.374061862836,798742,7987.42
1094,557.458553417219,797041,7970.41
1095,557.543044992678,795156,7951.56
1096,557.627536589459,792705,7927.05
1097,557.712028207806,791624,7916.24
1098,557.796519847966,789447,7894.47
1099,557.881011510182,790861,7908.61
1100,557.9655031947,792797,7927.97
1101,558.049994901765,788925,7889.25
1102,558.134486631623,782943,7829.43
1103,558.218978384519,779646,7796.46
1104,558.303470160697,780668,7806.68
1105,558.387961960402,779021,7790.21
1106,558.472453783881,776525,7765.25
1107,558.556945631378,775054,7750.54
1108,558.641437503137,797729,7977.29
1109,558.725929399405,810049,8100.49
1110,558.810421320427,796563,7965.63
1111,558.894913266447,782329,7823.29
1112,558.97940523771,773425,7734.25
1113,559.063897234463,769175,7691.75
1114,559.14838925695,767362,7673.62
1115,559.232881305415,762902,7629.02
1116,559.317373380105,757250,7572.5
1117,559.401865481264,756680,7566.8
1118,559.486357609138,755256,7552.56
1119,559.570849763971,750390,7503.9
1120,559.65534194601,746848,7468.48
1121,559.739834155498,747127,7471.27
1122,559.824326392681,744758,7447.58
1123,559.908818657804,743792,7437.92
1124,559.993310951113,741727,7417.27
1125,560.077803272852,736737,7367.37
1126,560.162295623266,732488,7324.88
1127,560.246788002602,729713,7297.13
1128,560.331280411103,730302,7303.02
1129,560.415772849015,732596,7325.96
1130,560.500265316583,733116,7331.16
1131,560.584757814052,734564,7345.64
1132,560.669250341668,730673,7306.73
1133,560.753742899676,723473,7234.73
1134,560.83823548832,721555,7215.55
1135,560.922728107845,719186,7191.86
1136,561.007220758498,715216,7152.16
1137,561.091713440523,712475,7124.75
1138,561.176206154165,709001,7090.01
1139,561.260698899669,706315,7063.15
1140,561.345191677281,703548,7035.48
1141,561.429684487245,700661,7006.61
1142,561.514177329807,698254,6982.54
1143,561.598670205212,695612,6956.12
1144,561.683163113705,693386,6933.86
1145,561.767656055531,690396,6903.96
1146,561.852149030935,690576,6905.76
1147,561.936642040163,692302,6923.02
1148,562.021135083459,689245,6892.45
1149,562.105628161069,684300,6843
1150,562.190121273237,683470,6834.7
1151,562.27461442021,681031,6810.31
1152,562.359107602232,686259,6862.59
1153,562.443600819547,685219,6852.19
1154,562.528094072403,681186,6811.86
1155,562.612587361042,685138,6851.38
1156,562.697080685712,684770,6847.7
1157,562.781574046656,680390,6803.9
1158,562.866067444119,689873,6898.73
1159,562.950560878348,688585,6885.85
1160,563.035054349587,675695,6756.95
1161,563.119547858082,670406,6704.06
1162,563.204041404076,667529,6675.29
1163,563.288534987816,663645,6636.45
1164,563.373028609547,658723,6587.23
1165,563.457522269514,654868,6548.68
1166,563.542015967961,652591,6525.91
1167,563.626509705135,653075,6530.75
1168,563.71100348128,654419,6544.19
1169,563.795497296641,651889,6518.89
1170,563.879991151464,647570,6475.7
1171,563.964485045993,643508,6435.08
1172,564.048978980475,640026,6400.26
1173,564.133472955153,638297,6382.97
1174,564.217966970273,636419,6364.19
1175,564.30246102608,637048,6370.48
1176,564.386955122819,638613,6386.13
1177,564.471449260736,638192,6381.92
1178,564.555943440075,633999,6339.99
1179,564.640437661083,629230,6292.3
1180,564.724931924002,685681,6856.81
1181,564.80942622908,702179,7021.79
1182,564.893920576561,669209,6692.09
1183,564.97841496669,649661,6496.61
1184,565.062909399713,636986,6369.86
1185,565.147403875874,636297,6362.97
1186,565.231898395419,632269,6322.69
1187,565.316392958592,622899,6228.99
1188,565.400887565639,616924,6169.24
1189,565.485382216806,612963,6129.63
1190,565.569876912336,610290,6102.9
1191,565.654371652476,608422,6084.22
1192,565.73886643747,608842,6088.42
1193,565.823361267564,608318,6083.18
1194,565.907856143003,622972,6229.72
1195,565.992351064031,625391,6253.91
1196,566.076846030894,614219,6142.19
1197,566.161341043838,606129,6061.29
1198,566.245836103106,600090,6000.9
1199,566.330331208945,596947,5969.47
1200,566.4148263616,594896,5948.96
1201,566.499321561315,594786,5947.86
1202,566.583816808336,593743,5937.43
1203,566.668312102908,593713,5937.13
1204,566.752807445276,591213,5912.13
1205,566.837302835685,588360,5883.6
1206,566.92179827438,587605,5876.05
1207,567.006293761607,585341,5853.41
1208,567.090789297611,582771,5827.71
1209,567.175284882636,585701,5857.01
1210,567.259780516928,585387,5853.87
1211,567.344276200732,580781,5807.81
1212,567.428771934293,578089,5780.89
1213,567.513267717856,578880,5788.8
1214,567.597763551667,577239,5772.39
1215,567.68225943597,573446,5734.46
1216,567.766755371011,588683,5886.83
1217,567.851251357034,591713,5917.13
1218,567.935747394286,580907,5809.07
1219,568.020243483011,579832,5798.32
1220,568.104739623454,577091,5770.91
1221,568.18923581586,589957,5899.57
1222,568.273732060474,591385,5913.85
1223,568.358228357543,578769,5787.69
1224,568.442724707309,570767,5707.67
1225,568.52722111002,565448,5654.48
1226,568.61171756592,561748,5617.48
1227,568.696214075254,559010,5590.1
1228,568.780710638267,556566,5565.66
1229,568.865207255205,554295,5542.95
1230,568.949703926312,552939,5529.39
1231,569.034200651834,554687,5546.87
1232,569.118697432015,554043,5540.43
1233,569.203194267102,550732,5507.32
1234,569.287691157338,550896,5508.96
1235,569.37218810297,554634,5546.34
1236,569.456685104242,562416,5624.16
1237,569.5411821614,561606,5616.06
1238,569.625679274688,554601,5546.01
1239,569.710176444352,551858,5518.58
1240,569.794673670637,548261,5482.61
1241,569.879170953788,543894,5438.94
1242,569.96366829405,543881,5438.81
1243,570.048165691668,548326,5483.26
1244,570.132663146887,547129,5471.29
1245,570.217160659954,548372,5483.72
1246,570.301658231112,547123,5471.23
1247,570.386155860606,541759,5417.59
1248,570.470653548683,538050,5380.5
1249,570.555151295587,535609,5356.09
1250,570.639649101562,533792,5337.92
1251,570.724146966856,531984,5319.84
1252,570.808644891712,533166,5331.66
1253,570.893142876375,537039,5370.39
1254,570.977640921091,536625,5366.25
1255,571.062139026105,534827,5348.27
1256,571.146637191662,547886,5478.86
1257,571.231135418007,548096,5480.96
1258,571.315633705386,536277,5362.77
1259,571.400132054043,532254,5322.54
1260,571.484630464223,531462,5314.62
1261,571.569128936172,526778,5267.78
1262,571.653627470135,521122,5211.22
1263,571.738126066357,523377,5233.77
1264,571.822624725083,525851,5258.51
1265,571.907123446559,522205,5222.05
1266,571.991622231028,523609,5236.09
1267,572.076121078737,527195,5271.95
1268,572.160619989931,523881,5238.81
1269,572.245118964855,519869,5198.69
1270,572.329618003753,515478,5154.78
1271,572.414117106872,512984,5129.84
1272,572.498616274455,515048,5150.48
1273,572.583115506749,510764,5107.64
1274,572.667614803999,503494,5034.94
1275,572.752114166448,500102,5001.02
1276,572.836613594344,498949,4989.49
1277,572.921113087931,499197,4991.97
1278,573.005612647453,499353,4993.53
1279,573.090112273157,498819,4988.19
1280,573.174611965286,501988,5019.88
1281,573.259111724088,507879,5078.79
1282,573.343611549805,513692,5136.92
1283,573.428111442685,533187,5331.87
1284,573.512611402971,536264,5362.64
1285,573.597111430909,559181,5591.81
1286,573.681611526744,560396,5603.96
1287,573.766111690721,542552,5425.52
1288,573.850611923086,527424,5274.24
1289,573.935112224083,512836,5128.36
1290,574.019612593957,504714,5047.14
1291,574.104113032955,500763,5007.63
1292,574.18861354132,501145,5011.45
1293,574.273114119298,500604,5006.04
1294,574.357614767134,500953,5009.53
1295,574.442115485074,499144,4991.44
1296,574.526616273362,535163,5351.63
1297,574.611117132243,543489,5434.89
1298,574.695618061963,533607,5336.07
1299,574.780119062767,525857,5258.57
1300,574.8646201349,511431,5114.31
1301,574.949121278607,504236,5042.36
1302,575.033622494133,501256,5012.56
1303,575.118123781723,499426,4994.26
1304,575.202625141623,495123,4951.23
1305,575.287126574078,489572,4895.72
1306,575.371628079332,485964,4859.64
1307,575.456129657631,484222,4842.22
1308,575.54063130922,483415,4834.15
1309,575.625133034344,486007,4860.07
1310,575.709634833249,490686,4906.86
1311,575.794136706179,489019,4890.19
1312,575.878638653379,484443,4844.43
1313,575.963140675095,481839,4818.39
1314,576.047642771572,479588,4795.88
1315,576.132144943055,477869,4778.69
1316,576.216647189789,480996,4809.96
1317,576.301149512019,481568,4815.68
1318,576.38565190999,478621,4786.21
1319,576.470154383948,476178,4761.78
1320,576.554656934138,475221,4752.21
1321,576.639159560804,478012,4780.12
1322,576.723662264192,478622,4786.22
1323,576.808165044547,502238,5022.38
1324,576.892667902114,509674,5096.74
1325,576.977170837139,494919,4949.19
1326,577.061673849866,482870,4828.7
1327,577.146176940541,475408,4754.08
1328,577.230680109408,471817,4718.17
1329,577.315183356713,470050,4700.5
1330,577.399686682701,470796,4707.96
1331,577.484190087617,489883,4898.83
1332,577.568693571706,492199,4921.99
1333,577.653197135214,479785,4797.85
1334,577.737700778385,475324,4753.24
1335,577.822204501465,471035,4710.35
1336,577.906708304698,466430,4664.3
1337,577.991212188331,490235,4902.35
1338,578.075716152607,495962,4959.62
1339,578.160220197773,484682,4846.82
1340,578.244724324073,476378,4763.78
1341,578.329228531752,474674,4746.74
1342,578.413732821056,475046,4750.46
1343,578.49823719223,469850,4698.5
1344,578.582741645518,464757,4647.57
1345,578.667246181166,464230,4642.3
1346,578.75175079942,462716,4627.16
1347,578.836255500524,463005,4630.05
1348,578.920760284723,468070,4680.7
1349,579.005265152262,466663,4666.63
1350,579.089770103388,462046,4620.46
1351,579.174275138344,458980,4589.8
1352,579.258780257375,456478,4564.78
1353,579.343285460728,455301,4553.01
1354,579.427790748647,454352,4543.52
1355,579.512296121378,453019,4530.19
1356,579.596801579165,451614,4516.14
1357,579.681307122253,451714,4517.14
1358,579.765812750888,450844,4508.44
1359,579.850318465315,449554,4495.54
1360,579.934824265779,448530,4485.3
1361,580.019330152525,447622,4476.22
1362,580.103836125799,462323,4623.23
1363,580.188342185844,465248,4652.48
1364,580.272848332908,458086,4580.86
1365,580.357354567233,453713,4537.13
1366,580.441860889067,449657,4496.57
1367,580.526367298654,446277,4462.77
1368,580.610873796238,449630,4496.3
1369,580.695380382066,449863,4498.63
1370,580.779887056382,445181,4451.81
1371,580.864393819432,445888,4458.88
1372,580.94890067146,445197,4451.97
1373,581.033407612712,441875,4418.75
1374,581.117914643433,440539,4405.39
1375,581.202421763867,439857,4398.57
1376,581.286928974261,438819,4388.19
1377,581.371436274859,440884,4408.84
1378,581.455943665907,440877,4408.77
1379,581.540451147649,441046,4410.46
1380,581.62495872033,440188,4401.88
1381,581.709466384197,437532,4375.32
1382,581.793974139493,436608,4366.08
1383,581.878481986465,441370,4413.7
1384,581.962989925357,441216,4412.16
1385,582.047497956414,443121,4431.21
1386,582.132006079881,444721,4447.21
1387,582.216514296004,440862,4408.62
1388,582.301022605028,436880,4368.8
1389,582.385531007198,442627,4426.27
1390,582.470039502758,443641,4436.41
1391,582.554548091955,438820,4388.2
1392,582.639056775033,435843,4358.43
1393,582.723565552238,433415,4334.15
1394,582.808074423814,431872,4318.72
1395,582.892583390007,430150,4301.5
1396,582.977092451061,434537,4345.37
1397,583.061601607223,434906,4349.06
1398,583.146110858736,432005,4320.05
1399,583.230620205847,431740,4317.4
1400,583.3151296488,429715,4297.15
1401,583.399639187841,429579,4295.79
1402,583.484148823214,428518,4285.18
1403,583.568658555165,426063,4260.63
1404,583.653168383939,424378,4243.78
1405,583.73767830978,428204,4282.04
1406,583.822188332935,428724,4287.24
1407,583.906698453649,427261,4272.61
1408,583.991208672165,425136,4251.36
1409,584.075718988731,421533,4215.33
1410,584.16022940359,421782,4217.82
1411,584.244739916987,420928,4209.28
1412,584.329250529169,418126,4181.26
1413,584.41376124038,416449,4164.49
1414,584.498272050865,415817,4158.17
1415,584.58278296087,415574,4155.74
1416,584.667293970638,422674,4226.74
1417,584.751805080417,430259,4302.59
1418,584.83631629045,427565,4275.65
1419,584.920827600983,421632,4216.32
1420,585.005339012262,417865,4178.65
1421,585.08985052453,418218,4182.18
1422,585.174362138034,420230,4202.3
1423,585.258873853018,420736,4207.36
1424,585.343385669727,417980,4179.8
1425,585.427897588408,414257,4142.57
1426,585.512409609304,411679,4116.79
1427,585.596921732661,410089,4100.89
1428,585.681433958724,410938,4109.38
1429,585.765946287739,410189,4101.89
1430,585.85045871995,411438,4114.38
1431,585.934971255602,414364,4143.64
1432,586.019483894941,418852,4188.52
1433,586.103996638212,419388,4193.88
1434,586.18850948566,413830,4138.3
1435,586.27302243753,409502,4095.02
1436,586.357535494067,406501,4065.01
1437,586.442048655516,424365,4243.65
1438,586.526561922122,445653,4456.53
1439,586.611075294132,438515,4385.15
1440,586.695588771789,422605,4226.05
1441,586.780102355339,412989,4129.89
1442,586.864616045027,409777,4097.77
1443,586.949129841097,407240,4072.4
1444,587.033643743797,403310,4033.1
1445,587.118157753369,401214,4012.14
1446,587.20267187006,399571,3995.71
1447,587.287186094115,398383,3983.83
1448,587.371700425779,398201,3982.01
1449,587.456214865296,397685,3976.85
1450,587.540729412912,397015,3970.15
1451,587.625244068873,396544,3965.44
1452,587.709758833423,398168,3981.68
1453,587.794273706808,398611,3986.11
1454,587.878788689272,397835,3978.35
1455,587.963303781061,396868,3968.68
1456,588.047818982419,395447,3954.47
1457,588.132334293593,396358,3963.58
1458,588.216849714827,398876,3988.76
1459,588.301365246366,396750,3967.5
1460,588.385880888455,393400,3934
1461,588.47039664134,390993,3909.93
1462,588.554912505266,388861,3888.61
1463,588.639428480477,390967,3909.67
1464,588.72394456722,394918,3949.18
1465,588.808460765738,399375,3993.75
1466,588.892977076278,396864,3968.64
1467,588.977493499084,390765,3907.65
1468,589.062010034401,386355,3863.55
1469,589.146526682475,383161,3831.61
1470,589.231043443551,381087,3810.87
1471,589.315560317874,379131,3791.31
1472,589.400077305689,378167,3781.67
1473,589.48459440724,378414,3784.14
1474,589.569111622774,381214,3812.14
1475,589.653628952536,385833,3858.33
1476,589.73814639677,385340,3853.4
1477,589.822663955722,381863,3818.63
1478,589.907181629636,450451,4504.51
1479,589.991699418759,474347,4743.47
1480,590.076217323334,442733,4427.33
1481,590.160735343608,418457,4184.57
1482,590.245253479825,399406,3994.06
1483,590.329771732231,388005,3880.05
1484,590.41429010107,407800,4078
1485,590.498808586588,411025,4110.25
1486,590.58332718903,394636,3946.36
1487,590.667845908641,386173,3861.73
1488,590.752364745666,380603,3806.03
1489,590.83688370035,376245,3762.45
1490,590.921402772939,376224,3762.24
1491,591.005921963678,380405,3804.05
1492,591.090441272811,378666,3786.66
1493,591.174960700584,376768,3767.68
1494,591.259480247241,377272,3772.72
1495,591.343999913029,377335,3773.35
1496,591.428519698192,374826,3748.26
1497,591.513039602976,371483,3714.83
1498,591.597559627625,370034,3700.34
1499,591.682079772385,368783,3687.83
1500,591.7666000375,367052,3670.52
1501,591.851120423216,366696,3666.96
1502,591.935640929779,365937,3659.37
1503,592.020161557432,366603,3666.03
1504,592.104682306422,366739,3667.39
1505,592.189203176993,364768,3647.68
1506,592.273724169391,363073,3630.73
1507,592.35824528386,362051,3620.51
1508,592.442766520647,361040,3610.4
1509,592.527287879995,363487,3634.87
1510,592.611809362151,364301,3643.01
1511,592.696330967358,385397,3853.97
1512,592.780852695863,389731,3897.31
1513,592.865374547911,375879,3758.79
1514,592.949896523746,367754,3677.54
1515,593.034418623614,362825,3628.25
1516,593.11894084776,390716,3907.16
1517,593.203463196429,397085,3970.85
1518,593.287985669866,379204,3792.04
1519,593.372508268317,368483,3684.83
1520,593.457030992026,362088,3620.88
1521,593.541553841238,358354,3583.54
1522,593.626076816199,356858,3568.58
1523,593.710599917154,355419,3554.19
1524,593.795123144348,353833,3538.33
1525,593.879646498027,352543,3525.43
1526,593.964169978434,357187,3571.87
1527,594.048693585816,358438,3584.38
1528,594.133217320417,354936,3549.36
1529,594.217741182483,355162,3551.62
1530,594.302265172259,353787,3537.87
1531,594.38678928999,353631,3536.31
1532,594.47131353592,352738,3527.38
1533,594.555837910296,352777,3527.77
1534,594.640362413363,351444,3514.44
1535,594.724887045364,366383,3663.83
1536,594.809411806547,369414,3694.14
1537,594.893936697155,358848,3588.48
1538,594.978461717434,358035,3580.35
1539,595.062986867629,355883,3558.83
1540,595.147512147985,350927,3509.27
1541,595.232037558747,353299,3532.99
1542,595.316563100161,358545,3585.45
1543,595.401088772471,355904,3559.04
1544,595.485614575923,350152,3501.52
1545,595.570140510762,346308,3463.08
1546,595.654666577233,343818,3438.18
1547,595.73919277558,344981,3449.81
1548,595.82371910605,346318,3463.18
1549,595.908245568888,344174,3441.74
1550,595.992772164338,346720,3467.2
1551,596.077298892645,352441,3524.41
1552,596.161825754055,349712,3497.12
1553,596.246352748813,343481,3434.81
1554,596.330879877164,339885,3398.85
1555,596.415407139353,349937,3499.37
1556,596.499934535626,351898,3518.98
1557,596.584462066227,345190,3451.9
1558,596.668989731401,343170,3431.7
1559,596.753517531394,342890,3428.9
1560,596.838045466451,342415,3424.15
1561,596.922573536817,339348,3393.48
1562,597.007101742737,335591,3355.91
1563,597.091630084456,358206,3582.06
1564,597.17615856222,376002,3760.02
1565,597.260687176273,366076,3660.76
1566,597.345215926861,353647,3536.47
1567,597.429744814228,350451,3504.51
1568,597.51427383862,344702,3447.02
1569,597.598803000283,337410,3374.1
1570,597.68333229946,338770,3387.7
1571,597.767861736398,336952,3369.52
1572,597.852391311341,337605,3376.05
1573,597.936921024535,336428,3364.28
1574,598.021450876224,334337,3343.37
1575,598.105980866655,334712,3347.12
1576,598.190510996071,331561,3315.61
1577,598.275041264718,330386,3303.86
1578,598.359571672842,331412,3314.12
1579,598.444102220687,333355,3333.55
1580,598.528632908498,331171,3311.71
1581,598.613163736522,329684,3296.84
1582,598.697694705001,334436,3344.36
1583,598.782225814183,335021,3350.21
1584,598.866757064312,332445,3324.45
1585,598.951288455633,328177,3281.77
1586,599.035819988391,326460,3264.6
1587,599.120351662832,328037,3280.37
1588,599.2048834792,325585,3255.85
1589,599.289415437741,321622,3216.22
1590,599.3739475387,319560,3195.6
1591,599.458479782322,321236,3212.36
1592,599.543012168852,323456,3234.56
1593,599.627544698535,324554,3245.54
1594,599.712077371617,321911,3219.11
1595,599.796610188342,318110,3181.1
1596,599.881143148956,319030,3190.3
1597,599.965676253703,321456,3214.56
1598,600.05020950283,319757,3197.57
1599,600.13474289658,316673,3166.73
1600,600.2192764352,314216,3142.16
1601,600.303810118934,315145,3151.45
1602,600.388343948028,315006,3150.06
1603,600.472877922726,312585,3125.85
1604,600.557412043273,313976,3139.76
1605,600.641946309916,313884,3138.84
1606,600.726480722899,311850,3118.5
1607,600.811015282466,310373,3103.73
1608,600.895549988864,309602,3096.02
1609,600.980084842338,308407,3084.07
1610,601.064619843132,309256,3092.56
1611,601.149154991491,309482,3094.82
1612,601.233690287662,311665,3116.65
1613,601.318225731888,311758,3117.58
1614,601.402761324415,309364,3093.64
1615,601.487297065489,310073,3100.73
1616,601.571832955354,309892,3098.92
1617,601.656368994255,310780,3107.8
1618,601.740905182438,309608,3096.08
1619,601.825441520148,306452,3064.52
1620,601.90997800763,308131,3081.31
1621,601.994514645128,310886,3108.86
1622,602.079051432889,311786,3117.86
1623,602.163588371157,309587,3095.87
1624,602.248125460177,308290,3082.9
1625,602.332662700195,306832,3068.32
1626,602.417200091456,307099,3070.99
1627,602.501737634204,305610,3056.1
1628,602.586275328686,302609,3026.09
1629,602.670813175145,300632,3006.32
1630,602.755351173828,307379,3073.79
1631,602.839889324979,308666,3086.66
1632,602.924427628843,306432,3064.32
1633,603.008966085667,306428,3064.28
1634,603.093504695693,303832,3038.32
1635,603.178043459169,299871,2998.71
1636,603.262582376339,300466,3004.66
1637,603.347121447448,301945,3019.45
1638,603.431660672741,300870,3008.7
1639,603.516200052464,297954,2979.54
1640,603.600739586861,295112,2951.12
1641,603.685279276178,293681,2936.81
1642,603.769819120659,293363,2933.63
1643,603.854359120551,292698,2926.98
1644,603.938899276098,294699,2946.99
1645,604.023439587545,297618,2976.18
1646,604.107980055137,296334,2963.34
1647,604.19252067912,295800,2958
1648,604.277061459738,297115,2971.15
1649,604.361602397237,294868,2948.68
1650,604.446143491862,291563,2915.63
1651,604.530684743859,299204,2992.04
1652,604.615226153471,310168,3101.68
1653,604.699767720944,309630,3096.3
1654,604.784309446525,301872,3018.72
1655,604.868851330456,297310,2973.1
1656,604.953393372984,299349,2993.49
1657,605.037935574354,302603,3026.03
1658,605.122477934812,298589,2985.89
1659,605.207020454601,311497,3114.97
1660,605.291563133967,313083,3130.83
1661,605.376105973156,301470,3014.7
1662,605.460648972412,294040,2940.4
1663,605.545192131981,288571,2885.71
1664,605.629735452108,285527,2855.27
1665,605.714278933038,283148,2831.48
1666,605.798822575015,288124,2881.24
1667,605.883366378286,289101,2891.01
1668,605.967910343095,284970,2849.7
1669,606.052454469688,282395,2823.95
1670,606.136998758309,281398,2813.98
1671,606.221543209204,283873,2838.73
1672,606.306087822618,283421,2834.21
1673,606.390632598795,280684,2806.84
1674,606.475177537982,281800,2818
1675,606.559722640423,284102,2841.02
1676,606.644267906364,285157,2851.57
1677,606.728813336049,285656,2856.56
1678,606.813358929724,283192,2831.92
1679,606.897904687633,279285,2792.85
1680,606.982450610022,276480,2764.8
1681,607.066996697137,274915,2749.15
1682,607.151542949221,276583,2765.83
1683,607.236089366521,279044,2790.44
1684,607.320635949282,277692,2776.92
1685,607.405182697748,275313,2753.13
1686,607.489729612165,277102,2771.02
1687,607.574276692777,276816,2768.16
1688,607.658823939831,273801,2738.01
1689,607.74337135357,274676,2746.76
1690,607.827918934241,276819,2768.19
1691,607.912466682089,274594,2745.94
1692,607.997014597358,271276,2712.76
1693,608.081562680293,278406,2784.06
1694,608.16611093114,279514,2795.14
1695,608.250659350145,276814,2768.14
1696,608.335207937551,276430,2764.3
1697,608.419756693605,275398,2753.98
1698,608.504305618551,272152,2721.52
1699,608.588854712634,271598,2715.98
1700,608.6734039761,270370,2703.7
1701,608.757953409194,276389,2763.89
1702,608.84250301216,280491,2804.91
1703,608.927052785245,275806,2758.06
1704,609.011602728693,271130,2711.3
1705,609.096152842749,267779,2677.79
1706,609.180703127658,265186,2651.86
1707,609.265253583666,263633,2636.33
1708,609.349804211018,262627,2626.27
1709,609.434355009958,264252,2642.52
1710,609.518905980733,264029,2640.29
1711,609.603457123586,268047,2680.47
1712,609.688008438764,296388,2963.88
1713,609.772559926511,299704,2997.04
1714,609.857111587073,282460,2824.6
1715,609.941663420694,272299,2722.99
1716,610.02621542762,265751,2657.51
1717,610.110767608096,265119,2651.19
1718,610.195319962366,263997,2639.97
1719,610.279872490677,260841,2608.41
1720,610.364425193274,259037,2590.37
1721,610.4489780704,258235,2582.35
1722,610.533531122303,257302,2573.02
1723,610.618084349226,256820,2568.2
1724,610.702637751414,258838,2588.38
1725,610.787191329114,260892,2608.92
1726,610.87174508257,259325,2593.25
1727,610.956299012027,262280,2622.8
1728,611.04085311773,262244,2622.44
1729,611.125407399925,258203,2582.03
1730,611.209961858857,255705,2557.05
1731,611.29451649477,274841,2748.41
1732,611.37907130791,286034,2860.34
1733,611.463626298523,275638,2756.38
1734,611.548181466852,267310,2673.1
1735,611.632736813144,267185,2671.85
1736,611.717292337643,264015,2640.15
1737,611.801848040595,257692,2576.92
1738,611.886403922244,253775,2537.75
1739,611.970959982837,254130,2541.3
1740,612.055516222617,255869,2558.69
1741,612.14007264183,257587,2575.87
1742,612.224629240722,258423,2584.23
1743,612.309186019537,256374,2563.74
1744,612.39374297852,264270,2642.7
1745,612.478300117917,265228,2652.28
1746,612.562857437973,271580,2715.8
1747,612.647414938933,272552,2725.52
1748,612.731972621042,261599,2615.99
1749,612.816530484545,253176,2531.76
1750,612.901088529688,262827,2628.27
1751,612.985646756714,263779,2637.79
1752,613.070205165871,256921,2569.21
1753,613.154763757402,252193,2521.93
1754,613.239322531553,247337,2473.37
1755,613.323881488569,246807,2468.07
1756,613.408440628695,245582,2455.82
1757,613.492999952176,242747,2427.47
1758,613.577559459258,243681,2436.81
1759,613.662119150185,245992,2459.92
1760,613.746679025203,243971,2439.71
1761,613.831239084557,240949,2409.49
1762,613.915799328492,242148,2421.48
1763,614.000359757252,241359,2413.59
1764,614.084920371084,239183,2391.83
1765,614.169481170232,238174,2381.74
1766,614.254042154942,238130,2381.3
1767,614.338603325458,237454,2374.54
1768,614.423164682026,239120,2391.2
1769,614.507726224891,241635,2416.35
1770,614.592287954298,239732,2397.32
1771,614.676849870492,251581,2515.81
1772,614.761411973718,253914,2539.14
1773,614.845974264222,244505,2445.05
1774,614.930536742248,239302,2393.02
1775,615.015099408042,239428,2394.28
1776,615.099662261849,238014,2380.14
1777,615.184225303914,234887,2348.87
1778,615.268788534481,235863,2358.63
1779,615.353351953797,235096,2350.96
1780,615.437915562106,238050,2380.5
1781,615.522479359654,238258,2382.58
1782,615.607043346685,234728,2347.28
1783,615.691607523446,246065,2460.65
1784,615.776171890179,247756,2477.56
1785,615.860736447132,238817,2388.17
1786,615.94530119455,233360,2333.6
1787,616.029866132676,232977,2329.77
1788,616.114431261757,231944,2319.44
1789,616.198996582037,232170,2321.7
1790,616.283562093762,233694,2336.94
1791,616.368127797177,234561,2345.61
1792,616.452693692527,232194,2321.94
1793,616.537259780057,228440,2284.4
1794,616.621826060012,229179,2291.79
1795,616.706392532638,231611,2316.11
1796,616.790959198179,229640,2296.4
1797,616.87552605688,225914,2259.14
1798,616.960093108988,242890,2428.9
1799,617.044660354746,247221,2472.21
1800,617.1292277944,243677,2436.77
1801,617.213795428195,246184,2461.84
1802,617.298363256377,240514,2405.14
1803,617.38293127919,231738,2317.38
1804,617.46749949688,226141,2261.41
1805,617.552067909691,222663,2226.63
1806,617.63663651787,220475,2204.75
1807,617.72120532166,561080,5610.8
1808,617.805774321307,661028,6610.28
1809,617.890343517057,478104,4781.04
1810,617.974912909154,366749,3667.49
1811,618.059482497843,302295,3022.95
1812,618.14405228337,265506,2655.06
1813,618.22862226598,244451,2444.51
1814,618.313192445918,231771,2317.71
1815,618.397762823429,236868,2368.68
1816,618.482333398757,239466,2394.66
1817,618.56690417215,231330,2313.3
1818,618.65147514385,227282,2272.82
1819,618.736046314105,223743,2237.43
1820,618.820617683158,219911,2199.11
1821,618.905189251254,218030,2180.3
1822,618.98976101864,217085,2170.85
1823,619.07433298556,215931,2159.31
1824,619.158905152259,219080,2190.8
1825,619.243477518983,238199,2381.99
1826,619.328050085976,240404,2404.04
1827,619.412622853484,231346,2313.46
1828,619.497195821751,227775,2277.75
1829,619.581768991023,229261,2292.61
1830,619.666342361546,225920,2259.2
1831,619.750915933564,219482,2194.82
1832,619.835489707321,215802,2158.02
1833,619.920063683065,219272,2192.72
1834,620.004637861039,222078,2220.78
1835,620.089212241489,218322,2183.22
1836,620.173786824659,213942,2139.42
1837,620.258361610796,212786,2127.86
1838,620.342936600144,211917,2119.17
1839,620.427511792947,210644,2106.44
1840,620.512087189453,215230,2152.3
1841,620.596662789905,239475,2394.75
1842,620.681238594548,250937,2509.37
1843,620.765814603629,238900,2389
1844,620.850390817391,225336,2253.36
1845,620.93496723608,219660,2196.6
1846,621.019543859942,221413,2214.13
1847,621.104120689221,219118,2191.18
1848,621.188697724162,215361,2153.61
1849,621.273274965011,212144,2121.44
1850,621.357852412012,208414,2084.14
1851,621.442430065412,207050,2070.5
1852,621.527007925454,205764,2057.64
1853,621.611585992385,206849,2068.49
1854,621.696164266449,207824,2078.24
1855,621.780742747892,206109,2061.09
1856,621.865321436958,204473,2044.73
1857,621.949900333892,203958,2039.58
1858,622.03447943894,206195,2061.95
1859,622.119058752348,206438,2064.38
1860,622.203638274359,204188,2041.88
1861,622.28821800522,205948,2059.48
1862,622.372797945175,205929,2059.29
1863,622.457378094469,204406,2044.06
1864,622.541958453348,203026,2030.26
1865,622.626539022057,202965,2029.65
1866,622.711119800841,202786,2027.86
1867,622.795700789945,201811,2018.11
1868,622.880281989613,211159,2111.59
1869,622.964863400093,212883,2128.83
1870,623.049445021627,206329,2063.29
1871,623.134026854462,202922,2029.22
1872,623.218608898843,200387,2003.87
1873,623.303191155015,201751,2017.51
1874,623.387773623222,202365,2023.65
1875,623.472356303711,203302,2033.02
1876,623.556939196726,205033,2050.33
1877,623.641522302512,203081,2030.81
1878,623.726105621315,199571,1995.71
1879,623.810689153379,200276,2002.76
1880,623.89527289895,199637,1996.37
1881,623.979856858273,200039,2000.39
1882,624.064441031593,203978,2039.78
1883,624.149025419156,205425,2054.25
1884,624.233610021205,207267,2072.67
1885,624.318194837987,207257,2072.57
1886,624.402779869747,205444,2054.44
1887,624.487365116729,206474,2064.74
1888,624.571950579179,206023,2060.23
1889,624.656536257342,200965,2009.65
1890,624.741122151463,195943,1959.43
1891,624.825708261788,195207,1952.07
1892,624.91029458856,200331,2003.31
1893,624.994881132027,199704,1997.04
1894,625.079467892432,197602,1976.02
1895,625.16405487002,195477,1954.77
1896,625.248642065038,192348,1923.48
1897,625.33322947773,219923,2199.23
1898,625.41781710834,229328,2293.28
1899,625.502404957115,330616,3306.16
1900,625.5869930243,355511,3555.11
1901,625.671581310139,286445,2864.45
1902,625.756169814878,606876,6068.76
1903,625.840758538762,683761,6837.61
1904,625.925347482035,473240,4732.4
1905,626.009936644944,357970,3579.7
1906,626.094526027733,288928,2889.28
1907,626.179115630648,243266,2432.66
1908,626.263705453933,217777,2177.77
1909,626.348295497833,205920,2059.2
1910,626.432885762595,197539,1975.39
1911,626.517476248462,191222,1912.22
1912,626.60206695568,199332,1993.32
1913,626.686657884495,199449,1994.49
1914,626.771249035151,190726,1907.26
1915,626.855840407893,191538,1915.38
1916,626.940432002967,189780,1897.8
1917,627.025023820618,188264,1882.64
1918,627.10961586109,199845,1998.45
1919,627.19420812463,199657,1996.57
1920,627.278800611482,198804,1988.04
1921,627.363393321891,197562,1975.62
1922,627.447986256102,220206,2202.06
1923,627.532579414361,222879,2228.79
1924,627.617172796912,203567,2035.67
1925,627.701766404002,191162,1911.62
1926,627.786360235874,183969,1839.69
1927,627.870954292774,182682,1826.82
1928,627.955548574948,180680,1806.8
1929,628.04014308264,189652,1896.52
1930,628.124737816095,191125,1911.25
1931,628.209332775559,186035,1860.35
1932,628.293927961276,181739,1817.39
1933,628.378523373493,176855,1768.55
1934,628.463119012454,173738,1737.38
1935,628.547714878403,172295,1722.95
1936,628.632310971587,174442,1744.42
1937,628.716907292251,177209,1772.09
1938,628.801503840639,178477,1784.77
1939,628.886100616996,176382,1763.82
1940,628.970697621569,172892,1728.92
1941,629.055294854601,170905,1709.05
1942,629.139892316339,172601,1726.01
1943,629.224490007026,174832,1748.32
1944,629.309087926909,173417,1734.17
1945,629.393686076233,173166,1731.66
1946,629.478284455242,171566,1715.66
1947,629.562883064182,168619,1686.19
1948,629.647481903298,166729,1667.29
1949,629.732080972835,165459,1654.59
1950,629.816680273037,167176,1671.76
1951,629.901279804152,167016,1670.16
1952,629.985879566422,167864,1678.64
1953,630.070479560095,170637,1706.37
1954,630.155079785414,171433,1714.33
1955,630.239680242624,168659,1686.59
1956,630.324280931972,164908,1649.08
1957,630.408881853702,169472,1694.72
1958,630.493483008059,171521,1715.21
1959,630.578084395288,167194,1671.94
1960,630.662686015635,163498,1634.98
1961,630.747287869345,166084,1660.84
1962,630.831889956662,166260,1662.6
1963,630.916492277832,162818,1628.18
1964,631.001094833101,160236,1602.36
1965,631.085697622712,158932,1589.32
1966,631.170300646912,161306,1613.06
1967,631.254903905945,161583,1615.83
1968,631.339507400056,165070,1650.7
1969,631.424111129492,167268,1672.68
1970,631.508715094496,170041,1700.41
1971,631.593319295314,177615,1776.15
1972,631.677923732192,177143,1771.43
1973,631.762528405373,171772,1717.72
1974,631.847133315104,167813,1678.13
1975,631.93173846163,163017,1630.17
1976,632.016343845195,161280,1612.8
1977,632.100949466045,159294,1592.94
1978,632.185555324425,155873,1558.73
1979,632.270161420579,153521,1535.21
1980,632.354767754754,152753,1527.53
1981,632.439374327195,154599,1545.99
1982,632.523981138146,154583,1545.83
1983,632.608588187852,152375,1523.75
1984,632.693195476559,152326,1523.26
1985,632.777803004512,151757,1517.57
1986,632.862410771956,151263,1512.63
1987,632.947018779136,151257,1512.57
1988,633.031627026297,151110,1511.1
1989,633.116235513685,153119,1531.19
1990,633.200844241544,158385,1583.85
1991,633.28545321012,157286,1572.86
1992,633.370062419658,152740,1527.4
1993,633.454671870403,150249,1502.49
1994,633.539281562599,148700,1487
1995,633.623891496493,147622,1476.22
1996,633.708501672329,146822,1468.22
1997,633.793112090353,148890,1488.9
1998,633.877722750809,149082,1490.82
1999,633.962333653943,147130,1471.3
2000,634.0469448,145540,1455.4
2001,634.131556189225,144609,1446.09
2002,634.216167821863,146611,1466.11
2003,634.300779698159,146861,1468.61
2004,634.385391818359,144830,1448.3
2005,634.470004182707,143786,1437.86
2006,634.554616791449,142974,1429.74
2007,634.639229644829,145182,1451.82
2008,634.723842743094,159942,1599.42
2009,634.808456086488,164647,1646.47
2010,634.893069675256,156265,1562.65
2011,634.977683509643,151775,1517.75
2012,635.062297589895,151392,1513.92
2013,635.146911916256,151067,1510.67
2014,635.231526488972,147978,1479.78
2015,635.316141308288,287148,2871.48
2016,635.400756374449,324865,3248.65
2017,635.4853716877,251909,2519.09
2018,635.569987248286,209475,2094.75
2019,635.654603056453,180346,1803.46
2020,635.739219112446,162357,1623.57
2021,635.823835416509,152734,1527.34
2022,635.908451968888,151921,1519.21
2023,635.993068769827,166825,1668.25
2024,636.077685819573,166092,1660.92
2025,636.16230311837,171986,1719.86
2026,636.246920666464,169557,1695.57
2027,636.331538464099,254988,2549.88
2028,636.41615651152,274165,2741.65
2029,636.500774808974,215370,2153.7
2030,636.585393356704,180354,1803.54
2031,636.670012154956,181084,1810.84
2032,636.754631203976,178598,1785.98
2033,636.839250504007,161867,1618.67
2034,636.923870055296,149706,1497.06
2035,637.008489858088,144629,1446.29
2036,637.093109912628,141992,1419.92
2037,637.17773021916,138559,1385.59
2038,637.26235077793,135484,1354.84
2039,637.346971589183,141850,1418.5
2040,637.431592653165,146311,1463.11
2041,637.51621397012,142030,1420.3
2042,637.600835540293,139065,1390.65
2043,637.68545736393,138606,1386.06
2044,637.770079441276,138995,1389.95
2045,637.854701772576,136684,1366.84
2046,637.939324358074,133334,1333.34
2047,638.023947198017,131650,1316.5
