Scan Date:,2025-05-24 16:30:18Z
Integration Time:,1000
Number of Averages:,100

Pixel Number,Wavelength (nm),Sum Spectrum,Averaged Spectrum
0,464.9839,22865,228.65
1,465.068515076491,22559,225.59
2,465.153129906126,22762,227.62
3,465.237744489151,22690,226.9
4,465.322358825812,22329,223.29
5,465.406972916352,22448,224.48
6,465.491586761018,22458,224.58
7,465.576200360054,22180,221.8
8,465.660813713705,21940,219.4
9,465.745426822218,22131,221.31
10,465.830039685836,22616,226.16
11,465.914652304805,22840,228.4
12,465.99926467937,22940,229.4
13,466.083876809776,22876,228.76
14,466.168488696269,22765,227.65
15,466.253100339093,197981,1979.81
16,466.337711738494,247974,2479.74
17,466.422322894716,155377,1553.77
18,466.506933808006,100280,1002.8
19,466.591544478607,68426,684.26
20,466.676154906766,50295,502.95
21,466.760765092726,40048,400.48
22,466.845375036735,38197,381.97
23,466.929984739036,36947,369.47
24,467.014594199874,33678,336.78
25,467.099203419495,31211,312.11
26,467.183812398145,29519,295.19
27,467.268421136067,28467,284.67
28,467.353029633508,63716,637.16
29,467.437637890711,75997,759.97
30,467.522245907924,61796,617.96
31,467.60685368539,50146,501.46
32,467.691461223355,39991,399.91
33,467.776068522063,34859,348.59
34,467.860675581761,31752,317.52
35,467.945282402693,35792,357.92
36,468.029888985104,44085,440.85
37,468.11449532924,42410,424.1
38,468.199101435345,39779,397.79
39,468.283707303665,36906,369.06
40,468.368312934445,32386,323.86
41,468.45291832793,33737,337.37
42,468.537523484364,37303,373.03
43,468.622128403994,65843,658.43
44,468.706733087065,78971,789.71
45,468.791337533821,63042,630.42
46,468.875941744507,47407,474.07
47,468.96054571937,39023,390.23
48,469.045149458653,34614,346.14
49,469.129752962602,31638,316.38
50,469.214356231462,29637,296.37
51,469.298959265479,28780,287.8
52,469.383562064897,28367,283.67
53,469.468164629962,27736,277.36
54,469.552766960919,31173,311.73
55,469.637369058012,36810,368.1
56,469.721970921487,35834,358.34
57,469.80657255159,32952,329.52
58,469.891173948565,35125,351.25
59,469.975775112657,34195,341.95
60,470.060376044111,30621,306.21
61,470.144976743173,28806,288.06
62,470.229577210088,32158,321.58
63,470.314177445101,32988,329.88
64,470.398777448457,34759,347.59
65,470.483377220402,63146,631.46
66,470.567976761179,71980,719.8
67,470.652576071035,58154,581.54
68,470.737175150215,46013,460.13
69,470.821773998963,37808,378.08
70,470.906372617525,37217,372.17
71,470.990971006146,35422,354.22
72,471.075569165072,72976,729.76
73,471.160167094546,82864,828.64
74,471.244764794815,64353,643.53
75,471.329362266123,51340,513.4
76,471.413959508717,45222,452.22
77,471.498556522839,48740,487.4
78,471.583153308737,49557,495.57
79,471.667749866655,45704,457.04
80,471.752346196838,44482,444.82
81,471.836942299532,44387,443.87
82,471.921538174981,49097,490.97
83,472.00613382343,46154,461.54
84,472.090729245126,38188,381.88
85,472.175324440312,33218,332.18
86,472.259919409234,34444,344.44
87,472.344514152137,33746,337.46
88,472.429108669267,30389,303.89
89,472.513702960868,30181,301.81
90,472.598297027185,32568,325.68
91,472.682890868465,32502,325.02
92,472.767484484951,30101,301.01
93,472.852077876889,28147,281.47
94,472.936671044524,31561,315.61
95,473.021263988101,32535,325.35
96,473.105856707865,30595,305.95
97,473.190449204062,36603,366.03
98,473.275041476937,56014,560.14
99,473.359633526735,64442,644.42
100,473.4442253537,53933,539.33
101,473.528816958078,45920,459.2
102,473.613408340115,44181,441.81
103,473.697999500055,39809,398.09
104,473.782590438143,34274,342.74
105,473.867181154625,31341,313.41
106,473.951771649745,34772,347.72
107,474.03636192375,34955,349.55
108,474.120951976883,31848,318.48
109,474.20554180939,30243,302.43
110,474.290131421517,28939,289.39
111,474.374720813508,32855,328.55
112,474.459309985608,33431,334.31
113,474.543898938063,30673,306.73
114,474.628487671118,29332,293.32
115,474.713076185018,28495,284.95
116,474.797664480008,32796,327.96
117,474.882252556332,70692,706.92
118,474.966840414238,81768,817.68
119,475.051428053968,103218,1032.18
120,475.13601547577,100428,1004.28
121,475.220602679887,69650,696.5
122,475.305189666564,51218,512.18
123,475.389776436048,40542,405.42
124,475.474362988583,34472,344.72
125,475.558949324414,30916,309.16
126,475.643535443787,29216,292.16
127,475.728121346946,28464,284.64
128,475.812707034136,27487,274.87
129,475.897292505604,56337,563.37
130,475.981877761593,69908,699.08
131,476.066462802349,59382,593.82
132,476.151047628118,51795,517.95
133,476.235632239144,43488,434.88
134,476.320216635672,36029,360.29
135,476.404800817948,36415,364.15
136,476.489384786216,35953,359.53
137,476.573968540723,38091,380.91
138,476.658552081712,62309,623.09
139,476.74313540943,65382,653.82
140,476.827718524121,50243,502.43
141,476.91230142603,40477,404.77
142,476.996884115403,38462,384.62
143,477.081466592484,36316,363.16
144,477.166048857519,32120,321.2
145,477.250630910753,34232,342.32
146,477.335212752432,34417,344.17
147,477.419794382799,31740,317.4
148,477.504375802101,34015,340.15
149,477.588957010582,34529,345.29
150,477.673538008487,31674,316.74
151,477.758118796063,84748,847.48
152,477.842699373553,98904,989.04
153,477.927279741204,68530,685.3
154,478.011859899259,50234,502.34
155,478.096439847965,39643,396.43
156,478.181019587566,34479,344.79
157,478.265599118308,32059,320.59
158,478.350178440435,30136,301.36
159,478.434757554193,29191,291.91
160,478.519336459827,44004,440.04
161,478.603915157582,47381,473.81
162,478.688493647704,38219,382.19
163,478.773071930436,110590,1105.9
164,478.857650006026,129326,1293.26
165,478.942227874716,87312,873.12
166,479.026805536754,77543,775.43
167,479.111382992383,69397,693.97
168,479.19596024185,57132,571.32
169,479.280537285398,46883,468.83
170,479.365114123274,37949,379.49
171,479.449690755722,32462,324.62
172,479.534267182988,29488,294.88
173,479.618843405317,27749,277.49
174,479.703419422953,31149,311.49
175,479.787995236142,36973,369.73
176,479.87257084513,36013,360.13
177,479.95714625016,32378,323.78
178,480.041721451479,30014,300.14
179,480.126296449331,28844,288.44
180,480.210871243962,31805,318.05
181,480.295445835617,32683,326.83
182,480.380020224541,34143,341.43
183,480.464594410979,33499,334.99
184,480.549168395175,34689,346.89
185,480.633742177377,34465,344.65
186,480.718315757827,31076,310.76
187,480.802889136772,29182,291.82
188,480.887462314457,28099,280.99
189,480.972035291127,27185,271.85
190,481.056608067026,31781,317.81
191,481.141180642401,48445,484.45
192,481.225753017496,49564,495.64
193,481.310325192556,39266,392.66
194,481.394897167827,37407,374.07
195,481.479468943554,35613,356.13
196,481.564040519981,32000,320
197,481.648611897354,29788,297.88
198,481.733183075918,28153,281.53
199,481.817754055918,31733,317.33
200,481.9023248376,32345,323.45
201,481.986895421208,33604,336.04
202,482.071465806988,75927,759.27
203,482.156035995184,85345,853.45
204,482.240605986042,64881,648.81
205,482.325175779807,51093,510.93
206,482.409745376725,40644,406.44
207,482.494314777039,34399,343.99
208,482.578883980996,31057,310.57
209,482.663452988841,29389,293.89
210,482.748021800818,28107,281.07
211,482.832590417173,27555,275.55
212,482.91715883815,31955,319.55
213,483.001727063996,36883,368.83
214,483.086295094955,35306,353.06
215,483.170862931273,31669,316.69
216,483.255430573193,30527,305.27
217,483.339998020963,33807,338.07
218,483.424565274826,34660,346.6
219,483.509132335028,31722,317.22
220,483.593699201814,29397,293.97
221,483.678265875429,32262,322.62
222,483.762832356118,32773,327.73
223,483.847398644127,30051,300.51
224,483.9319647397,32646,326.46
225,484.016530643083,47003,470.03
226,484.101096354521,48593,485.93
227,484.185661874258,40510,405.1
228,484.270227202541,34725,347.25
229,484.354792339614,31212,312.12
230,484.439357285722,30073,300.73
231,484.523922041111,33494,334.94
232,484.608486606025,37874,378.74
233,484.69305098071,36283,362.83
234,484.777615165411,34613,346.13
235,484.862179160373,36951,369.51
236,484.946742965841,35319,353.19
237,485.03130658206,35149,351.49
238,485.115870009276,38545,385.45
239,485.200433247733,36786,367.86
240,485.284996297677,32891,328.91
241,485.369559159353,62465,624.65
242,485.454121833005,73814,738.14
243,485.53868431888,56622,566.22
244,485.623246617222,45063,450.63
245,485.707808728276,38195,381.95
246,485.792370652288,33024,330.24
247,485.876932389502,33638,336.38
248,485.961493940164,33177,331.77
249,486.046055304519,30525,305.25
250,486.130616482813,29885,298.85
251,486.215177475289,29720,297.2
252,486.299738282193,37367,373.67
253,486.384298903771,39297,392.97
254,486.468859340268,34019,340.19
255,486.553419591928,30463,304.63
256,486.637979658997,29130,291.3
257,486.722539541719,28194,281.94
258,486.807099240341,31231,312.31
259,486.891658755108,31910,319.1
260,486.976218086263,29152,291.52
261,487.060777234053,27572,275.72
262,487.145336198723,26681,266.81
263,487.229894980517,25945,259.45
264,487.314453579682,26622,266.22
265,487.399011996461,27014,270.14
266,487.483570231101,26442,264.42
267,487.568128283845,26288,262.88
268,487.652686154941,26116,261.16
269,487.737243844632,26227,262.27
270,487.821801353163,31252,312.52
271,487.906358680781,32501,325.01
272,487.990915827729,29848,298.48
273,488.075472794253,28543,285.43
274,488.160029580599,33886,338.86
275,488.244586187011,35078,350.78
276,488.329142613735,31724,317.24
277,488.413698861015,38001,380.01
278,488.498254929097,39050,390.5
279,488.582810818225,38690,386.9
280,488.667366528646,38401,384.01
281,488.751922060605,34028,340.28
282,488.836477414345,32336,323.36
283,488.921032590113,31503,315.03
284,489.005587588153,32179,321.79
285,489.090142408711,67063,670.63
286,489.174697052032,78931,789.31
287,489.259251518361,63777,637.77
288,489.343805807943,50471,504.71
289,489.428359921024,39781,397.81
290,489.512913857847,33500,335
291,489.597467618659,30774,307.74
292,489.682021203705,44424,444.24
293,489.76657461323,47568,475.68
294,489.851127847479,38382,383.82
295,489.935680906696,35354,353.54
296,490.020233791128,33192,331.92
297,490.104786501019,29840,298.4
298,490.189339036615,32301,323.01
299,490.27389139816,32873,328.73
300,490.3584435859,30187,301.87
301,490.44299560008,28301,283.01
302,490.527547440945,26942,269.42
303,490.612099108739,26157,261.57
304,490.69665060371,25834,258.34
305,490.7812019261,26126,261.26
306,490.865753076156,30498,304.98
307,490.950304054123,31793,317.93
308,491.034854860246,29715,297.15
309,491.119405494769,28407,284.07
310,491.203955957939,28063,280.63
311,491.288506249999,28185,281.85
312,491.373056371197,27445,274.45
313,491.457606321775,31617,316.17
314,491.54215610198,33995,339.95
315,491.626705712057,31436,314.36
316,491.711255152251,28850,288.5
317,491.795804422807,27238,272.38
318,491.88035352397,26294,262.94
319,491.964902455985,26519,265.19
320,492.049451219098,31095,310.95
321,492.133999813553,31855,318.55
322,492.218548239596,29395,293.95
323,492.303096497471,31557,315.57
324,492.387644587425,34662,346.62
325,492.472192509702,37275,372.75
326,492.556740264546,46273,462.73
327,492.641287852205,45285,452.85
328,492.725835272921,37008,370.08
329,492.810382526942,33385,333.85
330,492.894929614511,44966,449.66
331,492.979476535874,47089,470.89
332,493.064023291276,38822,388.22
333,493.148569880962,36725,367.25
334,493.233116305178,34350,343.5
335,493.317662564167,30463,304.63
336,493.402208658177,29338,293.38
337,493.486754587451,28382,283.82
338,493.571300352235,27126,271.26
339,493.655845952774,26511,265.11
340,493.740391389313,30488,304.88
341,493.824936662097,31568,315.68
342,493.909481771372,32287,322.87
343,493.994026717382,31434,314.34
344,494.078571500372,29039,290.39
345,494.163116120589,27995,279.95
346,494.247660578276,27565,275.65
347,494.33220487368,64248,642.48
348,494.416749007044,74354,743.54
349,494.501292978615,54852,548.52
350,494.585836788637,42979,429.79
351,494.670380437356,35980,359.8
352,494.754923925017,32717,327.17
353,494.839467251864,35232,352.32
354,494.924010418144,34659,346.59
355,495.0085534241,31463,314.63
356,495.093096269979,48832,488.32
357,495.177638956025,52521,525.21
358,495.262181482484,45379,453.79
359,495.3467238496,43386,433.86
360,495.431266057619,38116,381.16
361,495.515808106786,37316,373.16
362,495.600349997346,35850,358.5
363,495.684891729544,32059,320.59
364,495.769433303626,31600,316
365,495.853974719836,30169,301.69
366,495.938515978419,28047,280.47
367,496.023057079622,27193,271.93
368,496.107598023688,26721,267.21
369,496.192138810863,30570,305.7
370,496.276679441392,31038,310.38
371,496.361219915521,30921,309.21
372,496.445760233493,68837,688.37
373,496.530300395556,78101,781.01
374,496.614840401953,56991,569.91
375,496.69938025293,50910,509.1
376,496.783919948731,45371,453.71
377,496.868459489603,41465,414.65
378,496.95299887579,37746,377.46
379,497.037538107538,41886,418.86
380,497.12207718509,41613,416.13
381,497.206616108694,39385,393.85
382,497.291154878593,37007,370.07
383,497.375693495033,33084,330.84
384,497.460231958259,30111,301.11
385,497.544770268516,28808,288.08
386,497.629308426049,28495,284.95
387,497.713846431104,27573,275.73
388,497.798384283926,30466,304.66
389,497.882921984759,31020,310.2
390,497.967459533848,28880,288.8
391,498.05199693144,32247,322.47
392,498.136534177779,37736,377.36
393,498.22107127311,36478,364.78
394,498.305608217678,32189,321.89
395,498.390145011729,29690,296.9
396,498.474681655507,28273,282.73
397,498.559218149259,27526,275.26
398,498.643754493228,27512,275.12
399,498.72829068766,26830,268.3
400,498.8128267328,25951,259.51
401,498.897362628894,25895,258.95
402,498.981898376185,26406,264.06
403,499.066433974921,27216,272.16
404,499.150969425345,31558,315.58
405,499.235504727703,50490,504.9
406,499.32003988224,52818,528.18
407,499.404574889201,45293,452.93
408,499.489109748831,40669,406.69
409,499.573644461376,35109,351.09
410,499.65817902708,31205,312.05
411,499.742713446188,29211,292.11
412,499.827247718947,28225,282.25
413,499.9117818456,27476,274.76
414,499.996315826393,26721,267.21
415,500.080849661572,26439,264.39
416,500.165383351381,26689,266.89
417,500.249916896065,26469,264.69
418,500.33445029587,26979,269.79
419,500.41898355104,49883,498.83
420,500.503516661822,56082,560.82
421,500.588049628459,43627,436.27
422,500.672582451197,36983,369.83
423,500.757115130282,32963,329.63
424,500.841647665958,30432,304.32
425,500.92618005847,28769,287.69
426,501.010712308064,58848,588.48
427,501.095244414985,70960,709.6
428,501.179776379478,59064,590.64
429,501.264308201788,48041,480.41
430,501.34883988216,43575,435.75
431,501.433371420839,39224,392.24
432,501.517902818071,33182,331.82
433,501.6024340741,34935,349.35
434,501.686965189172,37811,378.11
435,501.771496163532,35099,350.99
436,501.856026997425,31099,310.99
437,501.940557691096,28474,284.74
438,502.02508824479,27136,271.36
439,502.109618658753,31504,315.04
440,502.194148933229,32602,326.02
441,502.278679068464,29633,296.33
442,502.363209064702,28524,285.24
443,502.44773892219,27697,276.97
444,502.532268641171,30697,306.97
445,502.616798221892,31634,316.34
446,502.701327664597,29876,298.76
447,502.785856969531,28742,287.42
448,502.87038613694,31934,319.34
449,502.954915167069,36448,364.48
450,503.039444060163,34741,347.41
451,503.123972816466,30951,309.51
452,503.208501436225,33333,333.33
453,503.293029919684,34148,341.48
454,503.377558267088,35415,354.15
455,503.462086478683,38858,388.58
456,503.546614554714,41707,417.07
457,503.631142495425,38812,388.12
458,503.715670301062,33322,333.22
459,503.800197971871,30106,301.06
460,503.884725508095,28408,284.08
461,503.969252909981,31056,310.56
462,504.053780177773,35728,357.28
463,504.138307311717,35150,351.5
464,504.222834312058,35881,358.81
465,504.307361179041,35422,354.22
466,504.39188791291,36287,362.87
467,504.476414513912,37039,370.39
468,504.560940982291,54057,540.57
469,504.645467318292,56354,563.54
470,504.729993522161,43285,432.85
471,504.814519594143,39359,393.59
472,504.899045534482,38944,389.44
473,504.983571343424,41710,417.1
474,505.068097021215,43356,433.56
475,505.152622568098,42756,427.56
476,505.23714798432,55965,559.65
477,505.321673270126,55375,553.75
478,505.40619842576,43158,431.58
479,505.490723451468,36033,360.33
480,505.575248347494,35580,355.8
481,505.659773114085,33962,339.62
482,505.744297751485,64708,647.08
483,505.828822259939,76506,765.06
484,505.913346639693,58182,581.82
485,505.997870890991,44692,446.92
486,506.082395014079,36735,367.35
487,506.166919009201,32693,326.93
488,506.251442876604,30182,301.82
489,506.335966616531,32218,322.18
490,506.420490229229,31991,319.91
491,506.505013714942,29882,298.82
492,506.589537073916,29105,291.05
493,506.674060306396,31966,319.66
494,506.758583412626,33048,330.48
495,506.843106392852,30684,306.84
496,506.927629247319,29030,290.3
497,507.012151976272,27701,277.01
498,507.096674579957,31171,311.71
499,507.181197058618,33231,332.31
500,507.2657194125,31259,312.59
501,507.350241641849,63971,639.71
502,507.43476374691,76736,767.36
503,507.519285727928,58392,583.92
504,507.603807585148,44148,441.48
505,507.688329318816,36722,367.22
506,507.772850929175,36436,364.36
507,507.857372416473,39034,390.34
508,507.941893780953,36532,365.32
509,508.02641502286,32695,326.95
510,508.110936142441,29936,299.36
511,508.195457139939,31654,316.54
512,508.279978015601,31683,316.83
513,508.364498769671,29930,299.3
514,508.449019402395,28753,287.53
515,508.533539914017,27454,274.54
516,508.618060304783,30456,304.56
517,508.702580574937,30942,309.42
518,508.787100724726,28974,289.74
519,508.871620754394,29731,297.31
520,508.956140664186,47586,475.86
521,509.040660454347,56949,569.49
522,509.125180125123,66142,661.42
523,509.209699676758,62348,623.48
524,509.294219109499,71049,710.49
525,509.378738423589,68371,683.71
526,509.463257619274,55064,550.64
527,509.5477766968,45763,457.63
528,509.632295656411,36925,369.25
529,509.716814498352,31707,317.07
530,509.801333222869,28996,289.96
531,509.885851830207,27961,279.61
532,509.97037032061,27527,275.27
533,510.054888694324,26733,267.33
534,510.139406951595,31523,315.23
535,510.223925092667,32533,325.33
536,510.308443117785,29454,294.54
537,510.392961027195,28814,288.14
538,510.477478821141,32286,322.86
539,510.56199649987,36598,365.98
540,510.646514063625,39631,396.31
541,510.731031512652,41707,417.07
542,510.815548847197,38143,381.43
543,510.900066067503,33815,338.15
544,510.984583173818,30758,307.58
545,511.069100166384,32475,324.75
546,511.153617045449,32270,322.7
547,511.238133811256,33664,336.64
548,511.322650464052,33336,333.36
549,511.407167004081,30003,300.03
550,511.491683431587,36813,368.13
551,511.576199746818,37909,379.09
552,511.660715950017,36712,367.12
553,511.745232041429,35221,352.21
554,511.829748021301,31368,313.68
555,511.914263889876,29241,292.41
556,511.9987796474,29447,294.47
557,512.083295294119,29016,290.16
558,512.167810830277,28337,283.37
559,512.252326256119,31009,310.09
560,512.336841571891,34772,347.72
561,512.421356777838,52505,525.05
562,512.505871874205,54831,548.31
563,512.590386861236,47529,475.29
564,512.674901739178,41125,411.25
565,512.759416508275,34809,348.09
566,512.843931168773,31167,311.67
567,512.928445720916,33129,331.29
568,513.01296016495,37412,374.12
569,513.097474501119,35733,357.33
570,513.18198872967,32097,320.97
571,513.266502850847,29930,299.3
572,513.351016864895,32532,325.32
573,513.435530772059,33034,330.34
574,513.520044572585,29958,299.58
575,513.604558266717,28389,283.89
576,513.689071854701,36119,361.19
577,513.773585336782,40588,405.88
578,513.858098713206,41271,412.71
579,513.942611984216,42935,429.35
580,514.027125150058,46880,468.8
581,514.111638210978,48033,480.33
582,514.196151167221,42233,422.33
583,514.280664019031,35282,352.82
584,514.365176766654,31532,315.32
585,514.449689410336,32634,326.34
586,514.53420195032,36147,361.47
587,514.618714386852,34767,347.67
588,514.703226720178,31100,311
589,514.787738950542,28900,289
590,514.87225107819,27225,272.25
591,514.956763103367,26253,262.53
592,515.041275026318,25979,259.79
593,515.125786847287,35349,353.49
594,515.210298566521,37728,377.28
595,515.294810184265,32594,325.94
596,515.379321700762,29766,297.66
597,515.463833116259,28711,287.11
598,515.548344431001,27867,278.67
599,515.632855645233,31327,313.27
600,515.7173667592,32023,320.23
601,515.801877773147,31182,311.82
602,515.886388687319,33972,339.72
603,515.970899501962,32858,328.58
604,516.05541021732,29530,295.3
605,516.139920833639,27937,279.37
606,516.224431351163,27323,273.23
607,516.308941770138,27041,270.41
608,516.39345209081,26575,265.75
609,516.477962313423,26234,262.34
610,516.562472438222,30027,300.27
611,516.646982465452,35239,352.39
612,516.731492395359,40580,405.8
613,516.816002228188,39418,394.18
614,516.900511964184,34190,341.9
615,516.985021603591,38845,388.45
616,517.069531146656,47045,470.45
617,517.154040593623,56372,563.72
618,517.238549944738,52362,523.62
619,517.323059200245,45191,451.91
620,517.40756836039,40152,401.52
621,517.492077425417,34278,342.78
622,517.576586395573,30617,306.17
623,517.661095271101,62472,624.72
624,517.745604052248,70680,706.8
625,517.830112739258,51897,518.97
626,517.914621332376,49893,498.93
627,517.999129831848,46562,465.62
628,518.083638237919,38718,387.18
629,518.168146550834,33648,336.48
630,518.252654770838,30340,303.4
631,518.337162898176,28754,287.54
632,518.421670933093,27758,277.58
633,518.506178875835,27251,272.51
634,518.590686726646,26604,266.04
635,518.675194485772,26881,268.81
636,518.759702153457,30802,308.02
637,518.844209729948,31857,318.57
638,518.928717215489,29715,297.15
639,519.013224610325,32187,321.87
640,519.097731914701,33107,331.07
641,519.182239128863,30760,307.6
642,519.266746253055,29195,291.95
643,519.351253287523,28249,282.49
644,519.435760232512,27817,278.17
645,519.520267088267,27597,275.97
646,519.604773855033,27256,272.56
647,519.689280533056,26996,269.96
648,519.77378712258,26994,269.94
649,519.85829362385,26426,264.26
650,519.942800037113,30352,303.52
651,520.027306362612,31327,313.27
652,520.111812600593,28960,289.6
653,520.196318751301,27450,274.5
654,520.280824814981,26520,265.2
655,520.365330791879,26304,263.04
656,520.449836682239,26915,269.15
657,520.534342486307,27488,274.88
658,520.618848204327,27214,272.14
659,520.703353836546,30639,306.39
660,520.787859383207,31343,313.43
661,520.872364844557,37068,370.68
662,520.95687022084,60795,607.95
663,521.041375512301,62419,624.19
664,521.125880719186,46990,469.9
665,521.21038584174,38236,382.36
666,521.294890880208,48789,487.89
667,521.379395834834,49975,499.75
668,521.463900705865,43801,438.01
669,521.548405493545,39433,394.33
670,521.632910198119,34279,342.79
671,521.717414819833,31340,313.4
672,521.801919358931,29223,292.23
673,521.88642381566,27845,278.45
674,521.970928190263,31574,315.74
675,522.055432482986,229047,2290.47
676,522.139936694074,281314,2813.14
677,522.224440823773,178453,1784.53
678,522.308944872327,116665,1166.65
679,522.393448839982,78804,788.04
680,522.477952726982,61050,610.5
681,522.562456533574,69542,695.42
682,522.646960260001,65421,654.21
683,522.731463906509,54084,540.84
684,522.815967473344,49889,498.89
685,522.90047096075,42502,425.02
686,522.984974368973,35240,352.4
687,523.069477698257,31027,310.27
688,523.153980948848,28743,287.43
689,523.238484120991,27764,277.64
690,523.322987214931,27310,273.1
691,523.407490230914,31087,310.87
692,523.491993169183,36727,367.27
693,523.576496029985,76982,769.82
694,523.660998813565,84582,845.82
695,523.745501520167,94932,949.32
696,523.830004150038,90184,901.84
697,523.914506703421,63746,637.46
698,523.999009180562,48149,481.49
699,524.083511581707,38811,388.11
700,524.1680139071,33672,336.72
701,524.252516156987,30441,304.41
702,524.337018331612,28305,283.05
703,524.421520431221,31419,314.19
704,524.506022456059,32501,325.01
705,524.590524406371,30260,302.6
706,524.675026282403,53618,536.18
707,524.759528084398,60318,603.18
708,524.844029812603,46613,466.13
709,524.928531467263,37924,379.24
710,525.013033048623,53301,533.01
711,525.097534556927,57150,571.5
712,525.182035992421,45114,451.14
713,525.266537355351,37257,372.57
714,525.351038645961,32801,328.01
715,525.435539864496,34884,348.84
716,525.520041011202,34613,346.13
717,525.604542086324,31785,317.85
718,525.689043090106,39975,399.75
719,525.773544022794,41479,414.79
720,525.858044884634,40610,406.1
721,525.942545675869,38827,388.27
722,526.027046396746,33770,337.7
723,526.11154704751,31068,310.68
724,526.196047628405,29785,297.85
725,526.280548139677,33590,335.9
726,526.36504858157,34177,341.77
727,526.449548954331,31253,312.53
728,526.534049258204,30248,302.48
729,526.618549493434,33516,335.16
730,526.703049660267,33734,337.34
731,526.787549758947,31147,311.47
732,526.87204978972,33593,335.93
733,526.956549752831,34585,345.85
734,527.041049648525,32196,321.96
735,527.125549477046,30452,304.52
736,527.210049238641,50848,508.48
737,527.294548933555,58714,587.14
738,527.379048562032,47631,476.31
739,527.463548124317,39211,392.11
740,527.548047620657,36032,360.32
741,527.632547051295,33840,338.4
742,527.717046416477,32100,321
743,527.801545716449,36580,365.8
744,527.886044951455,37683,376.83
745,527.97054412174,45046,450.46
746,528.05504322755,45157,451.57
747,528.139542269129,38311,383.11
748,528.224041246724,36673,366.73
749,528.308540160578,38218,382.18
750,528.393039010938,36653,366.53
751,528.477537798047,32854,328.54
752,528.562036522152,34141,341.41
753,528.646535183498,38100,381
754,528.731033782329,40654,406.54
755,528.815532318891,38145,381.45
756,528.900030793429,34490,344.9
757,528.984529206188,31951,319.51
758,529.069027557414,30364,303.64
759,529.15352584735,29574,295.74
760,529.238024076243,29067,290.67
761,529.322522244338,28530,285.3
762,529.407020351879,28405,284.05
763,529.491518399112,28733,287.33
764,529.576016386283,28655,286.55
765,529.660514313635,28247,282.47
766,529.745012181415,27867,278.67
767,529.829509989866,27851,278.51
768,529.914007739236,27819,278.19
769,529.998505429768,31633,316.33
770,530.083003061708,33058,330.58
771,530.167500635301,31226,312.26
772,530.251998150792,29959,299.59
773,530.336495608426,29926,299.26
774,530.420993008449,33443,334.43
775,530.505490351105,37934,379.34
776,530.589987636639,40557,405.57
777,530.674484865298,42102,421.02
778,530.758982037325,39227,392.27
779,530.843479152966,34604,346.04
780,530.927976212466,31822,318.22
781,531.012473216071,30786,307.86
782,531.096970164025,91027,910.27
783,531.181467056574,110968,1109.68
784,531.265963893962,78699,786.99
785,531.350460676435,57121,571.21
786,531.434957404238,45035,450.35
787,531.519454077616,38090,380.9
788,531.603950696814,36641,366.41
789,531.688447262078,35988,359.88
790,531.772943773652,33603,336.03
791,531.857440231782,31017,310.17
792,531.941936636713,29248,292.48
793,532.026432988689,32175,321.75
794,532.110929287956,33192,331.92
795,532.19542553476,34761,347.61
796,532.279921729345,34337,343.37
797,532.364417871956,30863,308.63
798,532.448913962839,28580,285.8
799,532.533410002239,27645,276.45
800,532.6179059904,27184,271.84
801,532.702401927568,26376,263.76
802,532.786897813989,26110,261.1
803,532.871393649906,34522,345.22
804,532.955889435567,41028,410.28
805,533.040385171214,38080,380.8
806,533.124880857094,67502,675.02
807,533.209376493452,74163,741.63
808,533.293872080533,54428,544.28
809,533.378367618582,42521,425.21
810,533.462863107844,63493,634.93
811,533.547358548564,67084,670.84
812,533.631853940988,53739,537.39
813,533.71634928536,45420,454.2
814,533.800844581926,50799,507.99
815,533.885339830931,49382,493.82
816,533.96983503262,40005,400.05
817,534.054330187238,34174,341.74
818,534.13882529503,34267,342.67
819,534.223320356242,33133,331.33
820,534.307815371118,29654,296.54
821,534.392310339903,27829,278.29
822,534.476805262844,26989,269.89
823,534.561300140184,26420,264.2
824,534.64579497217,34323,343.23
825,534.730289759045,36361,363.61
826,534.814784501056,35837,358.37
827,534.899279198448,34793,347.93
828,534.983773851465,31234,312.34
829,535.068268460352,32761,327.61
830,535.152763025356,44227,442.27
831,535.23725754672,66845,668.45
832,535.321752024691,66890,668.9
833,535.406246459513,50995,509.95
834,535.490740851431,40258,402.58
835,535.575235200691,34082,340.82
836,535.659729507538,30625,306.25
837,535.744223772216,527876,5278.76
838,535.828717994971,669711,6697.11
839,535.913212176048,399614,3996.14
840,535.997706315693,239642,2396.42
841,536.08220041415,159973,1599.73
842,536.166694471664,111077,1110.77
843,536.251188488481,75041,750.41
844,536.335682464845,54020,540.2
845,536.420176401003,42586,425.86
846,536.504670297198,35759,357.59
847,536.589164153677,31459,314.59
848,536.673657970684,28946,289.46
849,536.758151748464,28905,289.05
850,536.842645487263,28322,283.22
851,536.927139187325,27183,271.83
852,537.011632848896,30690,306.9
853,537.096126472221,32121,321.21
854,537.180620057546,35120,351.2
855,537.265113605114,38584,385.84
856,537.349607115172,35727,357.27
857,537.434100587964,32674,326.74
858,537.518594023736,30699,306.99
859,537.603087422733,29087,290.87
860,537.687580785199,28509,285.09
861,537.772074111381,31732,317.32
862,537.856567401522,45122,451.22
863,537.941060655869,59790,597.9
864,538.025553874667,55375,553.75
865,538.11004705816,43934,439.34
866,538.194540206593,38138,381.38
867,538.279033320213,36050,360.5
868,538.363526399263,37590,375.9
869,538.44801944399,42033,420.33
870,538.532512454637,48036,480.36
871,538.617005431451,59296,592.96
872,538.701498374677,68867,688.67
873,538.785991284559,76373,763.73
874,538.870484161343,84617,846.17
875,538.954977005273,96682,966.82
876,539.039469816596,104805,1048.05
877,539.123962595556,108601,1086.01
878,539.208455342398,118550,1185.5
879,539.292948057368,123833,1238.33
880,539.37744074071,117749,1177.49
881,539.46193339267,113382,1133.82
882,539.546426013493,109821,1098.21
883,539.630918603424,107997,1079.97
884,539.715411162708,99877,998.77
885,539.79990369159,91458,914.58
886,539.884396190315,83699,836.99
887,539.968888659129,106729,1067.29
888,540.053381098277,116074,1160.74
889,540.137873508003,95950,959.5
890,540.222365888553,78273,782.73
891,540.306858240173,66869,668.69
892,540.391350563106,59073,590.73
893,540.475842857599,61630,616.3
894,540.560335123896,59436,594.36
895,540.644827362243,55431,554.31
896,540.729319572884,55091,550.91
897,540.813811756066,49761,497.61
898,540.898303912032,42965,429.65
899,540.982796041028,37891,378.91
900,541.0672881433,34270,342.7
901,541.151780219092,32308,323.08
902,541.23627226865,30530,305.3
903,541.320764292218,28916,289.16
904,541.405256290042,28588,285.88
905,541.489748262367,31074,310.74
906,541.574240209438,36437,364.37
907,541.6587321315,35728,357.28
908,541.743224028798,35910,359.1
909,541.827715901578,34774,347.74
910,541.912207750085,31229,312.29
911,541.996699574563,30022,300.22
912,542.081191375258,29227,292.27
913,542.165683152415,32716,327.16
914,542.250174906279,33256,332.56
915,542.334666637096,30576,305.76
916,542.41915834511,29151,291.51
917,542.503650030566,54324,543.24
918,542.58814169371,65090,650.9
919,542.672633334787,60796,607.96
920,542.757124954042,53830,538.3
921,542.841616551719,44466,444.66
922,542.926108128065,42892,428.92
923,543.010599683325,41133,411.33
924,543.095091217743,38451,384.51
925,543.179582731564,69207,692.07
926,543.264074225034,77153,771.53
927,543.348565698398,59609,596.09
928,543.433057151901,49600,496
929,543.517548585789,43937,439.37
930,543.602040000305,48620,486.2
931,543.686531395696,53688,536.88
932,543.771022772206,50376,503.76
933,543.855514130081,49997,499.97
934,543.940005469566,52329,523.29
935,544.024496790906,49592,495.92
936,544.108988094346,53270,532.7
937,544.193479380131,56687,566.87
938,544.277970648506,52078,520.78
939,544.362461899717,47179,471.79
940,544.446953134009,49667,496.67
941,544.531444351626,49767,497.67
942,544.615935552814,49563,495.63
943,544.700426737818,50006,500.06
944,544.784917906884,47903,479.03
945,544.869409060255,49985,499.85
946,544.953900198178,50290,502.9
947,545.038391320898,47386,473.86
948,545.122882428659,45303,453.03
949,545.207373521708,44137,441.37
950,545.291864600288,43668,436.68
951,545.376355664645,43392,433.92
952,545.460846715024,81016,810.16
953,545.545337751671,92063,920.63
954,545.62982877483,72678,726.78
955,545.714319784747,64453,644.53
956,545.798810781666,62882,628.82
957,545.883301765834,57964,579.64
958,545.967792737495,55691,556.91
959,546.052283696893,53948,539.48
960,546.136774644275,54078,540.78
961,546.221265579886,52412,524.12
962,546.30575650397,49118,491.18
963,546.390247416772,47344,473.44
964,546.474738318539,45817,458.17
965,546.559229209514,45738,457.38
966,546.643720089944,45475,454.75
967,546.728210960073,44658,446.58
968,546.812701820146,47541,475.41
969,546.897192670409,53956,539.56
970,546.981683511106,54058,540.58
971,547.066174342483,50490,504.9
972,547.150665164785,50554,505.54
973,547.235155978257,53742,537.42
974,547.319646783145,52873,528.73
975,547.404137579692,50536,505.36
976,547.488628368145,48890,488.9
977,547.573119148749,47264,472.64
978,547.657609921748,46670,466.7
979,547.742100687388,50355,503.55
980,547.826591445914,51053,510.53
981,547.911082197572,49402,494.02
982,547.995572942605,49087,490.87
983,548.08006368126,48443,484.43
984,548.164554413782,47711,477.11
985,548.249045140415,47376,473.76
986,548.333535861404,47679,476.79
987,548.418026576996,67840,678.4
988,548.502517287435,72982,729.82
989,548.587007992966,62528,625.28
990,548.671498693834,56296,562.96
991,548.755989390285,59567,595.67
992,548.840480082563,63266,632.66
993,548.924970770915,59040,590.4
994,549.009461455584,54442,544.42
995,549.093952136815,55778,557.78
996,549.178442814856,54784,547.84
997,549.262933489949,51221,512.21
998,549.347424162341,58189,581.89
999,549.431914832276,59900,599
1000,549.5164055,54970,549.7
1001,549.600896165758,54321,543.21
1002,549.685386829794,53670,536.7
1003,549.769877492355,51354,513.54
1004,549.854368153685,50232,502.32
1005,549.938858814029,71033,710.33
1006,550.023349473633,80576,805.76
1007,550.107840132742,74991,749.91
1008,550.1923307916,67160,671.6
1009,550.276821450453,59123,591.23
1010,550.361312109546,54893,548.93
1011,550.445802769124,56874,568.74
1012,550.530293429432,56862,568.62
1013,550.614784090716,53480,534.8
1014,550.69927475322,51659,516.59
1015,550.78376541719,50839,508.39
1016,550.868256082871,50016,500.16
1017,550.952746750508,50020,500.2
1018,551.037237420346,53442,534.42
1019,551.12172809263,54596,545.96
1020,551.206218767606,52806,528.06
1021,551.290709445518,51556,515.56
1022,551.375200126611,50531,505.31
1023,551.459690811131,54586,545.86
1024,551.544181499323,55938,559.38
1025,551.628672191433,53959,539.59
1026,551.713162887704,52292,522.92
1027,551.797653588383,50876,508.76
1028,551.882144293714,50379,503.79
1029,551.966635003943,50581,505.81
1030,552.051125719314,55210,552.1
1031,552.135616440073,63288,632.88
1032,552.220107166465,62738,627.38
1033,552.304597898735,60726,607.26
1034,552.389088637129,58831,588.31
1035,552.473579381891,80215,802.15
1036,552.558070133266,85364,853.64
1037,552.6425608915,71702,717.02
1038,552.727051656838,63507,635.07
1039,552.811542429524,88093,880.93
1040,552.896033209805,92881,928.81
1041,552.980523997925,79586,795.86
1042,553.065014794129,70493,704.93
1043,553.149505598662,62808,628.08
1044,553.23399641177,58432,584.32
1045,553.318487233698,59705,597.05
1046,553.402978064691,75137,751.37
1047,553.487468904993,89530,895.3
1048,553.571959754851,82954,829.54
1049,553.656450614509,69626,696.26
1050,553.740941484213,61386,613.86
1051,553.825432364206,64831,648.31
1052,553.909923254736,65044,650.44
1053,553.994414156046,67355,673.55
1054,554.078905068382,66024,660.24
1055,554.16339599199,60049,600.49
1056,554.247886927113,57244,572.44
1057,554.332377873998,83098,830.98
1058,554.416868832889,89714,897.14
1059,554.501359804032,73986,739.86
1060,554.585850787671,65130,651.3
1061,554.670341784053,59727,597.27
1062,554.754832793421,56290,562.9
1063,554.839323816021,54359,543.59
1064,554.923814852099,53079,530.79
1065,555.008305901899,52868,528.68
1066,555.092796965667,61559,615.59
1067,555.177288043647,63543,635.43
1068,555.261779136085,89311,893.11
1069,555.346270243226,95718,957.18
1070,555.430761365315,82233,822.33
1071,555.515252502597,76595,765.95
1072,555.599743655318,70511,705.11
1073,555.684234823722,63970,639.7
1074,555.768726008055,64108,641.08
1075,555.853217208561,66667,666.67
1076,555.937708425486,63518,635.18
1077,556.022199659075,87145,871.45
1078,556.106690909574,92746,927.46
1079,556.191182177226,80732,807.32
1080,556.275673462278,71983,719.83
1081,556.360164764975,67644,676.44
1082,556.444656085561,70233,702.33
1083,556.529147424282,67167,671.67
1084,556.613638781383,62275,622.75
1085,556.698130157109,59611,596.11
1086,556.782621551706,61637,616.37
1087,556.867112965417,61667,616.67
1088,556.951604398489,65070,650.7
1089,557.036095851167,72912,729.12
1090,557.120587323695,69949,699.49
1091,557.20507881632,62454,624.54
1092,557.289570329285,58498,584.98
1093,557.374061862836,60371,603.71
1094,557.458553417219,61691,616.91
1095,557.543044992678,62938,629.38
1096,557.627536589459,62319,623.19
1097,557.712028207806,63804,638.04
1098,557.796519847966,62713,627.13
1099,557.881011510182,66962,669.62
1100,557.9655031947,71403,714.03
1101,558.049994901765,67312,673.12
1102,558.134486631623,61652,616.52
1103,558.218978384519,57994,579.94
1104,558.303470160697,59672,596.72
1105,558.387961960402,59739,597.39
1106,558.472453783881,60113,601.13
1107,558.556945631378,61349,613.49
1108,558.641437503137,93889,938.89
1109,558.725929399405,112831,1128.31
1110,558.810421320427,96781,967.81
1111,558.894913266447,78908,789.08
1112,558.97940523771,68914,689.14
1113,559.063897234463,66919,669.19
1114,559.14838925695,68770,687.7
1115,559.232881305415,65819,658.19
1116,559.317373380105,60836,608.36
1117,559.401865481264,62532,625.32
1118,559.486357609138,62453,624.53
1119,559.570849763971,59004,590.04
1120,559.65534194601,57920,579.2
1121,559.739834155498,61572,615.72
1122,559.824326392681,61786,617.86
1123,559.908818657804,62683,626.83
1124,559.993310951113,61880,618.8
1125,560.077803272852,59129,591.29
1126,560.162295623266,57581,575.81
1127,560.246788002602,56086,560.86
1128,560.331280411103,59296,592.96
1129,560.415772849015,63984,639.84
1130,560.500265316583,67310,673.1
1131,560.584757814052,73108,731.08
1132,560.669250341668,70818,708.18
1133,560.753742899676,63768,637.68
1134,560.83823548832,63813,638.13
1135,560.922728107845,62638,626.38
1136,561.007220758498,59187,591.87
1137,561.091713440523,57367,573.67
1138,561.176206154165,55938,559.38
1139,561.260698899669,55548,555.48
1140,561.345191677281,55164,551.64
1141,561.429684487245,54805,548.05
1142,561.514177329807,54715,547.15
1143,561.598670205212,54732,547.32
1144,561.683163113705,56038,560.38
1145,561.767656055531,56288,562.88
1146,561.852149030935,59422,594.22
1147,561.936642040163,64174,641.74
1148,562.021135083459,62720,627.2
1149,562.105628161069,59335,593.35
1150,562.190121273237,61734,617.34
1151,562.27461442021,61571,615.71
1152,562.359107602232,71863,718.63
1153,562.443600819547,73360,733.6
1154,562.528094072403,69068,690.68
1155,562.612587361042,76394,763.94
1156,562.697080685712,78766,787.66
1157,562.781574046656,75704,757.04
1158,562.866067444119,91623,916.23
1159,562.950560878348,91580,915.8
1160,563.035054349587,76068,760.68
1161,563.119547858082,71163,711.63
1162,563.204041404076,67744,677.44
1163,563.288534987816,64015,640.15
1164,563.373028609547,60919,609.19
1165,563.457522269514,58523,585.23
1166,563.542015967961,57152,571.52
1167,563.626509705135,60122,601.22
1168,563.71100348128,64824,648.24
1169,563.795497296641,63440,634.4
1170,563.879991151464,59609,596.09
1171,563.964485045993,57255,572.55
1172,564.048978980475,56077,560.77
1173,564.133472955153,56826,568.26
1174,564.217966970273,56740,567.4
1175,564.30246102608,60050,600.5
1176,564.386955122819,64498,644.98
1177,564.471449260736,66745,667.45
1178,564.555943440075,64293,642.93
1179,564.640437661083,60113,601.13
1180,564.724931924002,145151,1451.51
1181,564.80942622908,172841,1728.41
1182,564.893920576561,126305,1263.05
1183,564.97841496669,99806,998.06
1184,565.062909399713,83816,838.16
1185,565.147403875874,84232,842.32
1186,565.231898395419,80802,808.02
1187,565.316392958592,70108,701.08
1188,565.400887565639,63352,633.52
1189,565.485382216806,59888,598.88
1190,565.569876912336,57719,577.19
1191,565.654371652476,56195,561.95
1192,565.73886643747,58634,586.34
1193,565.823361267564,59760,597.6
1194,565.907856143003,81920,819.2
1195,565.992351064031,87609,876.09
1196,566.076846030894,74531,745.31
1197,566.161341043838,66401,664.01
1198,566.245836103106,61086,610.86
1199,566.330331208945,58523,585.23
1200,566.4148263616,57342,573.42
1201,566.499321561315,60300,603
1202,566.583816808336,60739,607.39
1203,566.668312102908,62199,621.99
1204,566.752807445276,61637,616.37
1205,566.837302835685,60231,602.31
1206,566.92179827438,61228,612.28
1207,567.006293761607,59961,599.61
1208,567.090789297611,57724,577.24
1209,567.175284882636,63155,631.55
1210,567.259780516928,64675,646.75
1211,567.344276200732,60723,607.23
1212,567.428771934293,58282,582.82
1213,567.513267717856,60767,607.67
1214,567.597763551667,60667,606.67
1215,567.68225943597,57847,578.47
1216,567.766755371011,80765,807.65
1217,567.851251357034,87229,872.29
1218,567.935747394286,73773,737.73
1219,568.020243483011,73871,738.71
1220,568.104739623454,71652,716.52
1221,568.18923581586,91802,918.02
1222,568.273732060474,95165,951.65
1223,568.358228357543,78009,780.09
1224,568.442724707309,68130,681.3
1225,568.52722111002,62517,625.17
1226,568.61171756592,58942,589.42
1227,568.696214075254,57521,575.21
1228,568.780710638267,56779,567.79
1229,568.865207255205,55930,559.3
1230,568.949703926312,55968,559.68
1231,569.034200651834,59760,597.6
1232,569.118697432015,60317,603.17
1233,569.203194267102,57986,579.86
1234,569.287691157338,60469,604.69
1235,569.37218810297,67287,672.87
1236,569.456685104242,78483,784.83
1237,569.5411821614,77759,777.59
1238,569.625679274688,69237,692.37
1239,569.710176444352,68036,680.36
1240,569.794673670637,65815,658.15
1241,569.879170953788,61070,610.7
1242,569.96366829405,62039,620.39
1243,570.048165691668,69742,697.42
1244,570.132663146887,68837,688.37
1245,570.217160659954,71475,714.75
1246,570.301658231112,70990,709.9
1247,570.386155860606,64868,648.68
1248,570.470653548683,61051,610.51
1249,570.555151295587,58482,584.82
1250,570.639649101562,56944,569.44
1251,570.724146966856,56180,561.8
1252,570.808644891712,59750,597.5
1253,570.893142876375,65379,653.79
1254,570.977640921091,65688,656.88
1255,571.062139026105,65306,653.06
1256,571.146637191662,85583,855.83
1257,571.231135418007,88278,882.78
1258,571.315633705386,73941,739.41
1259,571.400132054043,69634,696.34
1260,571.484630464223,70298,702.98
1261,571.569128936172,66641,666.41
1262,571.653627470135,61461,614.61
1263,571.738126066357,67351,673.51
1264,571.822624725083,72357,723.57
1265,571.907123446559,67664,676.64
1266,571.991622231028,70850,708.5
1267,572.076121078737,77384,773.84
1268,572.160619989931,73931,739.31
1269,572.245118964855,70320,703.2
1270,572.329618003753,66681,666.81
1271,572.414117106872,67089,670.89
1272,572.498616274455,72777,727.77
1273,572.583115506749,69833,698.33
1274,572.667614803999,62647,626.47
1275,572.752114166448,58963,589.63
1276,572.836613594344,57791,577.91
1277,572.921113087931,57475,574.75
1278,573.005612647453,56197,561.97
1279,573.090112273157,55289,552.89
1280,573.174611965286,59334,593.34
1281,573.259111724088,67762,677.62
1282,573.343611549805,76508,765.08
1283,573.428111442685,104218,1042.18
1284,573.512611402971,108734,1087.34
1285,573.597111430909,139978,1399.78
1286,573.681611526744,143747,1437.47
1287,573.766111690721,120412,1204.12
1288,573.850611923086,100056,1000.56
1289,573.935112224083,80501,805.01
1290,574.019612593957,69464,694.64
1291,574.104113032955,63794,637.94
1292,574.18861354132,64568,645.68
1293,574.273114119298,64022,640.22
1294,574.357614767134,64570,645.7
1295,574.442115485074,63068,630.68
1296,574.526616273362,116503,1165.03
1297,574.611117132243,130721,1307.21
1298,574.695618061963,118694,1186.94
1299,574.780119062767,109039,1090.39
1300,574.8646201349,89514,895.14
1301,574.949121278607,79245,792.45
1302,575.033622494133,74871,748.71
1303,575.118123781723,72841,728.41
1304,575.202625141623,67950,679.5
1305,575.287126574078,61770,617.7
1306,575.371628079332,58917,589.17
1307,575.456129657631,57931,579.31
1308,575.54063130922,57488,574.88
1309,575.625133034344,61205,612.05
1310,575.709634833249,68347,683.47
1311,575.794136706179,67539,675.39
1312,575.878638653379,62451,624.51
1313,575.963140675095,59039,590.39
1314,576.047642771572,56546,565.46
1315,576.132144943055,55846,558.46
1316,576.216647189789,60772,607.72
1317,576.301149512019,61741,617.41
1318,576.38565190999,58615,586.15
1319,576.470154383948,56517,565.17
1320,576.554656934138,55746,557.46
1321,576.639159560804,60326,603.26
1322,576.723662264192,61657,616.57
1323,576.808165044547,94859,948.59
1324,576.892667902114,106686,1066.86
1325,576.977170837139,87219,872.19
1326,577.061673849866,72786,727.86
1327,577.146176940541,64739,647.39
1328,577.230680109408,60459,604.59
1329,577.315183356713,58568,585.68
1330,577.399686682701,60789,607.89
1331,577.484190087617,88036,880.36
1332,577.568693571706,92807,928.07
1333,577.653197135214,76362,763.62
1334,577.737700778385,71095,710.95
1335,577.822204501465,66823,668.23
1336,577.906708304698,61414,614.14
1337,577.991212188331,98988,989.88
1338,578.075716152607,108288,1082.88
1339,578.160220197773,90059,900.59
1340,578.244724324073,78158,781.58
1341,578.329228531752,76625,766.25
1342,578.413732821056,77620,776.2
1343,578.49823719223,70599,705.99
1344,578.582741645518,63478,634.78
1345,578.667246181166,63338,633.38
1346,578.75175079942,62545,625.45
1347,578.836255500524,63422,634.22
1348,578.920760284723,71514,715.14
1349,579.005265152262,70845,708.45
1350,579.089770103388,64433,644.33
1351,579.174275138344,60050,600.5
1352,579.258780257375,56971,569.71
1353,579.343285460728,55558,555.58
1354,579.427790748647,54973,549.73
1355,579.512296121378,54221,542.21
1356,579.596801579165,53443,534.43
1357,579.681307122253,54386,543.86
1358,579.765812750888,54733,547.33
1359,579.850318465315,53831,538.31
1360,579.934824265779,53566,535.66
1361,580.019330152525,53132,531.32
1362,580.103836125799,74794,747.94
1363,580.188342185844,81065,810.65
1364,580.272848332908,73076,730.76
1365,580.357354567233,67266,672.66
1366,580.441860889067,61340,613.4
1367,580.526367298654,57857,578.57
1368,580.610873796238,63861,638.61
1369,580.695380382066,64974,649.74
1370,580.779887056382,60363,603.63
1371,580.864393819432,63803,638.03
1372,580.94890067146,64213,642.13
1373,581.033407612712,59980,599.8
1374,581.117914643433,57575,575.75
1375,581.202421763867,56538,565.38
1376,581.286928974261,56018,560.18
1377,581.371436274859,58912,589.12
1378,581.455943665907,59285,592.85
1379,581.540451147649,60768,607.68
1380,581.62495872033,60151,601.51
1381,581.709466384197,56789,567.89
1382,581.793974139493,55025,550.25
1383,581.878481986465,62214,622.14
1384,581.962989925357,63914,639.14
1385,582.047497956414,67617,676.17
1386,582.132006079881,71681,716.81
1387,582.216514296004,66913,669.13
1388,582.301022605028,61527,615.27
1389,582.385531007198,69869,698.69
1390,582.470039502758,71388,713.88
1391,582.554548091955,64626,646.26
1392,582.639056775033,60301,603.01
1393,582.723565552238,56996,569.96
1394,582.808074423814,55457,554.57
1395,582.892583390007,54523,545.23
1396,582.977092451061,62233,622.33
1397,583.061601607223,64508,645.08
1398,583.146110858736,61734,617.34
1399,583.230620205847,61667,616.67
1400,583.3151296488,59447,594.47
1401,583.399639187841,60363,603.63
1402,583.484148823214,59634,596.34
1403,583.568658555165,56585,565.85
1404,583.653168383939,54755,547.55
1405,583.73767830978,61326,613.26
1406,583.822188332935,63560,635.6
1407,583.906698453649,63002,630.02
1408,583.991208672165,60698,606.98
1409,584.075718988731,56929,569.29
1410,584.16022940359,58910,589.1
1411,584.244739916987,58627,586.27
1412,584.329250529169,55821,558.21
1413,584.41376124038,53962,539.62
1414,584.498272050865,53177,531.77
1415,584.58278296087,53185,531.85
1416,584.667293970638,63805,638.05
1417,584.751805080417,74539,745.39
1418,584.83631629045,71279,712.79
1419,584.920827600983,63352,633.52
1420,585.005339012262,58922,589.22
1421,585.08985052453,59985,599.85
1422,585.174362138034,63222,632.22
1423,585.258873853018,65213,652.13
1424,585.343385669727,62239,622.39
1425,585.427897588408,57714,577.14
1426,585.512409609304,55109,551.09
1427,585.596921732661,53540,535.4
1428,585.681433958724,55396,553.96
1429,585.765946287739,55685,556.85
1430,585.85045871995,57961,579.61
1431,585.934971255602,62288,622.88
1432,586.019483894941,69425,694.25
1433,586.103996638212,71770,717.7
1434,586.18850948566,65839,658.39
1435,586.27302243753,60879,608.79
1436,586.357535494067,57530,575.3
1437,586.442048655516,83179,831.79
1438,586.526561922122,113551,1135.51
1439,586.611075294132,104198,1041.98
1440,586.695588771789,82164,821.64
1441,586.780102355339,70142,701.42
1442,586.864616045027,67130,671.3
1443,586.949129841097,63334,633.34
1444,587.033643743797,57781,577.81
1445,587.118157753369,54943,549.43
1446,587.20267187006,53548,535.48
1447,587.287186094115,52712,527.12
1448,587.371700425779,52424,524.24
1449,587.456214865296,52021,520.21
1450,587.540729412912,51577,515.77
1451,587.625244068873,51164,511.64
1452,587.709758833423,54628,546.28
1453,587.794273706808,56259,562.59
1454,587.878788689272,54993,549.93
1455,587.963303781061,53506,535.06
1456,588.047818982419,52786,527.86
1457,588.132334293593,56021,560.21
1458,588.216849714827,60929,609.29
1459,588.301365246366,59867,598.67
1460,588.385880888455,56478,564.78
1461,588.47039664134,54307,543.07
1462,588.554912505266,52922,529.22
1463,588.639428480477,56507,565.07
1464,588.72394456722,63687,636.87
1465,588.808460765738,71684,716.84
1466,588.892977076278,69217,692.17
1467,588.977493499084,61562,615.62
1468,589.062010034401,56663,566.63
1469,589.146526682475,53986,539.86
1470,589.231043443551,52565,525.65
1471,589.315560317874,51617,516.17
1472,589.400077305689,50757,507.57
1473,589.48459440724,50577,505.77
1474,589.569111622774,54369,543.69
1475,589.653628952536,61579,615.79
1476,589.73814639677,61760,617.6
1477,589.822663955722,57224,572.24
1478,589.907181629636,163483,1634.83
1479,589.991699418759,201188,2011.88
1480,590.076217323334,152948,1529.48
1481,590.160735343608,115685,1156.85
1482,590.245253479825,87826,878.26
1483,590.329771732231,71427,714.27
1484,590.41429010107,99925,999.25
1485,590.498808586588,105263,1052.63
1486,590.58332718903,82506,825.06
1487,590.667845908641,72511,725.11
1488,590.752364745666,65621,656.21
1489,590.83688370035,59434,594.34
1490,590.921402772939,59528,595.28
1491,591.005921963678,66536,665.36
1492,591.090441272811,65500,655
1493,591.174960700584,63172,631.72
1494,591.259480247241,63981,639.81
1495,591.343999913029,64625,646.25
1496,591.428519698192,61510,615.1
1497,591.513039602976,57005,570.05
1498,591.597559627625,54828,548.28
1499,591.682079772385,53391,533.91
1500,591.7666000375,51851,518.51
1501,591.851120423216,51505,515.05
1502,591.935640929779,51183,511.83
1503,592.020161557432,52963,529.63
1504,592.104682306422,53275,532.75
1505,592.189203176993,51687,516.87
1506,592.273724169391,50873,508.73
1507,592.35824528386,50455,504.55
1508,592.442766520647,50358,503.58
1509,592.527287879995,54726,547.26
1510,592.611809362151,55961,559.61
1511,592.696330967358,85517,855.17
1512,592.780852695863,93002,930.02
1513,592.865374547911,74929,749.29
1514,592.949896523746,64266,642.66
1515,593.034418623614,58306,583.06
1516,593.11894084776,97230,972.3
1517,593.203463196429,106987,1069.87
1518,593.287985669866,83737,837.37
1519,593.372508268317,69971,699.71
1520,593.457030992026,61771,617.71
1521,593.541553841238,56984,569.84
1522,593.626076816199,55175,551.75
1523,593.710599917154,53471,534.71
1524,593.795123144348,52181,521.81
1525,593.879646498027,51440,514.4
1526,593.964169978434,58911,589.11
1527,594.048693585816,61195,611.95
1528,594.133217320417,56540,565.4
1529,594.217741182483,57430,574.3
1530,594.302265172259,56763,567.63
1531,594.38678928999,57735,577.35
1532,594.47131353592,56994,569.94
1533,594.555837910296,57772,577.72
1534,594.640362413363,57090,570.9
1535,594.724887045364,78557,785.57
1536,594.809411806547,83438,834.38
1537,594.893936697155,69223,692.23
1538,594.978461717434,69141,691.41
1539,595.062986867629,66391,663.91
1540,595.147512147985,59797,597.97
1541,595.232037558747,64130,641.3
1542,595.316563100161,71546,715.46
1543,595.401088772471,69118,691.18
1544,595.485614575923,62013,620.13
1545,595.570140510762,56613,566.13
1546,595.654666577233,53538,535.38
1547,595.73919277558,55765,557.65
1548,595.82371910605,57453,574.53
1549,595.908245568888,55802,558.02
1550,595.992772164338,61564,615.64
1551,596.077298892645,70871,708.71
1552,596.161825754055,67906,679.06
1553,596.246352748813,59985,599.85
1554,596.330879877164,55883,558.83
1555,596.415407139353,70994,709.94
1556,596.499934535626,74710,747.1
1557,596.584462066227,65923,659.23
1558,596.668989731401,64405,644.05
1559,596.753517531394,65540,655.4
1560,596.838045466451,65777,657.77
1561,596.922573536817,61878,618.78
1562,597.007101742737,57541,575.41
1563,597.091630084456,92767,927.67
1564,597.17615856222,119747,1197.47
1565,597.260687176273,104775,1047.75
1566,597.345215926861,86463,864.63
1567,597.429744814228,81283,812.83
1568,597.51427383862,72803,728.03
1569,597.598803000283,62554,625.54
1570,597.68333229946,65109,651.09
1571,597.767861736398,63886,638.86
1572,597.852391311341,65055,650.55
1573,597.936921024535,63803,638.03
1574,598.021450876224,61518,615.18
1575,598.105980866655,62961,629.61
1576,598.190510996071,59581,595.81
1577,598.275041264718,58965,589.65
1578,598.359571672842,61060,610.6
1579,598.444102220687,63651,636.51
1580,598.528632908498,61119,611.19
1581,598.613163736522,59933,599.33
1582,598.697694705001,67020,670.2
1583,598.782225814183,68810,688.1
1584,598.866757064312,66426,664.26
1585,598.951288455633,61547,615.47
1586,599.035819988391,59674,596.74
1587,599.120351662832,62002,620.02
1588,599.2048834792,58986,589.86
1589,599.289415437741,53696,536.96
1590,599.3739475387,51616,516.16
1591,599.458479782322,55514,555.14
1592,599.543012168852,60072,600.72
1593,599.627544698535,62085,620.85
1594,599.712077371617,58969,589.69
1595,599.796610188342,54379,543.79
1596,599.881143148956,56233,562.33
1597,599.965676253703,59914,599.14
1598,600.05020950283,58196,581.96
1599,600.13474289658,54286,542.86
1600,600.2192764352,51876,518.76
1601,600.303810118934,54519,545.19
1602,600.388343948028,54670,546.7
1603,600.472877922726,51714,517.14
1604,600.557412043273,54180,541.8
1605,600.641946309916,54005,540.05
1606,600.726480722899,51754,517.54
1607,600.811015282466,50360,503.6
1608,600.895549988864,49450,494.5
1609,600.980084842338,48964,489.64
1610,601.064619843132,51633,516.33
1611,601.149154991491,52498,524.98
1612,601.233690287662,55367,553.67
1613,601.318225731888,55503,555.03
1614,601.402761324415,52144,521.44
1615,601.487297065489,54446,544.46
1616,601.571832955354,55248,552.48
1617,601.656368994255,56579,565.79
1618,601.740905182438,55669,556.69
1619,601.825441520148,52246,522.46
1620,601.90997800763,55082,550.82
1621,601.994514645128,59127,591.27
1622,602.079051432889,60156,601.56
1623,602.163588371157,57731,577.31
1624,602.248125460177,57606,576.06
1625,602.332662700195,56337,563.37
1626,602.417200091456,56941,569.41
1627,602.501737634204,55672,556.72
1628,602.586275328686,52222,522.22
1629,602.670813175145,50286,502.86
1630,602.755351173828,61079,610.79
1631,602.839889324979,63630,636.3
1632,602.924427628843,60622,606.22
1633,603.008966085667,61352,613.52
1634,603.093504695693,58104,581.04
1635,603.178043459169,53518,535.18
1636,603.262582376339,55721,557.21
1637,603.347121447448,58315,583.15
1638,603.431660672741,57018,570.18
1639,603.516200052464,53587,535.87
1640,603.600739586861,50134,501.34
1641,603.685279276178,48740,487.4
1642,603.769819120659,49421,494.21
1643,603.854359120551,49211,492.11
1644,603.938899276098,53383,533.83
1645,604.023439587545,58237,582.37
1646,604.107980055137,56421,564.21
1647,604.19252067912,55733,557.33
1648,604.277061459738,57573,575.73
1649,604.361602397237,55204,552.04
1650,604.446143491862,51432,514.32
1651,604.530684743859,68787,687.87
1652,604.615226153471,86634,866.34
1653,604.699767720944,83400,834
1654,604.784309446525,71145,711.45
1655,604.868851330456,65087,650.87
1656,604.953393372984,68698,686.98
1657,605.037935574354,73054,730.54
1658,605.122477934812,67193,671.93
1659,605.207020454601,85468,854.68
1660,605.291563133967,87886,878.86
1661,605.376105973156,72099,720.99
1662,605.460648972412,62227,622.27
1663,605.545192131981,55184,551.84
1664,605.629735452108,51251,512.51
1665,605.714278933038,49079,490.79
1666,605.798822575015,56563,565.63
1667,605.883366378286,58580,585.8
1668,605.967910343095,53223,532.23
1669,606.052454469688,49723,497.23
1670,606.136998758309,48563,485.63
1671,606.221543209204,52685,526.85
1672,606.306087822618,53081,530.81
1673,606.390632598795,49854,498.54
1674,606.475177537982,51701,517.01
1675,606.559722640423,55897,558.97
1676,606.644267906364,58094,580.94
1677,606.728813336049,59340,593.4
1678,606.813358929724,56280,562.8
1679,606.897904687633,51648,516.48
1680,606.982450610022,48999,489.99
1681,607.066996697137,47384,473.84
1682,607.151542949221,50416,504.16
1683,607.236089366521,55103,551.03
1684,607.320635949282,53787,537.87
1685,607.405182697748,50292,502.92
1686,607.489729612165,53491,534.91
1687,607.574276692777,53741,537.41
1688,607.658823939831,50251,502.51
1689,607.74337135357,52309,523.09
1690,607.827918934241,56013,560.13
1691,607.912466682089,53883,538.83
1692,607.997014597358,50027,500.27
1693,608.081562680293,60459,604.59
1694,608.16611093114,62724,627.24
1695,608.250659350145,59704,597.04
1696,608.335207937551,60018,600.18
1697,608.419756693605,59054,590.54
1698,608.504305618551,54703,547.03
1699,608.588854712634,54581,545.81
1700,608.6734039761,53474,534.74
1701,608.757953409194,62757,627.57
1702,608.84250301216,69177,691.77
1703,608.927052785245,62283,622.83
1704,609.011602728693,55545,555.45
1705,609.096152842749,51360,513.6
1706,609.180703127658,48662,486.62
1707,609.265253583666,47092,470.92
1708,609.349804211018,46434,464.34
1709,609.434355009958,49987,499.87
1710,609.518905980733,50531,505.31
1711,609.603457123586,56730,567.3
1712,609.688008438764,96846,968.46
1713,609.772559926511,102164,1021.64
1714,609.857111587073,77667,776.67
1715,609.941663420694,63039,630.39
1716,610.02621542762,54733,547.33
1717,610.110767608096,55043,550.43
1718,610.195319962366,54003,540.03
1719,610.279872490677,49659,496.59
1720,610.364425193274,47210,472.1
1721,610.4489780704,46106,461.06
1722,610.533531122303,45348,453.48
1723,610.618084349226,46236,462.36
1724,610.702637751414,50491,504.91
1725,610.787191329114,54615,546.15
1726,610.87174508257,52937,529.37
1727,610.956299012027,57078,570.78
1728,611.04085311773,56690,566.9
1729,611.125407399925,51356,513.56
1730,611.209961858857,47989,479.89
1731,611.29451649477,75301,753.01
1732,611.37907130791,92156,921.56
1733,611.463626298523,78449,784.49
1734,611.548181466852,67551,675.51
1735,611.632736813144,68308,683.08
1736,611.717292337643,64401,644.01
1737,611.801848040595,56264,562.64
1738,611.886403922244,51545,515.45
1739,611.970959982837,52722,527.22
1740,612.055516222617,54954,549.54
1741,612.14007264183,57247,572.47
1742,612.224629240722,59365,593.65
1743,612.309186019537,57335,573.35
1744,612.39374297852,70237,702.37
1745,612.478300117917,72861,728.61
1746,612.562857437973,82250,822.5
1747,612.647414938933,84447,844.47
1748,612.731972621042,69988,699.88
1749,612.816530484545,58213,582.13
1750,612.901088529688,72882,728.82
1751,612.985646756714,75026,750.26
1752,613.070205165871,65736,657.36
1753,613.154763757402,59045,590.45
1754,613.239322531553,52721,527.21
1755,613.323881488569,53275,532.75
1756,613.408440628695,52246,522.46
1757,613.492999952176,48592,485.92
1758,613.577559459258,50515,505.15
1759,613.662119150185,54106,541.06
1760,613.746679025203,51759,517.59
1761,613.831239084557,48031,480.31
1762,613.915799328492,50351,503.51
1763,614.000359757252,50395,503.95
1764,614.084920371084,47708,477.08
1765,614.169481170232,46437,464.37
1766,614.254042154942,46529,465.29
1767,614.338603325458,46032,460.32
1768,614.423164682026,49556,495.56
1769,614.507726224891,53876,538.76
1770,614.592287954298,51887,518.87
1771,614.676849870492,70216,702.16
1772,614.761411973718,73983,739.83
1773,614.845974264222,60502,605.02
1774,614.930536742248,53310,533.1
1775,615.015099408042,53797,537.97
1776,615.099662261849,52576,525.76
1777,615.184225303914,48805,488.05
1778,615.268788534481,50455,504.55
1779,615.353351953797,49815,498.15
1780,615.437915562106,54744,547.44
1781,615.522479359654,55906,559.06
1782,615.607043346685,50621,506.21
1783,615.691607523446,68197,681.97
1784,615.776171890179,71872,718.72
1785,615.860736447132,59390,593.9
1786,615.94530119455,52183,521.83
1787,616.029866132676,51770,517.7
1788,616.114431261757,50810,508.1
1789,616.198996582037,51824,518.24
1790,616.283562093762,54423,544.23
1791,616.368127797177,56113,561.13
1792,616.452693692527,53273,532.73
1793,616.537259780057,48314,483.14
1794,616.621826060012,49750,497.5
1795,616.706392532638,53734,537.34
1796,616.790959198179,51894,518.94
1797,616.87552605688,47730,477.3
1798,616.960093108988,72160,721.6
1799,617.044660354746,78703,787.03
1800,617.1292277944,74522,745.22
1801,617.213795428195,79036,790.36
1802,617.298363256377,71291,712.91
1803,617.38293127919,58834,588.34
1804,617.46749949688,51311,513.11
1805,617.552067909691,46899,468.99
1806,617.63663651787,44376,443.76
1807,617.72120532166,583124,5831.24
1808,617.805774321307,743411,7434.11
1809,617.890343517057,452904,4529.04
1810,617.974912909154,277011,2770.11
1811,618.059482497843,175829,1758.29
1812,618.14405228337,118492,1184.92
1813,618.22862226598,85598,855.98
1814,618.313192445918,66208,662.08
1815,618.397762823429,73207,732.07
1816,618.482333398757,76437,764.37
1817,618.56690417215,64944,649.44
1818,618.65147514385,59459,594.59
1819,618.736046314105,55220,552.2
1820,618.820617683158,50008,500.08
1821,618.905189251254,47425,474.25
1822,618.98976101864,46321,463.21
1823,619.07433298556,44740,447.4
1824,619.158905152259,49143,491.43
1825,619.243477518983,76728,767.28
1826,619.328050085976,80224,802.24
1827,619.412622853484,67843,678.43
1828,619.497195821751,63565,635.65
1829,619.581768991023,66559,665.59
1830,619.666342361546,62162,621.62
1831,619.750915933564,53205,532.05
1832,619.835489707321,48108,481.08
1833,619.920063683065,53786,537.86
1834,620.004637861039,58146,581.46
1835,620.089212241489,53196,531.96
1836,620.173786824659,47736,477.36
1837,620.258361610796,46230,462.3
1838,620.342936600144,45063,450.63
1839,620.427511792947,44027,440.27
1840,620.512087189453,50929,509.29
1841,620.596662789905,85573,855.73
1842,620.681238594548,102459,1024.59
1843,620.765814603629,85801,858.01
1844,620.850390817391,67078,670.78
1845,620.93496723608,59526,595.26
1846,621.019543859942,62710,627.1
1847,621.104120689221,59761,597.61
1848,621.188697724162,54377,543.77
1849,621.273274965011,50044,500.44
1850,621.357852412012,45801,458.01
1851,621.442430065412,44963,449.63
1852,621.527007925454,43888,438.88
1853,621.611585992385,45688,456.88
1854,621.696164266449,46910,469.1
1855,621.780742747892,44813,448.13
1856,621.865321436958,42510,425.1
1857,621.949900333892,41864,418.64
1858,622.03447943894,45132,451.32
1859,622.119058752348,45658,456.58
1860,622.203638274359,43247,432.47
1861,622.28821800522,46734,467.34
1862,622.372797945175,47367,473.67
1863,622.457378094469,45142,451.42
1864,622.541958453348,43398,433.98
1865,622.626539022057,43910,439.1
1866,622.711119800841,45241,452.41
1867,622.795700789945,44191,441.91
1868,622.880281989613,58536,585.36
1869,622.964863400093,61605,616.05
1870,623.049445021627,52084,520.84
1871,623.134026854462,47106,471.06
1872,623.218608898843,44198,441.98
1873,623.303191155015,46978,469.78
1874,623.387773623222,48418,484.18
1875,623.472356303711,50260,502.6
1876,623.556939196726,53072,530.72
1877,623.641522302512,50151,501.51
1878,623.726105621315,45359,453.59
1879,623.810689153379,46790,467.9
1880,623.89527289895,46257,462.57
1881,623.979856858273,47689,476.89
1882,624.064441031593,54469,544.69
1883,624.149025419156,57475,574.75
1884,624.233610021205,60332,603.32
1885,624.318194837987,60537,605.37
1886,624.402779869747,57956,579.56
1887,624.487365116729,59900,599
1888,624.571950579179,60095,600.95
1889,624.656536257342,53529,535.29
1890,624.741122151463,46827,468.27
1891,624.825708261788,46542,465.42
1892,624.91029458856,54206,542.06
1893,624.994881132027,53428,534.28
1894,625.079467892432,50668,506.68
1895,625.16405487002,47974,479.74
1896,625.248642065038,44035,440.35
1897,625.33322947773,84136,841.36
1898,625.41781710834,98952,989.52
1899,625.502404957115,230752,2307.52
1900,625.5869930243,263181,2631.81
1901,625.671581310139,172690,1726.9
1902,625.756169814878,690560,6905.6
1903,625.840758538762,821985,8219.85
1904,625.925347482035,492017,4920.17
1905,626.009936644944,310342,3103.42
1906,626.094526027733,202418,2024.18
1907,626.179115630648,132415,1324.15
1908,626.263705453933,93102,931.02
1909,626.348295497833,74056,740.56
1910,626.432885762595,61172,611.72
1911,626.517476248462,51955,519.55
1912,626.60206695568,64399,643.99
1913,626.686657884495,65442,654.42
1914,626.771249035151,53442,534.42
1915,626.855840407893,54534,545.34
1916,626.940432002967,52697,526.97
1917,627.025023820618,52500,525
1918,627.10961586109,70091,700.91
1919,627.19420812463,69863,698.63
1920,627.278800611482,69374,693.74
1921,627.363393321891,68171,681.71
1922,627.447986256102,99911,999.11
1923,627.532579414361,103471,1034.71
1924,627.617172796912,76429,764.29
1925,627.701766404002,59811,598.11
1926,627.786360235874,50209,502.09
1927,627.870954292774,49217,492.17
1928,627.955548574948,46977,469.77
1929,628.04014308264,60643,606.43
1930,628.124737816095,63423,634.23
1931,628.209332775559,56426,564.26
1932,628.293927961276,51124,511.24
1933,628.378523373493,45011,450.11
1934,628.463119012454,41267,412.67
1935,628.547714878403,39864,398.64
1936,628.632310971587,43844,438.44
1937,628.716907292251,48026,480.26
1938,628.801503840639,49861,498.61
1939,628.886100616996,47021,470.21
1940,628.970697621569,42695,426.95
1941,629.055294854601,40524,405.24
1942,629.139892316339,43648,436.48
1943,629.224490007026,47795,477.95
1944,629.309087926909,46611,466.11
1945,629.393686076233,46698,466.98
1946,629.478284455242,44742,447.42
1947,629.562883064182,40890,408.9
1948,629.647481903298,38682,386.82
1949,629.732080972835,37631,376.31
1950,629.816680273037,40539,405.39
1951,629.901279804152,40829,408.29
1952,629.985879566422,42388,423.88
1953,630.070479560095,46822,468.22
1954,630.155079785414,48663,486.63
1955,630.239680242624,45220,452.2
1956,630.324280931972,40749,407.49
1957,630.408881853702,48465,484.65
1958,630.493483008059,52700,527
1959,630.578084395288,47059,470.59
1960,630.662686015635,41779,417.79
1961,630.747287869345,45941,459.41
1962,630.831889956662,46771,467.71
1963,630.916492277832,42211,422.11
1964,631.001094833101,39187,391.87
1965,631.085697622712,37993,379.93
1966,631.170300646912,41654,416.54
1967,631.254903905945,42153,421.53
1968,631.339507400056,47598,475.98
1969,631.424111129492,51275,512.75
1970,631.508715094496,55742,557.42
1971,631.593319295314,67209,672.09
1972,631.677923732192,66916,669.16
1973,631.762528405373,59546,595.46
1974,631.847133315104,54748,547.48
1975,631.93173846163,48767,487.67
1976,632.016343845195,46861,468.61
1977,632.100949466045,44207,442.07
1978,632.185555324425,39908,399.08
1979,632.270161420579,37496,374.96
1980,632.354767754754,37107,371.07
1981,632.439374327195,39965,399.65
1982,632.523981138146,40028,400.28
1983,632.608588187852,37395,373.95
1984,632.693195476559,38140,381.4
1985,632.777803004512,38110,381.1
1986,632.862410771956,37768,377.68
1987,632.947018779136,38038,380.38
1988,633.031627026297,38307,383.07
1989,633.116235513685,41570,415.7
1990,633.200844241544,49795,497.95
1991,633.28545321012,49126,491.26
1992,633.370062419658,42827,428.27
1993,633.454671870403,39344,393.44
1994,633.539281562599,37265,372.65
1995,633.623891496493,36278,362.78
1996,633.708501672329,35798,357.98
1997,633.793112090353,39274,392.74
1998,633.877722750809,39725,397.25
1999,633.962333653943,37025,370.25
2000,634.0469448,35500,355
2001,634.131556189225,34617,346.17
2002,634.216167821863,37861,378.61
2003,634.300779698159,38830,388.3
2004,634.385391818359,36595,365.95
2005,634.470004182707,35628,356.28
2006,634.554616791449,34853,348.53
2007,634.639229644829,38234,382.34
2008,634.723842743094,59577,595.77
2009,634.808456086488,66982,669.82
2010,634.893069675256,55421,554.21
2011,634.977683509643,49868,498.68
2012,635.062297589895,49749,497.49
2013,635.146911916256,49529,495.29
2014,635.231526488972,45386,453.86
2015,635.316141308288,258002,2580.02
2016,635.400756374449,315886,3158.86
2017,635.4853716877,205192,2051.92
2018,635.569987248286,141103,1411.03
2019,635.654603056453,97603,976.03
2020,635.739219112446,70738,707.38
2021,635.823835416509,56451,564.51
2022,635.908451968888,56159,561.59
2023,635.993068769827,77814,778.14
2024,636.077685819573,76640,766.4
2025,636.16230311837,85066,850.66
2026,636.246920666464,81431,814.31
2027,636.331538464099,212633,2126.33
2028,636.41615651152,243195,2431.95
2029,636.500774808974,154660,1546.6
2030,636.585393356704,102171,1021.71
2031,636.670012154956,102074,1020.74
2032,636.754631203976,97607,976.07
2033,636.839250504007,72989,729.89
2034,636.923870055296,55762,557.62
2035,637.008489858088,49007,490.07
2036,637.093109912628,44540,445.4
2037,637.17773021916,39579,395.79
2038,637.26235077793,36297,362.97
2039,637.346971589183,46523,465.23
2040,637.431592653165,53696,536.96
2041,637.51621397012,48332,483.32
2042,637.600835540293,44679,446.79
2043,637.68545736393,44771,447.71
2044,637.770079441276,45506,455.06
2045,637.854701772576,42318,423.18
2046,637.939324358074,37999,379.99
2047,638.023947198017,35684,356.84
